664452525
3642435849
3369547380
2046582801
791301587
3834792588
4068280003
1692564908
2340287787
121558770
3209715013
1274320024
3784761358
96969923
3027079662
1838233720
974629421
389597647
1892043357
1496793688
4251932054
4118892317
2181967632
3988526659
499304744
3013870780
4228305136
3049210059
2676222698
3247610334
2100488276
2125422668
594829235
2724515957
3853052101
1101965837
789040292
3819879152
2873418818
1740751873
2991177583
58621545
2432700179
4289960479
3261808539
1708645654
3713216226
2452456543
3297100948
1242673906
3164531224
4114925556
2971191755
1897587513
947229737
596513058
1378600160
1179006063
1306561142
2209145306
3049478314
3045690675
4198295625
2459391141
3788342123
2799578640
2965819803
1805853657
1107658895
4293605744
3628517518
2834796083
1055315945
2264863175
245348463
3799408671
1543914306
2896796618
2357616426
3753411388
2900168956
2914150566
1982986650
3047439053
2838875124
2930790862
3023451794
1876938274
1375524962
1377964651
2879425850
377037862
670757499
2044589976
901896255
831977391
897536176
2162746511
4225290503
2384464612
3123006837
1218453791
3845442699
3346565403
2246811269
156010857
3322336608
3179426567
2922971937
3617241729
1670906972
646053904
1291500469
3069144334
2199332268
506883513
4228339733
1370979532
3201943609
3765127574
1238662782
285413697
475280862
81195148
732661999
3231828448
630226365
3530587186
4137930221
2765270020
4051613719
629363530
1336438778
2493957171
1647362829
2984094234
1581730031
2164879085
3570650074
3603158067
3508204815
2171694624
291405714
4020198796
2617693703
2727327845
1476476670
889045067
1849812284
2111375760
3888067109
3174363785
2636417702
2482328920
2958560151
4055294215
110611142
2122117065
3106018245
2796701866
1315879243
1332568098
47894526
3294019974
344998898
1943654152
1129965008
3864009800
2296711347
1282394115
224820328
3396785592
2813381005
3501701395
1183078532
3828244648
1496397111
519577614
2047245545
2284726914
1187003219
3779516380
3994169658
147279382
738542642
2891437889
3611423531
1444761257
3449695132
4111747892
3191729306
1476372670
736877148
3249635705
841315697
1991668178
1171886220
2172204231
2537668723
2214336700
1378462259
2127156287
3997206039
1804303815
1802548992
3382502808
2135369107
1934323449
1323254327
3721661252
1892162580
1732308960
879690859
871981711
712938635
1474137847
646906171
676014796
2435747054
4078907982
4081758061
3975058365
1186031719
1640406644
2209924320
3103142938
167997200
2904224750
746875789
3822187551
2858740494
1214328560
3643786718
2028469046
1663446492
2300945149
624246727
620654341
2576810320
2626040412
3623613136
2862994174
592003624
3512324515
4111752390
1174731659
2669318496
539666743
3855814224
2602231471
2916008493
4105176433
2556314948
600794505
2406348449
303096557
1275826329
182141146
1767796515
1284717397
1767548986
471554054
1947116833
4003763644
269077693
3113222621
1900828813
203267506
2909957104
1654217412
3609043262
4140470428
1359913375
3171093248
473309564
1751994424
3656287181
4272420708
3155229343
3333306595
2449386605
3738927119
3954306233
2586778365
351610847
1088110056
2924924263
3930603419
2078238556
1557562922
2646960414
4099175043
1238283308
1905658282
285447229
2056498675
3471300715
3874031683
3135137684
2520142596
3045568478
1698787904
2466727850
698714177
1150004953
2427781274
938151604
1029442959
3223013655
338007452
2078824221
2336387344
831498784
1764978601
3007528668
1474970720
3815930779
182684120
2719591867
1337003768
1548165552
2361155409
3419461760
2867936525
324424116
3492574960
3860278444
3260563621
687608343
2734980990
1359539539
425071538
4030466438
4287488186
962025718
1748827477
404739646
629565501
3713571455
4140406499
1808959838
3059834718
3361754054
2922703179
2532198238
292836409
1418259491
1982933962
720877695
784012664
1883676986
3192419312
3805991750
3295466152
2201649542
1042166219
3022674575
3694979989
2292869364
1020379263
318700014
504591187
3863383912
1849021591
671345390
1206300351
1526189321
2977231003
1759111713
2441024256
3795325877
1306348836
1144368158
1274406193
2494556198
2328972185
3449994891
1451871331
2002157144
1377539367
1733640045
2588934458
472031907
1486452211
702968187
1905151256
3646748794
2449732878
655913556
333583860
1455041177
3651915375
1288841766
174693153
4268160428
2566814301
1019280021
914201480
1320113775
669815851
212085831
1037375510
2658745021
1633102774
3860772291
2370468052
1419866758
260331004
611518050
243765305
3216118837
2403940370
3156527159
2288151160
2732732037
3964353490
482831618
1729351476
618294843
920025782
1321773887
576584111
1071122717
1031099283
3491207987
2635648454
841078472
2076259442
2686486746
2815133660
729346607
407317235
4195826154
1288774534
2607083092
3879323233
1172207294
1016589000
1905550393
152443201
1883842299
2780219245
2484111927
2732807206
4039055636
2663193184
1811241912
3294988607
3055514488
4121640523
2779481384
1410558521
835604750
2409955664
3189817443
1206598905
4101631209
1826071135
1428640150
284409980
2495894847
2850240805
2477747097
119049978
1132777280
1337674600
1638147570
4159156558
2853856081
1698998537
3688646605
3663854574
750229468
1858866509
63850365
2642424817
3447774019
1813953455
3426099272
1133198960
949263556
1452527889
3734243869
3656033589
1830399982
43812213
1513673459
3730230563
2167935169
821603202
3955045043
4038234991
1647714021
4170493433
2344783257
2429424609
1784825923
570591514
3076444559
1002733033
3800125766
2954115538
42418925
903561745
2804205193
1175291430
1594467848
3110137521
3325932394
4193034037
398531918
