3534356188
3416655506
2184918104
4153876120
129367936
3291617042
2950523821
568247513
1551592593
2809629855
3339504349
557471849
555713534
1675758762
662836902
1871140492
3425637461
2801161147
3555978336
157490695
4081240396
1106930861
1521294351
3490322284
3494773337
1195624389
3502635939
2395313272
3294697065
2922472935
3328825954
1527705795
1177645326
3147777315
1592277632
1098972258
4161302329
1413674134
72389452
2476461644
463717565
978475913
2382577636
2461415274
2989910673
2375833804
2548009650
1794898560
897428004
3036966606
1769319053
2177457257
2863117655
2460358092
3623751031
3218193101
259464908
956736138
723210647
1979130182
1996433550
2736867741
1036416162
1545112495
3198097206
2255050222
70981691
676015776
1635427268
1705738294
3089550796
4089252929
413987508
3938835686
505508971
319040592
3510776801
2707603232
1531738256
83540517
3707413322
2017463601
2107014847
2202888707
1043321160
1225706795
4246151454
2416516483
3288249743
1876673342
2145401394
9841349
902990455
3298683744
2984272645
3603759495
2231186476
1180956120
3665466066
3955196915
2727033983
1915446274
1766230067
1841787164
1094819959
279711816
3761752957
1015356073
2002806991
1513380457
1857166258
475407519
654623735
3880958111
2415579329
2471566878
2704736667
4224730010
3146073154
3174922548
3756734448
2863270416
1039087038
718021590
1552140945
2191484288
1108575222
3313738406
2093303823
778542561
1892521997
808517747
2555601102
3852885498
1650909363
2491742136
232980212
2932933541
3777350815
64932512
2450071294
1956710685
3206589833
3930097210
3305433463
787271113
1983288259
4088953101
1557874608
3928452289
1294714660
193547679
2935448738
2223112064
709634601
4180390949
1850864018
923163848
2254673684
1350659339
98817516
1300108980
3204519031
1455167955
1670843233
3270571960
1789132829
1453611288
3471482707
2592048079
3178497359
1658803928
464966559
123939855
3194454488
409336397
92423154
1456245319
1846433541
1408486925
2677722868
1669039775
2015211685
1761151618
1481441923
2447530885
3276957733
1434143283
2826724621
3236953116
3866295044
1864470220
695224323
1815605876
581589456
2890390325
4177024982
1243825099
4188888107
1582283623
2808378684
1220465067
2855250572
3489367370
1614064675
2824447585
2302579060
2979644805
1701326778
297247375
3841397123
900900725
2184476714
779819164
2389988331
1118566601
3675607785
434045404
3923113436
1934120230
505751944
863789633
3946887030
1542167398
1994896012
2527648023
3036814527
3908681052
2215893337
3427198743
2204310626
4037456720
1232365903
2050080981
590669949
981655666
2407816349
1113044223
1934513376
1954755288
917130597
1572157837
75135318
4055604060
386941207
2387099844
3215423090
3208716731
3103450493
2193214278
863411042
3871496324
816962294
4239454981
1652602056
300937912
2685913762
3869724073
3107814826
1331314884
4009369847
2303047866
1429496550
548313495
3810877148
1470605317
1222236569
34000367
3300759258
1571561778
609818644
4021916200
1183373366
1730987354
1785548842
2532827483
2534318354
575401589
2345055115
3411021436
3701807135
1531581013
2249528273
1676041174
934234116
1658194107
2509806411
2090830853
1410159377
2880519637
1710101372
2057096681
4021735530
3638885113
135374756
2266571464
1936069347
652876562
785374968
2929896950
1898236777
2719087657
2737104987
1080928819
3088525221
2610725844
4100570184
2888510726
4267261088
2616299490
2520978354
3017718023
2732745077
3033128630
301097471
2895125807
555973339
1706475361
821061485
3343940551
3418709952
1157036170
3588791677
2084963869
2490860647
52715330
1427304678
3333232485
2010116206
819733296
3063901797
1740861919
2076968014
901732664
3364414073
2798164793
2521321673
943293200
2012371850
2885141124
2854700059
1494726627
376132647
1666432433
3914474184
4156253633
1044458536
1998256011
25393716
2084823221
1933342396
2821867196
3262795582
3339678804
1008972820
53233512
2513228080
2587063819
3986170378
2926443322
3909208566
958521101
3599247743
786286079
2501107827
2418532414
3746378679
797767612
1286266494
1324489159
458277750
2277711633
929782970
2205540164
3871517847
1420671067
633640773
683763746
1939600914
2301744518
1151103102
1951633748
746371911
1863176667
3573631713
3562102711
4027108476
2071001369
1860536497
352898038
256398233
1835314649
636027442
2096221960
971416089
2979065551
1455292799
1711121440
1563546190
3862354880
3508313007
1649454991
3371374065
3719191560
1145643757
2444641992
1734650310
1609564830
4112490005
3185704471
2649361685
2222497383
4271277522
2405959498
3666552417
1165646427
3352055589
757443002
1505209847
2402478879
3012836079
4021799329
750664996
1035190889
454546424
4046075463
165582381
1216013127
3478267875
1740629742
4059888988
3072907536
1998445756
666114057
2226966589
3467973782
2698759508
2759509503
3337188774
3874943621
652784111
832341900
2140406053
1136831255
2852173355
3877545408
353951604
2058906733
1999687095
1781131697
667376426
3671643742
1867474362
1760286445
2072002103
2834310440
773463677
3094815394
3218711572
797295530
4180190613
1182340821
2924081077
1009393113
2631952579
3994591227
2974491280
1027687602
3127853051
1095952358
1411108591
697022177
834510320
1676096085
3536316301
1845124608
310396493
3841562592
1535859283
1500064148
1690271876
438186261
382910705
341421440
1312667156
2093496634
391548784
397968801
510427963
863493043
3073320267
2150499238
2112706727
2210126614
2230983427
1693887501
1149307455
2864629781
3895392463
507812937
2978737059
343747433
1869425451
303029379
1426842512
1148296310
145259779
2413902467
1523960554
802719569
3397731306
