222383443
216750668
-1661576472
956948620
768740253
-1259475919
1801989959
-680715713
987038432
763501701
-388459783
-893713437
-368664986
1097974247
1935897181
-584997677
1093302616
-1853745919
1066047190
541330275
-1634335778
966579114
-729376719
-374562730
-1250432067
-394579571
1974574251
-1673383174
-1008041264
967190381
-910390299
-581641872
1598527878
-731897887
1467512534
331347100
419203882
-1870910999
1938080234
-878984892
-1193021617
-2108812775
1535736629
505871070
-1060154844
-79507611
600461907
542554675
-401971578
251027742
862551969
-1815110554
-933160479
-980327241
-926120341
1882979280
880681110
-891147424
-1057900412
-1394124583
1282534097
-1240013826
-146585980
-1033609941
958368257
-102376309
-2118918869
2002984501
818582713
1721675153
1201537987
707275004
-977843055
-1289351009
662224518
-844045139
1673921507
1574027586
143125492
-1946018236
-516622333
-248177252
-1288615073
-812601047
969846794
1791403377
1270710339
115094884
-718498443
-983340172
-640816452
-1932994952
1300018983
-451477277
-1147587400
-2099508129
-800860934
-1353673683
-1663691112
-1061272156
1996587106
-1256598795
692494893
-1465363755
-1040950503
-1674826907
-1682329774
-2046313780
-1159639950
2144933051
-161035834
-1788569502
-7622220
1419841477
-1637152058
1156823664
-1543602679
1225092004
-341586783
-296432770
-1521871116
1552688898
449666369
1728226356
1333011055
-545675841
-2094687243
1300781845
-1768167607
-1564740455
-1586522501
590975609
1657608511
-1425975394
302426553
775284662
84721881
-1572301912
560989499
-1251338439
176817745
1856987045
-290592586
577330346
313854621
1859381543
732326844
331809729
1611574321
-680329117
-1836631440
101258725
993662507
-1617939376
542853577
-1207301651
-577074826
1703411079
1153520419
1198792024
-665663598
1911356722
-1012382367
705483709
142708248
-1800142621
380380593
-466774732
1590012724
1426775162
875569052
-478243165
1964982509
1989790646
-649259534
-338686058
1233492179
-1995945465
-1923386510
478838786
1707817796
1746559751
-760324092
-558819302
-1333342595
-1072136010
-1371451102
1652259968
-199006703
212549769
994246843
1389955914
2098975984
1865024262
1190291821
981100003
-511505013
-31026179
2005687265
-1405939826
1975906562
-1860383953
314074490
-351939337
-2101411687
-2074366072
1087989893
1366485958
-370812947
-1805662948
1430638074
1168062147
92829649
-1393304337
1569914467
-362819912
1328241615
-907092047
-1551209137
-957192427
-1433974267
-339415306
1705425304
534786735
711894544
1467105176
1846433837
1412160445
-1439788024
-1358911040
276317214
1077677996
2010067371
1429552220
-1872863247
-1015464334
2033968561
-1654971034
948735898
-875531370
1519745637
1206367760
1094917065
303259213
1038487319
549990417
1369877810
640399333
-1987512983
-596650383
-673766520
-877140609
-403002737
-1779656850
-1238751617
1798741012
1814816146
-26694526
-1487358793
805153171
-1628348840
-423939846
-560484827
-279804570
1231295572
294679263
504400707
-449703769
-383589630
-196321930
943175365
1121231828
1571642875
-1649343689
-691116785
697763972
1184500486
-1977653760
-1859781788
-2111781177
1182942800
-448324004
918713730
99374994
1911579263
-1994812686
1993292693
-1321986038
427727003
-1576535349
-37295542
-1407453700
-1280444476
-1304341938
-491347598
-96578211
-1938068826
-276570451
726015987
-1227620600
1587172903
20463921
-694871324
877544238
-1525246778
1846764408
1622054909
-1486996761
-1416656999
1902758021
1670306997
1884616128
-1853809218
-1829189648
-41483360
-1571860844
1066889935
-852636340
-1614996419
-1260484362
91464794
-901081082
-1260427511
-2115181550
1163605739
-1606817973
1369285135
-161807166
-2060963671
-460108418
1993474651
-11627507
-1550758787
-900555717
-1756565204
-244523992
-1107146010
-552125247
746675829
-1083202490
-1220068472
190772733
-403920780
1439143279
179453149
1041527778
-298050614
631995191
-78254624
-452659884
-1484084592
74365340
-1427971486
1613657782
1350094318
545903030
-1005984302
1498036846
181903547
-1826035362
-539191393
316271712
924307466
-1027080189
1469489186
807594480
1778141225
-446695935
1965001005
-441548622
-995124568
-120891964
-368421171
2128216432
1090873758
1686955165
685019280
-2122262412
-1196145400
1881267889
-65858372
1608463926
2097633995
-610287664
-1574897132
-1422688136
-347028709
1424388601
-2114821544
1112679580
-953986942
1684396658
-1554921236
578874725
859225556
-247279055
-687233540
-629747444
1585766665
-705020436
559545663
-535009611
13856093
-320774343
-2061422379
-1604846777
-746181458
1335046366
966927634
-275673253
-663133150
-1835828051
760227211
1124921021
1001700213
-653941226
-364040580
-1620298254
-300844674
734398898
-2018387600
727803704
2007278343
-2067132888
-1487185461
1980670868
-2024304422
-2026638718
-1864516952
2059132406
195233007
589657143
-262793518
-1114884082
948959141
2112663320
1193349178
-981717392
846553739
548503028
-1597277310
1314898084
-18307930
642947650
-473695573
735918033
-553975710
83710083
174653981
253617071
1649529500
1691877637
699215283
1309701109
-1284723564
-918252314
780005671
-4688177
-168891175
-192901375
1734615201
272168789
692504832
-387155740
458771739
-701738987
-1900872944
1060842048
602489407
1335088846
816483
268932434
-1277666900
545525147
1856539153
1959639486
-438503471
-1302218919
-165478713
-1029143600
1450037983
-168504379
-225224062
-718185453
156888565
-1026242357
-930972165
-298441461
131009929
1594051814
-819821216
-453910018
1790772210
1198962819
-1642419361
-1867525309
1170804147
-1307127277
-1685494926
1751842655
-876901892
361807870
-475733034
21259240
-2055258667
-311729093
2064898203
-220173972
2026138037
-1038062970
-1072421172
