1269645356
-507673508
1259335395
1526122764
-1504798414
1432776832
-1924239927
1508823907
345468633
1719993822
800867132
1770180034
-1992562943
-264917746
320227967
219550943
1323023852
-430515283
-1662195451
-1251002629
328289855
1749166395
-771343776
-1746971125
1532666939
-725598748
-1931502785
-1793086866
-757456716
1174356857
-1457805346
-909195800
-710217326
461836172
806867626
-204171977
-1353315748
-975982182
-868879041
1232176002
2058570440
1031606258
228584579
-969838338
-109207233
162206375
520956889
-1405379231
906290687
-1008109174
1903265262
219954971
1967953741
93106113
2098331375
-870672158
-203556027
1153031594
1993402582
-437369064
-755281687
-827610929
2000860241
-2081410172
-1481473791
2031702529
-1502153126
-556342069
-751810778
-346643066
-1592320716
303526607
1688155484
-1859440068
889781192
-1471721241
861423029
-28168236
1713260543
-652656928
-1169866179
-1310806785
1323837720
-1383182186
-701896390
-1915670570
-1976422973
-2106405121
785883014
1921255880
-1993589871
-1942973625
1977462119
132994618
-2123473753
1182311715
835233861
-1554839339
-2122495202
695472121
-1014997315
-2025060023
-2139055373
-1374730151
139185381
-1068585086
-1863676068
-474853181
-1569961415
-1719900219
1847007496
1521968644
1139751769
263625066
843786095
821583591
545164329
1077404086
529694150
1630535259
-1427211998
234678092
1887495054
-1788023717
-327899897
332863623
-821102021
-2014651589
448186795
1904608986
-919162685
1373898712
309230913
159748937
1336435794
972741996
-735251046
1851813599
-1987689920
-1497346288
2104219216
-1953174837
323583765
-1800944201
-1401842445
284929229
1541545842
-1403256327
2000224705
-369732584
1014762761
-1117827732
-1824365582
-2038914678
-2010196915
71204706
1778644789
608263177
705558537
-1123969061
-330925207
-119882584
527821681
1322931425
773960010
-2014766978
1677882146
-323974794
-1915924230
-262063034
-2117762263
101698543
1491988104
1606896975
1749316469
725351785
700044813
-1102476259
1925221269
1164849135
-711186339
712328182
1771692333
-224974675
-1106967824
55327898
-666270180
-1438324683
1820885083
971808888
-1714732855
2139226804
-1552418893
707062371
1843952025
233046071
-236243992
1583169648
2085103495
892555514
2109385413
-13044451
247434703
397454427
1737261472
1614662979
-1369855402
-697617052
2018382182
612774057
-2990423
-1890045645
-848818140
1233567137
1476182242
-694231625
803358799
191463030
-1671611225
-257085867
-1773054329
-553971044
-1010147451
801785504
2056598876
996128629
-1380451868
1169807112
168063812
1077710630
699157353
-1520190736
-604254396
1669030423
1206400624
-1708813921
782374432
-971590890
-328484878
1727095906
1334918696
97159662
-1919362971
-443061530
1422275399
-1626560319
192517988
-1462604210
704404254
-966073511
1752631778
1028461517
97188183
1213702026
-1177650440
-694382899
-1438261334
551422965
-644199800
-411355674
-1812492627
-1133562582
-199707500
1027422248
-384877447
2032832777
741713380
-87327889
-2009334000
-571128723
-1974897742
607609656
213864503
1920456666
315606933
603989150
1499759823
34624862
403619113
-1365763876
-1635081929
-1114918074
446667338
1355800135
-1196384662
1596435943
-1387175873
1182652777
-1357590127
305245119
-754293425
1565080919
-1955631015
1255863375
689148807
-31625708
1808526446
-1146969958
-309345544
795074409
-1129652549
647343836
361959970
1705158213
364241839
-977702294
1439050988
1981047095
-1745908739
-1535811791
363536967
586330282
-1634604627
-851112137
-1028092331
-279930305
-941046109
131375359
1241663340
426892853
2083257704
1549455007
-81157876
1937103366
-1210823543
-1227753529
-770280958
247365763
-1822357172
-152663090
-1874838656
1366426707
1884704592
975087155
2041171076
979722415
-1097824830
903769713
-1409240643
-758618069
-1620331340
1544592993
-1381021441
1969741149
2025458672
667959437
827492028
322708900
-1263880571
858254647
-620777845
14559303
-1003785386
519480018
443661197
-1550981960
1472945349
-718334408
334854662
1604594157
711799758
-680359046
-1561538634
725554980
568309911
-1569597832
-1047851298
-1121473283
-2112857298
745978064
1338303583
1703439382
-1884994529
-1738174816
-1215627533
1511163529
725952779
-88276805
1473872094
-1438088201
426672347
-893609377
1203445630
-906684186
-2027352125
-1918480022
-1766705264
-1648376880
846362837
-532842800
261442595
498331309
-460229832
2003065184
1316061925
1342799693
-126920605
1329981813
510133270
165060391
1630990379
-1176494327
1390127253
-962578111
1410608931
700967365
1573320801
-967948004
1690064846
-77102078
1032050227
476475639
1856914316
1553626734
-1703015309
-1822635709
724237184
-1971300312
287239035
166881548
-1046097978
813724817
-1070263563
1604911615
-1450321770
2111863760
-741076464
1121832221
-1670800959
-251474819
1172912191
-1072461364
-168911107
-1353034865
-706239540
1477775370
-1672808594
-1659124350
1601136813
-1192586014
-1783745806
1616398834
-1634990457
-445206154
-754334154
1949711312
-258452686
-700659238
655799620
2050533766
885529332
-2113645836
-1021451770
924400576
-1762622105
-649046440
-1592460365
2187008
-1668089514
-759388728
-398946778
1150999257
-679489290
368137267
-472308231
763011765
-966724963
-1936257525
767690569
-2000260428
1385444590
1556089722
-1245059480
1010670105
2011243619
52145879
1127186006
978472754
-914986679
-1519660366
1522695683
497910544
-1712754854
1720211209
-1322921181
2000185564
1085421477
472885636
614742135
-379292225
1129031485
2110301403
1093167520
787941682
458226993
-91311040
-1102189976
-703090378
-761234999
849864097
-1171140638
-106144729
-341431682
1549060722
-1649645002
665450825
-967616251
1588956239
337090925
400185399
2063812927
