-230172684169237082
132311851337773892
-3324011199756658632
1989466214133964700
-384341684648119506
2331256425269030519
2808497245799158144
774045256487326399
-1698551622862735136
-1581237406912053147
-373391264087401574
-729776638252741959
583217456660100680
1421191923479266131
-774835470926990390
-994618982311844780
963957144238902856
347139419754119926
-942837148567266160
1125571517242185900
1549071256344242278
1309127189486612064
536188125346811736
-443072186809812260
-1751680780555631604
-729764172951940812
-1827396034018676316
2964387444197882958
188267771205624368
-662186589686679985
-1801455541926870921
-534695670827930976
-940341086529665004
20423102599601422
2463397923795452124
565114744801469800
-516892477206085666
-1624252087282964934
3445442700962862974
1742191027757400096
2063908947330693095
-4296380171094881450
-192845297294976795
49239600525353550
-1539379398776533776
-61262446369380273
-399043755123789612
992002479757728400
208058895759436386
73310187460729044
-271125366980015328
1338116843790143470
-726802846933817778
-62523289209298698
-687233017769165191
-1115132626476610560
683840562120553830
-318148729874346464
1294018862605683376
-936776453778012996
413350120080776840
487465179456148722
53495433337526820
-1691862887712598146
1141766674510863016
32734490646477424
-2845593157523760558
1544742463989361378
549860798069694202
2594722148963288729
-299087983192817585
495945751584800556
1700680505781724320
-1679815725814776647
-485965102611984768
-116297904002323484
1251001127105228808
-3113234911509128640
82774316964629692
2977333738325026040
-629894101211014502
254958790710964768
451057652945290678
-1572201543690168255
1565282671722961660
-1465630772009826162
-770183849356864152
-1820955407119444
-1336642565260250859
-1544203051153210836
-13159748984791320
-432541724339938136
905703250664426205
2130234582092105
-159353363224041800
3370329922938136290
1077879598402991522
-739302637473750321
-3239237626230621024
44718149868280784
1873404753471329452
567132865325695710
-591935753981892168
-610072055174920320
-380605107860937846
-936095224585219153
-2094901955690778660
-1400930609402134720
-332850618748096050
2940109184437190805
-183364745823918688
-2240090882291692656
-10460387291967960
2416642195435140147
-507471890371420996
2248868528684034000
128807424387356309
2266546725101437088
625857019944597792
-316855382965983220
1134562806357865344
-3130792499787976824
356393946039424147
-121185815781122220
-47460712223767700
-952205836059776817
-661064033241600615
1994622944765483780
1153775228067057973
2756854877662366275
1268203541822843077
-899438296588034007
3537039867126616110
1466560075410707818
-220284502645927005
-1444080099250990000
19441031501522397
710810529755066376
427826796119078615
-1304960802547397073
-219647201906808260
2557080806155711730
372668598926631154
-669645046874247420
65426261404781505
-713590828703945913
1483047298208235792
297114195328731966
-2733235630909447944
-1171934396762881102
-2199304390831198560
139500498295742950
1291557824587616876
1716483838952449264
-1159249345007112219
-300451898258801877
1057719432346631414
88654923897371475
1769688438855930520
1466039171065784832
-63130624340854338
-3700163961758810942
-2001683623804563831
1503714587260286212
-298394588288622888
1184176294059227737
730242730662958776
-654517634623894560
3002204085393137440
1283116245638694110
-906742855430291548
695924922289431475
80168885158574002
-1283750988585761958
-1026263976202503346
270453576971549092
-286272799742371010
-1167205124245839060
-684566766225390710
-960581789091938250
-3580770142448691372
-1848816210010187858
-1121316349740539832
422030966731162644
-2802675615950268045
393159002520462750
219211645611347298
-24272054165813120
261779228917954412
300864607815454632
1332551417395373508
-1123649912654641008
-746883216946172992
-2070498114108256068
50047662185683908
1968391581935032553
-930519209757637806
13345482952763053
-917826871592706075
1330170653986460538
330617806738530192
-2428760858652111995
-100058515605820840
-405211606801453794
3896191439002853621
-1124736132550743376
-1994996492671913788
1736999491919556728
663883245764008966
12067866629538112
3049653922807800744
-2287323338478571701
-73764519964811984
381200013304132140
-80174505105628582
-259783246110703952
956682019217519445
-867426868382235379
-3283388083805899996
-1028921358720459038
449475290561915750
-660599647223456676
-3038655197564110344
-339011456220862950
-1337426263456565920
2820681805501091384
2489923725130732616
-2489232177860604895
-1384266218481532336
2372232375934374720
245728835133557994
1941596323156202308
-2525871522897910980
2377384525886350200
1839042550592511852
-2041975924798872680
-1438432703638508024
807842804815020856
-1309689364857870766
-684257621274717000
-1855885961772091068
618517071185932880
1314094698768657960
-517475427979092404
1709187924701158071
187663481412768675
-1217442715575393230
110892226044774314
2528232612959388962
1244316192336867384
-799240108465524600
-678912452960163081
-825192163893733473
-2742686654451255000
-1986491145462873501
-2613704736213696264
377987906961487108
16548450750581708
2227684619319041005
-1136657152601052837
606897655936020640
-263892736112106486
458418432019865653
387201500622628050
1822929475568313892
-418956740496567771
699835959785237049
-501159876638681101
-30229612414467840
-140686837799637360
-733645430189384900
744194761675563424
-3004078983265820625
2297555933549003848
1356360228155487860
1021177657451440612
-302113475050018684
-1476592207477923840
-2642263887235305868
-1994477261260771386
116121510995042800
-780373314776363380
-456986318068332030
210811268159271720
-2566782575057979740
3929036232093307272
5795644015264089
-1241828466886756248
670499982369505860
-2347627861156833495
38715804014949302
1337656555189365100
-2227735692929697740
1057429409139308520
315138686730613872
87157381240408680
-132410868093554910
373845418955102286
1219813935353858682
431368736345941600
-1967102057954548922
7226473924954899
686721507609811576
-252517724654805240
-1443593658746227252
-2304503862616222656
-3290233184535376805
-984097985073113853
-1240934128182400520
-2344407008297814047
87675533378217990
1234572723668066688
-2867745496332061422
-2877022152079115040
58745944012306240
2326180262613226516
1930217160512336695
-1746691885270979060
-2949374968525893980
-2610126027411007788
80947660148892776
-630404377027748752
1134048129962072164
1321140659565947450
390356853572373250
-233679767588360139
1382307651442875615
-321455782497504006
4324679436936123746
367217700024418320
2697145744138232079
23676128130296927
1157529412333003481
1661315767367437044
2188900280324279060
326130476913655152
-1751607106539378360
-974380820775084081
-1047769201319391216
-617404095375781860
1045336093707250744
405409500166750923
163540449957379860
2471722560307020664
-110155794109852778
811394992455759570
460505957081683348
-239649321651966350
67735991857112096
-109333417379425596
-2108917046539936368
58122385840899800
-2547272127236790180
-3017286309494753846
1487692428745899108
627516413526587390
850364075466072624
-2903825402449474762
191693675027582945
-257361055061136876
-352275365631247409
410556976568853984
-438009865329852690
-2077175543163616827
-1072881385980148954
1018773849779421120
-2951725786931721625
456584611764158430
264032093724246045
921960767665789776
-2045568737663597840
-101225942215184636
-709930125985071180
627082740760101072
1151720154485383860
1920450048845769455
809591178680159040
-1526702318895308448
-1921737711365775200
-2939054329754559240
55328974670371340
-727699381974301914
-1531088711209526840
-666216489521839648
774913567577026132
-369632047519449120
737918697532065825
1014189585073522682
-1404171420030031840
2001700125260180440
-402205428093148384
-184018813876317826
-864001194581880828
304766707335397450
1213754818570256620
-276623580585715235
-1274175683578375760
-564616151519182540
-618046316106156560
-442713579680164392
476597053903571556
973039186504808982
11277710408366115
675191806716434937
-2573424606430521225
391103470534258880
-1062405402597962632
1470564970774872908
-923431748083197600
-110843775864906941
-1285057864540637550
-3591179579641379666
-1224741772864040489
-2194412225768390453
748702912805341347
-840272946872442870
448400284976206260
2077920298619717484
303600890459405682
1052223580316353774
-2305855549692355200
-273321415377401560
2876780458761666723
2330096180430765240
59059390105284129
232144653866204684
538016416708042286
2310707180991050374
2214856920337643232
-636946985599380258
124007145720690735
327844300456570200
-169179521518512778
-424610189364856456
1491581122537172589
-3567381771959438200
-1713800480907046308
-920524496590029568
3126708986631984
-608381156929513628
3417603272902313160
658881030443482116
6677520586107120
-239083859041100800
636958422901445177
1167783340634260743
-620098302265341030
-31931844929388393
12933848264683568
-202163340067880116
3301697592336788500
2686097881805519255
213589041479723403
-1051500132325136033
1302141550594292280
-1710345182266624008
-1411662174193315282
-9388542008456741
194762584030973675
370577575914538125
3656230645782261030
-30904637527281592
-410094733546652928
-422347741470849760
471769234627945947
108786224022459977
-3632974574106333040
967670162249532672
-56480574305613380
-1061495606692966172
987769268269044
-225542512308586534
-2084642347672522100
79043365928005201
-207493638520667275
3268605991377301176
-396163832817605237
1114966396422276084
-168118594743010287
677059399016053600
2332168323151061128
212078949524199288
-168084491570865814
-1497768120738280080
259795908797187750
-2074154748064903371
-1799813894461765095
-267053991436884303
141006120867877225
-670728898035557108
1332601098856134688
669222899108656334
2821363484630415030
2502783702138719709
2205678022912174085
-3770925149829860867
-294484103559240474
1876314606691609573
-1550632021525173420
-3575540643683820310
-1776494976145825032
-30532047157310200
449569804170820158
-15075196268496880
1726770024325017210
210175795864283028
2057948909926797477
266959023995225796
-1304799448341285204
661427852840598690
-1756114362719906472
