10369845026517334908
3748453895581547746
4338557051518222240
8235419885423569720
272697033259232000
10470346580807298038
11189763793079929134
563224002688965372
6534971535759022764
672959053309320090
6891751658917331899
1626155006612057438
989694053916948444
5911438349377911042
993843787624994670
5908538205343098572
9846299627967965284
2993837380618285152
9473742136324076832
583884342548168865
7698983098974371796
4583296990940425394
1072558570077593472
696410770024419072
3572115753337893234
343913927081521143
8922510058691387961
1575126784758699480
5130563102904608160
3968198486840983185
9289113953944126746
3420304788270888210
4289254142961970182
12796083755340755040
1517092946097438336
4491089307262725378
2464423688910719731
4829145842901883706
271313918180292008
1880945921882662400
1815762823251598305
3484055233311839219
9355403218171243624
4864935267049184010
6816221642604804354
3985592741872724656
1192660653963677550
4118935959887898240
3197875372959120744
2211055428797461980
5232440330549786365
3631277411072332465
12145498879148603015
2234529078331333308
11717038232442119105
7235135158117887758
733844675579082952
1086821162670459552
2913136722741645049
1195531088974918718
1934549027165833650
5816008903380617811
963707895176821872
6116902327546290860
91981327633720002
8308834378771975298
32967313294279375
334393950250497888
98781126777005276
2733093457935512230
11083160517737551048
15588620779321601657
1095296224847695596
5470585855036752628
970773919377143013
672935318075330544
156251903206507962
7445834464109962016
4084937592436586672
87876652531408377
15879288907146422134
7792397416343204370
7756277800526588410
8058760868305400652
4386039418142048520
4213629841741128635
13468007642622423174
4429149877943805691
5455263447111535396
3515563356833912626
4317995021232476040
37240878536557801
815033923860609170
6651961116298668000
9308384193441930015
4538745807296303610
583832632967431784
2009734586906495520
3898995588520554246
3249552187262126010
134297817143499652
3859589561039762956
2315620966628501084
3447745952390687444
4487307047181500349
34601909913726936
10779941317290184620
807863826462981663
4818138548305028945
476753990567281219
7786663132455884982
2005414838152104417
1481425596659148100
15765979271684788159
2486668809277993162
3715236600009023034
4833672807184824672
14531447839646357400
2529975653641800364
3770556143637626532
13543237156796086032
4706102817567395568
948911000972954382
141053491731884160
6094051631162688555
8370321922903076864
71980527475557852
13817457020286438904
2060890878434551293
819514647089308089
3409876867889509800
2727027174362056872
10716647796506546280
9432189344986290960
3397521367256651676
7426996282099973904
98435208017252232
7498353763956923892
14732246777988438440
70459195423078752
4532938316966526698
3270375873636056715
11761910400882616395
8100419548660214750
13156862915521954202
894109901236141298
5401476674372081867
11112856480856716581
1305267605166454944
10610992532722481159
346205066154099080
289456657857652623
9707790621918364154
5317739092450256384
509085779769600228
16614488349133960740
3049050481639548270
3885005731977189072
3464283138086486356
2138497838755294749
73834886836082232
3217595685111283320
1428956854299527021
5911528621811760150
1145464118895410034
9862098305165109000
4840629670571495361
2203536386957833920
11834604511252621483
557706422910833396
8171254565419173120
1738629079726863792
773300179204789896
282498543573274665
10988542004881860360
88396961209885184
135924861388624116
2445431444692018694
4949249974133484486
3182387423064182625
9469398315385159724
5804815847214886125
7326679320384085260
6672705032326510484
2127188580569207259
7114972419756729560
509291921911588907
5479036570863191532
4333455420914691988
11522987344768291752
10887891397552223984
783370965606038660
994965253656454188
6588423059373331064
1288900585925725248
9295973994536016825
2756910580189130716
4397513754616496525
11861919355935075755
1703812263187878173
10561708187586373176
3917007454329302934
4740193875636994220
5480833725387578190
4398158241067367300
4232602715562646140
574183161495241920
5195967645344849775
1936088450257211424
373115457381812500
16278848878114851421
3503222970950536325
8236705245947449096
30654457391090800
6083329351684856796
706541328422824269
14272231756310365500
543020271652886196
5955510217394535908
2934900048525449900
1560531777652282208
677052033916140939
15086406756037834710
5498297679311481494
5352828730777608408
5570855608192418277
11640530386231980381
11756091766976218320
9396954584899659330
9152940891630998430
7119541987263255130
14788899755108518160
4576533451791090310
3879578346995799747
1320441629638379913
3754440333807774950
906526044024751282
1939670653801014201
1338444715216632192
5343219727509059136
3448838206549728123
5515076193236964727
144854711045170278
15697284301330461660
784657967823243073
7680157081056401616
9513064532503841650
6992913239611845128
12152871706278307290
1537048507070459730
1551271476475187818
5413112021512224752
513742577792936658
17309929387890203141
4850435308518657816
57121044938622192
10261791767585561252
16532540811608161467
7152431908984821662
2436699068802821880
9276332989744702413
9654986604984070770
2699066142154152450
1242928976572115565
1880511927634226692
3930993041037512423
1249371207176711183
73215749934887922
3648593948564447148
6260664159144145182
2455761798120036524
12858272480051719200
2039182687561519514
1995589677924161612
41086010947974916
10067369738118105547
8198942875732147786
287972773596883753
3425400183397599810
7493621571600252300
5469078498428996360
621231477518555591
2043639680422172210
196577239476156534
814887704139305892
5197846437391601724
9362306753282335167
7216482023357348948
915759594920634222
11931672905738997659
4730331984449110648
7531447338422781296
15577106992405122630
9878478567014056521
17528849743931328
2270814211525460856
2484645299467445706
112203448207766812
1110621950864479368
9104915154996843450
2496553752151201529
3415367780524895767
5041011263564586246
58391731565227240
7784197467514731081
8697961996313310240
3834168805806818376
11928207949100124476
9927337594132117408
10381839843110348760
7751767022099885898
646267191945782363
4498365981674449686
10276919452804024510
1224927033412365795
8728857126780222908
657670525519731820
5204778787752696477
389992691629795845
11881922451208933844
1063115016712697088
2173831834136601420
3744833010220003599
6439156652232603188
3170656647822183817
184453155611611880
4258487423977839282
4274818703584523820
739878837270698664
1876681082873810160
8883287726372165799
6067807763342817211
5071745229553244022
652711370814203120
1091952586334398303
5077042221100866663
8523621541134572561
3237726511593580800
143629833073021100
1190687234190826392
6344621606292848371
4291498323130579761
1310295802305126747
3487759903960539238
1035648994038072264
1337601878141319686
3731282846760298544
3872843592306894009
33253887484575684
5020769046512325574
2491251629968704044
8340759928577070396
13972767664851286268
11379803772964825044
391598955098725920
103827436687601184
5538161644048433840
7941668293887979578
12561996210498537356
12457847375854601270
3192055595670326310
855761011757907686
7450906961804203079
1324203686608281213
7030011484777162620
5589763434076092666
1146316918229390568
854486730454041928
2821054120699794114
2203711945900660223
1735332028860717000
8147256152233702788
3776047516168585180
7077859908039153452
6363899668946811999
1422704534587052981
234379416977288238
2033746607631414378
7033053251269232712
9120676552810144202
230458398012264630
7119795679818927140
331515954984604764
3649373853579354582
4218626730570266658
3391387795140354769
7243314152754523248
5192726164808733194
3593662985830242756
106890772430559980
654799305707941485
7313034637298666717
105935776698357000
8718917537123520440
3571805598541245639
7139618653714953945
383687883878759643
4094650520294750080
4995358937538227360
14242971306147554560
3526330629060171858
2365938403102912359
13851068856890551695
4501876764617943480
1395525885155586495
5708092487698653624
4331853366904821180
1657227339395507010
3654406528951558250
7150824012715822903
6597942755170135780
5986497408181666581
5000147791108302798
6069861958625484274
5985073654279017309
3428504575590615180
8150088081246270156
2805508586945040800
5841643502453576402
4480371692322791529
2125062089068020927
8017621626891427247
2287435223899507852
743520587937815879
762802185082848672
10880212263036435294
36357705441755463
2089358345260954425
5247084404456388000
3980354559722901192
11493378092211685480
3257297497124334192
2692130537040632084
2330496882730615914
8490656075368167972
3833029341631526036
8770281647667999240
1361794886788111938
7779646887855905472
6714760579211026892
1919769163213026951
3219687687981152700
36209739351587137
2062913474926554425
7822576327904495825
12373252569573574272
912608015079687732
4395925081977035958
1482157638447051195
3573788242268072440
1220318133904958776
14354571733945820026
2930424557305463478
1383369581091945300
7093085511968623432
6979133452102873360
2973518615775644139
121536736733374732
4907093193484148148
3414797875829145130
2917578234270671748
1423804841011008474
7858673144460537861
708625495738670781
4198652016387267909
13770202756884846822
9994052271527977760
2704554546085691556
9846273073895538145
4139695266694592570
3433814853842396177
844882168912566044
302507053523673600
915102420050545050
9219818222400337139
3828189977038115328
1164396995811972945
5667468889655065248
4753125943750539348
3786795043127010508
974489589801081436
1543939193945674038
764315458956662680
1344488703105653120
1676230805087167912
1180729733831306946
676568206692943136
652679254453054185
675269898310774203
1717789714983920529
11540141129461948593
5903417218064329522
8317773379247435388
4712297018249875774
1339294701160500815
5434108806368781987
407243321080094370
10663199301966597542
8641661294141682481
586765677950838921
2827795441540866525
154905199903157842
494550608763602997
888257210519937807
2703507899118286096
2214489975830858320
277771800199894245
5350924653617750136
573706211097833506
1696422427495700476
5260295287238351790
