255677946329103364022216254391010047051
237603879701713716066206927535076351746
44690732228421494465193205009660942096
319312468096117112815827591550022299959
110693622965542231014712615370204371679
257261913408247442581277986202103714308
141893301338857653483426466813232398519
333249525833814723697056660876578589644
124350310225495704489539438521352862619
173885581831965284371838628689323262976
26054344179314625683225467477038523045
227062710664274213546107216128816557688
56658352270600281058264384731007464343
300304275921578702487747727930501011097
86499372471697166010531171533470667288
246347869022583176857934604783578617098
224478274694089073938264220638857767939
196181891820313339327652806913717382622
305308396761089003198130721216846839143
113002381181565885733249347075657388378
331716639448168178949225669003345305214
108301949026976661482924559367174404019
1503540098043327822703416804889022791
38840777912458964038983738340020804599
169467228629675752197705520409778892971
183917817510642445860502453570846814570
157000283009759500236465127811867288407
6732996927755559577558501281071467984
290937016171310035051224802189540272986
48919095097820469266355541017814542917
313085418469014081779058840434164503770
145642730918348193712295748073039514944
70078894428086136145321649089723220683
307670670024064563713745402224283311240
248328791775622265696158929833174467241
52587988081055343122809906440924546324
315693097704870831071601920621405028403
272280335236741247034821568209286957667
230010468491584853812076157765940771351
158442800195886736165146212358136271807
133527007776149716565443559817676532605
281061482003366963765041238697892305165
5493361420263747924618561975955775917
244320215354959112528367700618881798252
328245037314482716113728583698594169810
306590886938304341071851287708008080428
9985432312756166837274674347535392829
144177553526833361873398538140291709772
110861967162863486793029272993775854809
173126367306344451217725042982564284727
237951422678528489666273793882393791096
123451626831324660804498963782649979952
21343268220691610591402634728215308659
142831778573047448576440027687103083676
193086406142883223794701234332251123095
313575062513741789722821017987392223636
250990517285279179563756148238146163334
181713315680901284229198557668169341043
221728010664209312085475486778725568101
325034335699921018470354171757336872410
213705441679683223620978647147278405148
316809252540301599878921100404310162020
96189809607362963170466592284272971201
283431492639266371841959630304059650049
77944964249341685482903474991117296356
107488762512190703902770803121125286555
58295648460880926251053616279789786194
298819186558864711839042601415313067025
211044024793023800478718653911317176228
105747035261272802468325573559691530087
239236581208809177024358192760720338677
87850753447935536915765498700690720246
131635786736015348999132546976473640773
113540497307159823277783936828416478833
316271136635033497085059843856182508505
80037255729354528573072713961490260994
329636439320049924624453928192282764411
145119119609921028285176854209178221221
261460147483485841762783024922064208629
313482237959856929486915756373250125105
251518514235817265065674883670474959250
58950165183376465785189821461714064596
54829313367925610787829533781635760137
62157598576499251669385086319306771253
186781056331546793264830065285225341913
146954685507822025111185586092783874790
34914070001672279089216313208372636299
208202191349675409930459317765973479341
164603540140512145833882458985787088913
58720214955455344723489177037770406239
263853951657308472252441129856209273838
9176035550675067490875299258583904579
121010298583704681896616772588033481814
285038364798641529936374299937158439415
57080205862537620222638698349514346882
265418165209436149927398059769028754755
67759474728198796839683836793827454031
63807054501211376068177349495951964572
82240822681453645518847963258883551235
234966144556981590568974438407001030603
59262276401280907168537718309603446228
27369423569875525758269534767620115224
272580815879062725735091278072356186811
120289876266213537050476717184330343251
308817135137037359729266282560511717943
32685264737939002574896297428015679372
245748833683667841350396050133346800636
145976603788450108419702049933043728479
16931922340904271343830751174504930306
10173107453321788636777772441300488289
200758481955328735309400894765636011058
142980786009625601109150996805396467842
113193120251966485495202584798038749611
309528845993941443475194630555221226456
56818709012173190540803122680781268809
235149080895295944556575780085691408930
114453538882426385982378338538340860061
139108956079862929484343760538992911378
155547311818828193570678091296163064241
164040509294651841228889397859746166455
75599668007472576147012260583749976786
48939851808908868307086722167082376623
201885789933122497097159949426989549822
66786085564151374421352910572911867579
83341074341894191355224785293863160523
173726248575467175031459203037990330695
245513532865244064970922658007653517811
201276956822950398814120444456714009972
125953095821880413084515459807470033495
145489543714928744119116517718144004585
66290176941848711523004673862882380536
77738889051389420537607574942376858484
124038624234930037396178050407687359535
323272726445255655141634450728923669421
140689555529502824281483306910343639993
201087797677464629823863754859648598818
37691948794201272135475121235025295114
267873000706725983091914347403317986419
142155641831128052856014491450456021833
296539373567002377986446898720710324761
322165115998497225292748509344025015782
104464990528306807470028605743747140031
100362912989510363552453104794280908778
16312438554061955742592409801347394828
101681116858995337285219567268880771916
208346238888136233360216694970254878134
202610511355243217493026407564902415321
223303804945410185638079756745825748054
271271209724439243930106869542232665840
248100515712887087207148211881492222287
241046985010573136624735689963073380202
141552429340204645856580452351824369722
237125773319872069743523023595449404192
321408900461111403367067085642517474580
146380230483126212091958428638698322597
301393077437717026466695072671471733598
99279196723629944098484483094866316603
38949875794694651526106369161987401183
305347262775458357738403023358603758504
166077671750195425503278275932164624591
288600015980249328155353382193314215538
81823499116963280255663986005959368351
197273099720891938428715563243116250667
185623772725632076642013492890418128251
50851220193599628028276720943260777901
36538937966945480947441181871438020730
216129904103363612266367526803718441595
65109655457060757191294558296654491760
92926238267731586821186926041119199139
186944225139229372070151020234233206454
328141858814234323663064305084633763410
154954897515641692057889210285072316947
263883134665770205290017992188304294967
12425015167048339058893732967384595512
567509365738444677312129157666881837
30937699966345199208517648096275214293
50778754399347490440053677883083052314
252535575515209698420325171595426012567
70334136186506926648144301781174217040
133920612628868432373473542258855701414
206335371101944114612084584984262048076
39203743358786483889650542894642650279
202265468793960809284007930691101638612
25784968958903912619645057246231415892
165816517053733858697533311071012155980
9218328236834931777168817517914020016
236139764619452553352184283430042684798
316506902066182071766509216854888724754
75954431646749631570067928783417222904
253348807638093058582924055325960210729
295725857246262224808390582413516850681
316550287395662754694899098498261469766
4314969440082623090354612401784898977
18719099195305290840681690581340562884
233713174637197429647984020647388642537
214657411263774399810794636029373337206
8034603444049717584419220376538078516
159255825256548621621388070075931976497
212305858925120705482239248893032731673
182722303172574162130141985621758232356
159864419866991177612310469795418671620
93197539795946614503288358259013983185
130187233813603206703714997430574797591
50601344777062610148335313327835038597
236489257174908652669796508488924307208
169408952066293573426233562366408019076
89158205899162313096417955983544725759
326271617523154884722876747793729967812
290779080889552227394910562697996217012
47375350825309845574014003492033053604
314657812659796534381874994888077394781
281802906402746837046816658635929043960
256698044081821617262426441162316450578
50229886709190927238728926185504625111
43720046151631591318750031465734297678
129338152086947336963206330478219124171
333648600714025472943867458089291109445
323549503861915894366815956901364393957
17203361940110580060305725198344178982
13748314358325257333441675285743765302
93299533841470499149025783631247554258
232204370333218633819173760206360031856
135311148726051304725456821622917626889
1547302285537866167982785945207281704
201828544857218970428290333915702847642
321002765602358525382641835356120287391
85687612640152447195154653982960398689
154744156652319717154101344594999812994
105736239115618631757221006462348843198
165688704336369717103297745013326699454
64705907677165484724523003208054126531
161042018621864775282461588345892081908
333370518206859375339770134990018803780
259203849570964138875059980553818438390
222320151334292617348937253647661042702
26611948451304761329218846808547225329
115571538540271988738439579062249853216
93765640316367576426504209825300023908
55806489733623008565506110346229557226
93464822272712980024446362718340002746
35210453250493818150010332978844299958
336998464043231348203100275893991597514
301828824835917770748860359815925688365
106367295007220672960947674245221013765
232982341569210863251592258141609150967
261474428317870089119057293414880290387
11458273111087339949151958607698834554
291471226736195494919918312288357018690
171999669456549323485553158231154250559
18713167405515156162583653130540679659
53584768174857640325509589819736916669
123618335393566500031081489195456610753
11822556951450354936510023891288723741
118079640595406785570823800043324388978
130568272615402713359709136892621569200
