336447185954263967883011198662717110750
330502148781839050409523502704643578305
332949920489070663110954885554676230752
277816820347525324336272134821449805843
61870565681475511518806213930091478413
47110004252982122420032281593676574770
277222221881443995826337308222212986896
224291667811425082011112854884108357659
238827881708608205958164189367635859257
189724686078342670433246493485840414257
236732900433056127912474819774348949394
87277223358867561032657820321278747377
118947026382857312611868342069390670106
39121797750328356212791989854939805345
279425483626113873532220954935062642953
29876174740240871116297393596669773002
174563980149416720879136353236564002529
299373393142338542656268969248229188890
25959984700962552795862745765163728353
339440177698856208101205432926757428715
118017464567204927337948009933651314600
212461054151077650965064899708649253520
157627711647899056313952873160429187853
38313612998481155102649511316510787659
86124058258554305955245834134972090526
332400356542028315083182706519315371558
80844809936509548847888608769159478767
256624549593087517137905510833345601184
33656082213628767593394754827826425640
234006270599805764932302709186340556600
69199608804933559352132032642550894203
81877927608114554330357702371089527045
44906069910324381510157578363774175112
31740713486959379255890796651817298297
175365053938977164530449653026241172496
186974733597196656450825411763902826110
29196816522206485664280040287906023547
136640165588885369996660202870992964398
269813634430347314003210812932710160524
160879986770974085816012313713294859259
232375850303688400017337879122077663012
24413510964225777879190816197616124590
168771778677368136413513033947320658733
192935744327378853274858515253189691173
220369800112304202912266928342761969552
266661984516692180834104056676139436735
291981969468702656732249307075751783269
89755408257344052703461320264427070731
139043867074847928819860538582160008928
166767699501737647695718633357841660078
38270688625168401549504460644071788376
105699770407204973607829015544651846159
175131080688750510256516726784026631796
10052913647171372176377049348275018883
6831575040465428906731662489057048882
314901082304926824092315831216229259997
71106094615089799153266776798039637042
190496602343231657422741251380605809330
202656838872923460975467485874242633311
333075529450084463152792873282459183932
219607552043456946672328822257884584905
330977438448124153377874799467871914994
190990239276019728054365929172666570297
314332115055736849090338928883963519410
324089126874226802928729187973344933963
83597339471263028820110966004208133008
24027967263417267038418080896104568765
92310415922845244199475749399399996221
62635118363834521895422823150153503613
90524975289341465045051646522900527957
334771943683301904655096367497142575380
245139828151311573973555428764645429332
110786956544880734345672597124691168948
19057360868074053638868484899307451418
107471573142179400115032381334166893682
264849549542278037910509289472564001104
269733139858985414804989835466982671514
252705720383878225699098940639146773750
49449948486091894766027892748490230641
22457148956173443476143911100838941616
33024554979062406642427835203220905979
175647219064335843407826210807683754085
148500410263894633797679931719288801105
45757600710252399688063615920342553387
22747031155243582407372239516404093090
241806794684974175283208008935325973575
95346952729888245326044942204575855803
122855603480652486904392043859199454421
134516729660093747552303992460303942184
103763093636096131486520644292813784011
288696881128991467100009751073360737636
37264880888023739204157691453281370424
140832777209255417479806314224881011100
31689223751177057368956445938324021507
142489911908003711830104788611756981992
240054563644598880811842836482223315374
317076782011398107295678238054116750265
316288028022725010963589025656919211574
223309776507646306389112421917142689505
287971840393569022906130959554210887871
186178244949111026307011478646347378598
263788099473789412584407617724610059020
193570279789375408555890165454180942144
258697683663155647722788343673713237208
243326653171473624796525967329375085902
88517070828350205546852532906622001752
253972900205875876316017985661722350025
219570816303570906532303655202795287049
228914919514688072657660406551925330816
65233345315841407646502188486001608632
80377698082274714397703490268301599150
232647910138361400318879085017771567607
247819046330658767563567553608164040455
216786308251485747613468627232001013120
283991683254488411087276379223442333283
313345121389967445426646343719113689975
92487084389511990566012147730486613808
258192554622539332718955356653189109389
149442047712713262670896677050315395601
184641911204487664025533103020002615122
60551297104761632408298983525333545672
292035170796279021832783557019237190296
188591640603081703746710973497071998449
38350615147240918098023404419462571663
153982363483337902003992834645302113698
9904478969623573823625336050778148923
13528173337334922129260605761029215084
323685097388986855089704034502107342288
311510426967934540742370894308415668277
18835741337233298712468627334084584669
113175810166100314095032799644050915069
162334447487158303927770024026029537552
287844184141336046278866582802681491413
336051476435585536171239626096916211495
72272078489366397986333981982045706858
157024561278990725228700524964436638031
257359222520243426131515645479752731144
281422913780730291539800674966060464487
136607752153547610196484249322783350941
110638158305565315571719346925298326876
82828213288474422560888192295793747117
244757042480768553844940701184903546213
8757453242381322608790998324755610242
79588943632150015662158314895139207725
317836592532019769053333381834270295524
310987268088897216420831042418889691352
284281184842227715078252551818901939508
103480932672769022979918045947067167500
123715201787829792090518783645638620182
111960764752271344403976906556270974753
82057108532084644378397743025700854670
281196480443614677200171389307414464600
262332280654755968707703966954917630095
296183570892648749500389604103005853013
108972013643995683076757221386017709044
69805613058947491550326847878406992032
111058137375715226794530649290275709586
125676841165334616709658497456017324403
81547054028065994305725685055931068636
68356497738224923069798909009606402724
161218751962872461136260108490577042345
298746844329235554712699579143875031033
295118495826451946716561291470137885820
332750062811730130159870205976527033854
318278661668580201076892150095732030507
200534250248382074478213541971055529751
308456337227569378416015743253790070384
132321382160361786056985957099902092097
141942186119747495861369275367803968225
291228826748554996022219533520280374726
180821755569006985122956307140180813770
39846266300250259986442426965881127905
76457010334746656944379959756431283891
261753055142603593817862062392811148578
965591358720774856771084745081127734
99205090736599097150996329598790320840
14248184431034816750214623191745800952
94413042159503780113197006610858157857
176621287821217682048930862301877983298
1336091087924869700525552966127503033
88114119847333409462665206914001576831
88183365606522003796506025227668616698
212466738615120853346116593004435331469
259401817464158359749535831430697756835
34861148758516267840710993139831317200
310882468908170049827192656882911224813
129031086656284374944410921283288382011
97773836391810483842005155385635140417
297087398488090791783608404763259808131
135514919784291202513077743337663769600
117874258371687961604107943250278266563
13898944533937111200898667473453268152
301633333989465687009304322767457537453
117975671001065532564378191091879371895
294393597657165764964477698318280632767
220889605163487918476755085414920743268
185428809195091927701372454524787863480
50525590007398663903044508791617820310
219024139119291125608139443391085270936
253299449837927399370434971817823870351
76924755992948349615198176199516716095
22875503501435941584609672174875648781
293068627121840400610328167122712407864
82725986793262068093085218027911847256
43797283396589520832869211845464603375
246242094428333059320258903734615508834
285864523736984297551410041311061566695
191400607324713381385427215029822046712
262869302312940333484063403708297916365
291195586199552030167599340061212633478
311511980943220619286367344346806520789
230003785322617947047436012459591688226
228409259400474907666204787927506730994
182461609801579997482238423636644570940
248791035816074480891659656199364350596
85950209460116681045740662410344116843
15617990615397488797317880453642485275
103525187470926460675275685772374798225
324968121918216346397988349954775989494
277984610999426298044016281132870718914
85567989921863071747506941043178069719
191679592485105768186762673877502135877
245492312688998002187269152208002111324
293415120017448165735304013251819250646
192394843058933400594771593091664535720
2060517815733491242026950495890145657
141978351525410942789727837127603326259
44399228857125131895591183713696862405
87224536476652403764709510695152818400
42656674228106241105072176804666338808
112621400894186354506985063232241257335
189632810733244557117632395355235198017
42034391795137758626466138902439633845
259221870890527047657410955684107297354
161858302266586769808200859033905380914
216936298095603467362923196039772911469
337160228499268897693612198834632490769
119553438122437597693646029665321810026
178070986122016981910124864187083628512
330908249106580940727229031298228663995
119673254545609967683974921843822462887
165727097780649020801970538573338024555
193948283018355843736301145869309179756
236154202454703921676025306976387305741
57473297830413452810498609972182304391
281206950314877004240231264892695189506
272738523385526016523141930147566455867
281325463226365961643608292755561862051
83434771483690735604237993305673184824
6318312200705964446444255126447314052
42830498240883724237428976474480789749
254716440692690986567455897786995523175
96059485593970366155269560631522085028
243911169978162442514771161393452207768
314757417465562699202383278486402941063
