178427859502716168127715114976638918192
61698402271899608460307198895339610524
2278264311091095391333623825619979745
324840747848352957731214861742616703676
251101474541879368652264496475175804749
106134887755853583416982871517478479717
191815888748367837488715109953078353284
111107419418303685833931021861423467557
208512420593723964959416608633175456033
218099148049281356813121225885712414525
71156566538080608520650884019017443628
191296169742974547437610880961907849797
192492832377835501982865564445425584334
248963524437145524145114066049809572314
111952087079007825811430916746265697093
286621813400256509826767408060889008443
269090796240905686751169077261332698381
32707876861865446283806446204492721598
136671174833574603571692248465681931293
170339753793105594173030385175041946722
329535132346232921043405863491750511242
298230167168236290648265532544246774314
79246411910327103418211778880194499718
108932174010391031888278875035337264441
223851446264199375106325796114963143450
131687928644292708035254075225590522199
166187011374754846542258372972384032701
64959974442223997191919333628297498408
204213846328356360917822413231821879295
93160417414683735556387422295387560419
224963054596544552437994862938171696403
142410898669135132552092614820486434837
39076940576726570821050340554061735975
201959124376223026226311760290383898931
97342378601324302343749716510940920888
164055993689123588674637830209635028402
228230484394277287269627866843744601245
4385443338553476349596038354234929695
264530420050772352544448931531564507496
254925506619233445893497818502883522671
95948558033810350114098480115934733653
258515243041669447065118806746757542707
29969555974089984124415229068533107715
14867439141354564846455818372093085583
21278961648015119636385210877505094897
111796974832859459024014846789660625132
51603151877309825099653643929413235500
62515321840992110089925928647271748120
38815463674650723722440517115097354367
16743334777586064666417464205440030461
126093853006379899379734760580505844138
65799708575059661357586587884740186829
333680289750728925744224468757978627353
43497444390654661849736733479398757615
95056267172339313260262519199355211743
54370012490611362996339957891960983376
56482929604986150654420662406137688832
196116635289890415787497368161880464814
118946985860673164714661221044867213546
15479576067199092565580859788476448559
20492170350047775041305517498165826937
268692080028376716420658431912129808903
314743924657666146523773434397390494968
20121099528003121764082365541686840507
30052886761471331759191508712468181360
126541064642770837989128295672720634874
138550628518043990016755160165581250282
309483006616116682022297937630218846668
99455143962153082369378122149088475772
227098186502934797481982163595436332742
128343575869882551558111241739309565586
85763579586494590194257566874479675856
226519915032780020051055078518301572103
273539239271563650116287229815090648245
269386847124933415233037071183937104652
43794413917420817817604481919847962810
191925977782259508884669762887930962845
205829826009613359033922093564968734466
57218896294225338384538457281598758908
308486609318662607081578263858069681238
311640026585535262434418972094865054886
106324732294437759750823705455690723186
307174713306981398884456079186412265939
336727519113087389154769324289755774874
214588433496206454886109631688844446453
195739141462329886764507842358841073704
196202768461205014132126538573796890193
235820669017990507227656742323412375353
287132980242527409567371498029846903953
120685932772184249008127096181352696574
73534342647163845423157795891368299333
232408900208111991404702129060659861007
226086874120970909062575887442350382010
92705362886551801866622375650442503264
161188987061448372843182976007441734052
153605454434390274775744749567000674852
117714249119678712846109478971369899343
195437146428521214469227449320826721598
270591998302199496932599338109029020772
11506963640042807297717401437720785670
224017101318842906968270447991702750329
155951976696821912419383334684527990429
120678069333319600065754734349034576081
178824423595015984192618062567913450562
199505891110553555059581282172380463041
74703459937521656538970612954368167265
271394959205595127897360415837675573033
148867094592681064354927351588335293496
78285299767905317435720424349822192451
108684172720437649229230721161464974250
129443350141616981067595956353112012760
90150683335092748713897420582995008904
226396486841481358168168983731252306608
49279367317048822203096080406738491424
158304335829205973445043055344106634804
301600800629692678388971723756954699750
149366320137207320615431675685969250482
230365746070601980455842930398167156046
201195335701697376246275147177555871932
302297385112419868345746378361819603087
200855433951102769899812895723946446916
90777982679825866443345512200692279020
133058050182495974576994092461418247825
315750037272519840528269264256359593314
6117984364790899116735586265547887177
297896466160649988480118104041639881352
318813275345755437192339422697962467533
201696139449898108820485399022056376237
304175400941059079570978318097505297685
280578587695761305288647442723457495919
192088582995713204478514106550309212780
113983182140196287741319780276399295641
253515386837530331700778875186917426734
269409625499408829152419541005933138623
124115123739160415279408032315134461766
186392513827271369923338793085162633062
17491500208676389187535107196685705839
242064262116569075368958115752503471655
21680218781553674536986406270795010803
159978971304656948739505302721227105432
105671254885264937225785548695936414700
153426585392084515485020567324106720775
332939962568409005948675815646139016502
40534080741787849705461013588869593163
15857895010795352778181572842961336783
90313236065024865460306284951910663336
18034601085013540311465203361537721590
339656169388580989186987050999299253535
198120700686294396488656144618330524950
32513437477781691606304966288707781681
320919284512586836424522179938365940092
44150342538730815578403070773794941087
44192563562958634350109409843406856311
189083477658638044907679468512187041703
61836232576023881898813923057775997667
252571925556016415687748101796504106293
101825539464213248318861676069713491068
101243019798591837082000714108195684036
316438969196422013215014182942070321013
143607695016779051373772724529831720844
63848840017628106943958747436780480268
149368319449752972034852018143780421610
330722460577720907919728654967016522429
280991162520661112211085255157804168960
212654773586883450340214827898231144861
68867334271081469412812639226826551312
6625870203577718607537501076410709929
172325762191581320463632614002959300917
100273042105304313700091470638835148936
145376382414910197215598181438932012817
284068321543954109634613991439262219158
122809075676247251071755601570001761872
156784917664868907797977797164458999380
176479161270183086650857811454340962430
90827917846674732163430365170184346104
298318541737902392672079660242090400722
132210179359957256876110521317055003180
295337377531708648512832811939657571965
166030197415011395309791499476558973279
78998861419844351079017953521322648707
282588185217700760690954360296205684554
175159676272607389719595793119707871539
165929365268536881033711974818329317182
399141386134014792398556053906324254
107674898344176079551703743845465357822
50693813776236733759799370943687458301
237669884418894381567298923437954859575
182941954795817373085858278926083386568
64968595001914944782565233820921850424
57311108727107007341053815755275324542
297871316640265486233754440242141101921
65736381176226200800343087532801461177
156748832196106998055849492168501866792
150581994681208549456104738879206271313
237732112386351526433923517211351685180
28015723471911272413729312067470720462
196532311914668844257567800906391121019
72380063040949870269161282973946673703
246382344603890866465664407694013087107
212201106182657214850760592000895569464
235690476124623632338577534798210538472
328188192800614444834489044753385971712
261467403977335332038796542020180003074
77181428163587361745738524330193327788
37329760159148719829166890718630470610
111548591936902811120354125667225793433
181997091389424109837515728227789668294
89353349826931207280990969781674057193
291832829197253656531318219854745402838
142081477879641501236947378649407802187
260907409223268229034209277016872017430
254350005768146911323999846067639404640
290579008307425511560916717725589409910
217550413585119915123956318057009697261
55675562504279710860012012155982206999
126974168213315643530693002069208208817
316002866223297208417030472096899292650
199442833910665251295890467445734938824
67257827754252809917745611337199669588
183606290923061125031260816456602037534
90599656586449142992178556025247892212
110348978336044932993160206082367929412
121310336030390254932870819944784274388
71889955714239584990868303974061803134
261341968720805132295836563331567095132
221717378072883812410798707138607667491
118978995655735408175199887635236184406
318857591734390360045443575965845823912
246314347561894394830456060741027147926
208721235015638647863656023798191714332
184475275840289850816513702065270893094
198330046168485848628014726357855498871
105529891050479902074125347119119358436
282984645988749326734224902581666131724
50066574008029307929082279786151034613
290599264241397362659540394994820237052
119791162037812494218802836987901348506
150328710292172175553848071020274936147
231190601497058325789474519031716750698
323527365630633591090516505118319586495
231740368731520369921666342023930700611
47548073477091483099735182210595796560
201992902129136116936009932521868181369
221601409597389356998231952491011658114
34940738465602861771711116737113242398
336198320413753413385444619518649993572
207438374698327044516296659213042532613
30611636093363791696680464936105401725
99263020592624597873882801602273688959
93536366218054265992551838159861188377
153506879737286531237933814234525657433
132573801661291335534706230182295084624
239290239737485260319632429492026387981
67913322067228561345667311467698031975
34289752007202106867820475575376166269
