240097068483934966038716940681241926525
214037648218132612409835452777326404605
151112277532021515706414442877978162100
311967984556875148641908720786837341340
86480676811771433881006664721437153333
168286442032464990382096025448167151426
216509505218121997928774184617460073337
14954002999414406045129151848947043655
312793075580117221043499457800398144459
62442412653303906220906369416144179247
99247677916531947222850256953797395056
155394669626658913759154132947111145562
123751856599299559579793705121462603697
19126590943821136482695262793100076980
254995296588440916718223091982194501333
16555147802520341227739060747607336026
49250482584971585500245102240937305290
224664910724813481484162775966555617385
264020425566516294258445315700746843576
89310212292143358264139923144098421249
242221657937065733374057489947717815153
14110772783102557026517517695343613918
27537369269677521428581307464419656632
273490473514625782664971388355766176821
206170031047323121971588337254450169825
94772128304328285373505995568949116317
165468360022235653901481760415186624307
57284216500729057849956236048398478786
23436321336409873990926828809443357535
317691320564125193554586413034700006197
17369652278993782435987676895191946124
192213972266869945478816173528424060829
8289652393474575411787255998503148316
339102004806782849102844086431076830283
335791729626695414009796130462622430239
200702533676473631574243677782631973144
53573777863980459624085648376500901449
262099793797573015005202279016663640880
139824012690570567540832316719532992129
203648053662517604204388584458311763639
317045625381897786924882713717978767527
293653043311090652084476112910712744414
68461628221750957555002529216252912242
193263267757205218241193093364799918965
269741656117647344940745448010019549982
299104050466401005092297548814554892806
339946003796708348112076235318560367743
297420266451501532723568760908116049461
226898021078818880278551202409930375825
30464791652951145232509180681413968498
14443975251386855181871777064815919568
315036628101150913328685610022219872747
180432813549377757756925089014061211784
221303247810583023390787803826542828991
295693189652866183494996274790356978656
295075218894511673009790675232538512404
305214594273177996189470469266705756968
281843283825990715847411049605969925682
321953779867006975747136517761240716089
115635089007741027397468073175255660117
104156492832525253094166697878788228502
331421285433701532830919958031030227691
317255923863614015970009001325425351249
255037999938923427963768564234865825459
209346185709120647449431346079978740707
166912577115063857488788083483186281868
327945618974150827275440116663813003914
48526316366951926615885135762514232933
198703658158387850436326342839735308690
230128914838241169672749241087492538587
80648430541834491395030893935529895861
292492758420499421467591714838742354841
228453850402434217430210026546357197783
178105716387726489234069657873643731743
310183206594438227299755316349897572541
191349143353265945452175865284058219404
57116637304925368624661344949548325821
295866505095895929179177663852451393621
172215389153608792411845469107844211565
279884692776987777695116802226787342370
204613038220136746498921015182618407928
253047637173290000227699047380505000263
151109905818368603095457883007822991957
96184880399799897162614260571482467438
49136801064510743119161233862053868647
70110897297034100933325483065585465611
116312636654949907435849425541076305563
66724578043295931273483971017740934295
199627046591401651875090909481456462574
169377530620162456407632359185469082731
50891683190984083688748808374978950926
337162891828203412473422668796426497985
252546315438686069710720045391791273961
285669910011584057890188227201967264521
256107267248931497089508558010316135586
101393159366895538108069516675226214949
21641945130982565435568105674978781611
91366656921049454026830621687159539947
92667856418669203100647931320184133984
46527632255175114881272025642469002239
262029956814943761306530307596284238946
125601814231396129472354107961901099941
334653696428673315175167416680255307158
226929307340281724084920297706562895176
32483907062623437766157381452898967711
5162836058870609115954515652919289941
165823326890793843197159007307260586780
225823630172787233302125179788660802827
108314533035123096188209370855880480642
313790599751871005479863784136752080149
337373534911038909509042330352970424411
25603457255474638832823720073550667028
46176074133088711419933690236352133885
292734046129940534651066598895374954445
116868521939259883008843938371330386988
240785762054483856153435409608118335118
323197657137824081778307513763865156431
326837745483779655557677629820889622596
115667802607447937287347544018353450495
286242853859081127804441641448766065410
91654527441796066295145497870947559178
234227319034730710350381467692353498322
49876105501401239339678017564525471399
195962424212019786605934108238388313341
34543419704201079054042036190677662336
57901567568757820761546921746412473736
66301463188052616011307498701884520199
110615447639090296942422034527574776127
313484494973717130894741308241454948425
112138962155817028054857488212734114710
238844949828210708279093866547598264617
178191682068174120846757822073168376239
257992946474838033994452412410963876140
234773845963857301636177556043759081674
23959711449526540141563833906252778167
293823326160189364031558111535717770832
146175155251543748572694786470695673828
239695765226578782195606703114219662794
190090999509957138046230732191484883876
84532713442425664694844950553096318812
15096429341503438325651624431377894820
19396154493810844445684998163298098921
340073907604604943564123335814437848425
240731751860357034452747240861549124486
35295688234344416627073172295994975195
122431634042789024952756513314910116067
213905045461421900189673983333724750301
97948883228080360772868647157239960664
23874279974334865436447285372418866559
207531533950003075133274046284595427780
220589242208461710225208776051125699088
192615881642431041475938088411627121240
26800914416324304492372604646684198029
306037011024350782003459929082502073605
257427923710471822032554171663563264335
296846022517604858632745391562670955808
192723007571105074282003566021061950092
197100081745168346425906896493489369132
285052480593292335847490380752049999458
313353771979244441415120782833710294785
163915810155465328126504959044055285667
92781287912385565706134850296489760115
118377981484623193506787761026838243920
284745616167319781539896474535770615329
277577743269007968880763075276191797155
336608574252378924486143409490920710380
314492789005853024823107608320871977920
101106771349455081549477610539878744557
322204468883837060626607698428856462635
86266393969091864431426530148397402079
73759056462891365296646755300217657953
13193742215882140916635358312338771210
38478159515311306892762054539853403805
43662554036575285004745477107291683676
159235588835260442527917344461632572100
100329439709957793002655054733892646714
59256968687158449239630700082563172477
321084686054858426013229498010574320751
262914893186543556455302632136114972718
248653302128052290288177417868340749876
270148234905689994184482257867005171041
99206797391235936037887800492948681391
27015103873770877499153715114352344054
274899925785791339503383862465093263358
298605635770746664814587372842262771766
164638290174724349404807118825122467160
191030020230945714035810244661126848294
54397438721838841009123880533969545435
120957132621474534589541475139363541890
7291361985933620684105207475515509866
307550471611657669365012609740970404084
47445680697970058232221049943086188355
295068739210045758770976062293863127613
181230032456795242147331498321471946098
242724422243700312962638769374259665681
221816721386225941426067921741422411548
86021915219398308087520248134835336266
250525567221231728049006189633930503493
65783942807102733905900019617264022078
296835384163283532500178605449179681852
19179142376782203836992351175860591880
319174291553463731985316015116621037879
286229592685501875584699646353054184701
225797751294516511850308732693590864553
155020065463203402950593609132378618222
179961810532259749996843579882210334775
134600976996195371118660221903530975155
84591308430835792849324747972039132161
103038401785847443194231593744865662439
102135724634321649395320558910133602709
82648518306487431884925163258279235658
63460037410577729043217906156060848664
81544133276283410763028040801323276197
168549460697961896416436031820113555647
199316109860914324340929875562831218936
264189234215113203517195660268167872528
83638736501050102852529800170777083361
320053637110542776598247202019389548529
148362987535355669099526583027835150761
167424454518851580964637104341298582930
186242937687352791977560345549424124048
140360407810716448054809874993091462202
245902414292885583365964425390334685797
21288669329337936280224336866545710966
247542970827449899849132886635279931337
122596798004317261225166998760045744171
229641655741469132774248277145653683095
87011979917348548666287918778897656210
310793453140275281661241104842290273829
46386066515698275607634002712131038594
28648949192320616821455866662301313118
333389180663378027231826519248771139559
256360699623253277979156480288210668899
311876952056410797585241036396700268496
4204133712107930738738934551518505845
258242935293993996525167409710831664298
243544200726907204269081522361961621717
264743911343806506994397201138476771544
16907737721225388324559940773068152639
174624339544955948637870619269939957553
77700212939055027991739281893370007472
150647481244317624351711128055525818422
128467472679629000690003328009801463087
181689045775303137312334916453148580665
287022313309946743956779814269309287021
61052937089307366389849593839892975081
219123594421278626573807965804438718669
210867952514787748581908393770630526580
103789596609335629208351253578193400325
83145751782436160922675181791498625158
313180249888668205030489654360043904722
109678901652113490061009900749174610281
89929016162940032029400260326502449672
206516753813685946042585100555725907743
125983430055294523730176925960606851082
