-270987741489897318073115788140298686719
202269683855392493581080780806787815901
-121947228190575509629193003815959203039
-223829201988635308785688285006056594781
224950269135383878484490498788635013655
76694997149312437539899268697502862572
-130460304636286597546329579178356101154
75739170832485167721174137714078795934
-167196864446176479058499444062888993854
35287827944140288175227235967850284069
-15182122566628820572473693431549546755
457685029023546461174553540291717178
-52320889462146056628765203629403767929
-91670070127924649170093532508755298734
47372738151351188497821765557089884870
-76654171912577235993241761216463392164
170084593648545750746310863682254802799
-49342682874237475289980992618076562273
151755496073161889727460057733399070145
258980090966319865824451225616191935633
-131911492702560613046905456165873997121
-189289819074244655440139684146759954983
222092260937849051087633810984824398311
-25253393290387793955641045159217884103
-84354861356292996400599329687840516025
144037043794336746507149816170255684698
-122275782940707064424139807273146251496
-167279449871332509197576724104590797667
-255668499571993028625665619999998236189
-153029723382450657467994221434053260449
174564367290572526752661563996797470154
76277301930545968759652125742625698710
129814727929594390014115948501349219044
-175750963913642335945147833310508416715
19090074059012034676574496476424888955
64926347303338051656593003280460618614
193891132338650695130976695406898488183
82975847584862484984104468827714688028
69963500654765073533061359597020081308
6984905294751699318473294300515729582
-13722575274807708367758499502330478305
-52413917015673132252564978685028470601
-100203422429579861339930637638050672653
260041002133910295923741817453582195873
123474863832076171827890247735961545772
-203389273598163154510046874713137390751
139580090940323168892457239126407266686
44319384546737020648723068663859724376
-251410007817883855251735450180673483979
-8495472464233212227078245111497765234
-24077505517526854006750741652091552764
214390252550688947922462106029791699568
32198172676713747721458912357893672952
-191561416840913735680531758155600856049
158818412887360091316215532108679339049
286978237526707703138173409731702917555
51315125535490849158509709416066292642
-113325108630067964982698536532269583088
-62117534537295239498212900873828325830
178529435894127345200291554414678654022
125999538285854874631659755845155686383
21678196019431450968597288284656215851
63754180552824946467631113134544039735
-250415851811251582649708549718253522078
92175694577892068505174935226851000607
-12707788656202787051400887268148872525
-96596399178552025840544347919117265006
-152744804240434126618140858819855163654
-282772275440326847773368526959664072064
-134959220792581018829616361893402293067
32476669826632095523314321722194766098
45844010586254643128059542091690151636
-14269852653506235980492512173408776774
334426964167850620399799138496070628348
17220785101998112209190082422692069111
125899618510862299931539461591249787138
-47038182196346378821827740772871219630
236188221996895797318082299003721730881
-146659498059875494414940306643659729327
11861317723197026750429870931862262048
102451904463970238785312092402601955158
225996473017584223465435467645170096479
244360832207732490219325118581830024692
64647815012412165787163153029137815355
-189309161583083034531542678571499308621
-277502705746528533553074523472350928739
54963576356172745484913527797771724273
97999469289339929937698586044266825848
42438781022883955924250249314272122108
113139221109554534796846516521353348446
-5941842828647441684069118160044184837
172840489445656487965207638503251751531
324747522447306677754312190160921618602
217034136387383165487873908976945240215
-214557764378617992156090073263817780800
20122364282294819571671705295453782448
144784368771583164535488716341323149820
-141074698652768775815557304675190034712
-9439966398274844403017336233065975420
-174224469047325749573122045807312946498
-314451531177744697652530332878548444718
16538925439186853991341471501145187945
4607961181722035340213457499843117348
-28677715004000367606071130884924153411
36958169083491144823645149362877346814
-134429749602567867958182699482464062174
3049384915489909822146202225384466073
-39748115391634902856795206008761547274
272104833669191519197928482763412045057
300483143317436278981250253027327021662
240476662988850951397825187821627803307
-168758928923839685551978379954611751743
215170486707442632457894303327336111313
192723118279715513564951874116489514994
26857231436845618649959255165606407889
-239938446329224950687561264855195103729
-224486558964947021983114026099240198168
-111624090360906612947605170816554046744
-162191136274331084907144348986446161316
-176572511409232349051754285440023125229
106869167244034854770119479161175825324
-236889001950263959505271219748708120744
-69949333751786669495780431495861846377
-43837955306453997282314827614774664864
32190187919987464793134796297685607425
-61856376348154610859428421030693591633
-156431647525544949607074415133485851493
11873640515111742027558603761450969889
-12362480408142097396106044259248537813
51699554810806022233005189114892318121
109026601821443226740211864192649102391
281002508476020494299571133930213527006
56557040448684267701578494075402987143
196278461111625050484298811877315547912
186230793990658537239593319703163672220
-197867856334498469705167372597773941925
-97164617128830888745563210314268619406
-43413939324578160481063831280322538891
-77696353326469429945662694280592564432
199133976599933460177023091871140912962
31803715856510141488611621101851755122
14310401643968144942130107873014724083
182656854633961690702276778299096541557
-128865405516288305367041739955198618156
16357402691849750853597666130053876131
-246814086425308778733019154413183865244
-169594452978042941601226739453836958231
-33214391299199265139542156071616965139
30296729295767506590974400784115486935
127022232201740561996556085637514229745
-25100781975486926092650991387581019873
23422947079838232493707494238588052224
23966747911271270656765119615690719113
-161103028419379903796585901232749652253
156243591333202140119622082326339416516
-117001783815855304990544655579447580765
-99193182272749828759620367169125463678
-85743918307738054205725549085577135618
130166640681899556262267282440207891319
118911432026064221634423373908463823601
4516752312168595384345497086652165485
-161283197970389936304503236401555053446
52754210352416352129731113702436162827
-120567669690171211731941709715817130080
129263465622986039332270960396134828471
-178814527838168196241105542837665024271
-109705804104101583491849739630057793699
3136024885888943975848162943878944064
13632875588355881164520648737925794241
-35788788892010783661349969437535845760
34597651110399041453189591670323044252
195939982987982639165928902725020027429
-54549348889159506299044370153843569109
104560469196891369720640637611732408073
63539960977269097250115691879277714542
1887921127071647064374945435929817574
-100134584403975007674429478023401685306
85822806324660158884320783620450034077
-12011342601602280449434830752226621818
-148447840736921896865255829934880232480
82897692788426050014046959731903011396
68604434638302327866618663574321342643
-46951545294694676876930327665188138515
-195355988593093588037317895479567152958
136462663093612150229189318243259501788
-73597754931138968348684780865554964665
48241735596824290412907517358190091000
54726262226766896419801401908429704563
-89865916774354551452951285118019465671
152712275177983858109421466156237658731
-159195521976206342001674409546343009572
-135192511832215079245847634388542871838
7284995394622625822924488971534218824
-49719572012645801055982537771850154760
216823461152124250998779650633653622872
43706872244522195335604518618982125444
3920889347249180397278830944791957675
126107627247551338955996643613708843653
163371736357063665310822522831438452641
-60725800513379067404381429215183305646
-223786365546089616528735345098601942759
105465778027666320743199810843528371192
100519758637728412037464243731929700175
-53841522290084336320634697398684344803
146704332197163951972209645367105613599
-6010735639717028989459996323240256319
-80999963070050080836221882472138465631
-208082301469143807315343098559040112806
-36094446153560493696959706795549698780
224059579179343876352619702944374265355
179670538503346879761266806280518600084
-174869039406087526303350459473105565124
-39143574058561782314629459388029462817
148684548823074788699208700124929044210
168235096731186593650992877249763393125
-42709253425506395873953332521621810607
-118404509188408850744319947528187820778
-54836233502979864235703120940941595535
-17467432980500510092112902220875155138
44732538614625342574208526393482947573
-156247405243801488151911997247697317908
121620937681812869644739136187878441719
222850119523128478225731395910100212135
179573069836929681281300758942060476633
129243702431577535481955438677858085459
-26142259047835100456954086950838035813
-249685443832030332034727744485988197276
19387386083777271902701165209866196539
71335874757092046528245014612017107553
34355710311197697627314841113668164569
125844572999299845768771278747279147829
-147588235051151798241915696478259510572
11759024773123013767921982764366624380
-291837311084958906527587275634841586610
91289306891289307640472176092976140111
82460631875053791946979963328220570903
238036034242389353536507806710603890849
71156314018373959559749451527512457073
138451367973806217456801603589187152008
43014668063708085281343508512678987414
-65001426835832283914575805327291907423
26263396159585379980631738036494784580
-85313790614144918971381948206473655420
-130190338639998226730815076319234498727
78956408887885921545566693440853251390
269484609814314498217115706017241890815
83184223020874073248581546157842791943
2197850043472488258214293917929378903
-26478251247486175206729824791340786906
-152652959927553655235012442355101678114
38506995498941123534350037381382831184
184182873892670578274522839438942664113
-59361440644033569508919067987497138331
-49426789090962708940788251292553081007
2684230288872481797512985579921608338
