576544254438198933921728139343959037275
544539796999971662819358955481969982910
484062198021092178817369328432654392852
589784804904400472978180855608287147183
148351242493246945399812878651528631746
215396446285447112802128307041843726196
493731727099565993755111492839673060233
239245670810839488056242006733055401314
551620957288725427001663647168034003716
252167098731646576654152862901984593504
335980578349588075135325076728146344450
242671892985526474791811953268389892939
242698882982156872191662047190853273803
58248388694149492695487252648039882325
534420780214554790250444046917257144286
46431322542761212344036454344277109028
223814462734388306379381455477501307819
524038303867152024140431745214784806275
289980410267478847054308061465910571929
428750389990999566365345356070855849964
360239122504270660712005499881369129753
226571826934180207991582417403992867438
185165080917576577742534180624848844485
311804086513106937767620899672276964480
292294089305877427926834171389422260351
427172484846356600456688702088264487875
246313169958745202749370369184346103074
313908766093816574987861746881744079970
57092403550038641584321583637269783175
551697591163930958486889122221040562797
86569261083927341788119709537742840327
274091899874984499809173875899513587874
53195722303798956921944834362277323428
370842718293742228358734883082894128580
511156783565672578540245783488863602735
387677267273670288025069089546534799254
82770594386186945288365688664406924996
398739959386458385001862481887656605278
409637647120917881544043129652243152653
364528040433491690020400898171606622898
549421475685586186942220592840056430539
318066554275316429963666929108328869004
237233406899119093968515563163573570975
386199012084584071516051608617989610138
490111456229951547853012376352781519534
565766034983093185926401605490694329541
631927973265411004844325542394312151012
387175674708845585427030081172543120192
365941888153666809098411740992090384753
197232491154688792928227814039255628576
52714663876555256731376237708887707944
420736398508355886936514625566871718906
355563894238128268013441815798087843580
231356161457754395567164853174817847874
302524764693331612401727937279414027538
609976301199438497102106506448767772401
376320688888267795342737246064745394010
472339886169222373270152300986575735012
524610618739930436722604003635483349400
448710618457825490550260946457714844049
323764044875982199766495520136672813407
662398723881825686208794757498902142685
508246163139633744024374930498091921546
569370114994660277054107493118829344869
533435312583347450378160534053323674670
250509916586326886308899049487394414876
351973586237568094313858197559917572679
140836732289797170815360885161914229154
261338776522222372331749165989888812303
320653890127582634717800887610393066544
415420374225136396050127261432672471241
537632586571810995441147143603387784173
339240806947314951775882623671048366731
197163077255800542872938142772951183161
417654779736617627414787697684064466223
456198692895543983362685154756622220508
326849777163910783429651180416530997335
548572225479774154878276604491598167371
221665337639700687177873361856334442206
302341841733161221171260713327626283986
237637593199199153141348850385839313907
428694856237625843635525258188188754348
299610316082263236893137814727111793062
141942481110052296850677876491825020825
71883832219754325526533473378457961737
311917691982008276216533492000911439186
211659589384838152761894367745652161366
189580181523948418177876014876940388716
334143776251495399427394901941760404758
273140624256258587894153003478282866742
339588564319975550788758559448339688562
374427772716227151677580360249707868409
393379092647941487190526359616672285061
317359133762761115259144673140291286028
398597179156935208919613346622073117578
341447723011494418919912353157449530323
338718727142380672731246343729095531876
407654684943774464990419647344078751521
315977632926315509489760353237326823489
334499472648744137787402985196679890110
448208201764054787613541786242631617544
389389913705185542056761725686511158961
528223976218048723731057582134436249302
485626991003437371807708641380276132384
275810560234097062562683348782274053613
93679906887220814662807048559541291693
419796227096669719513176992968982936805
445394446476358139834428834991456089876
337229452549811168845869777407805811458
379023945067712413126365972622753688781
417751232993313623906745820621272023561
258251367393836039151702805091322234635
293995120463747478983501243844516174340
509520354381426282264535226127375967565
400860205193748294096120317594772720271
554130883444451301580081753327232025093
415684741527336072344319661494351770239
585030300106318988276632986474078731985
265109850320161199958244221068668846096
470884765063568791829974744468768680532
152205824546557698703444481396281104850
526262489831009732183165024711590688618
238467746104482943086388991061597469848
234313039359260704703957512657850885004
188525783187538981058034870835979776034
67806046538381394585172257797190622659
79829636525387538140568104462913735283
434300545028077152032126069029682118415
624994921941651671637112202549870616702
130974703493050326767326115546818699379
352020759994311022374126666191649179686
340526129555332424774527846099197913791
545837130616174080273318995213645367553
570825322399442837807417182140675293169
96231789938892938127897815888298485025
450847887439180089260258636500154408863
403534377771787174704210431950448404972
521118679007309073735407378080280127281
326698751663504748242714981514268234817
195170871747990980266564297478394645688
97924642629977860886539816727171641937
264153196974579398290625699348201645134
348831360846986266172914334139193458667
320320695492507050114905555756688332211
353132280766364185680406554130265270719
433418902131686241373587555733799807419
498186230303649615267926535152626689809
201429815900849383752786693104307128164
147589481762164657526966069018057486741
319492298702274419537250952840866402533
302646350740546354603606519076826553758
473812362086045718676109477719041585840
289133195071080273200076571601601828124
602220581916999531503849533185507926618
366399937354467505109311393049580973379
366651635576552350183072239441077947840
303781144946820301076534215311337659678
322776922910502963135565393949506693535
366599534621358330153216065807981068094
381710269717469364484919691843316697509
325134562118337789262765067534632328012
391528132241621120418834429440364791148
413496477311075140223349052496976129740
617495678979049911699766680512297649183
595856404937588169957655225371923827662
537142824500760998964356951461976240131
622949126233422403239123351574662048304
233428153509816867606463567639780836654
464146655003584556487976973796660430860
377495220717646860453646063668677776805
254580812031898350419603062440398471723
53040008516132400903077785278219899115
114935169850057963837142014296284687696
305415609179178878822607539500102832254
160201180193981217384688429206713699834
199534530446556890153651384332682967554
73505153118193265989845323274308973429
415497728214362206126426504621432478608
439536181007761238504233494437992956016
249989393215977159988702970834468252909
358262354753023403647147464781006747872
187390162997757939834393825720617298089
239481842488891730845270308118787675523
534301743249949699252919693895791020193
333466784529262932655298365982094088966
475520759082894399231999775708033691973
320061106887230088980221165944415230305
152171275113649324851129035919604685852
418044531109565326373149879902623350021
142806281770224823197182950813179279466
425424729983345630969120552991248670647
61344625231907169433119717416539456507
596702073199511445780280385061320665066
299205703457860774711709689413351317993
537118019900866077927116467692540298448
442706326549713859902823007156343154816
271450724414490235788892702659623199746
301051157228630391952050698425548323803
284808081926393859514039463008349293014
550134834001210931870613577267003552203
96103898369730553452190527375377307975
342049795054899673569925687291496686660
579298219807342276195027813475766592565
308523738087778579943393950721502711809
198817348859792923783462820977843221597
426203904960592809317102483616825843609
420465500733179668670070263214592541850
275991915755549174234751963001861178873
365907704098787776678294997453163578804
393331310833873679562919898971346236187
394160499249708051171292507605085756447
293463822733195676090653918615652536890
309953392676758318429232828728830007191
351011070499541893898674455456758126587
448107145676988805232589531762195569532
350139443675229884562936322678511989371
99256727116447591649847680624419568636
423578824581469237273522887791764346754
473331109453572015497514932982611140255
445409065518277879008653385474169301844
271810927609215863725067286592602193767
332040000295822216241572548870593598079
491394726981883585553233577598336797121
314703789346786102015528350118364961612
439937813886383300443904479726944467057
124657315820050752467193949255935889828
371620007266880075563976114273257009354
131411208774473680561879102492594518615
398017989616927685425950615537443092229
89042740743804516712706179516797377402
141270350086506971328440929894542570453
523021991396622584349458914604006337576
298395091418391036605622619190650302744
571098822946937845242651992080807565850
166062435978694700546939793585423886759
475179233389597463888090605750604575767
580704429226176101962693721196594112486
384297349466244104688043230803798581570
194978723843242370234684804960151781151
505532588651536889365099650568168621548
197373467484664995675714203737192470359
316374579024966645153681666628863842977
322415755697984844426304473879110642843
417843248230007058988360223429535886406
344495611140360196767278424241491591412
342259887404184370630080858732588164587
491862117806804643096949895952005174536
492193415741153710225516686526192388631
187224368093026364812589246883866585149
89464063983142125369119436917945939210
356010748129551929267918630834524694471
364395342344804476628465798536170133456
185988501756910398184669820958024534700
450427923791848388557356261949178115511
440740847520857222932560204447009792145
