-152556934339134229273057692628323656058
-37936683676471298275352394490936526392
-21218802317613597104648170224217762349
166883814095988524135550359387312105857
287810622017322147337652069380465613628
141739928465792312441964708844143634885
-52542332689302178942489359142263141728
66961558543931258074873515442385898100
235040522248766593990723037356197800810
18324927185042104256457421295820734073
32959443673059838506710434962259119744
-246703644292295924167566235248172913822
-189822708731101876054328112665171784400
20121206132026085541897084217626883047
29516711260761222619230344232918646562
101558376071094340966786425845839421076
-47251613161271888288070570226963121710
-186645357255190780977128924114330207214
81540636397589106647287193453608340438
103631975922857949509192107322802289699
-24542004053050903616136887324589527689
-76188627941690538285914911038086916962
-43029006180199299781994850488519795127
151072010465540230810554514640997371719
-106691640248319473584472373256278509457
-101242787452409078066548125833233804130
-125386095698545078070799924876247074300
214045453364073672088605502524687123239
-91886151489731645698831092995544012990
-128102905017573182871925982933267752487
-161687275756079124811814980348044085610
27033624900397022589057944240857214977
194716708011774700489488149343373631679
286025612402591563067023029108351208509
241120393046795528691753639033489123161
236992221613901546416112800768971463020
-110506236216257111885566759561066449071
-53325520177590943038079881792007157375
128591125352324343119742885294638993961
99722221970374222408028579344832284982
10644752201155919707656362855677266706
91107457947361126880170118062194875292
-26387118059949255675960476326785513088
72946247422451668748741297180863423203
95845645523179450121806725193655984855
229858429548356630615680128362921931624
-29265207865820628420214435123977071554
-143205059623333263319341907774054195613
-63414359310161023944865298658021606385
-122118516843366405154724692321713040407
104721972918919201391328475220467946485
-237711085704299237401618933542438899787
-45231517854093791516353709163636204998
270855338944671784285501317457920788534
-102656097801370895262779349527292450641
20494094195693753794093301100162808698
-76697229997018511156325082389785025362
-23337888040012758319119945438844739212
138535069841244600256704988674549289247
-56259891062678883386462940446379631721
2257556163176941325175333052436356928
-18569996139478872930011112688758448930
-199236341581156489451602580035400595543
-55726714862430130711703061985404791441
5277543964273278487221792375405450926
67183477083059848508577402886398678366
46876206708584154560552510650165733036
-240382800295764962949132737535378004259
43598722050924317140002820078168738029
242500821537497285899112121900219509153
-131228412673792673841542851796051842875
-110947914389889695001307730952882045124
-238343454917863440832201436708422082960
-134658868115646159235410806572024773164
159401937676032366841350139374842036509
-75705479557589706275631319498637592798
-147085342148456481568247254465291828103
-184536149791571199989175411911872073845
-228050401471781937392209567588967048641
-99155321708617624808539953910412679336
-153401919118361356985917109710830837958
42550790738519535759669470308995735037
236061637534967163340155043882708683157
-202574448926398698110366103993153919207
22349001190408206858657452025001054710
-122240973851360283774203594079374775278
61226660635314708605559626473962216220
-32824283110835062205184159915313632016
221854709406438208863856550782811651195
70392536685195728262852554715597994818
-63470873103866423682050906319048717331
23555657071972053462413456967907862471
107376297183546589904502772780510385113
291916651395982653253808128923853494507
57038198264934629206931994174744827838
-159397650166152514843468465573620130470
64542784650406241444144672304543493896
223884725039753521523903157891545775762
132165103273820254704976578298863586372
-30244666342254527232152243629652307150
240437818186307724649131715719897452745
-23029774591327613555841152844441635768
-117796328142127639637180564995731905472
-47444173566115761538434420120548138007
28703252870421626953471061411924085788
141582314659164091999637360567487502894
-58631055826781795291231286637540092038
117113599668882201242391145266559967536
30397676198779144751476754544179194579
118754400852580824242431295702064922326
99157424790332934810161925185160516465
-187991116570609583284887301201692761572
-138033450617174824929608001425226472679
-93958791978986239031997943287908986177
-143266135256818620916058751673613447494
53333897450371011909495186406603001187
139106796727353280481626133709156448499
15276420978824973292298835484073502300
95292067678655760887269606641740840465
38362699983324561699769447386560549527
60028675859895932787076908521751638623
149527163408133307960329630839874380269
103293751334968094472631954341536809496
-20720164992853313074330287641350995256
66651428572923197059769441639888489448
168077389758011243053758751727856048787
-133128347109907407686605467369251272929
-292706957169805958989419196474531537700
145802621305158162770990081158243034767
35251053745995003713092127065438432034
-115172031951518022687270052226664946978
-106101177144999385882588382197736215097
21920865462171018715868165766943822313
-100304505758071441082179406403699815041
163618212395001813346736539913853134280
-161850836136421029022738342569880088944
-105362471072371077735541717056276992922
-294858075498675001283504528030396889511
26366468971192499939137473168005109514
114830313971107494166477724500632356116
147178085846428465881296884790358705971
6041360147820876771107395791622754051
-86449029299483456232337924498044574429
-36911079089929563627436798428909926921
57397726043495649125092584208941496880
-80147392319831775314162741150174397095
37482325834134076898567843408530277777
-146560920392704056797111952668464197810
164942460423162682297772094354511082903
13795682459442042904419225301767208660
142003748461736070791602651751040666384
104106278380853634056873333633659772307
-311139992129763377327033950876139458346
-5591236780176761336085995527086792618
67960531171238550666476390669396462283
-176929111455528605411360696155640067984
-187439905440046154902906228056465398229
-209161186899725329126858450107574098778
-37333562592866114537012394331083059290
-42585653527611233843334810741336369989
-35641081946003435912970239224288116475
142542275358154018514336590390261517113
-85361967757113410196663673394952208815
92741212040541449414847907611764091431
-23666684527950777385407528412068680000
-89196470257708569715336390514034142018
-144237115307478743511485633729252280198
159402145080081325921957365641840946167
87044527094913499234197355044270495889
105143152813209934874489895023438949302
-49255446928767143140557894865793592337
-69325365567984380994907009984686623550
86574468864230663569342430917432816819
-54494729410984332712916154047804121814
106554743136250331693541564420441051774
-29116590756520914943044507550543223432
-46863905576828625151507233778905094216
133313451774306406250669202354558322264
-174776869634540509595881203395926646977
-82709214253223659275961345158269460821
223984367857006200361226095895955417064
-18035629672346981817268177496093128955
73139045523571733772556592217895350579
219833084045940775889207651136634462374
-157119276864836455476323966112943207834
-49742557718231624567352744224338979902
153947079405026781436850315914531481641
49966746207511686442939312914830348373
-205699879616535705838212751192005410877
201479420248715469260446097130926788430
201857128644416861123515027397858322222
-77167911922686271283769697081248318391
32843049405073584222853102175679191661
49406878062157163232969053539234653212
-10299622349482137439692798886114626009
4889269765253473840467080213910784641
57428783428298724510876379459885989632
102449378880242887116264511063781817224
-6438048700384168901158035135199765976
251749064508207311634657212247298188564
21759112515812998603746640686244576132
75715961866060998797786894132024670946
-9652336649558538235188217857773991645
150473098669604436261787122802529800325
-102794330944409044991811151697981889624
-118301767760102668374275189686201316647
-69259971287909008559036659700486106978
12926769503269131916410555007778901662
-197629533899900795906216239769684144898
-179164954897269581851818279089037772081
29813188982572362710901388045715405688
97756968829182869413019941139068066072
-154314663739654136763175241175493636436
-69247263871069304832901558186860407507
-62664323559185033037489520587099273474
148106952451743772149437009948844931960
-212636525317667764616653828592394522686
9497940933201545452871587448044943787
245005942419568352398509349675828776684
-24178997117030677460957103544487025835
4205244256181351895473145642740880252
-99888247160955065216166462311000102755
161246118611720290282662728285254467821
-87806854679253034368775832986491067001
148498454172693115452156849286363221448
-59100716769215929226136577219158078580
-217400283277870139324385404205302568279
-190634954935214319772164657286647827732
252679970536385928840225165646340372276
104782493243705579148921877695937192714
-155319172719865668975489609326283897396
5743017560077486334226270974770626055
45097775431311382854165961914393756833
27254223083118083744251110959643813283
-57154503553820057200663179741614805657
-126021944488232120458578638694632051309
13222960866800366565986942043313939373
-196222478247714615530636331924001917196
295534190397680048160948262926348586985
-193244086973151789293610085295475557971
53674452583140743961653176913660524191
24574153919545818000916722629371837005
-136871020094158419234386342598219679943
-245939653055091157835491929819744889582
67902608173116554001797000837525148813
214415280360343928589447962696311611987
-209913356474592671558134021643418914544
-37591617829559251379800998443119370593
-67584888935807794194204910193417621613
42201177801815104163892322280685459564
-117206300262167394416691132078585860943
24928943097072114849281270097302180083
146268186327664729777490000567703097555
44803929162909465454272332983094041118
-220190722550925686558264617568192624196
