1242866278012934240598716399
70482259094037349858056612904
70159496904255634090738049941
68590567849910727085152347117
63354505341448398838192516663
24396383579367371887895652282
17079434462463628400254385165
19011254072658993420217220312
56522993268831628323897977470
61971724403780651542121337391
1204690126854817369747728378
14705524300054907091096867762
39150497347352720440924124831
58747144744538361576019990201
18864308642045933235150194555
71766761930888560585565184643
52378346340999653724547496697
61776629466406028338938859609
59462614393197067262831829313
73816633787130206672723172911
60968846067672201510511935229
21355185223167996917164026499
51848159171332795064232480818
6485236961403233237249040558
68069526694936796696209609935
69493970851917638674507395502
60027139338218853534289278381
8871315981241211256805035880
38139915334948109311777043679
36852343482303671180740779663
26185551946969533961374246351
23391199866796199270494199851
12814094089740856405842901870
70403730774200499036799917521
57075092693768564128375210347
16404528376622939907642205165
51081247758074668117719365139
7856706962544535942544630
37201745347770750730093203061
59961014505301323211610713789
23752442754878378231096629173
22403544310690326864975393246
39444720480726342457580752790
27685434274452461051910943851
68249142835912174054987101274
7481337521235734336003679565
462640701859044607946851755
23874388763101516545026355208
78589967345433975924495321727
9046238078422661463910835082
77239910677117925800811126104
27609371159769746270406781461
70203048412369822735834879442
3723294644690004994449576621
2862423624990149697634810374
8025782877653020567832978053
10083952998755213841413665119
69890191166104310886848216535
10816207648979789579529774568
10850677201643931071234126479
28610545573116837054431712499
72639863539497426360404801279
16299919054525976279163178075
73115270255704823443016217101
33061142168416744687204141743
17435440576496104390992843870
3670566766965073288528387803
53393724217314792725357818566
39326482766892244190268490753
76088126036022359369382405649
2498774146168571213440385774
36489987367386074417139831518
18316968278432964940667858302
71394172074892457118424497146
59577379676884952234666093393
58352445859742586245172888966
7557982493215886555542711213
71539367161606066540781673089
17315254414061030694884485707
32075416619071820452864945656
10327238951156547706182731218
28203400711437366124895378832
66496097984380623458319049833
49888180277118676579298783639
36330269894341511119790947198
73021442902384705312346799858
67294647186841110454728501057
17215250212495883446475412123
1186458406742165610813218128
33264200529754353450825462666
12277972327997268326053117337
62315604022094820527633532529
70561912935281359706610449461
49822032563937042137079639798
66822515051896005313820955176
18523995527706435677486518470
34349047000870562736878735365
2904840465521274294206897027
64083259473820107912589862763
71168791999059231274034060865
58712209335900261837660151709
24491145491925718144845901367
33902658370766836387313169294
36696480683522107385432028359
20095371626234469736935806442
37447088345265436158310348206
19012392701776189583129853873
50870174493539397472374855149
14101964871558730317908113946
78410241506656635698681715385
71496873163989862513983902710
2887665329369752412593750253
39267772030113059187113063987
1834850936141303464977068181
58342269618276528255434031809
63209344581542974318224617906
69341969256410524518810095209
62839406276672103022963824121
77842787108145760987006295499
68110640301192469881861714298
56778680497980641047713714655
21505501671147929365492099720
489317226965444296861243051
51564224307406688036633215057
26408447198005386485453337482
3907394227069156756142864072
17943289073152097185005661169
7442678536214423790021735771
33311648704684057954219658463
51911058066132171359810552008
58159499372371514647516918485
68309055037199342264478036097
37664998879462411267391482707
11088633251291016945559896936
12103837913251662234724692867
17077901881026891807439958234
71459261342423111911034809539
21951797594892765998249882586
68521688958634597256869134262
75667681461616472609904159443
69835381775976842122217189191
2170401619705166202403613259
71411068248167045115931977355
59707051199050047915837655681
27800603046433181808478380727
26570682497995502642945784375
14755269039380263073274853266
76402575629488588992250413119
22184711367032449220132496272
38631961251788172209317667971
18470877012687017934571961005
28438993968383761212729893189
51141836052036499076116547275
70991120422274271572322921449
72134198382144610231206110585
66141517661461670761501053459
24640019908287637250877110006
2972340771853778740547412406
28787008918634336016709128695
32786718676326153820148093145
4754415586787738014413981597
61028515613540452778320696827
58246277858692015114969736941
12560945945768910317234719390
69844278351930517657286341230
19077195367529307715073912287
13923092022573520356874293057
37332677552007849410099129373
3674450764165222177588556096
4790328290135086748974120517
61265375618284839526503867581
73360318629751437720881467765
3969880469930033891015039959
18744819485295459609325855344
51044292394492737548110825322
9446009102612672042171336088
53643176583134024965063273859
51202965766095643624487683408
11511504006608092016644182395
53340768378355935440865289055
76640361669417004287692192774
33438359682849943211863123373
13661896409299100579733934679
23441769440265545453557078585
55830608022825845167197109721
23657205938789175094878216041
37305157380849753307296332952
4754303869641852493700367897
52998059613964481073218708152
6240607091567248924474312219
57847107408534268289646247109
57254268527098297714608534167
20270939175689064534844921838
39367392707351355395245719211
10357375970967623635055358510
75734295858161869695102820535
73018789524373469389339697370
67167710063195595915603324349
19706667164627950307733674911
59714414673557469239072651007
79058451826317739800146291200
9774164578096007132667007374
59537430445247514970340761138
51563814453467866143589236305
32362142201424234551219751494
14712907762855659043232539283
17080324548339333804931882066
53058054661148436058686891957
54145495550985276810477682169
70227231065083936610843134589
2174845432639731839978430525
33908230011301990746189586262
19833466392380283819353953914
54221316693418893050984533378
77686475075911249773986127786
68287585338443475776261674411
9609533529285381904671505752
7156949520590875472679315161
30063882494679807134502666233
57373170689520591538370770776
7566434645775607122930547805
56019883747464318157327724659
49863179730283461752075770863
57919020391378844354068289064
22239929152327869824726146370
33794880141763582496709598861
24630700757658652132276296641
78360096811196517787375409094
70730996243302371248223137310
69389726373701123500103554008
10781199231064166213038966746
13753345116421650684416201911
23740239407643625790483268091
4061645068972256694519488467
73883884362250609855915907925
32292541821096907166238112685
60934476451319482296833906512
2123101730209078236299038813
14772852254728963000474310195
22306613615509164674539651281
17605054645713447977157667752
6965497638717103486841591767
59735518994229784857664915151
60567609325958085896132324567
36002721945674199292449353066
63306850220954023893354739624
62497259552453594519745338510
78941469321926705175304203283
28168373670108756127726808206
39483154064515664453324532909
71763431056441674854113826667
24671663341737684922761438702
4006006733806098066193266168
1402094021335763010144658165
57081612968696231966862271192
