67375249314736855900380314856
77723424800471245190623699954
60207176112275309851706152182
51233385545493171813477752304
26291709105560453749716773761
63963669041331688730395866578
32568770142841127729188659397
14559506681826831306575146158
54271613435670238787761153119
69209571607505200062125505483
19164618044425670046864161354
73912151169777606733453798227
70542668160413068538650112945
37716689480217653680151981114
7440459848629490120224977783
6783938380045926571696002767
76078637330621877723466494189
33461782048044248851795350101
62168777168267003928103318038
7948471311813520975941928493
6382647972196339073438261912
16580771996368648570143759727
51332812389185398255495639785
9247815999178026511618868155
79022657900597965257712660441
33529937643842513575440996253
12170857898287987184839430771
28612323255472347218956298139
14541204614674991953685079454
1378290634317342416379599577
1145876591879094366286296134
79044299045560381494205853065
8775189414612412119424918993
76829066419653127746724106938
59609689449623981012355186760
67786325265735555595156104792
33762210351853326164076093438
73855106341146633981733240345
13196375245256810075892211870
7894214994819141397384717389
67425048934704452347672965592
17660505039855326816085245910
56887888093230837732411305630
32469933693051763918600992685
12284618015314153865762738794
20425436854627814331358720861
67415055354846384750875161591
1614933208841118220193437565
21343028531910870492722420341
31331385264224618417248571313
63102653911650488713972550808
9192191541630898877518879464
16274016435269685552668222611
51666697387514994773493085022
70170516892249319400006005501
71767846511543035842447892614
32380085874441343167706600440
49524797748799008483678414771
20286820033254427695780124669
23509165124180343662746999441
67377058087894148205772920795
33963462597992852164011977410
1200238115327513733900575838
29988600476610639557083700253
73825205772840799684313945113
71139649177941033385547067087
52822532166528912238100591594
3448809264729674699238653945
56785962540007123128546453353
57453990816706002101798250005
8608094531536825012131952606
20758307834173193113876250096
53328378238020891086015898547
32179710890342705226999752079
76603970791200173604267614831
64009873825069168010564169080
27735399571461228302373751703
7803205449580547917208630493
49860599576313102662195953374
4044677218939458215253883737
12842179481561850528637687744
22166235099100242948077318302
51910028966750714155210879374
30960683923531985293514616984
7837175178647928686492528237
20116823102867930725564768269
34207419825265987135906088543
69383528847569309737146740296
75836360539739480462829891230
13323522963393995412390972331
4154831209362494784068419920
4529513755258990611348948562
19147318020266654494384163771
31073514584356770886349483094
61782993857184022239320554586
58625416321606534514898493942
67008140665804684989778726134
74119991740661144118477746511
61701533422843334431978300344
36478651764988276363614278534
31982695357947426640478702616
14412724981908236626058245162
36677533957844448702583498641
58699951811884248494872470350
14433315395522219628574495743
50744344926178086673667861002
12909590503110408675597858558
6206767984531801751235899817
73304923747869343962139957185
63032873956162739409037138933
28703287114690291029599759811
52609257746905307438290409290
16466303080201822842481450233
58598271825486351928142020127
30245847832486632335752502265
27512142307938861803705580734
1764135266138598331318664247
67231808786658883629943824094
4535275830078071954731488112
66810952417908638968508678609
67375161457337260512841247416
66688402288972641444245635208
60973775123615143709276233395
17935815782913521791577280965
69919816085973708849299088834
49665836558149684058891014610
70324981019738180175756023451
10953576932583557431948000213
57210738094345938841293401774
38733217778187762466627476427
49545356672878081902060321846
4191946148730757567220643199
70219529577058509268177441853
4127562501264413402866625706
52324341194881727923584505070
53517115398010775266108147454
51069549086435895495990508102
1825566755938493744747425714
52361711678062168057429163141
9888939217967072327474455240
14599862484886539227918739011
23811125741038645100804411792
62103662215885410783072085210
69931635624287655340758301199
60312504712349473181295381002
77864096248715070226590183533
10490227632730631495361721821
11184929958460251853436320982
20072144504069960351155945011
74003712661858464656822939011
31275106770196148593566518122
38421898092317826201354008001
53732748119435347078634120350
30308742736748015287131494263
36350301862854396600647269974
23060769939406369414870285456
37392071274842743895360575130
27752162959869592616406101137
70736253156991363246415487817
8224090392782125435755950274
56889401079859645213772162033
23810209423997081347410039749
32645229678712018461047590359
66794276810797232765862876163
3866457907975770225188978667
55606079451871428791773829
61806924035286923515817603022
69197496452989929132297747504
1689180443758201294347810681
31478092231338319381457924857
875612727562017602620702041
7003693950776430907932621318
63510904797267098073289057109
63394519347606527584447235586
9783320683200655116862067547
20840470892900516452406227881
22577685594928602370204783094
170986730568763887505157171
72772575430906763501790944475
61484190567827418272197486449
76913879001574189004038187960
17640580580118592372384010318
69866089399619893518913737677
63041003527113347327200048377
32071116984909493061584531144
18613221118920374273190173822
52964999768052066652394870175
7924357613296781312480964789
8876607353225395479137527159
62277621381613758834310129117
29306077919497827499893452493
62209290877895709706863426192
52931300419663119897676717693
57741427485681067244571048854
74155104414758162338698549165
17675592278060596204391475018
14492497684869100431246923320
57242681524761029274026904200
77086650055100284653305543818
17799937376831546390493912237
11040275859916791490763304008
17190760017918103886446176182
49931959854959821251051747267
9621615750059906465501050250
24442420639010744764871536570
27040450199128808430518855358
7377419025308709196530167179
26286686480906096968708973528
61433926407185341762319114480
31372549376403502840858025000
62050125308782109712270665407
1450048804138938581234333179
59154455739448927349176630685
58227675768157620425285711056
59627433049849324909589902545
3397880757330176028927099293
4830876576043866664921588878
51701643339416614718646762155
19872143003900988266858013141
77124630189406373252921032408
28322002895791613738279503739
29698513295314692144470889401
57126888887094926582619690705
13621598367140865884791805175
4832640240579146462749353905
57263811082508286024959487391
36931412341941753750655803081
36018967831929273184764297537
53234711565966105833900571279
34309325992421568117593047029
78132988452227953653011211258
37120983070538715697884247107
11413779307852012587319231550
13716619506670826314909940806
49847309507436730106331787200
38630437714480576776613112360
78455315944070924425815106890
70686116392513771917584153149
35958782971366125976429048021
68588751727853706287576571392
31226702507073174638274544048
58991758633338786509916861934
981587738592237294379544009
66972767614368213241440311231
53759135400631773534161899253
775896528316339414161405306
33187495307519610095835242179
71506707191978914511872034680
6318454627513117421264735759
22287181453643861378419906445
10092389788299878826615603760
69165017021358069225561470279
58393131165273178926492689138
11045342336485936680455580906
14200919706903958894052851704
