51638897600884891337267161745
28364343950820567747137308309
31088201527075500859373171219
28998915350030491583524500880
37198727681844284175343873731
30313578430312736862191165954
31796389398834178537493295157
61504929105300737093941390234
60497867891232214509880808603
4779522054521561715312600526
69329218975602094098207857233
27762654420204623381580339186
17914204219123289548915174789
29842691479565562555447039303
2169849010724998496762159505
29602663922948398928503978696
68979503314279425236429040730
30068023631205298438389461978
24083811645021805397950935160
72001496144045442703916815279
1573529096362412524920033933
56000503282878036793272822448
16224480745359059051493015198
51282145879048382765256488426
66706823652997292140329132355
34481676588641216059487318592
31872263827598255591086531954
55826378393765317574551612117
59440092981272334316509397377
31905864839650892937755720273
23595310008356341400698019795
58667138917701793514287194290
60096234786671757128175568
28156908836607992034650356334
39225727006698128389546306967
11473730889047432293455997776
24088748036772705733298556765
23629926899635420447906303368
61273824926379764798489581519
18712619347994166322247671167
53833485188280343864327405553
66184394463403490420335778689
77869751750561605440593687792
72028014890155518260619350147
53025532470064172681008611695
69599813554877580641781952872
11259046936178380450259831446
72390077314853051493991162439
69372695942972290170657145405
69681114251582579151916881072
79020204167251219415637258478
71616491261359896797844270248
1281240115824906154631359627
36001101435014372163321314323
26421998962779420678770301533
76630868767063904505096929649
10345350222833207324025914413
31252768162030556931715969238
6383771631666149047967165279
11203773538075554917820338651
55881802574258695268574260803
58512049126981759617021012889
12092688236697595483098725864
78322564728901158486432939730
6632283431152421099001025880
69514121110596298331796586141
11413305214482562456604351864
12556157045894603374606023506
73318768708494319445884134297
52105598409827978790739807320
68931094321159570547439320158
59910549812792023021342002777
56673750132401176085580856239
33620312818408302111343783615
50583303235289457997823729873
18615758186717116377011547048
32754637474196002792501249736
70634942425933365523426909086
66902749228409549085425851088
63612061793755856974789782686
75831916651981174024454507506
69801831002729724529599807098
55880586033866568967800492905
71143685481021254609878287297
21837480553747331552864677848
60536077622780081387066897438
839447552731350995185278992
18299935165491230719398686073
11465374093190750273718390003
2213512293481934654759417513
16475059188249878074808097710
69677161484893240700837325470
16925262520805568260896107904
32697766628538389634665447935
32014839163598652212080252845
65806469345048851435026395757
30286649195312718590737968119
52922747890058650870917892736
1612381216683742977080273603
36050391878863925141941206353
12649860830486274491871470298
17520650947332004101778576712
61040495999304362076445701322
2635536164025007229478330749
3590728936689590498340987882
68429424349845230444548846935
22789156018217611530661630543
68611908837558242220081900433
22040789530859934629622148113
73380957208917034790279490922
67338039281548386992955842778
70382370390280806559648222409
1275858140594508762288190648
72127649290027301223967497066
410767212374907563577618679
17308016259746047215650826933
60503903984665565234269248176
57751132550413779048151180733
59303292494251404421901410907
63337490388690461255335973744
75697472892952275446694334800
338003427392273826912245062
11005959756203254977931983766
26888159942074476214836725200
62852983798771501187365088753
75785060426724833585689757247
62087914732458792482910445107
22142939749696833912679135746
36886980775742771820911664313
6381338692257265590664004952
27770772409234028826905465023
10078521560334537927371788238
23425947843269560904339873001
69550303652859626030661024425
31369165803323178826844601899
20073354443368764071486331591
33064478672849326076592075482
2375266073957413180149823384
72310808863387462860104753536
66904152741149373404739606352
60951900543615494435366868926
71454746854616328723920559739
79082522247593502241695726478
16156012862616670853732250217
58488723904032431580180587355
33656332740085500467896745430
79096207762757023544427396760
50878371374320679471913429752
11746561209814162646160904279
515054740534361938336583417
61581976441581343308150662489
10987359076043411253601199345
77132463471447181631805011848
13965326784823398499650381335
77591573845906087447408201971
55759892376872861178882543819
49975114946207475376626873536
9633352481318165379400118265
62692121400114954406823693278
38839005221042381337742797909
3827110229187266343342173266
26503624366465093615396641881
21915928864703435166704964742
79218113310314188036969050645
70274214685341643966248674824
20015953668011885531005642297
74270933990254253359064129862
62688783942178690504171529561
67117484947689457846231263928
76480882259919870683708384415
70579626440193353317258557061
69380027239795928309995234759
69463407425684113043812332126
57990665417640334716786981521
27417166111459379824698240331
18733152342859511752623386114
23308783333704292643379639737
31489453023692388945489291259
61433459884320140226661942875
4861521740237940401903250051
33369370428560095528226431487
31788482612109804715649496406
2597956364444927276334169302
58704822783494547223505210765
323278878452780068092024407
29546117357968922225969216253
27611024829364848661190054769
17330396800891216907004990592
11610626753058338185733984490
9882468805564994481192119125
59247356443474041773961872117
52412265847912897007305630409
23364235380207240353243190406
4282552043247191840789156173
10988479385770207719993989819
69216243890532862578748224653
58766539112213708220140949114
17538233542774256498959536989
51013648667487026211998655362
2436547877530752348531645312
61024576117909028404510600150
8380203324207179796309191787
13962386921847094236565677639
21207521986256342077866345661
75531922456450098386679910529
59003705602158778609196668048
32673341655140887503996894416
39310254323607569179755866825
63578961400274060338236252119
6752724942599857916008394230
52531434339117931156741677913
62964986322332771478411926381
51657657271564434692977722990
70589385450590580539156552582
49927181704237815880516930738
32262041393823472907623808048
12755130324324525239878775111
26342531012234285666612647875
30930093467868004628572335583
21031631605943922301117706449
4010674602669002449402027413
19021953756127019475849274965
56735597081184489016856088703
49575413611253556205351021655
7783889763912250151951403631
27410990417775357064951728671
76562187603680659555165382214
29279277708163183197017783701
71790218229127886557427566322
50791312316760632846523409982
69314929491891506428216582320
21552806060590558887358788109
33582490472248357101254833810
36990348778454524035663499286
27211199571318828817736069552
53399375789043511650431521371
1347423558190050353709711353
77057868238754353193150555633
51800902963074762179552941382
6775780837886135561151911133
63623477686913171878623302697
38277572886634610665809710807
50673894987388274057402158215
53555809745052073005271287730
19468019446272768510908924573
52066512842707039549438985158
10835233710204162045174441867
9736373868944756756613639531
68898451994894722216027840112
66058775691403962821567315950
8643754003261886925731615043
35924027134272806663463877550
66131104739377274899658104939
66876266877575363196126984791
71717474143627308160406793384
