78045944723610290603103195526
39298897405472375612542150622
20317895472735022422964432977
51333859870623675396832728694
30835055784229607277480736617
57254070663684789794227837681
68683434431059370408260866169
18357466786609032401136694394
9806763155286943237954607617
63643887067725975911833399262
930362552187403988332127177
12747721740096644911452366729
13905996812554937364148691843
67874312208395317739050145195
62184251054509052939704220503
3708820493355538461729527017
56121096194537982928885661547
21305251416873284397342069438
2358920561555740506009641104
77341468916341994221067525743
69385763886138109896186688839
2856308546894505851729964155
20383330340026797165444571099
49679275531964597500081060475
78402455601743233241937816387
37592077244163277294047917519
14142892994351357934378670681
56159748094960959585589133289
7229971934204677391810419832
70156641328792633928338397059
59150019631600745895637504874
53267051888347380737075875056
68604354075788536054282212440
73885897305635696344389949002
76541703950419998162104374239
38013723675718350944669652680
50799162332315938913884573743
31832026950476817634869637783
328217032745985365004523186
4714344143925411178333918023
60719828771919522350754206864
10815686271712778788223269835
54357837397234764307266305518
6417853439008182549601890373
7503626867203968566119145298
8343492250194501065494866434
57201121693884063282928660995
76314010403109304818003694975
13194186667763116093372127747
68396314654163339833518031469
36680331896478934952298074823
11503760995881857522165576110
8237236744636367271202724424
33074613701056774428029296151
52491750000481766467425443194
58656893840130080547486114808
31081545639781031099651073586
11295788132602184751444056635
37654921300724991385236362843
21057351889093116607406798191
37502081625308410232410396402
58166955001894028397915935931
58022989706784511192386002673
29320502342992253442977357513
62997140184592638589486933099
11746764814469154067853020787
33909075855003498727813502523
69518138799592671278273424383
71510435999928355321341923402
17946897742442746092496795584
57313789504049934151364927962
53663540885067711841047077848
59794289277106372872592407194
8222746647521543497028457425
38269726958547434776857160907
13523097144353008961125790745
73084147757494224665890893365
69616336571175257025844580498
22573604650949777729685854091
9091079229041628896850187643
22734733785599654076183241631
60663321087543248141455797571
7313482335248946515509230328
21303619936803803069841976683
57208909802918041419319845437
71991243301789875667195679278
9118413258590422421178154122
73985557585194138310938399806
28062729480736789410361360006
12106859599113650459278828673
26950097288800632546898978377
56118908350798686566001700746
27375161525349111222556697583
21547081081787911326334227377
60513152273672248324459016194
2306471461704688951550086711
27126410037096191747489242622
13273923734702453389920582903
4312167511717274659904199494
59536400218735299059955507334
78928302105912401278594182250
33020577248083013115177928112
67893200760547838923314670555
59883327094154340254840521304
31556557271980911054406561839
38202874858757982426378841711
18940693515980324007701944991
50320246337617757911272187782
50084976429390358866145893043
75773249672643863359396683481
58993053579619869325784750609
29901198149905401950906257024
77723395808944607686985942913
51372633750325903614218704194
53767349097497994999167440589
39483509429580930939132767899
55924293499686780830208573267
20029402625715986636975868446
21102353228493043036499444227
74169950431351286297008285550
73154491721157615014305413059
57290451713404209996330927050
62475686944017203304166915805
16390213634933826783496594270
56943782808522843755651592217
28804083205449191852333650639
59564409230073313900119199066
28105303321914673965759180117
23787944294446698622535313145
33907078932239567097385936119
58297361193740993627565915189
70250603176483616470794564819
9515978146449808105354084279
16151333863640861050875624682
19377480762880207695734320598
33929339232789826098043646449
58347339142056962228861270529
53098096245187401154899932568
33923354353536910730408247255
28260396355309756781950686928
26106187550560559445990957167
58982826018371351260752685975
54274664940661025460109357086
37211283486906421860513900168
7146333272933523747877183438
23332792447169312894931189503
59955657229675481153641836877
58216189417439067318684800075
32227796393968339062879154507
32291935362745197613106535599
65673206382465143689502975186
27759623994927277333787178393
52046291898606521634376674904
21657704268258206347977486717
27704721547010161104679203824
38513390739942224167247033009
62074193566559252642436403413
70739275445236211637483689659
70588662346837485985040790720
56755394056954469031434752347
18987435573506021933983783899
67291074193688889861690924411
73234076970612660467024036486
67429985956757193853666854458
31437276719915601936622385805
30312195334979377559125746027
57857571229295754995152130171
69447722243167996387643925239
8651465622341836044164848786
63348623452979478078595212845
51626390108042468572322348201
9617444245554455702618483715
50333371136389152910457113561
54169339557024498311419570032
60395824204675154974052539069
62509714789977148417399135775
34301881182805953621990503506
61852680956751148596152865654
63508235544334143667089435806
30064416034702131700895178095
56200240103608797063156101106
51193508416286084477956603030
69307497113176155039192568131
78434309854461375962232482463
59522860648804668416493703237
36942609634389033423350760987
33238705460010902735281294173
10101301075730322355561358328
67219692062035067036954268225
69322480465659996501324013302
62743957043023117531017970282
54466837524865315697336518165
20800561577981609346224597659
33753875354463359694800625080
21065277335157146701619557407
7391602301021183505349340291
62328050080082423049017331385
51284569706053389541228426896
67213300379011969086140823218
9862792257371146075773349955
20245315487276057862808001091
56270151175993168223289218205
9144611116206526669294739795
54259338609336764827100009336
53033233680988120301193786488
31112763280920015632559205416
36698993191618721802976246745
69358119569414011132141110362
76784402618176497981155445903
23827724902172107442034306511
12748929736758208269575974323
17694645249770732234038171115
23817443519893459708542816846
26804832338195783542017166320
24420263661576952901262964563
8960068849492775361319264257
56557524395319180045801073794
52108778772414273004505147007
14566871898207592803064869319
58615777600485055850858374261
67367106266093707840052001293
28034434073684805478652912493
9273509578761592204773763909
58051787368729061243425109835
17750278712334861922785064647
59091797229017054463792558079
27044682296598147823708186111
53487483617534927326412123075
68927547527813709696587923141
28324867695935070938410066800
59010759549222665676032637521
26221624929688553494840350634
32053495395544099443951523222
11295839356602417199331961710
2703450189671655437241198248
67821474755831335450389223025
53287754086517896108956651586
68966526711006078769392264680
32055569711184087566588079802
32617466868507986711438200301
8256693954804607528066214607
38980691190502382907912021738
20944233318425220310297383049
29700303421089226110723260541
56788411033669582554741398441
79224371903349236122830875342
33294235592211913950788226632
33952112091759080553375108616
18834789946139089929601410883
39292872187147286255839551638
4290907135544409496857191409
61763376700735695423484369813
11260586319337366421860015821
13915067024679154319753582152
76875294707371708455197114494
