-135347594914394467167522466835549024457
7979114602480946563827518287509490308
7857522097850795976055971291706670631
92617989194536023940652904824435481510
-117441587501694176837898255494831201490
-31025088050718336075705619407392314522
-3915024776858106296721324189946774233
-10436788561888645888739608220112420728
110863371445663375283857892573575637600
-255408765889072291249336555032778696440
-61885987333337926876002600253838842133
-79540231897108515631369274424990314466
-3122218180447543902432708665569513271
20645894936995760605823390616737727129
-44695933730753348549311605925909157133
-62169493999672618891410501432559056923
-47238643672239606576531446587400168680
36030318407274294625105127256652915002
-21805539206912405232378480439813048608
-3835571778691004123634750397677461116
-132053628181099715128071348778780284744
-60019644904651066540164954614268115878
10873943734747533491981229822680972499
96750522299097417802568078290682028050
70110562824710367509427610742448606202
15868785805417882715838931681365264315
86101171632535215239362518633228510018
14020944259811999713173362977615499705
-47058812755387785210006398994262256507
90666790260300575509371235256645254140
2538342083824965842019767325240478623
-30164937046621088834446820245369665213
45315664799525971620421669966287155687
255889116102597518908681644816607735530
33268697531332891191486163090098040871
-88260057312538968248510202335322499074
-51607780952956936372355874590893258795
-4631520741140785900242029699424602565
80935794115772760073316664607791741579
17651279527698796397516390133011122500
9202566391980456752656647726592531687
5573804209755009945608911254424124751
206948952846240547956368191654034311988
-36270714823486978804463745766829796560
117176260499094114661441538224797308365
-173377645378212802063336709054633476703
-5256355594893125694815088062062229838
49827365642194763105046827005269906837
-39238904766906716839402363394196829701
114879484971972961799079172327828269177
11903693397396931785343956796024104117
-30146192513112725417529718205934015786
-83180949334403614552142502483014244978
2680400840293554277916918015324943609
-245015521441417033581348283144864469270
36027147921261441513634332815417546040
6050693505666308783088575842349651226
192851764525231425773084647804186510500
-18290334125124179004956201333667570252
-7070016602637953829369759027225756345
-4206011451244145198747817628928352645
-56190729184767216751046301802684248174
-72890763343985073317514907535543637572
-15043704498264159527096956172290778095
-1164564005754360993890299608111185031
-82954731106302221918806123386745847254
144004307724896846854620864966106251555
-39329937013552057431013381214963217455
29261091787820432485039193089437192462
27093769670250507089485585930238968463
-5625287894155766214869816959962451830
11205650034265000250485850543459021052
-1880620083987070327231130030536248165
60598715230798612743680604130861161015
40187908514201227400847863407176165424
144547931446166972009739255370430868456
-3032998467612137907084460187852666326
-53645978132991697830700908066098932616
-2213320957043705423758146507475746800
16208092488327477587687374844144085622
-30024744616922671962773609925578966592
51258546467534108620029488401545210152
-51779951556362196833672587890035021905
17647275054260342660112601791089461593
124025174471922359610077796892645862560
-25287762128449721363970581958829099218
-68303095668083544733856715434369614026
51908169144602679235899901672219404322
97288001066703368974249619813239019776
43657120305407224318394843694231397740
236740589187878345981984994457027919900
173491703671687867922988861758531800490
37688274496996357271536140110153426950
28084550041395594134994909928417661092
-91724123882015635747235778267263546150
-69158253591973537824102250819777189352
12517460865091943849690879572716491286
-2719449978987512886245127741696198588
12748610125369188161644535535015219414
-107272702003851649598299941667748422233
77435613387791111130141577145987354142
-33023035479764093896607835827902378440
11714897934835554425933917839605891616
-147455335467707641637907715434592161120
1694558139924397724549824591932484898
-4497645537383819908906286540773173044
-1807876689566188583040754144379822924
-127891929911518180954198351422144925665
169832729071642764730873758057088637899
-1945667708036909505333162374888680975
-4832721150047852668758348257172289191
25395023666417451031778841853941040098
23484037428179364460587585121132520800
-39020914755099522652273062156051671228
42771212958892188802268274617011218298
5955026058729997174215770483156809158
117428564097873177568751339573232023058
-73975289580383441400410448268429009993
-33197050913269655263418662314174717258
-62017171666721823031926645820242448125
4604593623513445544248611068941198788
47301908568749944760864029736440569818
4731640567155670986967256027200374242
-77231046514469803493416024202225611650
2370588846815371532683784793599409516
-115927732024204198422321334721076685160
-92830400388688976430665497010665052562
48863183680958721822470576294012582010
-132253679268262286417294592721948747675
-8083091179883062668846173436079734906
-3880455919735400849209909775844806672
-55870352896734610631823067991835599620
67009415460010450149601568855416946156
47136488061203507667216426257889233629
-152203095241605229752843622695779794650
3482750298340203614059151871880405895
15628882112636773256575843083465649251
-1974523225323726919850286260254699098
194515286443814239215050623217157081048
-74745846890778364819063610807354888328
-77800276590834669632001198027714079562
-1446874533205634899957904713058354286
5154055312858120567978034937585208628
-110108383117633833518014081125168618468
-74472449210885527519059007229422599319
-16499314343168336157241592794492192929
2690482570422659436808464503912569262
26593981667257619570846720872724812194
-5804430446662739209585990680157101530
21990647979722684159152536564683300500
-41780135730700501695869563680356072926
-43332523746094594367529578701762154517
22130892051743071118634828925164860840
-58461036693123897817859728616124554313
159841350744986993038698278569171950930
20116088588222039594224289394151530216
-33592383891251738572564609533044396160
-243939724919252210130821992989558364342
-989685691230487044140965082825052670
-72553002853377617972557315166333898945
-218639815123535260993581840923937715108
21957953917593335300764246594538914232
-382214066472252161697771503341847900
-11392657932635536875396765407741990706
42804699848220568342953548216198331119
-61135813593163780853365325454472113140
124295175851999974361496216708344229498
-9023447357625702487035018380562297801
-58009842687064839592837475206015507890
129624813712166419911465149983645313454
-7073924453239923862296762408093525350
186304971568929433103985359958473156642
21356679196038040566261497751935795460
-106417586055045165642546969172654255317
37188543500558724664067812714435515696
157664811938454170601207613535030281123
64132404997930383335372783900796905748
167209648482399034890368206303647104338
-105139947515878220366674262103025063089
13374478670306714189164918763921951475
-209379562114877629465650989814715744080
-10098546684029075651971846891864489473
-15052545773398648791976598260409275006
100924104103083444179671131131731049436
-49182217875116809800932256277413656945
-23134742713213120094695742133529091466
30651875963200026971660594104288902750
208370402310617670984025374879794516525
-40598450929217101310125377890271908170
1192061374426040050663412381380681233
4333839405462102178809438042234496275
-28359216960409201929145057937507912094
-2893770961834218498417270639096552451
-74606465101399849136733031300460477600
-1125434114537276647174407061188441646
104563156305143732776191709306718191999
156539608325712072482672511292993166947
104331010900007393718249452333809549556
11433396349003460010972791048865030125
155032466277974916675191072875491152106
-37294249497787949647697659661989025340
185318388939383243921360164837607603047
-59522173417759159560689849107268835831
8143725354603142947948920080292541858
102522049531851145934596060859074147073
12133141791915660554883765771696054195
159683274629451266327239307780406322610
75913618961013982122874402569241135823
-64997085377095058985910494219260964864
-99090824397068150269095377940608887240
132084790432631045974011126629461213648
9403545492368613665910938579992357070
38395366395119452564380462497129507475
258028270470897381772329444101772892647
-82492884044126093772329784295508141202
-79061573738554218513660711594581808276
-98683787188455284964143797614031988005
-22198560065031586860687181486289183388
-33244827334654016916544189563827175996
-10639788695577663350000053034007409338
-89323456751019214243006947070439456628
-45099544393342332611902803565413980730
220941936109686172069870876398400122184
80510827037931986242479924191420365180
145809688042697839225611537463703649890
31654067418535987911657846057462015084
-161734520273789465217054991640337259509
59036758012132743563624584294267273200
27883863084087083127068843939666424000
-131904666988238568933719289022133331623
10519442172812342702390287311778850038
139447105875010967752487751326270604340
-106007868784760840459315598129405140549
15156293009591862700814870721648230391
8527253303296608322567649843893938567
196895920006180789541780937132818200140
10833916198416501670660762548618741738
-229189337753604331799370498364846412490
151178264149783686190265833737315594282
35487134851399215098950039086192943392
192283923979125835163004740237809744218
119000582695291710858333389874338742574
-96115619974406560048216263674120385520
-1233257427094823915206953101101403850
101374038689786696885131741060343249811
-225892967225384567318221825712472061890
50326874210339298568532674167476597943
-43766343847657840354122239329306685361
192277318429627810697056162570050198453
53857193230572367406698161943683561020
99434706609480667438340211075490182254
-71756524461109313874589876617079875678
28222672339965286111978020821820028056
13662665983994432928143455160361225950
-3580141481500480989104434883506595523
