4980991012703943452758274747990719833502029434405123290071
33715607976703319712362714879747880070676088279659969544
33900909667301473693813653972043479984410745765005124599
801493210864941331975251488576194033566896344316665105558
6106950869223519000026659717316347116944817504585060512710
763177504884734213296590804471348480382360557643924238998
87378436518164768397115892770855211425948697883595477143
73903292902993000579188730802483865851439072923877383280
906237928204260620229569691149681489307132276388329939584
44725757401853605672469418662850592277659752852490449260656
5592627431141911580286631541429640028734201979870045106687
5505101511399246219847199956209427609956659207214855357370
90378320765136741519062719588764594178495253701243706897
99271037327042007651712679143034631053267762689802828977
598200091368937155768661221516956398624581837115369714127
5592291650230123592796379155773705267793713401617889431177
674857103190692771509094660845648454382730625704696476592
292778197663454088877788960313358746789693355627745120830
687773353466112387382346712086989898585446780617289989760
87421520366621586737978686216333588502441565240055829512
4992831316444324410134849876267335581722438467872769383984
5614938687177291154493780804182163841567774331127963091646
172000971574759095538667018289289639622147759982279630415
959193584189944897820889116165351300927296394744859983950
1486332070299941659195278533358562745979220005228158353458
184067170826492322261584182429906081300575518581923581503
787519475959884013540270518522676104050843353581585232398
195821256214692209723251135409453556054691039872924577745
5777191627201973052633394434783941683019352448386545779721
797260939135171902757716133541722660606443986277370134584
21640922983811361795151575502595355692750857003671745671
761868170583576508118220983325461019587534900632087892495
1394601160184639602804267587249155688831987538122615041687
11772252994327071213829141420123352829274280055315451638258
271260368794443563433654671990263138093281332927624119191
5582565062348487444525980816721442665226715159613515956230
5764096603110384395339275730735429567139620123632827043401
88504610672002753794847302780447639563237208053247730239
872137001499272786353495740586017001138732688326485343359
185665708552456900047057081175451883251113735004623016456
35436029325679412453659878418389417694095736934793712023
12619615297157906777426532160606896195850400694104461895
1852763584505329220377454229535312544885094889276974822344
603787623392355064749798018753551775033219911954077119424
1054700824271839495984354319195937353404447704526656073337
4797885102803723177206614661820943280736240357524325511041
85865020575403578692860419177107194148738747782351912910
1389611414563274977041354342398160938576300771115377454153
610340264594611898805712058419137159620291548652625190975
917004405378869151513908160352248748880181286271991743953
173343266694704407589063428903369254281796334158513479625
761871035421927400670970724388152378570241107629654933066
5494568248308076502293908291141565655437731355421803320442
21457982073226833118894205622997531824054581268865388593
44897519200652423596352435569395798781625331486624310915582
292778397145524763794334797830065279756553258235387483088
14987156903546122967147719117370166480765014325458146238
1668915367779539042441817639827318795704913235999914499208
708225966997624653858601183065209633841881253016253476808
98058077917410043838281113134385952660740556273416901143
88725397571820158588565614645151881222283974080523172927
5607228335812394291873251487148973086333084770531667086402
5666014227829987480233622471070399523057656656825172962872
701861999787343238404693117003264544438774966086987907137
11063072654901536493745334364022747957285434350786114609
5496708593363844289635919929893349335814953891573230789618
2341876976120682516708778787515056713628485691722438807695
610502352302588117108290675589645902884862071424261000769
131797896054450435416319002211979210134371020205919047802
110871719432632227134138810071011556463157331239555365959
87164348610887399510827313810061020853006771885243636850
172192567985538102173947787707891017765608946793887567928
11904860910791631283891046344065684183762972342652542911
1561262419280877915799062078675834411275345618262614074327
1382523537297707794281806338923084055270194905061088887744
2344529281281304273591440771937201130307325296640606044560
90243978338309895933041906769017467229040743566593696754
5763670924033996035734739973001883687911646125602613003312
9414555089746078113404442449511351906986321124519837760
184259678469651661508999872426482741326108551399631480278
762219492195363494956096120436242801192063117850642214400
1409536729309134448450640644519126144764008994765652562928
5763760918749850334194017117649389161624088013578964635591
185632455715295313237010644544422386460419389847924839089
1068367272760869149638269503242232231716116620107667446912
773929282827394931734037008572737603798978806923222938566
5679114625133684337119271763983699119801016653215172686794
1408408757397192367707422784263280803648122860566952346510
958169271117043931221042762530992874245520387773735571456
1376055289588723795905023844658624801524883703135458596344
12477650442511706075868481254872711814307466507383073669304
1591116919725584944158376337842620402897516907533468938238
282241923108691139170697111810354951833725729007365718026
112207818485902213889513356026761618078728643843847364488
5589014143804974893045062781698475859527492132948408770226
5676382114582649016508410209785679612024106946971287151536
173746637211093833048539177221728685613943225893322547274
9365630039852970884983456140640535712287614155205313032
175886472247861575908105616842261743482360703010969230922
6189985950964302306947552251876031303811242164616643194007
879845037713714590912316241475845022865068531570193178758
624066905570793006714980475719651150995295194438833562160
174536963472569197184594086644641950356314623445485805696
4807462914388800536856872055371162521738442397857942929280
1732352258852416660062408839337389530281143489288704898
88571546055362657766298592277307634287272581064379014776
12215400392952314170868131655605193467846224716778676168
4905368988086859652811802639210678134646417110320488906887
1570620031430026079980044143804042333597815030043143540351
11919167652716465660503770282539861433451196067321536961
86080575749716236404604245518951731364179633826978796113
121138646502500072695607246806870983242885625766077301134
102677171310065367215237626198344980213792050361732208000
612954036627786887213676054116317357739303172641869099528
1373496644020884485470054262059153008494035876497751766078
14965438552990847759840230063271970579578926539583876618
1054614390174719487209524582266242479240108885076783358030
5664361339783931403423544771717554888594572554070018199095
623734015600916873975096557961922935159329644999859568586
5592333686124202508593188272170770307642124548956218986511
13585891226509623620089770805606661410902167532433141256
1386557517769723318649804100871889288697059999708734819922
13435957243647939102139047389100023882345694305282646402
5507936722130529312381718941774679965862859690409699279930
4448490095822580752900317883583888070981434167435433464
6255497596287092703717245180053788570578806533385483942992
5569466962717818165610225174595164028990006851815094189510
1388255379378873400594113499280201454649570240738550291518
4992487758047095369201317106829130800881678667030119252617
76816011782723544127396339677751479435201245030545126410
87379923005233974510997672120794554767283795769201263040
5624276922667726375054683316510726059866816270395624886328
1493220396830051354239941269266907541448601957284083638776
1396662492810868873947480365570305342352360981263974658489
4895943075571102471859273384390858792600371143198248014838
24187641816828099681137417785916142109971916732113652759
185245637925620112343678994482390090381678648799543657103
9581422207764578462468568392844243487872575587861402762
1689033881397013403420073947651786687163212065429642481232
5665448105035031703307062001716556671569155037907902034992
5506657650870042175225271546865877899131617886044999163850
10913472708058675058549063982222807170033514243978163266
12404303669991595860822929189666269948827351399130436552
6266752188523576604284988429065045680933430169666748711096
5664121934132445967840986560947767801836696568586932646545
699999577646615701827393732663302721257189775308176061063
21463262196605314600280301019007400792390110137272315898
110345250349094089134905180792835427210845001869884141442
87022267328687155438505036230894460865692008292406535158
100809145649488003447225172356369344221462617176236653640
591184608746033914622405758112599742430375918870626100098
599740918440969778832876844698835516422082059093986247167
101105093260642712318655546455339632621426069717424844784
5602807397943532941454923692876968976368877280925261008855
1643026835737870541536427537858147156496818401306687017538
109147706056709070519035687446230745740327084782684503696
625089878601983063808399484124203906158845416231571059712
44898694850179998616568762378009605244395598651098700280338
10919534388643603662107066647858550181459565082281009166
5666210664775995215568079541459206725882607547541033349639
45007481689743943397936377483764631150755403824404191740600
100764991494321295430321717480238983707898002068819947056
1516911489143824156545591818939357914258615317213478792
84860040604451230334931701812962594348143762554266132038
1373478212948448174592644301456950832195711100075494339015
5611999792444559596042004655449255252336128951571563446392
1070836625918397348609657201982625451697064055185300497470
75459774169807221676438293579848808108487639185656087511
5603064472239410468889814135455983541158521349301404754502
2161971785700857703630723507348171472131271304227716018170
98077767328304100336813472009327123269536499503884663890
1753552420713936270615183348178857584365647617350944359298
98104116830344947523022986597540421855884816124393558024
6179190343387596346303803013388879605152708220352899380223
282002423412663738970180166220550419520943908588097934272
2292299505213527499837038431231042680343811292883016781711
1471390035463636266477729887240891751607427032146765615176
1659548755252859427611578142597216009772996167411928633934
6180707130713151212201725977431324885831201155723678446151
174728771036162690934163408156669926820789510162008764879
44942370969509631038635162709894426156862157640517403287488
74095194593905425461413275144827084631866266002697281543
701880343842372519856402242972188939290049924688947155982
968726173559683662993753085030534298241100239149853802936
5785171010345815735167371634011803854399982771989874441287
698500831121557224287827438253337648647800772801164010966
133353730955242088163275492720020238610338922168563508666
1854134023518214943156044092782962836486083554768564052985
592863635424407500711372191388598163640615453536605208522
1680195740972965825746610921000560410602643362895388737
23184981355259334487103066994199142291779305780679315535
784637058514505937850251692499282697206600045387528840590
90255601225690769668460141186836710532659910253700743225
5664249862225532736740359417688670594646173230213896401536
11071354356680033749454757860900466002992589804568784462
894972239942270425420573475928290372520294461635657995271
2272502453484663268649995590655886578681747735376727408015
892316994475870082486770212788567609660798531894218068424
174387966038652658248365148335616822168969365954269544953
2271115832625555493305025018875906045120392914219338830334
600906372277555743623481204253369072688379905457409486344
1764476681229651151978197373644272793922091814043567492599
5613740822815355568699443963131333314081763002173246890097
34050275054375633615408482841443197240426243501126888590
970405287027136316223913225716643501534807670280760913921
173507932318632353709521164440514786374705881521183002575
1643171236677962262973451915195136527593478138319464869826
859798976036855712678402965766631121876867901889230405191
5601337800314096495468250863949591815085172767751428898816
6193368552830883589754282663608222980355969373965413737008
2181270867070487879920454067120429927359382020112951291456
35276961404907778528701942060761975751622712214242795130
283661332360805798329816420450129900922688201859170040911
11791358304156372472596400491889679272864645370865128304279
5514086708646183963795378263623101356314478155920356144582
5507409275688601939371621332936141669333357765054156502520
6195693235761527369934727806142332413769151487744647364287
697522674843390093060714268180053520429173523422220152200
623747060266630996567346462213112370981227655855291264520
73562748619448805983358514845238056135209785454024430102
5581202515655643834282018053458887546315190035695647327352
5697847686952705044754586916893338411070644403224308575766
12391968499964509617737887972285230688487537249547961995888
873164362452747377710168730195806263031170026394668493880
2346232012062209914982162947824274327808606029557968954766
271084157060924666515469328273829692223606487788742548984
4741762328796798360931363670634773369137634591751993327743
1557584923272106222720986754009206670532011281473949663680
111895423484299523064639892340316951184013607487338716672
4992681910194611634917807171676760007691467566316962255441
171825829044928609687444126558941402664678096934788436022
2331111958383843319093122906844137094562233307382503474120
6179213875176903290573217093458628592593472903298676174399
195162335003186509062807517701307936131149679822037320151
34288896621969097382108120034170396153709480431048004727
1679951049734607349841388497479490128049621819262699872888
171983630241356200541939751363741678153823154985698263550
44835866186221770679394835257778642934271273982271915266614
2260260348006856801273601813746157005894107209192483587058
294221098675750003214252498939156870867919848618498462592
1670414818339304250637493047156433079989590539203579679314
1058580273861521825197379727113297591892779475954237969350
5567533062639234279998114850123731305982979127917222002752
10756750792547577799759311390335737469984616240843068362
968731778395488218448761169550059881065095326150743526479
44856171342256349812610305859874303850687243402849108296198
1389851408327891507613746518726503877038482539830824443863
599235359374550813518009936557292044411437896353450295879
1670380901968900809487529942931384571675448072787099094985
1400321449285214108196957787288666060832903321177447768632
980631914148357976536247524112745649038627106833007674822
5667171592268049539390695584124737892470446074898846257038
112084974350924697116055824951725092530975322219560606896
193330576746594638030848318016842845650478758061867826822
87570096655649394972007306540054443462986775746291896889
