700036607543438031013063442203196555015852277279530676671
614510843445791580548140136567746037634155950972468698632
5506456406742946288557699992330255128193864308030783852119
5493637340568584861809296271135167785622958492732294372848
5595120397757493795314747370399676871959987637015870934985
1569491648398916753236119429978009019695514419824231783992
172788955539855530947286670363745367255251239560599336393
624940947232231584002973325477840138925112648180137274896
1603184609629282128095776653897705959367774356008033061974
691011572674580217627839260941388893372939216936629436362
1792907284517969673519433631539524182107338343838383162
1482144650994286211390326445730431325659232257916264747528
293044928298962020181323382879577108376487802277676446343
5481778881170506336135854145219353252923174529064480015311
4577047629084973740178504313013228419242891386907038615
763057571765699290560362178057075484873172323275532467896
1067987071158981532402549237778672881664627367333096555018
6095953683316072605082399950996634837078374396274277416970
6094968296356443167115714987294335579901997376338763980408
24328876216000137310269139099994248756182417829376328305
703393763217123181102984762985883013840588422927875928689
5417595854652285653923353131302017166282904227173906550896
720845304316501721589642327099414180245437363666336619528
282147215853878494756984968537833638362803214517771375608
2268666210300557910981699389508132561073243590022689199217
5668536371728158602942412620043270636164939686152473677696
6116411519607089082569736316154911416438461144303747003902
193456896251347721226186833519680998133895167504065786440
6201048939502602100368718016349468290306994988796049064639
2341695172495472798504644847143092642925580095654585504255
882592099910306402162072323685684750070466388955120771073
4879471051681526158938419065635758827849654285093725737034
1873065866298704750435438215058166814592246151305524672
613527765257881963128247698324016412644726183246357074894
5480222769214573552704943422190068911196491647047985496129
171897332955271333446999405656372295130956432754033558448
4742914402517624129403036958349281586332950752048475509327
2723777058881624336795765941380191908235192066423910832
5503550958743023937413161085400593410112866549332219268615
784515707031585712172592008728997479703486222752041378895
4905755350681928178629723185722291745205678427285196385721
4978074650549836326078270240009939263624115352963735118398
5503260469467656679056704115390124774592016869962130158016
703370972376954808231419723146003798077446935770920680905
1069491360580103456994885509587537021013221803335075329470
35508211744684671328769509288304238992278374925092716552
21484538085524503378867451261715264966797461639575572478
687093444533677939232248911865806629424270095141958885944
100804516268458247908523178462884029127251402710522597327
1871377578178912743918151142213293882802976821330287680
284047373780623264369804119198554866664665173616130064944
613168919079322705691061970239753971938726472458615132552
95565920848131674539442241002141967261488065484748692554
294075590947238796068771697894092272847503210334864740415
107340871301468558950011192805760311954552343143026259066
174725953751760640111965326375328831289389280127673458697
122413748140831952305475656464024970109622310070883450879
5613539860605291707987582055784653859792146816440259846322
74775755153647811454834895667343825266758362454934363256
119582250374491839575494998181179306613197839005394669497
4980757628595165864653092106882754322793387164324057117121
1384052995657847488114129865675071585408806549320544514631
34058418379147081411150137275593478003567063468737364920
13768801731579110216728863469369189701990057254166492222
678516111484070538811245686449927784005514037480076320328
75119675983473138235526429979128771122053141407259890674
173049655459661264008403815505075182003667582618236358600
5665655007630044711967900761675597660854892040163768898552
722015050091015119061587361354151068150808916495295848441
806161923825638151014366011165478803144469187552708629560
772546024081954910356498311665178247828241425595245359560
5589184597038835674061643348775789343473701868168569684558
623941619091734334458143880503016122482738753619261654074
5664271276025361370197405648236528234275231749921205711550
2161997314871303313458763871056483566123730109328378299457
5773131857704504141918403718528033672722090180232346309200
588672803159898341455995986043443914998884579317021934536
175896101555385799508094923783793931668021087984434020862
75241986620165208142977948604261026302891366462192360976
5666833292870233604732999802747380235679793674603181944784
600971776437418978136707184456475325501385237292877340680
776600851383847032885539602314515442985177044147461132224
12459005422575753693427339319094108348660459818978803684433
294052955775565179513376485794477967671895383485477348311
970429516551856561208971562925183638417371108266876342960
121094870135111846524204116611520396006867418177880720264
15202288743170591475647557431002732576872125929256451088
2106854736100766183450414851858469029921984447667769999
90401565056216413942072620729374513496540805082629635600
173510222946655982953016811502584019828460072575638936762
171812733840713959421893935138854523454392896108217700350
121267357216483638502354348984542982931684121315448652350
9266564009643332416284449693532700769481858027310063232
44833309038435914434792124879531026248772805732466628788354
5398819547086778288867838731938893777766149999212665316808
687926290206853164340109467955406911766087233990135939066
12460719285190936755668129852909859382347276153085266523263
625072559038182725974928176262896521698405014825565675648
723319603238356816164437775914915142401685463065510374537
773552151735616932286152736071648344266560394633959761041
6214490666439267734981796038016895753263552919416011985862
270248260610677219896706480538012787177895234946408870008
4989832414352585631142921778796486547416499620223645451256
121114378268704570580608032093207997697128333013028500887
107492574930379580495151292371818956619911306740549030024
6256844715693528066123443982014059156094890180206152413626
1388399424948674370343411931782102061259286881309557497791
1057424951448865511696565491981878437188289376626122632305
797131152756771553241349938441022493782923318619430759994
21718248304019442753311911808262050557445308500596817402
1374336838426109599089435625225143275088344156379873276872
700354490175622523591952741668884881484149760400872940105
193477853766408742832371449304234428247442362099757281736
90105579005877966573277650629048070294318017959231222150
85966130458580094695833323146104799641525284851482100279
87397475173032381674936330271378480985653108668376843662
1395126956053402161500032560269724361685344378839537323568
2160438576698381504203900463995153141701685077400509780361
887153243107073467069605240879078950226363413301523211249
1546478868385589173684666926128055768494177304615651608000
2193210698242872194825918440123944522871406527641548263024
16835754979191477871324085796995926873149910515290801200
23346669645078639530278984137863463587758912167208845822
5591930347405360008914300474949547218406394515259039453136
5778920600404271244655169950183101619284250958069772885066
762821693529133755506451357576151164322111634187418366520
689498392420681938656916594792800309131272306037593706959
695968546327801847138547104220088422823471191281761524794
1645884501311979047818176576680596551044854774804839903175
1382482248233695694488583687774491972520288071461229887424
4991508276465707854775751378194243057559588544687112234423
5785509554748591493771929863746592658595823104514410447310
2344713021522579462551998786544910766288142335096311801239
709587375666390726232450430300964023929535078119294145096
870523367942518728333735597962162243734219178748682502153
13968770564115383779137257273374682526289846565273898638
5678450794415042070354712532307857859056845520516713836626
35415342876274284656639696101858365998991009337367884944
173382223084792332320485985575007006038077201328249770496
818352911770683577036437619189918885654117213157264752656
112024739156245586244573416129523911359147648393223663626
9237386275497339531744100518627387655589607173679420849
122431740216661546568296803038681376776093843734661111750
722999955097895699692656237812359022589077239115867979913
6275790656155154799004847988952149205670462396086559538289
896725041268749539954647419765462966832201183016200991410
5777325192505853970739531350190098921686438148133385379792
1054716483547966048532070375633316314098973445029231533704
1495570028249184246092517689297142095360904710208090778800
173531304228436861577860388656412789113113677042056162967
688285105721790873308182395971755810174924660396708599289
112085770117281298977564722409277190114939448101495644745
1506701610830498170658606034744404153500657463348839576120
772601544556674714749011733454673538832411363708185619983
173550174535454549816057856566537425607384148452315201991
1681410638513586986537213995594726632552241341313532534969
4730831980111934194022484922297241768491975914940144812928
86183034128796022902703802966557033124622633693228102790
5680623133838694158561286157610601005885924341415122047562
12382593859546379332528997353632455062092690642681163355137
33978258681233896683589315602921368404830511709416095742
5786580723722693647863172013252253714315673109637666148431
4979267366599081738767382622643086325889181167678983540410
598227732807914130334010402031818539597059594432838636610
107298967711312579360443942836591766741174450340508204144
1376157336851678300197173219342483551431970260093711740487
720653045433920936444140790767196046026512215811905785798
5570458924050678041640373716787693355882978990620605455881
689436806118384689892208844441746103041717958569288072704
696096487733248194174934341595350051060830738986047640007
121240091600250862810608859568486514596657341874258776137
21793452602338659276975328490542036365465495832744490495
700033848320961387232229591261482249332208909768969617994
5591902714101358893045859309557041811019057636074045797488
5590375456672475798139515650408149530986053346586855699570
95235926112855835746083179895391476316432041818258714192
6190284974199301990329218794542420716045270864160429449687
5481999620003621162703554996656603294895141402617489326992
5604211146298065132488308526167091720486053685810060591681
603803232699696159997694552247505424306479306233465894337
4914910041086943027780984070272955804708268216827347039378
11867478517752447427972878007034306053560266682247200089034
188305397544752038689024349028124756446040825005474344626
4743307181337059083475135033444187710451892825387967144889
75620113700307244377535984633190172814588219397658869823
820056097904859659212287545500811797544906724081861074041
799629773601687465429712255446750750364246243988912210040
4217356554045674676253201191867301895483195835940573312
5504942987513082701082235984816080827454206973327189782512
12301909983600697192438296634142710115505903540792754239
11962878073974887165743264440692254442382799589727917072897
1606010804442296895126845720673667675437395100333038633039
893684316389324745510343862643662234734997214346802331704
1409853291174122431447221561575109516232240991133260813335
101126383674849570824679841087913095866112970024965901382
881400459993148318784737148493649130510974111429003548119
286242175436589872902408117163248732069189323200262835848
763214961150225618837202195824450069817928336346423492545
591417583170708550908530734702135092647018261350987894742
87227317250624349043069342410008632820010962613487243904
1396655260544719482172011352620267397712329841864423044096
24370352912794705062760675405053963406509169645321425862
5515603745890607100683740080551614409054718021811436479126
4828962584053051906529526218507917432384069154986801532865
4991193649831224623401515340036940955604102926550746591302
6094776952989365522325047015143038641289149008729485284304
193313406019329058903809953672500365371845767528909373376
4808806431304422362388548106213262890111388874440739713969
1561253538637091625662679567379075202174074024336535028223
183905077821130188373518477376857674183668171238221086794
96715578285870854152453782470092837680530158138937308105
4977742317430332727598153567992775039639663490382677482570
4905137487027359938256548919473116276755238638390989530040
294118805251715097050523280090493588677128467222861485112
979522405619444266559667242994921912751916775662227522104
4741757132340348156917839044683019801393248096549550521968
703229837264718762957987565369650106333944516689255996808
774149035105752577415872072614656579409731003160212242839
1679684617401014529398432091558068232906129878208691101831
4842683050520697250124006981817968260305159976092424465976
75651719738821916249177812032831930018325558407968678585
5678467958036546905400916647382014576923961364596824302487
12469873615547092058937297920327628081391787097222025812993
12554033569026097044668847927316790206812833355937149064184
701862011666560319476726635417826881041946502219182634038
2180810085473595355944494851825103315547726339384537223679
6269077758097952251257718185234843005226624315449275880902
602273505507172937116733975222806053372693100725861412746
173534174605299436287224810924079976948604729957801328520
1548978477909477247703486612854243343589160964388337462448
611727155072043365490962165694372736883858001482867764800
799795763111952903863374775286850593504807311631231976023
12466857201572579335327693200765971879145678529659645717962
1383851704759326458349807693246343780904180703473074434702
76286885844510738512623557892488014629207888576257691600
4741750858851906552904834769329195107765769557565023490631
98058024723825598087719943751160721897641889469038333904
1367877946656991015939047525938395828540452771222557185
6179198212995838731513251521202485179866829961334423298110
615688694048458402797515235150170786120580181288022188993
721835014262376098091486630557358186427783293787235950728
5785338300527297349847558164775674741318540577338797589569
1076050702621952038744433893296597921602129697903948628473
797433425621010724286044728198056921637193370310418169942
121428997367829694833419762839894697757601221778044366806
1482111804227616751421102310386618439481240795941569862736
774126145703670842479630869506719069948590234326824169414
171858135957005704754642355485332340476033143309339395193
5685923258565056282661617102016990055516120323729320606784
4815122363213206004332124445218378646351677352863693016578
172017760415997249494331795661688042427429020412725158409
2171210918159411389879886592648053225120335406922041949832
589864454015540753859821950574808073073588467037850829256
709754992652160050961923911803117605109020233858673533519
1558423088778908267620294767893078765891286953310690447296
