600938143915032397537172564495224608046933317451767181256
6188556339339702354873059513806210781602237957853323755080
5666166224002921620127640526214762804708375430271200178174
6183263245182095188825667603365378012429017245318230578640
1493034483101405512660530814895993657594046963978760298610
5503415944031458770254664089349252557142963778855603598282
5763883685517000639711657596458596830356012569035519820856
1067835765524275078171526416206180109680878655046290252934
4815654390720558240571352420661647460964469120232601457232
4731026757846405125935014502405537032526752158300474474574
12097678568546617377535781208828832111311259476448220560
784323861100901468160133408804652974747333892521324744719
194818923063352407319822106657047150786570324510622875248
4818528481675109667636042262513709559654940321781840315320
184123661277683639470583358945679959911878119043522687994
5777172925076286964583808381204589521424887903265979302527
23516899928930150948304318179408252302165936452518026319
2341800289485894894088938507552351112592408783944802832777
1386725191721566560371901605231656064083774717378913665920
173539441847012542385188849776856226811650652755388992575
294238499335668977880494249044598239600332950986102669944
111899580502486551705705429205903454969217379017904624583
1078518759093933468577913450009302557647710834310346907577
24497059200541063223385166510131085107225388721155386377
6254119544791711203386073054454930632532583923759289434583
5676563687184605639885018519411501191167867289192798846978
708270859955985399593323865861955489446927734015571030472
956423888058736277466102698020702896272345551581046866497
686629760761259994158391520599348385178670567909997939838
720677318642846963950126923472307417997979983654848040961
197310679690935556707705175733331129994498583287598742
89036779466041200808322674361245164796931245186312049215
110297038823938102028587853847398932762659390566743675343
5503554700930713221722265669208302845038988032922047484360
883875085536090969108680568880904803251007584592573173320
2171570589286485871398406941504183278731383810590027545616
1669436467860468826790727485986464528260368875724187611010
112129866555785908000099666049480034396832127240330747527
957959376565425959669626863093170953576569592519554011272
708016361168270146650843654942873060795619294708322468338
6179211100342438482059850994353288840236416123169868850560
612828718047403804214276794862957205843632259689399459854
1676746957012000368622386232074849072890351025449900765234
11855454680516309237084321772326376659647944920650421407806
3062003781464628941443514781525474822985941167510195776
88696551234659079644054423820479502179085039784721125497
4893829954780206879046514965761128678426996679985068238327
100793821156681886546220790369636874137726739816294453207
110510243330784949182237610477191424517995347075816776264
4810144620984598109342097245841108386807884486803888305158
5778684504943898585806926671124638494604899353291986828344
335530266907049597102412338513856929278146989762018936
121114746751187530782516729491646731350843019688694747705
1066686819149540140461672475755281215312312127925413770232
1374887865067720273335733811235195438664323124555770695288
611822999415650460338044392378875244300729069271684984816
99828460037055002645229713806003234639357079511061464560
5492296121095369846522242924058803912367280961275687858318
5675387422515070475817124891838058484199252190461911896056
2333649869730785167735123846433563952333454423295420763145
4827504918135641079822795610942772727282837447288391769744
5529204719245351623237987424143318468901356753458198999490
23178621462074827863677442189409811173587261039768735864
2162184668029430366506304476309752002020244243181912259642
723319696773273428385982868426196020722589380473083429447
102638250596616170706010765122922253660561354449509180489
700225134199887886557122136629776793693340664638333837318
698634688585060477699785182492091934523747802825470506490
5578661296627228275892345241538071483571895831355782853057
1690366292888062726631989240415502339343629200901816684488
11094936987444489463153117037671837340285170234668822090
1396130739563138734592655990497417537313318826463520296848
5505903239301335085716111811809339187651217530567904242711
5589352222051111260874605451158214922397470811450794369417
859373905265994699957347178569400522355175507883307606160
980773855698329626865083905504278595030283976167533319088
1480412731260327313086831568505055983406064332440390860431
173214618894760912280748615822358756359061879171116990009
6116447623627237396743454558023374370264494362667583246928
114916219243256908701247064055223940010665675686066320391
5579670692713816229923393187374656029080358580373613220928
272850716963364194202939361391516629812953153143750746616
5480222077223520057520213697830269625554412329910522864120
2277815560183166184183390686470824878830412687910708539848
107320246451741059840236143898369338491600266224368943158
1394789104912215691006326356784264307750657402829258883710
4914758512046613665688631389846049996390846617008845392959
1471557184964974663591215745942760416572127548100322234288
6093346446707291356578056041902264356968762856257724653048
5593444137793528327014102782127782527495796908676872642609
1481992030681813567236985504309534806015477996147500167088
762847500094424832734557570128254490420342544656957513352
1375220228080608408491090598871584540371578686416060387728
85886344281934645114575961748931341586937501384089072192
5495148801540272436734559079912390945757391154928202350534
600612959939109408770495193143278520733322095932991636478
2160645520203736990400666652168957985055087147458714893834
4432926176832024410141125143371922273831374199929971585
5600268922326251410176104950397703279227648563238584193032
5491146952741282308530376902102026579339989241050578026568
44736615458183698193503795006995077194533530903325134066120
600720289252336823716231104997361865472604034858357851142
6203207007608110335112630635921702845228915238324455050751
775257459148951489136741680110744044294718874816215610494
6093420485192604127138378940523002389624546278188584530894
5604341559612341785789258080727723377835070742123289834040
5503218466585172632334398048501059842421467178529227866058
1558809410198359382474207058428294458712104074026045083583
14983875353147458344626853831112302025734576327092108913
2158118274032055754142083972635844126468956250011288702129
612662697305669636305178810282586032994044888762242641863
6179030679360640515204035135172128278288344942848839588984
21716425630063521867590430446830078012814130210243088817
4795162890382749666109136656060813511868974492296392453694
1590919372719374607323149595440759368383594765551640539727
114746042052828564980802361782017324669051094009852497046
172980803476112304852302562866193281361215749986265068041
5515834331951686083505812735688440606045208491259609807874
172166424635504967722020378955759496191407799090253393472
99569652027882352278117354576167943576315230448619892351
1482160359056883846645598970067541011023808488050763436496
44759645112182181752681023808479328101046262526599579079760
787344272385015278847468705595614262483140488268477168654
1394960047531435132218945961806149363683567655579174802880
34245076174515914831116045926153990013651293050243350710
5496702296016257334114533420276093501869314226934041863112
1546437419536148789312786654521416407190822911025644334151
599568969586058932672025389341475551087174847137064885704
5579987159941545866760934136996815138030909336737968328256
44923193535846478349318701617788918600740379516285890102257
2269264836416320103147906024796882252566525963905946885120
622225792961570547574860357841819157856327640642804572753
1681410694649828125373546329453390281336725083812529146
15011785832622816543494387659669368215452277635082154106
2331117650010581935243413766862801626421953744322051269680
700542311374756715559823106762412329124805658088839639694
1472799728249502686939505171377637590255932856138411281466
2898082660759166490143687669904093416202339448342245832
895507101151498193601139815497316034807504027225646112343
171849074191227510225969410829580229595638330474564094984
1385714200864489041497475910677194677602023011632247509009
2179442172889152659118894532476150437798513939438340994112
5506133759121668046276854227527886036460578022264385332294
775126503871569312493578282595798573241887992892925156361
2162349295892295572771108621505521256123186777804345709176
1558723848849085568326122754176644265021240560102560760311
1406858266578052810650792192915721241783529203796351152585
283173496259357534313158846414560036089268835724908298810
6215631958650917561681914894207761959516145901135200496654
688108872590950688487961127054886780178658169642111233095
12551348738147688837585474514184436749012489066504001679486
100833330743791131392595290189692448119470293417405222833
695939344884240362535478913647287798321779739094595440760
5568771849858375295837540318403772107794089382763221251142
2170373198484332511312059573967380284924849249057922908310
1385593813193692058891881162575986910818183076528984519616
896465040854310953941492319179359762479754110710755623928
1473263340055688062580259701165239958790937358034349814664
1389614703842928598629345301450259197468431678711517508543
5775613569784276485562175863126481694646576137723850292814
5395554710905584129306253120593167428372878014215146668679
2353557402534909574187034652723576795079686942191427558527
1387168922174288004812632144364922335237627222008769879567
774273496892376184502195013344491607384058522585532462551
781793851302263189425503062630767938324097687580376838025
11109901565254791945189827772428023444696800852995177993
5677776170769815063612161564230441217096842008932828049802
1385253249605016952220607112370602124013999211121200374288
10749082475971844670162080881637574880933648713874936902
12544657685261928881041130886706347336592751076730810692159
86351838276363118468298561229560590295873124785426245056
600789058280968350199843662271266938759361305003784347834
591690311777926629229348687178048681686724037713871278713
1567916203068606092366030078570505913615523236018332340674
698820265406907669734868105870042644202254013673309496273
85838749789798891142044124040759288333183541670135500297
4794218247290365532235816227544350589818504819987365790392
9580717502823828850908805004131296428156027059619016241
625137799799036688660743849662268636741222673623070508022
6274236585012274085282553844292027544897346479244793638855
5613898664345110473997254904686753644011091831124415246280
270060102250081233817924307323870985963350531434137088496
283874314074446444771374502030647891868934122429638516287
806279270565420116051948334010976794046031301742503657023
114934546569528963485775440825930815667222575996717203528
90061425009208654964789617367498251755970145633437296056
1547796608063312405990611821595313615907744632198620509634
96570872198371732671329993404642449768648041932524031504
73583357810702474288735161900902527754045503895446746104
97933388422610891293388989895692808381375721686918558778
1482139075995423950580181972904838082094719701880930014209
173214613038523546288211883051057372824060396678231858704
4815277580459794856273384005848377883756506813986538263632
1862152364071563134356322908176176353093156939860548252560
13771502765345803592965343236451795616698617959049622128
102489672400694093958365287898316583081022283519077904496
5665591490844887613398956352747631289841328000441992286152
133346193413460933519189891077003949747270167095125680072
1388126683920612347159456855004764388065969342469111381078
73798870995014673067506867893018964317576943833037500936
193664223575857369361420916658063931818023350597320963152
36755949927750066539516193738496787933856755002064269902
1495529459173612521329011895064506338589107464797345623631
184136590163477934656023902177830604705479552148613108728
588855852095447435339493663898913584993982557550483694096
110866567739293102150578723153124712135318833556323795918
100141665521884493545525125003668732743129710015391990769
1388318575269466844546005366694753894072570794561688072760
4994061783768973515853738594181530761961572678777207533120
5667048415538213659438840798092738257417939208221785559112
5664366559382824736707786539152336021776242894736614588031
21647205453359348899676231434350828960305160813193141249
112084743161176034026698352928591207377053512150682180721
5514179403564482722238828175462788585339539002280393048512
2168670836878821954899211161712471246640478485416261955080
712275707391776242872009233766462899717964782208867595266
114602312154535216229179255949276052020743223375170433614
807963674182046251448406740370784255546914916186549120953
907236669063774584580640627979712055028683016313093190137
599420953256668956533112204650136835423047307122066588168
195967995915774821641660922194300913094962003510512840649
600743579772545532056259554096121729236628100520413068866
6266526210715216866118344177431602052264455820176128938385
176073018420932609205988702791343417662450483985217523641
10985992998648984572197910831550088863332315352763469322
6093244512527370746411845244040633306379994927623542149194
784703577302369343438072817809169082945453436771640114815
588654184379034618135940379950649976170229821970421711752
5496894397720559879811276230458674412204441206338114266519
611490331942458998729134565957414402487882555240867213186
690983006996133457218643958387688172325911666657786077130
1647310284000054353052373402376235284760689391043088715201
708030946310027018734143233691463870411710385515223817792
3062388161254130893841565594518330474597186179178925182
24166705790690833481357481794159386353414392146498887808
1567956117512322080707094148494277633377072341522351128968
591208326653817074907258854347084951648280429303651177912
113231851200227585136920240544524918831387732299381210686
1057454433730506599656332702360290770378684523965000753622
613195152160685657492464886382174102990268914058372641792
799600583658251792964533390562631885092679648374710901808
134835985908977361526273675227193810240214931478079602314
4557874102335152163224494213453540899361150290861982640
2351210373062816113100465059677303690306237650868698546753
808155307491845978195224499906903494769726995740420043799
35127432901074829264405316094274975746770006971772505552
1484826461602051046184349667242752167614248808312635068432
73748734169593772844111649440025208526279636831716077584
1385562293054997291158733507433660139992272304241200884737
5667003886102061903961984048102861156984101206800497180798
99654177977738757587107911407702953615393569943528701568
1475606939684035717923835302097720816304088988858253381768
5313159794025646411520703984660231116498120657285039494200
871625591646674352605180982629867533561588622020766114766
1557186142472208151979441155175529764373703868646296707696
