60465472171618046860221666304344319790
-7765833925414648181878420604503409360
90439301310544020942812987513710100545
109219747208953506777391898142913292690
-163450736552169692198221452689803809927
-44548494350845370852958815146336607970
-30636518343522936257690552473546546338
-25799748951985263724650935910057828500
18883115779048449066464024653246987119
-48691102401403762512162450623109448770
-910517978006084280655631723469685077
46132949454763462362305188969797231507
-103317634722888358459057576908175326048
212748871138837167806631045556116340815
-31867836955464059982990786228740787642
15217267009713997623709053024681780681
-55079610238847606004902014952869910205
-55322047688034569600348490375441671580
-13191461290133333470417583053936289016
5247699945124609093058464405616743125
-27039365008248250080957038199957041007
-35360694086660211302302172586338727435
-62120957091641380312079567167905974070
-115226527826565578120118255874167773051
72327800674274195323045944983799340992
122803684851384270950263255442204649742
-67072450500213044346702143272307199019
-270844863102075161228446665983004435335
69607197626498758472554995877112643900
-11102972769634800075390114138959142811
168791122838178147139391899252504885624
39460055244150303625068203626845190464
-82872545510981596880914771499936384244
-8653383651834139168106431856831573262
59303440608543603528895256890564545516
79808766143313797149227442958687968464
83341869230349758065086808963146501174
-51359499851071934646967553261643840129
6829231400926776584294085043501037508
41027365493408554225119519892828950372
77790722753265498174528086762600374184
56243175044336222917635767244612144218
-138887243958026632384360352668147437736
13333271869080496199583996250623992250
-13320106718869972002498398639107426890
-33620378408457919671726260362474242228
131916244724155552876924170256473818657
51242311388085479053069963344091771286
56148889631687452422726682781841396118
76732937038760937628831464754693704519
-25654517802130865466423366886059550479
-7727784048013449220446181638495582108
46130204545434290619078299212720761648
-36884077568155463142428221408092624223
120398890151340976218300902985787472508
1331135838893571440873719422171786428
239484660618053650531964714841676534542
-69688418947451962944816043594812005098
-65974139921059470042021069492035501290
71162661082680639028013125279723317975
-102264320550456725672056719423457288178
47006177246610678716944117863017721630
-261929163730619152281175362647317487565
-3003119784330301284687299253658549410
-76239021380593976697602191911452165606
-37652644031983435212564031120038959319
-50096391984815669067182869688087838725
12327922089215126524814064049673508706
-15285911616637544488968591648186997366
-11730468192158269679766134893297046688
190665985339933352565363743974117498770
-46876203993722752043688966991288619944
26239238908547640016577865573856476244
19864916361459023731307074485028594901
-60673653495095420330683286390703443795
36927621104408969550119430606759246440
-6915481642570103432777957895184579119
-18608697783676192370436795179450069112
20125821009387549285560065446309929409
9075911830324214124531575791428216366
127092512946434487443799781135080247574
-57184180520861369143134745322613338769
-39762074934075017242798372356653224440
-70540614657571686472314661948204178354
118298389151897851719008607800819365354
-19076259872072233976419415656632039162
3913188383950021084009223397286213560
25187874313660369696852597719058956060
30600914624989944555321996307049288160
-17635967063523468686449747692040439890
-11572589273959738936470279582473381055
187260509070973246010014115864121747492
41977436542819425449776560580799134903
92152665195131443624624551554994484896
105707242470740107237982363504846533966
6648351696898279341543409970203652082
35333662010291631267045283907192595390
20298138223248309149042374734156226643
-3325707448440212861080883597326788058
-1398332827607867497654458509847869460
78988483252576585404338222078333641666
181305742442283124289846884183223529344
-132116927354372664566840224702255584360
69558798304825730027420835888143801124
-264695077855735518682741738510973642025
30112167013722365781669152785540069338
-28408639654553525019031394400157176261
178844550500392324502617829150329839594
136487133612699936079048623177589827885
60371052746559552691054639703282796193
-186028198575850974455929043720486570914
-128502026334857111479219940462045422848
-83929217882740481060019602465874881418
-21948502974011702137621555407439807506
111103903654461411187886039712266017217
-208560505395893320267437010467721314570
-191371259478954376315426056801867209853
-166387341617003919787223714904189216590
-32048071797927634635313764639704948235
-1918126702449610800103055380572161700
-18607738001047632472630220004423389631
185330887191222863119076757924893306118
-51645938449996767035712371862408390396
-3561977562756950280492498064816542340
157286279459312613305262438039804249355
-6934850522598699924822922592450172827
73414566401090737490211529418361129942
66809354049801861223064411149434202062
7772951969094381885092127327410256883
-55707644399886053984843205460786455150
200227438611345543697725144456464719987
32570606715221402130349443530981479577
-11340428127868949183952349688760011490
8565557581905331367043731899367097966
-44548923431858981624383203015689412068
-204214021369497817962044791589663583875
-224210429536328341984070970227830940536
80513988412331693233182296351186430376
-275250322154078391264129305402490345711
76293761569412372289072069530082774744
-61705977768217623021011976045577713160
-196903450656708771301365455126216896125
-24154632387354657099329678008733276926
150610474280101078782956633822731216812
-52970287186840670646923812080997139320
-7158027042245616564061618520798182289
-79806981548326084948664588328705835800
-38162011613282148291734719039023498133
54517032043960007270180773845591827355
-181864536047214264166760127054180292338
144172732845003080564627910513947871004
-51091184398208107842930472409738569163
9134825888123071474256997815184958512
-120889569972515019356373839676672696975
-89325509505727238470135584894230618328
111276604823161091879351069460094040235
16287951896190837417381006408729717825
15904092772737872035255710061590623445
45187667381835481485183809317386061680
-165158960605141236184796779101443045431
-64143953258682906861539792250008987661
-170411091651052827768527464265994213212
2838573440804337071023240198813608182
-98080826673043377294584369415619997198
-96015957644022425523251575553818879737
-44140204163256380055715164852243020181
212241879855649181722268284197624258914
52105722526210634523815556296538977855
18423469339287720682436688932600715396
-62685514590806212634432786924000234457
-160258229421638729381578041040832885021
10258211687086979944971923823173577915
-161465988480049298635816942152699890134
-144238703557606669767681435093769793200
70932439843803992450059706097838347903
-65654667696419932155066086305002730078
145317604535323543616357690829897176070
-63764527710881889792395987818153044620
55404270335610100037904077001736999034
91864034111294856083055591886042820265
-105229022325089685627166616335183383228
93585308042441582697691807043529065960
-106157024581238299709059252936789285701
36639287866746144443281265450409389704
18486102447339036722080564420915115601
-3899706742898911267491108805793173160
-226789169143233305557423148907666609885
26706747480850394516555974872486242984
-65402941361491892980988553896579531495
35969266117936423495612197695866833284
112186791234644872216080659154678143480
144257827874081063357168923186392907050
-93778770833164536104005205911179457059
285584247277444021518046234637565970760
-82507589451140513596488271772968697105
45904501468182224290100770590535999226
-79436624128307589437833838790454465027
104637801384504064713679692453543529616
114362708428584418787340967248547832622
11479857094583741732289063373664889921
95637568575471522492247104717370106315
-28453759957958972178110392113432269055
4016471871600887352593141844029814514
-125448143686436128137250590214325064840
131711066487409279362227821255704619800
95259773790124087746954598585884002520
-156816834058646312850076185459527626830
-13069008826644843828761583461584127130
14082348235849588520219799659128548166
114416900993125848506957500363586836875
75015797559736433285875823152885620335
-37587599342922929714896220947031564810
-9539969270246100373518972008647274902
-14620678711996842407191117863852268640
198735850833269813451636196539413709901
1779194658423571449922561742512564109
233216740410364003752502351347702778016
138166861146411797435352396050511878975
96702845714896584024607331410333808679
-34698801332477150950404341269728862332
41813123829122710561429040553496566965
-45238138866971693195869239076517241737
2978700304054065779866337668170910757
-240913462916102169214870186581269708830
15139027207791405616906494754410688353
-122174152787831129128861396196363023162
-59089163357165788462838989462415873930
29226424148444246172762627398086686674
-56938383016517234016536817577825950783
-5625873507230236865527131262758292960
223153221055043737720130104865920207284
11513308820069538993255356725629493508
-84863426878950998945232073659150133062
56097438811001595283027403393608565622
-8673335365063712844455045844940677540
-123104272609387443122521018404729506825
65906874914777117287894962602173395690
-91813574923437987789710786415310398840
-37905175551732090395833433076200310042
-164268149591488380839360530090843863570
5874384409422345719949636987973376570
185204082570712090074321448267060435074
-145093113389764515330578494471160936223
-133301234463029968547101346673163578035
132424890103133161698257560389729819555
3664859438190325319481082744316931990
-80696704854802718364512232684413935412
-140164738404874777871840718842327595696
52385654430504231628439557669397996750
13350066480344203123992501037458038078
-19912197069112358105748006391359653110
-80897625465202556568008389351881397975
8403559824099706205028599828425913770
77749928822130956456740326980120483268
-50464975476346388166637707184289280092
