1228
12743
15553
1523
3152
304
13619
1281
15827
12355
1885
3313
253
6097
7373
7667
5333
13652
7287
3075
3856
15623
14132
6007
16368
316
13621
7220
256
3523
7539
13329
7440
3953
5568
3583
15811
3455
5201
1136
4417
15813
5631
5975
7473
7421
799
7951
8023
69
7425
16131
1473
3888
13652
4412
13583
13104
4887
3155
7255
12493
15692
1349
16148
1117
5077
1116
13329
1351
3313
7491
263
5364
3395
15871
471
5236
13057
5620
12532
244
13175
16383
4935
1101
12791
1473
12791
12307
4343
3136
5125
5340
127
319
5327
1852
12627
61
816
7283
8128
5329
12500
8031
8179
4357
7444
319
7360
13633
15644
5313
13063
1812
8191
12381
1503
3908
5107
3383
4375
14083
5372
4556
7389
451
243
15367
1092
4045
4561
4420
7617
14272
5919
15683
4919
3423
8128
5568
15372
5975
1108
7473
3189
16191
844
3539
7475
1488
1796
5967
4932
4419
3159
333
15569
5247
4557
14292
15735
1219
5621
5495
15823
2003
13767
13575
12671
12492
15479
12624
511
13124
15569
16339
12609
4125
1343
8147
5121
1276
241
223
16193
5331
3580
240
12483
13775
5196
13335
13652
3315
14157
261
15829
7967
1484
5332
4381
4165
3455
4959
13555
4293
305
5343
4380
13107
13559
12564
15436
3408
3869
4444
15427
14193
1792
12751
14207
16183
13363
4893
12373
1872
8128
5939
5489
3860
12339
861
1052
15667
1996
4932
5075
4465
12741
8063
4893
4599
1111
13105
7943
3536
14335
14084
327
13363
3141
4037
3285
7985
4416
5468
15568
4933
12340
5135
15429
5964
12669
7955
1037
4340
5104
4593
13628
8021
7235
7537
12620
7619
13427
12561
7959
15408
5393
13340
13632
13181
4575
3900
4115
6099
13820
4111
769
3863
3397
13636
5407
5375
1345
1360
3197
1219
13573
223
0
12557
13591
7248
13
13773
7473
4401
15380
5888
14325
4039
12311
245
1373
12349
14096
3443
1364
3860
12625
4108
1
3964
1008
1533
5087
5072
4223
3196
4341
3395
3085
7180
2039
1293
7479
12753
4416
13767
13308
6083
13183
4317
8143
1392
3443
12572
3120
13169
3868
12612
13663
2000
14193
15552
1909
1873
13761
13404
4349
8151
7376
4144
12
3164
7619
5331
13788
8020
4127
15823
15452
3900
15699
7423
15567
1283
4176
8052
2005
3852
3153
8129
5140
14128
1907
14196
15473
13573
247
13069
16321
3916
787
884
12365
7221
5940
3343
4340
4191
12593
4605
4180
6015
1116
7172
2000
15616
276
16320
1036
1216
12499
341
5631
4933
12545
15575
5127
8151
1869
14193
16199
2033
5245
12573
13808
3084
7964
3952
3100
1487
5071
13068
1237
7988
13183
16156
13511
4957
14323
12301
13263
784
5975
13381
451
13373
13437
4884
12352
5133
3197
3863
13253
12592
13117
13343
13575
7383
973
15731
7629
4181
13535
14196
1105
308
5455
12637
15699
1105
4867
15637
1137
8063
13505
7637
13773
6100
1347
4931
15423
8128
4053
14109
8028
13663
1475
5904
4355
380
1360
14100
1395
380
13169
7287
14279
5367
13437
4060
7943
14205
3357
4544
12412
8151
4163
7427
3396
112
13821
1276
16336
31
4085
13569
15408
5151
5340
773
5584
15664
848
7645
223
13780
15428
369
15733
5461
1085
8149
277
8148
5957
1
12288
1879
3895
12743
7196
4048
13524
961
7424
5580
4381
15729
7239
4304
4983
4052
2036
7475
15632
15856
337
476
13139
4181
64
3569
12493
12624
4223
3891
845
5127
4951
3920
1521
83
1244
3520
13181
16131
4119
5955
12371
1373
316
85
7485
7477
15809
8145
4300
4925
15413
479
13361
3312
1399
3284
1343
15372
5407
7373
16252
16383
7223
3327
55
7292
8003
15823
16
1012
1407
4112
3189
3327
1041
12764
13424
12
14325
4055
12365
5187
13509
5073
7645
7181
3411
4151
14100
3345
5949
15552
1908
3088
3540
16145
5468
7437
7629
1373
1805
257
3543
4308
12743
13559
5468
4421
5892
1228
3312
13324
13649
13648
3399
13319
325
5196
16327
7644
7233
1473
5199
16197
3155
16241
15711
3393
1233
7189
4464
3391
4917
3543
5948
1247
13575
3917
4369
12660
4477
7372
479
1905
3935
4592
7168
4941
3852
3455
4116
13076
14284
13813
5568
12611
4980
271
5168
13335
15453
5312
14167
3133
1811
5455
1269
13331
8053
3956
8023
5087
308
6140
3351
4949
817
4372
1520
15431
1365
3847
12657
7421
15445
5971
8016
3855
4291
3916
1149
13765
4145
1228
12295
13663
3933
15372
13507
3125
15856
277
15441
7644
3125
83
12348
4085
269
775
15820
3895
3103
3292
5629
797
3328
4447
5908
13436
80
1087
15820
5360
13556
7620
12357
5957
13567
16181
16220
13427
13517
13591
3520
5628
13557
1025
4868
16177
16371
4167
4951
8004
4060
3351
12765
5952
16343
7375
7244
4291
1996
8177
4060
14165
4055
1141
15412
4159
13139
3
4191
3120
16135
1363
1044
12401
973
973
381
3917
16192
16205
1268
1356
5181
15696
13335
16215
7219
8140
14159
3191
8019
3312
3421
13279
5085
4933
4595
13119
5975
5116
13681
381
12383
1359
3137
12367
7473
14143
5105
2047
4547
4188
5437
7280
13621
1293
83
15437
7619
12636
13555
13663
13405
836
12560
12575
783
8133
5904
4144
16372
13687
7253
4303
4223
2032
3911
15728
4101
3159
4109
4049
1375
5584
5312
14164
3328
8179
15487
287
13381
14327
5183
13248
12353
79
12560
1527
16193
12759
12575
7287
12547
1079
15445
16191
4084
16337
13308
16209
12671
3125
463
3541
5911
1911
7413
13148
1268
4339
503
5061
5584
7616
5108
12657
1399
4319
1341
4431
15869
13599
6143
12596
13597
3860
5201
961
1524
4405
4372
15555
15728
261
13628
1491
1223
13105
5503
244
1085
4445
13527
3121
4096
15731
15828
15619
3955
7472
13583
243
1984
12364
13332
13299
7488
8021
13329
4309
16245
1373
1119
13301
13424
7517
1372
13405
15567
15445
5191
796
769
12511
279
1815
4868
16369
3381
5329
16371
13568
5500
15729
4403
13264
16321
7488
453
13169
7413
13581
4364
3391
7956
849
13653
4167
3329
4419
5123
15440
5189
1853
8023
15381
4607
15485
13252
14141
4876
1885
13069
16351
1872
8015
1860
1
12757
1283
5381
13693
7999
14145
8017
5340
1856
1303
323
13777
1141
311
1012
1500
5501
13583
3269
3287
4372
4063
3920
7373
6007
5459
92
14164
13653
1343
5077
5171
8063
16247
4871
796
12492
5955
5139
15685
13373
16371
7428
13553
3859
4865
4871
3407
7671
14100
1303
15869
64
15687
13335
13127
1853
13815
15447
12357
1489
13565
4403
304
1053
7169
791
4051
3871
7495
16213
16148
448
16188
8180
3093
16157
3853
5316
13148
13692
5937
16221
115
4933
13767
1372
4564
5911
7292
1984
8145
115
14285
3141
1247
12305
4435
3568
2001
15373
4211
15380
5319
788
4348
63
1043
3853
12316
4340
15700
13388
4477
16215
3952
5063
3295
853
7503
3893
16323
15685
276
3092
816
833
3159
14095
15379
7180
500
15363
5917
4149
5893
887
13651
12605
12660
13360
7295
4356
12609
5124
340
14133
1521
13328
4164
975
13253
7441
5173
3357
837
4428
1797
368
6007
13136
6103
6128
79
4149
7172
14080
1532
7548
3415
3909
1103
5956
4572
5952
13397
13429
1021
212
335
4548
12509
3855
16140
13407
3397
12757
15732
4148
15812
13629
1012
3444
1399
5571
5572
7949
340
7503
1088
1100
3324
7957
12759
7444
5244
15365
5500
15671
15568
5588
3315
7616
13425
12753
1041
1347
13107
5340
2003
12481
7447
64
960
15821
5460
4915
2003
4877
12788
787
8060
6013
3335
1473
13084
49
68
343
15829
6097
15701
13637
4437
4113
3920
7175
3893
15711
13632
3127
16375
14300
3909
4304
16196
12563
3340
4293
6092
1799
12559
13331
773
836
6103
4431
340
5360
15425
3157
12503
12369
1271
13527
13373
1039
16140
3277
5343
7415
16215
5500
5597
1264
1807
13084
12612
3523
1228
8000
7488
8140
7189
7455
1075
7447
5968
3268
15635
460
195
3
3533
4867
7388
5076
3284
13516
13653
5972
3421
12311
8012
7168
13327
13372
15363
5125
1092
3100
5953
15363
14324
16135
7
5373
4221
3184
1372
15455
479
1300
16320
1136
8023
1356
4599
13783
12
1116
12739
5461
5135
15444
4181
15857
499
4177
12548
5319
4989
12352
117
7959
4044
333
4175
4359
4103
7997
13620
15616
13109
15616
15487
247
1859
15409
12560
12481
3853
1852
7249
15812
4165
5132
2015
12607
4544
13260
284
323
8019
13313
1395
1137
7959
1792
7372
14323
4311
13565
5489
4868
12307
15
4605
4308
1237
7293
3420
5439
5123
5628
7188
4080
7261
15580
1008
3100
3329
1991
14292
8148
468
12540
13652
2001
275
13120
13079
17
15373
5343
16212
6096
8189
12415
71
16193
7184
15740
4368
6133
4925
3891
7168
1245
15556
2007
7637
7984
21
340
13297
1375
12751
16371
4883
496
4304
1879
13121
1527
13520
4113
848
79
7644
16135
1293
3853
5909
7957
260
12352
1015
833
3927
6012
4879
3927
16221
3892
7379
979
7665
16141
7173
511
15629
3167
1359
1873
12533
93
1293
4149
4151
5972
12605
7989
4421
3844
6109
7428
15628
7261
323
5588
3900
885
4095
14099
12364
14140
13329
15711
12309
4348
13073
5620
14148
5904
2001
5424
15364
4549
4447
13299
5204
5444
5076
14163
13135
2013
16129
1297
14335
13532
4593
7628
7445
16145
13105
3073
15681
15452
13119
7997
1804
13380
6132
15869
7280
12759
15601
13424
12304
4164
14160
5313
5457
13397
5312
844
12759
4317
7519
373
13591
13783
13519
8141
4420
977
6093
13133
3853
3349
375
7181
5440
4288
13511
15813
3184
1847
1075
12620
12500
15700
4956
7631
16321
16179
7628
15445
3149
3092
1852
3399
4221
13687
1072
4956
5900
16255
16381
1139
49
7504
6084
13651
3847
12560
1136
12545
1484
3539
15697
1095
1863
5199
4919
1489
1397
14084
13057
12371
7949
1025
4308
8147
1524
5919
5429
6133
14292
4304
6015
69
15564
453
12359
3868
275
381
7180
7997
13373
7244
1087
3293
13060
13779
1228
14092
5169
3841
3285
3124
4163
5620
769
15413
5120
7503
332
16193
7536
8003
5441
1279
2039
12765
960
4924
16343
15361
4100
5501
4157
5596
5968
5471
5941
14140
1997
4593
3188
5180
8135
15479
6097
4300
12352
5329
1073
13365
1283
13059
15815
3197
1521
14087
1500
368
12799
14285
775
15364
1092
14093
4944
5188
3853
7292
3124
16252
76
4468
4093
887
15447
4976
15869
4292
13111
3917
15629
1092
1799
6015
4295
3164
6133
8179
14323
3188
4380
1532
15383
4439
205
1813
4948
4300
14205
4597
13084
14133
12541
13107
14193
7669
5341
1793
3316
3284
16247
13168
7244
1300
4288
125
12309
7956
13509
15431
15869
5891
7372
13056
14321
1333
15475
7220
1295
1991
277
13316
5313
3124
13575
15829
3343
4353
797
463
5376
4380
7472
3444
13623
4063
5460
3900
13379
243
5124
15425
7636
8189
1349
7952
5904
12503
479
13269
6108
4405
3919
3391
255
3313
1373
243
780
2036
15373
4144
1092
1293
8031
4063
8180
13591
15424
7423
5500
259
7488
16131
13567
7429
8012
7391
4957
12785
1488
15425
4928
7472
14285
12604
1245
3276
8061
3341
449
5427
7377
12557
15383
887
4085
4597
4337
989
15444
12351
3903
339
783
3967
3152
8012
7959
12293
15697
7991
4087
1029
15836
4983
12403
3197
5199
7617
6007
16181
7476
1089
13588
851
1372
7501
16131
7251
4300
15381
12757
13380
2005
13427
7455
304
3379
12508
1293
4375
511
55
3279
1236
327
5175
12615
1535
4
12289
4419
15860
7939
4084
7635
5888
3917
12369
3847
16324
16341
1284
4220
13636
13789
7635
335
1108
8177
15825
1239
3399
4084
1364
12383
8005
14173
3919
15823
204
13788
12293
771
5597
13812
3280
5457
13533
13599
785
4103
5104
2001
7633
15411
1012
7493
1084
3392
1277
3197
5628
5407
12400
836
255
7984
13251
829
844
1276
5495
13380
3932
311
6109
3139
12311
5393
1329
13173
885
7537
965
4047
7413
13312
4439
1087
4209
13084
197
1399
14109
92
13111
3399
3955
15479
4592
780
7984
13365
7423
4111
13621
7505
3281
15601
7645
5491
5121
3537
12511
5232
3324
5076
3287
5205
4469
16333
13772
5404
13251
13059
1309
4093
12796
