5589
1076
13637
16181
13575
4
1797
13763
6131
8053
13123
15831
14275
5937
3420
5389
4429
383
7997
4980
351
4933
7408
5895
1267
16143
5063
1905
1856
13692
3092
316
8031
3857
1521
4183
1335
8156
204
7173
3388
7669
85
372
13525
3580
3573
5135
1217
12572
5572
4951
332
4469
1876
2001
5137
381
509
12572
1472
3440
12799
1361
3868
1987
1793
13519
13780
7996
8060
884
13585
7199
3535
6128
1363
8016
13171
1148
12657
5075
16381
5456
380
15603
5983
77
460
3908
3389
12483
3136
4112
7629
7637
4420
12375
16151
305
7199
15829
5495
836
3348
5117
3452
14159
15859
768
3575
5107
1804
14289
4053
3295
5904
5588
8128
7372
13775
13117
16176
16221
1287
983
4303
327
16215
1105
3316
14204
5892
1039
1856
7637
112
1
13263
5404
4049
4353
1136
7413
15863
1247
14160
7280
12564
16207
16321
4173
1107
13107
3152
1220
14097
13648
12548
16383
7180
7223
15381
12339
3281
16211
3380
13149
4947
5447
12349
5316
5375
796
964
13648
12291
20
13264
4305
847
15620
975
7223
1820
15437
13621
5407
13120
7955
95
1341
14096
5597
13628
16192
773
12624
13341
13511
15857
5232
12291
13149
3316
3932
5580
7999
15436
13316
3399
7623
341
13508
4467
311
12511
14083
1228
4869
7455
5203
13525
5495
4359
8189
7411
3087
5629
7508
12669
13125
4429
4421
12784
7235
3079
7507
3379
7985
15557
12757
4317
5109
5239
7376
12567
15408
12497
15568
5360
6129
14277
5361
5585
3399
4177
252
3197
12560
5373
7539
13340
1329
5911
5959
16332
341
12412
7508
16333
4356
15811
5583
7363
13297
13765
13075
15477
15569
12657
13265
12796
13783
14081
12621
3927
7261
3917
13071
1013
4172
4053
5143
1024
5365
1804
4465
15477
8144
12628
5917
7
4179
13136
276
15472
4887
6096
13580
13299
15363
16149
5383
1365
12799
16253
3868
16
4367
3159
3075
5325
15679
12480
12341
4176
117
80
3185
1136
13340
7668
989
1356
4339
3888
4341
13523
463
319
7191
1485
4924
4959
13364
5127
1045
3149
5572
15377
15381
5983
4436
12311
4604
13372
15431
3381
113
5187
12560
1223
4349
1229
6085
4093
6108
5919
287
13517
4431
780
15409
13616
7444
4336
12627
4949
13553
12757
4607
5312
15684
4375
13427
14080
5239
12309
15415
5060
6097
13260
268
1845
7412
6132
981
14332
7985
5203
1085
1311
5391
7985
5460
13063
13517
15635
5235
4467
15575
80
4400
4428
7409
3423
13327
13525
4085
1023
383
20
7372
5631
7493
3453
4149
6133
1217
4445
13148
768
3404
13693
1917
272
1908
471
13585
13527
3952
5107
13565
16149
5068
4097
5488
5404
3101
832
1532
13635
7475
3925
12753
13692
69
3087
4593
1301
327
796
2045
7436
16135
3271
15605
4933
3407
12495
3443
13511
195
4421
3140
93
467
116
13791
1111
12567
15708
5148
1476
4308
1015
5893
3909
13680
1397
5061
6001
13569
4112
305
7617
5069
6081
4341
8012
13125
15613
16144
15728
14109
4161
13311
15455
16337
5629
256
1373
14175
12752
5591
14293
7453
837
256
8051
13587
16223
12637
1040
8031
321
12375
13507
7447
15708
12407
5205
1503
16337
4400
14144
3964
15361
13439
4
7493
7411
15823
3136
3860
5617
4469
15812
351
14160
16196
13516
13268
892
3392
2005
15444
14140
5185
16140
16193
7940
15565
12743
6129
3917
29
13124
13632
14324
14096
3523
1877
14081
5949
1809
451
4172
15701
12629
5441
3891
307
3571
4116
4912
6099
51
7489
3527
7361
833
13557
12405
15408
4931
961
7476
19
465
4063
7199
7472
15473
893
7420
7952
15619
12407
12496
3351
16253
4183
13151
1284
12319
4380
7295
3572
3149
13325
15636
13517
1141
14161
13532
13552
12563
1863
6003
1076
1041
5983
8148
16324
15741
16247
13121
1279
67
15581
6012
13379
4933
8140
253
13644
13260
5119
309
3413
16193
829
5428
5087
4981
16143
15372
12785
3268
12560
5204
3345
13261
16176
12660
381
15676
3264
3405
8179
8145
1331
13136
5205
15453
12668
1117
5583
885
3085
4557
7281
771
836
7665
7633
4349
14085
4413
477
8180
8156
5471
4871
3537
13319
14293
1533
3379
4595
13661
5109
12748
15423
6001
51
12599
12365
15869
4563
1297
5895
467
13335
68
12549
13312
3445
14148
1247
8147
7428
375
113
1808
5631
15825
12501
4176
1873
12625
8129
5620
212
7987
3356
16148
988
5201
8021
1269
1235
1297
7185
12608
8145
16324
773
464
12511
5501
836
252
5617
16381
13343
13525
4871
13781
7181
3267
13815
13136
13133
5189
4119
1532
13436
16381
4148
7628
1020
13117
4099
319
5916
3967
4035
309
5447
12753
16205
7228
7284
16199
13653
13636
4464
215
3953
5404
7380
5405
1840
7647
13556
373
1344
7475
1843
7229
3909
5456
8020
4467
14157
7939
1095
4432
14143
15603
13168
14276
14335
12764
373
13683
4161
13581
5212
1076
7447
3155
853
12407
5365
7475
4051
13815
452
7645
4039
4319
12373
7985
3860
13791
13279
13265
5951
3575
5457
1477
4951
7255
1021
13168
1988
1139
13105
5488
3127
775
14301
8151
1027
12349
15868
1492
771
4605
4433
285
12740
12295
13763
1231
12303
14192
4159
5943
14101
13583
832
13811
275
453
7476
1296
6100
14161
16349
1287
13108
7957
1308
4407
7679
3535
5171
12309
324
15733
3199
15
209
16325
4044
2045
4468
13823
16129
3348
4416
15440
13569
1989
13076
4365
1501
5903
15703
207
12752
5140
1108
325
15
13361
7676
15420
1104
5061
273
5469
3580
3860
8013
13264
13396
12595
15487
12573
15685
13772
13069
13077
13589
15680
12575
3148
14164
12341
13312
12528
5239
892
4885
15668
2015
13108
7453
13532
13683
215
975
3381
7957
5895
3916
1233
1997
13775
7252
4917
3153
2000
4883
13581
8003
7633
13364
208
13505
13651
12549
13183
13620
4368
4220
7421
7389
7425
5940
13823
4039
6140
1027
4373
14301
7252
15379
16371
16211
3847
15708
15411
13583
1279
4941
5392
1485
8000
13765
7440
4400
7665
15615
12547
1847
13172
16325
3349
15617
12797
12369
4111
13644
13519
337
55
4469
1847
13363
15487
7628
1045
12509
1911
4035
2015
12531
7380
5936
1473
3091
1795
14096
13663
13655
14273
5087
5137
15837
15677
15869
4547
7537
5452
13553
3281
272
4208
1999
3583
16240
3315
5436
16245
863
7437
15669
1012
1020
7379
16179
4144
7389
15379
15837
16157
14195
15375
1341
13301
3389
13376
15681
3089
1143
80
2032
13637
16348
5396
1343
16212
1087
1021
8189
12511
243
1279
3573
13524
4353
4317
14172
7647
7251
16381
3932
5205
3525
12317
5459
14196
14285
1917
13397
13263
3149
3285
15452
13427
14131
3079
15809
336
4053
13695
5901
15421
7617
2044
3139
3852
119
13765
3523
4304
12305
16128
3072
12371
13105
7676
4595
16188
1093
125
3573
13133
3903
13340
1039
16149
4308
221
15408
1271
8000
4223
93
5395
3548
5455
960
13391
1524
14080
13591
15828
16245
16383
511
12365
6001
5428
343
324
3120
7263
1040
12623
15473
7623
15837
4035
7281
7408
12532
7381
4417
463
4375
4355
7180
7476
4117
4941
13591
1348
5328
1095
5892
6001
8021
1869
4447
7171
4405
3167
12668
5596
16381
789
13649
3847
5580
5377
5447
3893
1356
3904
1331
1
15379
4883
3392
3445
16339
12480
965
14192
4941
780
1797
13507
15472
15475
4880
3395
1092
4096
4557
276
5116
1397
14207
3381
13136
1997
3199
3535
7183
4881
12740
15709
1140
3351
7281
15617
12373
6140
13552
3164
12784
3281
3895
15455
3907
1392
14109
15644
1340
12415
3199
8019
5316
5340
1860
3277
1296
207
14173
1840
5964
13652
1345
15557
14332
3293
3524
12304
6132
5317
332
895
7485
14157
4359
127
4919
79
1020
4595
4560
16368
1296
7285
13556
212
252
4420
5127
1149
5361
13137
785
7551
7987
4048
501
4428
3861
1492
7485
5184
15645
13313
3187
7447
308
7293
12593
13279
823
6109
13063
15695
15815
3871
16179
16321
12797
3847
7940
1231
5892
4319
348
13404
16132
4951
13109
1237
4092
4435
1485
3909
7420
7628
5316
863
5343
1527
12383
976
1472
469
5955
14303
4309
13517
3415
13329
6001
13647
4048
6092
1997
1885
7429
95
5171
1108
204
13812
15372
3859
13557
1303
5439
15437
7491
12752
16177
13084
14288
13119
13253
4917
12288
285
8028
1917
5244
1887
5060
15412
4164
4467
15567
15667
5948
5965
15375
501
1089
6081
511
5381
3911
5143
15829
1341
1500
12403
16339
7364
12493
4368
276
5372
268
1495
979
4144
15612
7444
5207
12671
14111
13405
4337
13072
5460
13269
13580
4383
4464
14163
7412
13071
256
7429
14092
2047
15484
448
16324
5377
12549
4479
3319
1821
13684
883
14157
3156
961
1151
7445
4929
4945
87
15711
3151
7939
13107
244
1845
4991
6141
12663
1232
3423
5388
1799
13324
8021
6085
13104
12739
1228
16211
2045
4940
817
7511
1073
5892
1087
12541
4316
15837
7633
3843
1399
3965
14147
4924
3391
4308
4300
1084
4867
3156
5133
15615
5085
5888
5203
884
335
12625
4108
13260
92
4087
1399
16209
14132
13571
14335
15860
1020
371
15572
53
12311
3267
12797
16325
3952
3341
12485
12401
12487
3900
223
5317
13105
3520
4947
4437
12597
13660
5580
851
16335
6081
5583
375
13073
5909
13775
333
4429
1985
1484
3085
7247
7425
13397
16240
7375
12307
245
7537
15685
3328
3313
3863
5983
1013
14093
13397
4567
7245
4191
13425
12609
5903
12605
13684
13069
1396
15364
15479
1860
1279
4876
13148
7492
12561
6093
7964
13381
4368
71
1047
5244
4599
3328
7473
7412
195
1280
4949
13405
1996
3377
7285
4109
5619
7507
13297
16195
5361
4884
3356
13773
13056
13681
14291
13171
5457
14295
7667
3383
12495
4947
1095
1219
3327
3924
5244
13597
205
12487
13375
16177
7473
7679
14096
371
7455
14135
4869
13084
3904
13255
988
15735
476
13573
4101
273
4036
7616
5971
511
16135
13695
1349
13648
16145
5132
15429
15697
13555
2003
476
12357
1349
847
1073
1231
15831
15668
1364
16148
13269
16183
5379
6093
5493
268
13105
13173
3084
976
13649
13252
15408
3188
5585
3072
15383
16149
1472
5237
16177
13069
5105
12785
3155
14145
5072
15831
13765
5120
1044
12757
7220
2012
3124
13379
4160
3900
276
4557
5133
7937
5429
14141
816
5196
7260
501
3264
5212
4047
5460
12309
14147
223
15676
7476
5201
16128
1364
4033
4421
380
4037
7445
5072
1141
272
6012
13596
5591
1855
1040
16243
13505
7185
4549
15375
1525
16
15871
1885
7248
4943
3844
196
1303
4437
5971
6005
16204
5888
16144
4465
13124
4927
5376
816
4355
12368
1103
5185
1044
4917
12380
3388
4179
3869
1085
14097
13107
1109
15473
8131
1799
1117
3312
14173
13632
12604
15629
5952
12336
4593
14207
4465
4165
6081
4929
3423
13260
12668
13687
3332
3571
16343
1797
13429
16349
12796
4307
5376
223
4099
13343
1045
5589
15743
5939
4348
64
12543
3583
831
3568
13505
5125
16335
83
7408
16325
3532
1859
13140
113
3841
12481
4343
16133
12736
4359
6084
14289
13585
1285
16220
13104
12549
15639
5959
14288
15479
6111
13076
13629
3957
464
7536
12511
3537
13399
3393
13644
15424
1025
16193
7235
3840
5951
5893
4352
3399
116
5071
13661
3185
14140
1987
3441
12317
4924
1525
13313
5072
16205
15825
7388
7965
6004
16197
8179
892
13783
4215
4157
5983
15421
16199
14165
5109
4941
5471
7223
3889
4551
5076
5375
5631
7376
768
12556
16339
12595
4604
7364
5189
3332
4161
4060
4429
7671
4383
3101
3331
4148
7984
6133
3967
285
1493
193
1040
4548
7452
13117
5919
7452
1856
308
12481
833
1027
3091
15677
5328
199
4300
4148
5572
15639
7253
8181
3932
15601
4165
12743
2005
12615
12559
13299
855
14272
13783
14301
1268
5072
7541
5453
4881
12401
15823
5123
1239
7255
781
12492
831
304
3568
12529
4163
52
1333
4881
852
4879
13069
7445
8003
4145
223
892
8144
5212
7537
13693
1525
1015
15647
3581
287
5319
8181
3124
5631
5460
1020
1041
7168
887
7620
12533
13069
4949
16253
13555
1027
12497
15617
6081
12508
4109
5059
14081
15815
6007
1328
4351
7229
3343
7367
