12597
13148
16156
14276
4989
5495
4405
14287
5568
783
13376
15428
1012
6133
13815
7361
16243
3445
4340
1367
13439
14108
13124
4355
3072
14160
7940
3440
15836
7957
14100
5072
4949
4421
4148
4432
7372
8145
13075
8000
8012
3395
16151
3143
16339
6108
5587
5503
5361
12743
5907
13636
12788
15431
15431
4111
13132
4053
319
3123
7287
15632
12532
1804
3413
477
5233
15856
7475
4353
3571
205
15813
1916
13172
15637
4944
5060
7247
7644
3852
3583
3532
16208
7669
4864
7997
4179
4343
5183
4307
3199
4355
15681
13407
12607
4163
13617
4951
4101
5363
12352
13687
12757
13519
4303
13524
1359
3863
12508
1236
5493
4119
1404
13789
13813
4061
14084
13431
12292
1103
1987
7389
4412
4380
16372
16240
15373
13772
197
1293
1999
15484
12319
16145
5360
4063
12532
5079
8005
12611
15697
1532
7188
3317
5969
979
3276
15868
7671
16133
4916
51
1988
7679
16149
5236
8000
1811
3393
12592
12543
15871
79
15645
325
15836
336
13776
7989
1037
503
1491
3359
4109
1879
1297
5085
7635
1055
8028
16177
4865
256
15391
1372
4351
5313
15639
368
5
3085
7956
13596
12573
5324
115
15669
7219
5437
780
14320
381
4109
12604
983
1535
13077
1988
3267
7375
13169
15813
3328
15388
16320
5583
14109
1343
12759
13104
3955
4160
351
13788
895
7645
5573
13373
788
5967
12753
319
13693
3441
1296
820
5140
4991
5580
7988
4433
4924
3853
5888
14148
13660
375
5903
4437
7412
16343
3895
12372
3341
12543
1024
3397
5076
13361
5071
13123
15621
12413
3852
4316
5589
4407
3396
15837
15571
7197
15443
7631
509
5364
13255
14289
5937
5171
12636
15572
5207
12573
7540
16212
13767
12625
341
7169
5952
852
4060
15455
3847
981
3073
3268
15839
13173
28
16332
5459
3140
12671
1869
349
1479
3197
1136
7943
4477
5361
883
4305
15485
3091
15437
12593
7937
7953
5364
5120
1343
6096
285
4887
4469
5076
15485
5175
13507
7247
4893
4916
5957
2015
16208
3537
963
7283
4468
3964
12483
1887
3285
3319
14159
5127
5407
12741
7617
5952
3923
12739
1245
3332
4887
14293
8145
13575
4
13125
3957
13552
3328
14159
796
12548
13773
5455
789
13587
1363
3923
12547
8053
13139
4295
4928
324
4476
2044
3091
3889
12355
16177
4212
4307
7421
2039
1487
2039
3283
7223
4559
837
3863
8063
1287
12483
15671
316
1877
12753
63
15605
15871
4336
7548
16195
3445
8023
3123
5137
15580
1863
3187
5900
16343
1247
16183
1072
4479
3327
8007
5573
7965
5628
1348
15612
7473
4212
4565
13079
13151
5077
341
3520
5620
240
5969
3317
5623
5629
5335
15871
13535
3891
3329
14096
4295
5951
15444
7283
13303
2015
13151
7501
15415
12339
15420
13520
7239
16145
3568
6001
1360
15388
4167
7537
4881
3359
13597
13783
3268
1805
13597
83
14111
15831
15573
4311
14099
3123
4208
13809
7376
5631
1808
199
1999
13056
4291
13520
12788
4400
5200
13557
4188
12759
511
15421
5084
1279
15360
13521
12743
15429
8021
5203
7505
1219
16212
211
1871
12573
14103
3445
212
3404
15380
13069
1872
7249
14277
983
1264
13104
15811
3151
337
14301
14324
5968
7187
13599
4164
4868
285
5453
340
380
8156
3076
3571
5488
5948
1280
3333
7504
13684
13629
15452
4949
4221
8055
5396
7941
14096
5936
60
3908
6128
819
343
3907
4355
13588
127
4916
15475
7988
7488
7381
4372
15428
5392
4208
12741
12508
471
1988
13407
124
15380
16133
15615
7669
4412
3132
13631
14111
15687
4172
452
13588
839
7623
3139
4112
783
5599
16143
15453
4109
7376
14149
5061
112
371
5149
861
1996
15815
15629
4047
3072
61
304
5953
1311
3541
13623
8021
7548
15741
15425
1052
4567
3344
4989
15473
881
8061
8004
6012
835
16341
12557
7252
3967
7
1343
15619
12292
961
14161
5319
15613
13652
3153
13649
7623
4467
316
3127
6131
14288
12
223
16336
13077
1117
16205
1808
5973
127
3441
4292
6143
5076
15581
3399
1820
8180
7647
241
343
14199
773
1360
3076
12548
13335
3404
1008
1269
7495
245
14301
241
13587
13343
7217
7391
3957
7173
3197
1532
13517
15637
13439
1884
3084
3343
3893
16148
15425
5127
12627
7365
15565
1911
12749
81
268
16180
304
12351
15687
13109
5180
8051
14092
12492
4479
12613
15617
4469
1137
769
7447
5589
861
15360
13619
1093
12625
1031
5215
13175
4549
5361
13180
15708
7280
885
15831
13772
8177
1333
3185
1996
13071
12765
81
6133
885
13317
844
3281
12595
15443
12499
977
13327
12289
3453
15741
13180
5460
7260
351
5245
380
15671
784
16324
5379
5124
1489
13776
3420
3863
3452
3933
12575
4561
3444
7957
51
15829
77
8015
8053
5140
1799
5911
12599
5500
5571
12292
3908
13637
14081
13376
14148
15617
7549
3328
12291
508
15555
1119
4055
2047
12631
4380
5245
4085
205
1267
12621
15389
15415
4295
12564
1052
3548
12661
15581
5959
5568
14133
1793
7517
1524
13139
4339
16336
3549
15428
4340
983
3967
6013
14135
16348
4145
7181
15389
1025
15600
4415
3327
7645
13329
4573
1797
14143
1820
4432
1344
3859
496
3520
4935
16181
3583
6084
4144
5364
15423
16209
7636
1349
12627
1395
4289
3295
13388
14156
5372
7231
1283
4051
12757
5967
3184
455
7425
1840
7223
4159
16381
15861
3551
3121
15685
3580
4895
13764
4095
212
4957
4401
3344
15391
8179
4592
15571
13765
479
7217
13564
5111
13591
7365
3445
13428
284
13532
455
3527
7452
788
13140
5056
13104
7676
5196
13428
13267
7173
5135
4339
1233
5628
4912
5909
4877
7492
15439
8157
208
1372
4445
3855
17
3351
3863
13504
1476
5232
15831
1300
4036
3957
6128
15361
1855
335
1805
5232
5379
1024
3313
3124
1219
7644
7284
5581
5075
4144
16372
5457
13619
6081
13264
3127
4371
4301
4429
13813
4341
5343
3932
13773
821
1119
8007
12487
15677
4215
453
4289
1335
5188
14096
5109
7423
14333
1293
1356
7551
4895
7181
3331
8012
15639
14196
4415
13397
12532
15685
5445
7421
13367
12671
1039
12412
3551
5591
5119
13068
3852
7189
13265
3196
12541
1887
16183
4980
220
3295
1013
15665
112
983
7233
12661
12405
76
3916
8000
1473
13553
781
12368
12528
1876
14080
7991
4912
1372
14295
16372
371
848
12403
85
1396
325
5916
12301
373
961
16221
7280
5431
964
21
14157
12621
12309
13253
1861
13075
15827
4925
1053
3287
12485
4865
7677
7989
7428
3376
5584
12755
1793
5453
4383
15687
13119
12544
7644
245
1797
3583
1373
1885
3072
1347
5965
4976
13361
4556
7244
1884
7196
13428
5904
4465
8005
15573
4053
4436
1375
317
5397
12540
7505
7377
8060
13255
13585
5453
381
4471
1283
1364
6005
8003
4419
13651
7255
3087
16339
3399
117
4469
7455
1087
4944
3853
3167
12509
15
1873
4979
1296
15815
1404
1239
16323
1527
3956
15552
13309
372
14143
4419
13397
16336
477
3132
16245
3412
14172
1345
3164
5149
8129
3269
1045
3953
3536
4156
5455
13391
14205
16368
15428
5491
3088
3121
13775
2047
13559
8179
5492
3535
1395
1479
3136
7415
1845
4311
780
12493
797
3269
1373
3265
4340
7948
991
12629
1491
23
15811
15564
1265
13063
16243
4932
5143
7537
4429
7236
15681
13651
12608
8177
383
13439
13331
15428
501
2047
5188
3925
14332
1476
5149
4317
13620
3860
13149
5909
85
3077
3379
15616
16147
3541
12368
14135
3103
7220
7621
7443
4301
197
5955
7939
3331
16244
15808
3527
4928
1045
4548
4989
1484
4061
1043
4339
7187
15860
883
2037
3857
13377
7171
5189
7989
5952
15860
15632
1807
12767
3840
4336
112
4292
7232
15441
788
13527
12759
125
4117
1521
5077
15412
972
5215
15861
7364
16336
769
5141
8023
13085
13525
4209
4096
14287
4981
12791
12373
1525
16144
4165
16336
5073
12595
12797
3100
12359
5063
7489
883
3393
369
124
5197
3287
1999
1047
3332
1087
1088
275
15372
13315
16351
1141
7436
12545
60
961
7380
7472
4605
15863
6093
1297
3933
893
13364
3276
1361
3165
12743
12607
13636
5365
13076
15676
13379
15708
789
13616
16195
13367
7644
1332
6083
3152
8028
15860
5361
13151
12300
52
1217
16343
7503
7239
991
4349
12289
12353
69
15372
4044
13635
15427
13552
3135
12661
240
3349
788
13633
12500
837
3443
5909
3953
15380
3085
500
1792
768
15559
1084
7941
15677
13565
13376
4301
12631
4432
13361
12739
5599
5136
6099
7188
1804
3521
8149
12788
5188
1363
13309
12356
275
15741
7503
5904
16192
5180
4471
1475
324
13121
3167
13635
5200
12364
8177
5327
5453
12592
15687
5236
4548
7620
4081
12765
16335
15607
15557
13680
4319
13311
1472
4943
881
6108
5199
14148
3287
3139
4864
14131
771
15479
15411
4887
15671
1021
6108
14172
5396
7408
4047
13063
3952
7941
79
15703
15607
13504
479
7423
13299
15613
12575
14276
5079
341
7676
8028
12624
775
5139
7391
14100
3073
5068
5495
4916
12368
14111
1845
5457
4976
3121
4096
63
5364
13407
12503
15436
340
7489
263
5200
3841
12339
1843
1335
1021
4211
849
311
14287
7477
5581
15741
7476
15685
3955
4417
3920
2000
12789
1845
7989
3089
1044
3157
192
4339
5367
14100
4368
3551
12368
7473
1089
12656
3133
15603
257
256
7428
117
6000
2037
6081
3380
7292
13811
12413
3909
15373
7260
13619
13407
15827
5893
1309
6092
5901
5063
16213
5207
13141
5132
5588
15733
14165
15665
1085
4053
4149
4083
14205
3453
3856
5621
15628
1013
14204
16147
7472
5940
15428
14148
788
4465
5488
5200
4307
15421
4916
4036
6084
6133
14175
15428
6080
13519
12293
3335
15475
15681
325
3580
817
4947
12627
4373
3188
5969
12383
13149
3316
3853
1855
8143
7180
13139
1292
12631
12752
351
13057
7949
3441
15409
1235
13316
5952
4149
5581
193
3893
15473
1235
3907
13631
13652
13397
12307
1103
14273
12485
3447
4111
3191
1149
4957
3856
13107
13105
5573
3264
14093
5119
351
20
15447
1087
14175
5445
4877
7645
12367
12371
2003
3568
5316
1813
276
4469
12660
15571
5316
15583
13279
4053
13811
15700
7171
1872
7391
817
465
16141
3891
1340
1045
13264
988
7551
5572
3843
4563
8060
12480
1331
4565
15605
976
4375
7388
212
12483
12797
5140
12371
775
12485
4295
316
4083
5116
12631
12627
4935
4044
12609
14167
15389
799
1905
4605
4147
7421
15583
16253
7436
215
8183
1108
7184
1820
14204
3569
337
4215
5075
12596
14100
5137
3085
115
4944
1015
3149
13333
14300
192
14095
7501
3413
13629
511
383
4307
4412
3313
7477
7409
3447
7444
13120
14320
14129
16188
5105
12592
12348
8132
13360
5325
5919
14192
1137
3901
4359
3292
3891
5975
4209
15733
13588
13639
5493
2004
12609
15681
6081
8147
3859
13588
13683
4879
13599
4160
16371
7373
14131
1357
1116
13361
252
15824
15573
497
1532
1285
12485
1845
5587
7668
4595
5341
4180
3293
8145
4597
16245
5975
13085
12359
13661
7636
7956
1359
1025
14332
49
5972
4932
3965
893
4979
14097
7492
335
15575
5453
4933
8031
0
3933
1809
4165
3092
4357
4471
12656
13585
14303
5340
3329
1328
12308
4413
1293
13332
1367
14084
8179
13813
5405
1295
7408
12755
3405
3189
15729
8179
3573
7955
7452
15639
4893
12599
1856
196
375
4605
4877
3859
13555
5341
4359
1009
12756
14081
13565
855
13251
12797
5057
15869
15808
7229
16381
220
15439
12492
263
1301
5904
5621
3408
14103
4085
1271
1493
13655
768
4083
1345
7285
7295
14301
12751
1047
7665
789
3967
14332
1269
5959
7428
220
15604
16371
1024
4464
4037
13073
4959
977
317
13781
8144
8028
13559
12295
3329
8135
5392
13680
3197
13141
1905
4156
15475
4433
12372
5379
3335
327
1300
7519
51
12
15557
1821
448
13168
7668
7988
13328
7431
1349
15709
127
7632
7505
5108
7381
5951
7501
4357
15668
1853
12509
3156
279
12339
7411
7623
15379
4865
5440
8001
12752
500
13619
12573
4951
4319
12784
13343
287
15825
13587
1472
12480
5076
14293
127
2033
7255
1348
2047
3125
7493
780
5215
5205
12371
7959
5237
8188
1348
15383
13812
14135
4033
195
820
