7223
4592
5201
3575
7251
319
13361
1119
12309
1811
2035
3159
215
4607
4465
5568
7504
1335
7373
12316
13379
5903
13365
15812
14300
3532
799
1079
4092
4080
4116
61
5599
12621
1345
1809
13365
3267
13661
3568
4895
3868
496
15615
13379
860
7444
5948
15685
12736
12671
16223
4113
4359
885
13325
16149
13767
1805
13264
4885
1013
14160
7679
15420
7220
1840
4096
13141
1807
15564
835
13123
7635
13300
12621
3088
5316
13073
3101
4931
4417
13277
13271
16324
16189
28
12531
5215
1040
12304
4209
7423
3441
5139
16179
7447
1361
7667
15573
7491
15681
16209
8051
6101
273
1139
16327
3073
3927
15439
5148
5392
13519
7441
983
7644
13251
15440
3120
13308
1852
7172
1357
1297
12480
16381
471
4893
4316
1077
7409
7623
13309
3917
12565
12544
13372
4599
6096
1521
3132
16332
3919
7376
4476
2033
16207
13523
14159
16369
1365
12559
4445
15423
87
7171
772
14109
16180
7455
14284
8147
3315
3196
4943
1345
7375
5315
7377
476
4109
5072
2001
1149
7361
4560
3276
4052
1916
884
5343
7489
3164
13652
13631
3135
3575
963
4337
5132
7665
7951
12292
12529
7428
980
4127
16183
4052
13504
1792
7377
5399
5367
5959
451
4343
7964
5119
8001
13629
12660
7375
7409
4036
960
3281
5981
3955
4943
4036
1521
12656
325
13373
207
12661
13121
4383
8176
15604
15553
4477
1235
5133
7997
4119
8135
3331
7453
14101
13329
5389
471
884
12357
15361
13361
501
372
5373
2005
12415
4103
5343
5503
5936
3
211
16205
4865
3527
16135
3199
4551
468
3284
3532
7180
4164
7488
8000
15811
13072
13505
15681
13524
15633
2012
8061
1299
5232
3157
3149
13808
15583
15427
14084
15821
13056
15729
211
13808
12788
15644
5396
5959
13105
3535
372
3357
3905
275
4423
13763
8143
12592
3332
13340
19
7377
7185
240
3077
5340
5596
13076
5389
7455
15623
991
3917
5491
3543
12369
13631
13333
15475
4893
5313
304
7516
7252
13517
1364
5460
3331
12668
7671
4337
15436
319
1332
831
12340
3076
4208
13572
3265
831
1223
4117
5171
13329
5972
4164
5572
839
5437
13597
451
16223
13252
12621
5188
4049
12293
13681
3351
3316
4161
13580
5424
13365
3267
15556
13141
7679
5233
6012
15824
5151
4428
503
3415
5140
5123
12372
12623
12669
13333
15580
5365
15732
7361
7377
5341
5237
1356
5583
5189
5183
6140
14131
13277
15376
15743
3127
7247
113
7364
13621
5980
13812
15711
13573
5623
68
16157
8135
12788
12788
15703
13567
4208
4429
3319
276
3895
1287
3344
3376
16183
13637
8181
1277
13431
6012
13151
7948
1840
3445
15479
15645
16204
4479
1012
3087
4912
1984
1293
55
1857
13783
52
13772
15365
1333
13521
3143
14276
12621
5197
13567
8148
5319
15408
1011
5969
3580
16149
5315
7539
14165
2045
6111
4925
5197
5201
2001
4915
1103
5405
7676
4097
12369
12365
3377
5447
7541
12623
3855
7191
49
4343
15697
13085
5212
13524
15605
15732
1151
829
13255
31
829
4149
1116
3532
14323
14325
4468
13631
5171
1484
3413
13524
4869
5332
16147
1493
12575
5140
1237
7376
15440
4149
3357
5124
12403
3101
272
4093
1823
7948
8051
13133
13808
7537
12659
8181
1301
7441
5971
324
13335
3845
7989
15709
3847
12316
1852
15425
8003
3317
4288
1105
221
4928
5124
1109
14325
14084
5312
7507
1476
14140
125
1484
5495
7244
2039
14197
1116
12529
13379
2007
268
3389
1984
3264
15633
6135
5955
4892
76
13597
1987
13779
5105
7504
13173
16383
2047
13180
4223
1904
15699
15409
7295
1245
83
13653
13308
1988
12787
3164
31
15647
15380
15831
5571
15620
16189
15
1887
13121
4352
3092
16332
16208
16132
12659
1072
13651
3197
7415
8048
12759
12309
13057
15557
13436
15828
7245
14276
4564
7631
4051
14321
5140
961
3324
5340
13396
1024
15709
1108
14320
831
1841
1792
14080
13249
5172
4464
5172
375
5340
12556
12343
14207
3125
13779
5399
16321
6093
1303
15711
3868
4211
12495
269
5937
2032
5069
12791
1372
3159
13124
4188
13631
15381
3869
5375
8176
3525
1027
71
15553
15376
1520
12304
5151
4867
7955
7431
851
14151
12784
12561
5120
7245
5425
332
13360
1845
15479
1075
1344
1876
13151
3155
7364
6128
1792
13120
16148
3075
771
5628
5968
15631
4357
7197
4039
13276
1500
5189
4931
3327
4147
12767
851
7488
213
7383
3073
304
7937
16196
1040
7447
3313
15604
15436
13521
467
7509
4109
7389
15629
13555
12660
15475
15363
1807
14293
7447
4092
13276
5431
14140
768
5429
13117
14149
15632
4948
773
1245
1301
4101
7244
4304
207
14149
7260
15441
13183
7295
3197
5891
8048
311
1479
13651
1119
4051
15601
15743
13655
15813
12741
14287
17
14195
15421
3421
1008
5148
5429
14332
5377
3869
15436
7436
13661
268
14087
3329
1373
4599
13645
1996
5441
13653
6133
6108
7175
1997
17
15361
8156
4341
4156
13636
3520
14320
2032
4103
7187
7988
1047
284
16321
6133
12764
7939
5196
321
4173
1348
3956
5329
5120
7189
976
5437
1397
12353
5583
13149
4037
4096
3533
3535
4117
2003
14159
5207
12364
16207
5905
12557
13313
13639
3537
3453
4164
13109
14276
7252
16204
87
15421
14295
5500
1857
7197
12400
1520
1109
208
3197
255
16132
7427
2033
15572
4099
1532
256
3843
16340
7372
4871
1879
15831
1908
1359
8007
1856
16159
4469
3076
12532
7967
14195
1027
4212
3895
4176
5111
1284
1364
983
14292
8029
8051
12755
4880
1871
1284
15613
5427
255
12596
5908
6101
4400
4364
13519
12797
6099
15681
6101
5617
7539
4935
13365
13519
15556
8053
8151
15363
7251
1
1475
8029
7988
15831
4352
12659
3084
1020
5069
15645
3863
976
1535
279
1267
15616
4036
3551
15708
14207
829
15381
14087
7436
12669
6096
7220
5589
5895
16375
7495
15428
3124
5573
15857
15412
14151
15735
14277
15645
6087
7232
5237
15868
13685
4560
5439
7439
1044
15420
1364
1279
500
5956
60
5183
14196
12372
1840
3953
5965
1311
12307
3328
1143
12796
5623
4156
1988
5584
1217
5313
15439
14093
7616
279
3380
12348
197
4607
1107
4164
4181
7679
12
981
5063
15856
1040
84
4869
7957
15361
12501
272
1108
13260
5207
1141
7223
5588
15732
14333
16204
13660
503
5333
15868
340
80
12357
5201
4991
13072
13764
3413
3453
5171
15837
4864
5124
1984
5199
4116
7375
3520
13780
975
16215
5441
16252
1495
15605
836
15863
12785
5135
5956
4935
13581
4959
12405
15668
7231
4288
1105
5584
12400
341
5596
3095
15636
7219
1524
7676
4316
7632
1281
7373
15424
5937
5575
7495
16373
15693
5588
465
4220
15455
5137
3264
4572
16144
7377
13077
5380
12295
1991
4983
4368
3089
8129
13121
1916
16192
6083
4351
1139
4417
3188
247
15441
13361
4103
5375
5396
16373
4383
13777
253
4991
335
4044
3889
3388
4303
1037
15812
3332
63
7235
12669
12304
13584
3583
4423
1303
16129
5969
14151
3895
3267
5429
12656
3933
1797
4032
797
4212
12492
4340
4047
4913
13525
3277
5077
7423
16148
7440
7185
7376
13141
320
112
7936
15605
5365
13127
787
7428
4339
8015
1299
5905
1041
12797
16243
12741
13811
1283
1484
7381
13588
4357
13429
7952
13109
207
7244
1283
12741
13396
14081
5213
4948
4061
4980
320
13104
5491
7440
12628
1991
13789
3392
13116
305
12544
7233
13303
855
1341
4980
8055
2004
7635
5452
3541
1092
1295
8144
4147
6012
16324
12753
7411
13333
12403
3136
4096
16195
5373
15383
1299
1841
8135
15440
13764
4356
861
4053
7372
1092
5492
7667
4371
14164
479
4191
5936
14093
3895
7429
7987
13135
8145
8156
16340
13121
5456
15376
4948
16368
7199
4035
5188
14133
7280
287
12291
14325
4147
5133
7503
12495
13693
4339
6083
7283
1117
3909
13168
15613
5185
15860
3907
3317
5948
6087
14149
5212
15569
4177
13299
12340
5312
5245
15377
3405
5939
4948
448
5959
15425
3956
7621
2032
3279
305
1140
7620
5087
4368
5360
14295
1477
7959
5183
1523
4045
3921
7231
4868
3327
3935
1235
13135
12740
1295
15381
1103
12353
4348
3072
1473
16140
13439
3087
1535
13780
1868
4416
15575
5205
12373
5215
5461
880
6081
13328
860
4356
15421
12497
15859
4871
2033
4881
16244
4404
4476
13519
4940
13169
13124
4
13107
13255
12484
12355
3139
4941
1103
3413
12636
7220
1047
15831
4893
13525
1909
12495
12764
769
5059
14277
13172
5207
1357
3088
4947
12499
983
4877
4941
497
4367
6080
12548
13071
1045
12359
3397
15629
1805
15472
12547
1361
4037
6083
5233
13767
7988
95
4956
4381
15729
13655
6092
1347
3100
6108
209
3279
12485
12561
13116
4931
13367
15603
6096
14133
3091
4421
13427
14323
4179
1375
5111
15445
7475
3265
6099
479
5127
14300
4435
3167
3917
2045
7428
6132
13783
13168
13772
3084
1876
16321
7452
14080
15367
4044
844
4915
13687
1397
12639
15620
832
5959
3541
3952
16129
848
4432
257
5395
12369
1985
14285
1908
8183
12557
5489
5183
7247
60
5169
848
7388
1239
4101
16196
5573
4565
13663
13765
16196
6133
3539
67
4420
13071
5573
13397
13783
15473
13504
14321
16247
15824
1501
1089
349
15824
3527
4301
13820
12751
4928
1820
7372
508
14303
7485
3533
6012
3333
16197
4865
199
7285
7631
5493
4423
4305
15812
3184
8159
15381
5597
4045
4116
13173
5395
1501
4479
881
6095
12352
5105
4372
3316
16128
5328
3333
7231
16373
13308
14287
5620
5200
3281
3292
4435
7427
4047
5583
1079
13317
5173
124
5571
12765
3924
12629
980
12501
3852
12484
7536
15623
4595
3380
8143
12305
4119
6109
13776
3093
16212
305
1328
351
193
4317
64
448
3409
16141
16383
3335
13071
2007
16372
16191
13279
7507
4436
15453
3840
3153
5149
63
1863
7644
15731
12403
2032
7253
16325
4884
5949
1500
15556
791
197
4048
1235
320
7536
8053
4164
3955
1852
4304
5941
1087
3155
15708
15361
13
7428
1119
13109
7509
4311
305
15836
1235
1047
7949
13317
7479
3328
1341
1860
7617
4372
3859
340
15379
4189
208
4085
5200
1008
5056
13653
4887
16255
15429
4309
12549
13341
3415
14287
1476
8132
115
3572
12373
6133
4359
8029
12400
1092
7228
4879
15375
3967
5168
7549
15372
13333
7287
8179
5591
12404
7997
7428
16383
4884
15612
4112
15424
5405
3893
15679
16176
4309
8007
3315
1052
15424
4544
12497
14080
16221
13269
3520
16332
15709
195
497
3356
12480
15440
311
5181
3348
4949
12357
3520
12493
12336
13255
12748
5212
13571
7447
14143
1475
4183
8060
4545
3157
5340
847
3315
1793
13660
12540
3295
3389
64
13360
15472
12548
3348
1485
12755
3123
12621
220
6012
13585
4301
13575
1524
6012
14172
831
80
471
7957
5215
4157
16368
7633
5573
5183
4033
14161
15668
13117
12751
6100
5631
15621
3191
5619
4149
4413
14195
1365
14324
7191
3388
13760
5404
7184
269
6099
15619
7284
14140
4084
4103
16129
12757
4924
3571
16208
448
5381
15436
15859
7679
14145
12485
244
1299
12500
13505
7255
1875
16196
5180
1349
13684
12483
4189
373
16220
12637
1073
3153
17
1269
12485
4116
3315
15665
5429
467
13527
8179
5908
12316
13763
13367
14093
15628
13364
7493
79
13683
1492
5905
13591
4887
15703
14289
14291
3549
124
3537
13365
12401
3847
12599
15361
4979
13597
16189
3927
12316
5200
1008
13340
3148
4976
4428
8060
7413
855
883
4989
7508
3340
3072
1475
5379
15557
13791
3453
5073
468
4097
5399
16335
14175
1237
14100
819
1308
7491
368
15581
1812
4447
467
12628
15452
5445
15601
327
5379
15447
14167
3135
5373
3159
1093
240
15616
1239
1247
1088
3287
4959
12615
13252
7543
1279
5232
449
3571
7476
13261
5076
5104
3573
12541
12357
348
7245
3537
1853
1237
3540
5917
13389
3281
7988
15428
15564
6095
1311
14144
4357
5185
13583
5937
1348
5363
12636
15569
2015
1332
4351
15700
3312
1917
8133
3895
15365
13584
1141
4436
13637
6005
15604
16133
4595
12559
1036
6099
13253
85
12401
7231
852
5395
1301
5424
1269
275
5363
8017
13396
5888
12511
4341
4111
13327
5968
13373
6084
7485
452
1117
5392
4049
1860
14327
84
