923796689
7655501
873582593
13845572
121756928
13644852
12898576
475969
475409
1275716
220018497
873463821
14486800
4998161
1901585
803892
29622289
3212109
1953860
121713885
19716
1261568
51499844
17092621
1275725
14435405
1957124
16830733
218182656
19716
17580509
54529489
231752772
260
266256
4561
81595857
14496845
4112
0
7633
13847860
53556
13634833
218906701
7603277
872468737
3461136
30426176
3634177
3380
1957328
29622493
67378461
118509009
205537553
803085
55379060
1901008
14483533
1167373
30425309
3437620
125256768
51397649
4211828
1068509
231854093
54542337
7409104
7602192
65536
57987072
873677892
30527952
1079105
873281345
3212109
13648925
54526836
12874820
14436212
3635060
1264900
51396609
853009
275677
13316
121635088
20398916
12898369
3549
809569549
218366173
30428624
1854929
1048580
3464657
13648145
7408913
930565584
7815425
853824
55378804
13631504
16384
74527965
1170704
1274945
54530113
218157060
68916
67375172
119620
4224845
57934080
51384333
17266496
7406605
488461
473976093
7631988
7655889
81599744
57740753
205588301
55329025
65844
1053
316225
3211536
54529280
29700
4260113
218121025
205587665
856132
16388
1903924
927167697
4672784
3634177
213056
832
7828481
19988545
54591556
3621120
12858384
4260100
51380276
227188
17039437
1052749
852020
205521012
4408384
219958749
1053
4247809
275677
29625604
872893725
81596429
886260765
68279568
218956608
275485
57741364
72964
7607105
14437645
57933892
859613
852228
879824912
500224308
1263476
54542401
3421200
54645569
4259956
18681933
1261597
3408132
119041
67372048
856336
804672
218317889
16791360
18677981
14537012
1056013
218133521
221316932
853005
51606532
65540
54648068
856141
118496512
118505588
54605021
18678849
13684800
1170704
3421236
17580340
856064
1914688
218955984
7816000
13638913
51499073
51384592
4410832
3461236
231751744
16794701
67424516
1102033
57737284
122490957
872481844
57741316
31314177
80757044
122487873
262980
1052688
262609
54596049
14487809
7602436
4224052
5047156
269585
14435536
475137
1904657
54593345
822156561
7602205
275457
4420676
80953613
218593092
230950772
54580045
1101889
7418893
3216196
855504
18244
7410548
13377
70547268
65793
3621136
70729729
214225
221319284
232589133
7655476
905233
218580852
55001565
16790749
54543412
54555661
13844740
4224004
57941456
14484481
7655476
5099729
125056068
125056068
13647889
1052688
4998260
803908
1901376
121651277
30532
230952976
55382276
13844480
124849629
4368
57737693
67325213
67174669
17092881
3624209
118852
31261504
13844944
205522036
231738625
4420612
55378960
54591565
58147281
17581172
13684801
12845069
30425921
4207681
1051920
30621904
7816192
17633345
16793613
81596429
19992593
7409728
7425
487393140
232591377
221511889
218170228
12849361
4211921
17043485
67113233
227188
18681297
4273152
1261569
54595700
14483472
1904900
54539332
13688273
4997121
4260880
16782196
7815197
65844
70320129
1048577
3621136
54592529
318772
55391440
55378189
3461389
14491089
803281
1062097
218222621
3620932
1900548
7633
13662016
118505489
880230413
17642564
12858372
232591424
803908
221541392
55004445
29622289
213009
30462209
71310813
51433473
68864
7615696
30426164
1900557
851969
30425309
53261
1851457
122110161
13661252
13632541
51380276
20411409
232591645
886050829
872893904
51384337
231948573
5046580
16436
7409664
853825
4195136
1851869
29623348
852036
3635060
51380688
856528
13845581
13858628
58148672
205550657
13858628
119248
125046797
54543569
852177
4196173
1901008
3621696
30422852
29623348
30465281
218579776
29622580
851997
55431476
865344
7609600
51393537
29622541
220008500
29623312
7406593
213057
1066001
1052688
57987073
4998208
214132
0
3464500
1105156
13845312
52236353
232587328
30462784
121714496
7406801
16790605
221725556
4316429
4264400
54595597
14483473
69901
7631873
20189188
19992836
4198864
65844
3461377
54542813
262980
13753652
804685
19725
16791360
55001396
69700
13329
12845329
66769
221541380
1065012
54582736
5046736
879825117
17092877
205747216
54545665
13645684
53469
218379485
13648961
14537549
220060980
7815376
488465
1900753
14483456
12848401
218395665
30465501
3409780
873218893
5047300
74527812
13845581
873268225
124860224
13631504
267076
218133520
16793856
67968464
318929
5000452
12845060
905233
30425552
121648192
4671297
119053
5050381
266253
7631988
4260125
853008
4513037
66769
3213124
55432001
7409729
80753716
1900548
489947344
1901569
54527821
55379777
78864
291856
855300
54591604
1061940
500178192
275677
923914257
12846925
221516612
1025
315469
121639745
856273
905680
220008717
3437776
1076
16842817
54844673
55329652
55434509
30531025
221724957
18631936
16778048
3218909
4274036
13685005
803917
16991236
4381
1274996
51594256
30409936
474431540
231948509
4198609
16842768
3408913
18292
874323217
17425
488512
231002320
231854144
125046800
57744848
275677
866116
51393537
17826257
7815425
219956045
4410832
926955380
16842768
5053696
13684993
489947344
216333
5099636
20188417
4212
79983684
4224221
853825
14488388
14483520
226356
803652
13844740
13647889
465
1049604
13645632
54844880
13428
7418884
13633344
905216
125043828
18292
4201744
30530817
121651316
486753396
18038813
260
7655488
4407568
54533428
3407876
3415504
802884
875823364
7828496
851984
226372
216320
262609
7602436
67974145
206374721
67178804
205734980
803280
124847936
1049460
7815376
262416
1261684
56577
29622289
292672
19990388
70570061
221725505
880019268
4259956
73168
5047105
20398145
206009553
478464
803124
29761
18244
54529489
1901636
58147025
886100020
315396
13684944
13684800
55329076
873480464
56784
3422017
872629364
221319424
4197840
4250880
121861121
51380433
855505
3412020
4261072
1275716
905233
1167616
219378740
4260932
119044
124846093
7418996
118505729
66625
218580852
1275725
1066001
231854196
54740020
119056
118518849
78900
79056
118505485
13647885
30408769
66420
54542452
1900621
852800
218959924
478468
4317
205537348
16896257
7631988
69853
1102093
81594189
1900621
265488
54593345
124849629
4207633
803280
53533
926994436
205587520
218960132
1065220
1851508
880243776
806145
55015236
12845085
4997377
221724957
221728221
54542813
13688080
69645
219365393
13328
3212305
3464500
29764
20399937
875627728
3408756
16833805
17642513
54543437
16843012
488390672
118506548
205586436
218318656
69065985
54579316
3211536
852996
30416128
51436804
806365
231788557
3211293
119261
3224640
231739600
218907652
205734941
55434509
7410128
1065220
1262592
30428417
213252
67915025
218330113
205550657
13645684
118608093
1954269
67321856
29629700
7412992
218367808
55382068
4670580
30412048
218108368
4313156
67375105
4224052
257
873467908
7603012
7418893
1914689
17580084
14536989
219958528
213044
1851664
4210753
5000477
53277
20189444
873480257
54545716
1900753
908544
16850205
865309
1903924
55385345
231735505
4196212
1852445
1170701
29622545
30621953
29904
1261584
16993537
3634241
859409
5099520
205574977
226372
1049652
54842180
1167645
29651984
218395716
218969309
7817076
262365
5046529
30422084
1053517
4408372
57933892
1901389
3212509
4212
4408132
53316
218330129
14487604
125096145
20399172
499387661
13685620
4941
872481805
31260880
54555712
16843060
7405645
4211921
803088
125043520
29709
3415313
7616333
54648068
121642269
231737152
118813
3215837
262417
5050420
873585920
1902400
1854749
476996
31211985
218959133
13684944
74527796
3415313
3408912
214900
65565
57947140
7815440
13648961
219958528
55378960
66564
1052893
231948509
121851357
65808
54579473
1262621
874323217
218960337
3216244
13649105
55377936
1907997
872677392
12849408
266305
66381
5099636
30413008
12845264
30527761
13649104
29700
218316916
30462173
3415313
218959108
1954269
315869
879825117
218104077
18678032
1261789
3412801
874320141
54582736
879822669
1901636
65793
55329233
219955252
927154445
3408093
269789
218133572
20238400
908765
852036
51433744
19989313
213021
57938177
30412829
29626384
872629108
803905
119044
78849
54539265
29761
4669508
266525
1851601
905485
118900
7405789
54542557
3415300
262976
218969297
4211921
54526976
4313920
218121025
51396877
221738205
926959428
4224845
79953936
13847812
122110161
232589133
122333
12901648
65744
1957121
4316429
13639120
4407297
55379777
218578960
13750285
20189393
80754496
13364
14487773
802881
3620868
4224845
13631744
880071492
17583360
3211265
125043777
3621748
3622720
54530164
1053136
122320
12858484
29635649
478465
477005
872730689
1052125
221738036
4997341
16653
218419473
1105156
121707776
874317632
802932
3215361
54595841
872472029
14540253
14536708
17039437
12898320
13847860
17421
218907101
7658960
3621700
118608129
72973
874319940
14435392
70333469
16778048
13684801
7815632
886903053
218170228
7418880
5046336
3634241
16899345
218320145
221724788
3634193
54530880
13651409
7602484
476237
55002948
13753604
54542557
17682484
1051904
4267473
3411984
31274829
58147700
221525200
232641396
124847156
318736
275485
57738269
20189300
927154436
31212621
3464464
227188
13520
4368
54648068
218907700
856093
54595844
4408385
7615553
262429
68962116
1263424
13648961
873680132
125044557
880231428
79680
17682432
3215837
4313345
3218705
218170176
19741
57737280
7409972
52236561
55381300
5100356
487027776
3328
872641601
1274996
1050436
7631988
13647889
55329821
81592336
218579789
69649
53249
54592577
55002128
221516660
70520077
31268148
14486836
16778356
1167425
5046276
51433681
4998160
55332305
12845313
73169
1902400
476996
80756740
3622720
231738845
13631501
7406593
12846093
7602192
29626589
12874961
4316429
67371217
1079105
3635060
14435392
55392116
219365584
905680
55382900
3634176
69661
7607156
68893
16899536
17634164
65793
3621696
275473
13631553
7828481
57937156
54582736
4214224
1913869
57737293
7816257
14537549
205599761
14436212
20214852
263389
17039389
3212509
1061965
886165712
124847120
872903748
57938193
5000449
872628240
220057821
55329821
1903888
266292
53456
219367236
501079505
17093073
7606529
3411408
29761
13753809
3437776
31314753
873481217
29635652
16793613
118490180
852189
1904848
865309
1052929
853005
18691188
121691613
54543361
5047297
266240
205521984
7616333
55329796
4109
218366224
12852509
3214593
927010048
489281
30622004
58147841
18292
218419252
5099780
500227357
7815645
30621968
3621748
853876
476176
16385
29812
57963597
231765213
57987073
16990209
13633345
221725712
122109965
1275764
51381252
4247812
13648145
851969
926941201
4194589
221328593
19920
4261696
57941264
14487617
221515793
4259956
1900813
80953600
122333
19988736
7616324
856321
218582481
54579664
803917
7615696
263245
218370049
55382273
856321
1913857
231752772
475165
490160205
3411997
4260100
214093
53261
14437636
30410560
4997376
118608337
57935732
3437633
12852509
232594701
267076
803076
3415300
57947969
17632733
18241
16436
54591556
18679616
478673
16793860
18628864
291856
18731316
231948340
3212404
3421200
51499268
125056068
54543569
12898321
4259956
29675789
54753092
122128
16807745
475405
221511796
18731217
886849600
315649
292724
13688080
54579664
3411421
1264912
30426945
218906688
218317889
55001101
13857908
308
125056068
16830672
31260689
7828493
20399988
68893
3461389
218582288
231765005
122113332
1170704
5047300
19988484
17631040
221511684
13684993
29675520
3211536
3212289
221725149
17581892
17252417
5059613
205599760
13648912
65808
29636416
55392116
55377985
55391245
315700
1079156
4247569
1851508
69632
17421
70547268
31264884
220058484
17580340
55329821
70333456
7655501
31313924
31260688
121851165
5000465
118702545
262260
51397841
1913872
29623296
267076
859444
13845572
30413060
29622289
905424
31274829
7815389
14486784
16777229
1901597
880071120
17092916
856068
205733956
122437901
926957876
475200
16830733
7615489
17409
1065233
221525876
3421236
55329856
213249
17040605
874369309
7409780
16992116
30527492
17643328
54555713
905233
30413008
269
205521732
475344
803917
54529293
55378960
17581056
55329233
852852
4264413
1900813
872444932
7655889
476164
232538369
20198609
218176976
53249
16807745
17633488
121753869
7602484
872444932
218105665
31211984
803124
5000465
13648705
55382080
1105165
16848
213456
80747792
218103885
7602205
12849156
5051204
220017664
55332305
927060228
54592580
30416336
57741364
218120256
30422852
3464477
877413453
80859613
57934964
886165712
886063133
213825
57938128
54592529
121635841
218169460
53533
13751117
13845572
226356
54533380
17004365
54752320
56605
16990285
16777229
30422020
3461389
4304
4160
30422224
231788609
7632080
57963597
54579316
7409716
80862465
16777232
13635856
65821
7405568
7828548
79681
30410612
3415309
4195549
79955008
67175501
17580317
856321
118502464
20238644
1902400
476992
825492688
212996
1901620
12898589
31261504
4198417
1851457
877465857
7655501
1078276
5000461
3422020
853008
874316800
221319437
7603277
13635613
13753652
58150145
3412801
226320
1265104
3464452
1852276
30635037
54542608
1851460
79680
13631504
19989312
30412048
4369
205734724
51499268
7816192
54555652
54580032
16794692
30635229
55328768
18691124
4210960
57934900
218370320
7816192
55391245
220060945
57750596
3415296
1904705
14486992
13662016
7602205
13533
16401
1061953
7631988
122500304
1066100
29623156
213069
1048589
16896116
54595844
31265245
55002189
872678208
886048577
70097
263168
3421200
4247569
804049
852176
12898560
206372865
118493252
16796944
1853249
221525005
31215056
67336000
927167697
1262656
54594832
13635652
852800
315456
13846336
80010512
16842817
55004416
51595076
1264900
70333440
218379473
231948573
54648064
205522036
213005
1065220
58150160
221316161
57987380
488391680
56589
855300
30528
853005
57934912
218956608
54530113
318929
880021776
55330624
14434368
218169808
4669456
78916
3214593
1901620
18292
55328845
119345409
65540
803856
58160961
1262400
221516660
1264900
4408388
1913873
3437632
118493440
70097
3412228
5053713
218317940
57740753
4420621
3621341
221724689
13750541
1068340
53469
218157341
54543361
1170704
57934045
122128
20398353
856337
1065233
3621888
13661252
1078349
14485316
51397636
1065220
30465501
54842176
219009869
57938129
218222877
3408336
65793
226372
30635841
3412020
923917776
67116305
67427584
873464836
55431197
275572
14437840
13647885
218169460
205574416
500175312
13376
269569
54842228
17580317
3437572
218121245
20188420
17252368
872416477
51393744
213825
872678452
3461965
72155600
1851664
14434321
213825
3216196
12850036
475165
20188420
13631952
58160244
54739012
12849984
221525876
231752772
4247812
1053136
1851405
4208500
7816209
3421201
3464657
17632564
1854720
12848384
12852509
55328772
57937937
16896208
219956240
5048129
57737489
70730816
54526016
20199284
13647936
55377921
29623105
1061940
13648349
69010641
1851409
851997
54526221
1900660
66769
5102861
1167364
872415248
872680912
214016
14536925
7815440
873677633
218909956
13638913
54545665
13648708
29652852
3621952
54556493
121651316
3437620
54592529
57741520
54644852
216336
221724880
29622289
12846109
3437633
3634253
54526417
499414016
213021
13750285
66381
1078480
54739252
5059613
4210704
66564
1051908
4997380
206009552
232587537
13635892
7828481
4198865
905488
118800
14437636
0
57934656
54752308
17839313
57737489
803652
872494301
905680
859408
58147908
205733956
1052928
500175108
1167632
57738061
54579316
291844
3215632
17580317
219379520
1102096
1167376
226525
31260672
3409780
57737280
855505
67126336
17043725
122437636
65821
214861
51502353
51380433
57933892
122164
822297409
122128
4408321
263169
3212109
12849460
65821
1851444
1914740
3224641
1101828
487394589
16843037
70333469
205586449
54542608
205733892
17633757
16777229
486605645
121847824
852177
227149
873480669
856528
231788557
886165773
3421200
1053136
18691124
1904080
68279553
80859601
219958749
4273360
125046033
118703988
18630464
55002128
18630516
3408896
879824180
73181
13647901
3415313
3215424
16856272
872534900
30635037
122128
16896257
16991440
79057
57937181
121704756
14435405
58150160
68174912
475405
80862493
56592
7413044
3216244
51380276
7632704
14486785
78925
30422224
55001101
12874817
13632516
54527821
7615504
19991837
218959104
74718477
1908020
1061953
31313924
218370308
3634385
3621901
30425553
121713668
218173456
3212100
4408349
74514740
1068509
803652
5047108
4669700
4210701
16593
3214621
4261085
3225412
66560
31264000
3621952
218422580
1957328
80010704
119355213
1904093
51393744
29675792
205534416
17409
54545716
17583360
206373904
218379328
80954576
1049053
29904
214861
12899188
218317892
13858000
30462029
58146881
20401409
17642525
7603408
55332148
3408336
1263424
1908176
16794637
219012381
4313921
7413044
232538128
55391232
1264896
1049809
16843805
12859201
119249
218592269
16833793
3421201
13844689
262417
3438400
4100
315601
13647885
18241
836574480
218582288
58147700
4195341
880030941
475252
54132
79958900
125269213
218373380
219365584
55001105
30625076
1852480
7633
3415313
318772
31260880
5046580
4669508
4421441
262609
1065012
51502388
29629713
872485700
1066000
273
81648909
1274948
5099997
118505693
14435536
18629085
78916
4420637
51594356
29652176
262212
31313997
874317009
1851408
218225972
3224580
1061940
489950464
232644048
12845329
1957328
1901568
16452
4248388
124849616
7405569
121701440
1261876
14540253
4195328
54530112
66625
221519108
267076
873464692
218316916
13632529
488448
266244
1056029
20188429
30425089
13631556
7412996
822359885
3409105
263376
3412045
55002176
54533393
17217
205586461
218120448
4997380
5047313
1914688
57740753
220007697
14436212
1903876
30413021
69073
262401
930576192
473970497
65821
3464500
1168244
20186180
13635892
