218320145
79693
121688285
474022353
874267661
500188225
4997188
56592
13661201
20398916
121639220
1913873
30465297
218330125
803841
31264769
3212097
221725812
221541453
1051904
232600640
4260880
262404
3412800
3218701
4672797
18241
218169613
7424
13753809
17216
55434705
3412433
20188624
55001396
873678032
55391245
3224640
57934912
20399949
20185104
4247760
12858384
218580852
118505588
924701508
4250909
17633284
231749492
218170577
219365440
269
68014145
3621901
488512
7816000
488465
121652292
54579664
1900753
13858013
16784849
14435380
14483473
31274036
7655709
4929
1901568
30412045
262976
4352
806160
118518800
219956228
1048784
213261
30527504
55381457
54605636
7602192
13631773
55379777
118496564
315700
825299217
218420036
213213
886066436
54592320
1900813
219378701
54644737
3437684
55379009
13638913
262196
16793665
4212
1913860
872415236
4263953
4368
20412225
263233
3412228
3634292
53316
1954052
7815633
54738945
262196
218169553
65549
14540241
4198672
118813
218370065
874269956
57744669
3437776
231742772
7602436
118703105
17040448
905488
1904848
55381469
7615696
54533428
55382080
20189184
905489
119668
220058065
874266640
65793
226381
3622097
7816260
13058321
20398301
1052932
57938180
55014416
29
16669
218121281
4421440
220007697
17265716
54595844
3412224
20186320
51499844
7631988
57963597
13631709
70517837
4407313
13376
30413265
4212545
12898381
20188417
30408717
4273181
17580865
57741389
14434368
29675536
7413008
70570061
3212100
1851405
13635841
13684944
79953936
18734337
13521
20399988
31264832
1852445
55329028
3621952
121851165
230956340
859444
125096209
68963600
216529
221565760
1913972
822152657
122540049
13751104
3407885
852996
31313984
232591632
124859396
806365
7816257
3621696
4195549
226525
31317252
55001088
3408896
7412996
57750541
218117329
54093
54545680
20192733
19995917
4247812
53325
55329792
54530064
31260788
29622580
1264896
218317901
70729729
55377988
1066816
55377921
20398084
66612
874269956
17882368
267072
3215361
1053136
906100
17092881
20188429
124850448
51596752
1953844
1078289
57741521
218960337
232588317
55330001
269568
13844740
16790644
121861121
31212660
80744564
66372
218330125
872481805
874315840
924009280
266448
4420621
1061952
13633344
51593232
14196
315664
69632
16834000
14497600
57987344
3622721
125043524
221738052
275485
13644804
475600
68893
315700
221565137
29623156
1051908
70321165
53533
1050436
7632705
55001373
5051201
17092881
231949120
19993460
4198609
218316916
232538368
70729792
219365645
1904900
822202576
16991248
53504
7409729
291892
218173648
4407556
3409780
54542557
16807796
29904
16777268
13648180
218170577
1913873
1852484
66769
3621341
879821085
1852276
1852484
1049809
214020
54598928
4211921
16784848
67372240
69888
859393
7658756
13844701
4211713
7631876
1261584
12845265
4247569
58147856
14540253
3407936
1078336
3461389
265473
7603277
275677
57933888
3407873
7633
73168
4195341
1052893
5000452
4407552
3620893
905280
54739204
20186129
476992
125056017
54529297
205589760
4211828
14487553
55001152
206323920
1105153
69062672
1904705
1853261
54530164
476225
12849156
872890640
54591540
1901684
54591556
66372
29623313
872494301
1049652
221512705
1954065
1851600
1854720
31212612
51384576
3461124
7606285
1101889
69853
3461376
3621905
226372
57750580
856896
79967297
70743053
3634241
17633757
54526221
16790644
3211265
78916
3408964
873517533
122500980
206373136
67109952
1264900
17630260
30532
205996865
809553985
218379473
54555869
53533
4207680
489281
4212
3412045
57947136
17580865
19725
1904080
476225
17633536
54539328
54644944
1061940
29905
853200
275665
29622276
221512756
12874769
68962112
56580
853005
872893748
3634385
20398349
3211293
81596429
3437597
54582557
13647889
3461341
3332
3215424
74514740
30412813
3224576
218170228
17092829
118506496
14540253
7609604
29651984
855309
3621329
30425296
1954625
213044
206324804
218223437
218320145
68962116
231752708
70097
55002164
55329025
927010820
1049460
13649105
1954049
7631988
7605505
14144
806145
1105169
3620932
70530256
12849216
14486785
51384605
31212561
885313744
54555713
20002628
13750493
1901568
218157069
29652036
476212
57737693
276289
880244557
5047105
3437632
1904900
7405837
3218909
54595844
905424
905501
54644852
231163101
927800628
4211828
57741620
488461
54579216
205733892
5102861
54591565
31313949
30635024
906100
4513076
12849408
55378960
57947213
122437709
1051908
12859201
1907997
218369309
3408756
19993053
262609
4199236
13635652
51594305
1851664
19728
55431220
213469
16796944
4420817
265485
78864
29675792
5050484
4273268
205737233
51396624
856272
70517828
17253380
69853
19992784
124849629
221322500
4100
122113332
872679236
205999373
852176
57750592
218379316
57938036
20192516
54739012
70333661
218225972
54844685
1954048
30412813
55377985
121688132
29623296
315396
29623313
4669556
7815376
1062724
4369
3408909
1066192
14488388
121634832
218955853
4369
54593345
13059149
14434577
905233
12849156
19764
54533393
3621901
1261824
5047504
4197661
57741364
16796944
803649
79957277
13688077
218117329
55001972
30425553
4214045
4212
124847936
218909956
121861137
54592720
1851601
12845060
852176
205574173
118715405
119668
1900753
220004381
80010512
231002164
30625245
262212
231948289
221318608
16780545
31265028
122128
13635793
1851444
1904656
1232
55432001
51436804
3621952
3461136
218369281
1903888
4261072
13845581
265680
13847812
262609
1102093
17633396
1262801
1900852
51593232
926942221
54533380
226356
7405828
1101828
1056052
4997121
865332
219958544
880071492
806145
13376
13631745
81595664
54591540
31212561
218120461
4407505
7816413
205525265
67230992
7437
4998209
53517
7602193
4211728
262976
1908020
489948225
853044
54738973
121756944
17253444
214132
55330013
124846913
5051204
4682829
3408132
68170829
13647889
13632529
1066001
3621700
54591565
3621149
54592580
56593
803844
221725773
232588353
57737437
13636416
54644740
68370740
875823364
218117956
20215005
125269021
65604
51396893
29635661
1953844
51380433
905437
875628404
230949073
316224
226525
206386177
55382324
7409972
216528
12849156
12845341
1066000
19993460
4210897
1901581
865489
218592321
12898560
125255888
218121076
57934045
1049600
51499021
13661200
4670273
54605645
52233220
3214608
1065168
262196
4197661
81599796
122488016
13635024
1905473
232587524
874369309
3437633
5046340
7609809
29622289
3215837
67125316
125259012
218316868
213069
872534289
4304
206426996
205590836
265524
3422017
58161012
51384589
51384797
262417
29636420
205574221
16781329
232539136
81593344
73168
7440
54595841
16848
927059984
67964160
31314192
822562052
219955677
13753652
51384592
7418996
17069264
4998196
12849409
488496605
3215632
1049809
13649732
31260688
7815633
218373393
802932
265524
55004625
68881
4197684
122438685
856900
232587524
73168
54529280
31260957
13648349
13329
125099293
30528
18691917
908560
3461172
16990276
17092685
17632733
7815425
474169408
14540241
3421200
55382273
16790736
51397649
54599120
13684800
3212097
275456
856068
4212
20189300
12849204
214861
3621892
55002176
81606465
220057821
1061892
1105153
3224589
7603408
218316916
29622493
7418996
17476
58147908
57938193
875877236
55382276
266448
475981
1170688
1065233
263172
55002164
17216
118836
291869
13632528
54525956
73168
266704
1105153
13632516
13635853
1851460
859408
13844497
55001101
30532
3409732
873582708
1901569
13688273
4980
3412445
65808
209141812
13651204
872682308
30409780
1900765
124847181
4247760
17629
57987329
1056029
275472
872677633
119248
17412
16790532
14434769
53316
16990285
4669492
18631953
230956340
5049613
12849421
476992
3211524
29652852
803085
13844945
872684804
67112205
18631953
7413009
122113332
262260
218366260
3621709
118518800
231736180
125046224
1068317
124847181
54595856
13684749
122500932
31261697
125046016
14497600
18734337
218169361
55329821
125042717
1167373
51384593
125255936
875627549
4264400
1852276
1105156
5000452
55004445
118542413
20188417
1851444
877515060
231950157
122113
265473
30428417
3218705
66624
19988752
221725812
218959936
65744
315700
1101889
262417
51436804
873677633
874323217
20185105
218367005
16830733
218104640
218959133
4199236
4260941
205599821
17632528
1040
54543361
67325188
262157
70570292
872691572
218330129
7407476
214225
852084
70729729
3461172
218380109
218420033
4997380
54742285
29700
4211921
3624209
54543569
54596420
16830724
31212621
886903053
874267649
51384372
873219088
802832
121651277
30465281
67375360
475405
218330945
13857856
3408913
872431668
231748624
1065984
12846912
7609600
54605009
5046336
17265716
55014400
12901840
29709
14435341
122491149
230949172
78900
51384589
4273360
4410640
17093440
121634832
18682113
54599120
873680141
218104849
872468957
119249
125269213
52285453
1953860
57750644
500190477
7606541
7609600
7828484
57750580
13845572
54596049
3218740
29622493
5047300
17265872
19712
17040192
1048580
118608129
1140
55431428
4410641
12849421
4368
476173
17632564
30462029
7606541
5048132
54599120
3422016
54595613
3215668
886902033
803856
1102093
221724957
3621748
1907997
19992653
54526224
872903748
1105153
4561
66624
205996061
1957328
291904
54648273
30426116
221738036
54543412
7616320
13684800
17425
3437632
31261504
51384384
58147649
54740020
3620932
14537012
17632513
886063133
4409152
7409681
859392
4408321
1901789
205521921
13638913
17040196
7656308
292672
14484596
219956228
218370049
13844497
1914688
12845533
12859201
1052672
52288785
57987380
880231284
205591364
17255901
14434320
31212660
16993565
81596672
872468737
216320
30422224
873517533
206373136
852228
7409104
0
29712
122500932
1275089
4561
803905
859444
55385345
54556493
4264145
1052893
4211713
7602205
4998144
54594820
13648708
51381364
927006785
214093
66369
4212
122437661
4408385
20411600
232538129
13635613
230953025
231739508
57938180
14435392
1263476
31313984
80859204
3408132
122543360
14484532
214132
474022096
30528333
3635060
3421200
51393744
865284
122164
874266637
221328592
1852480
3437572
79069
7409104
118715405
873517533
4224001
823938320
13631556
121651316
219379521
29622541
17633489
1261569
476369
886060864
14488384
1061940
218176977
53713
486805981
5099789
17682717
125056000
1102708
14487761
29652036
65565
124850193
5102865
30425309
19716
930356496
853005
930159885
221511744
16795460
30438608
3212404
218103809
3461136
52236496
872469316
232644049
802932
1857
218320128
232594688
220057821
67964980
13644916
230962205
852852
3215424
872435152
16807796
226320
7815389
4247809
5047325
7413201
865396
475165
13645632
218120657
809504784
31268148
218104848
30527492
3412433
65808
1957124
872415236
4670272
13649012
18632157
7406413
880230452
18731277
803844
232538944
14434320
218419473
853876
12849360
124859601
262365
53556
54543412
20238349
119044
4263168
473961280
218182720
4997121
856528
16807121
53556
54556484
7605556
119620
1914740
1905476
323014660
859444
4194420
12858384
213249
57751360
55004433
57933892
13845325
802884
232640576
7658753
53261
13845517
54544192
57741520
51606541
70323472
4409152
474862400
315700
3212304
51433745
72159297
214900
1167376
80954228
3409105
55329652
29652852
124847104
54644852
67322909
30621812
29623360
4410641
872415236
230962189
205996864
14540253
124849460
205590749
4997184
4248388
1052688
7425
13651204
16843037
74724369
118505588
14490884
73181
80743732
12898381
216324
859444
3408157
51397841
54555713
30462784
20188429
3464464
13753808
318737
57934877
13648925
4194589
1953860
4420817
118800
4407556
219955252
7633
51434317
54540148
218395677
873677008
872893748
13632528
859393
856129
206372932
7816208
5047108
67392
1852276
275572
13636468
12846144
318941
69661
209142017
4260048
1052881
119617
78848
13844689
1851456
208958528
30426189
13753601
266500
54582544
7405824
218222608
13685005
205836353
13631744
57740753
4250880
221738205
16777424
17580865
315469
7406605
51399940
69700
5059805
55391232
853828
57935693
20192733
17004365
214045
220060980
886952401
67322896
14434577
1954269
16990285
7406605
54592529
218579968
13750541
57737280
54591565
31261709
12875597
30409780
51433745
17632564
121950685
4212544
5100356
125269021
473956573
292676
17229
58147956
1261824
13631952
477005
218169809
124847156
1068340
866116
31214900
17629457
218157328
57937373
13059088
7829313
54592529
4212
3412177
79958132
266256
122125
231739508
1170897
65793
873480257
121652084
29678900
13847812
7829313
218133504
218317901
1954625
4197633
475252
19991837
263185
262416
55014608
54526980
58150160
12898372
1053504
13750541
121648192
55330001
57987076
856528
1900753
7602177
5046580
7606541
206374096
69904
16843588
16452
30412829
872893748
13631697
5047105
205593869
30426164
1913920
68868
3622097
14483469
1262656
4211921
54648064
119344593
57963597
51594305
58147956
54526977
54545716
908573
55329792
122110225
218960080
1167389
14537012
57737284
218907469
474172880
13631504
31314385
205520960
51396880
865488
802832
1167424
885475137
218222621
1049604
872468749
54598928
212996
55434512
7815197
3461393
118489361
53316
16778269
14435392
266253
80860020
29836289
865309
16448
7615552
17642509
13635648
13632372
80007440
218133572
7606544
3408704
5049821
14435392
121704704
12874820
31261709
3421405
475213
54530513
19989533
218107981
1261597
874316660
218160413
276340
291904
30635229
7655440
13647988
218121024
7606480
80955252
4160
13685620
219012368
856272
214017
3635008
16452
57933901
1901620
119342196
118836
5060429
118502416
859444
3212352
18678785
221511757
803841
31264989
4313396
218956621
13631709
231163101
30527488
13638913
31264017
3624205
54740804
81543440
874267456
315392
3461389
31211588
806374864
5046529
7419716
218366209
1904948
80757021
16850189
266500
856081
478464
14483472
14487553
219955200
125043921
54594829
67125252
13635024
3218705
18039668
873464884
1105156
7603012
13858013
17581172
56593
4260049
54530512
80770064
4194768
7428
55332305
1168193
230962189
219365648
3408896
13634833
4260929
69888
269569
3621956
3461121
68371473
20411460
475405
57739085
275456
54582557
13848029
474172724
53261
7815376
852033
17254221
4201937
54592580
1900609
487394589
16899380
20398916
1053556
852176
269
72976
231736436
476225
13631553
30408820
315469
19992644
55004625
17476
1078276
81605709
824037648
853069
67384372
4194320
1105153
54591761
31261697
65553
51397684
1105153
218122052
69700
220058484
78849
880022336
54645569
874369869
16436
262145
7476
16780544
54592320
4998365
7658753
218176977
54543361
7424
3412224
5047325
7655476
226372
1052688
218580852
218380148
7603012
218369281
1167424
856128
263172
4197840
7405776
31274193
927744256
55379780
80966669
118505524
16640
1900813
54527821
7409949
218908481
3461380
16856272
54594820
5099793
7606480
58150160
55329025
124846913
872422672
216321
4208449
267085
29623313
1049716
231949520
58146881
7605505
12846096
221725517
1056001
13661213
16777229
13328
54543169
1101888
3224797
17255697
1056013
121635072
54844685
1049668
1052929
54648064
315469
18628685
4669492
18734337
873271297
19990340
19989581
213021
79958324
263169
7605713
3407936
125042756
54527044
205537745
205521012
13651204
218592333
3215837
17253405
1904900
17217
5099729
1065025
4247568
13750541
30527773
3461185
118849
14537168
3412241
1105165
3621149
1913869
1901620
119629
4207681
218103809
14434368
13638928
118715405
3620932
3409732
859444
14483933
3412020
852800
13750737
58146832
1901620
4194369
17633536
218120257
54580045
14483473
54555652
119053
218317892
54530064
54526788
4207681
29651981
315649
65604
1101828
1853249
221319197
269789
121713741
205524240
55431220
51433537
3415300
855504
14434577
67139392
232541661
118489156
13631744
125043828
80757776
55381300
12859201
1048784
13844765
873582865
4210692
218955892
14483728
54545665
5059600
4248397
54739985
13635584
12846093
51499473
875639837
20238353
55434509
20238557
1056052
3437684
1245
4198464
80797136
218907700
875627521
7816221
216321
67961053
16778269
1904656
1908
1954048
122111197
218395713
930402305
19988496
13688077
1078276
853056
865344
31212660
880070865
4316429
20188429
226321
3464500
121701197
4211165
118813
221565760
57738269
29652032
20002628
873677840
1079156
55431197
14537181
13058305
3415313
70518593
54742285
3412020
1261824
3409780
1170897
876049473
17616
218379473
121638929
1274896
221738205
69022929
874315789
1901009
218579789
13688068
73168
19920
4420612
218117956
55385357
230948880
218907712
57963597
16844660
57941456
218908481
812938448
13631556
5046529
930562061
51397709
218395652
856080
7606528
475252
230962292
1048849
227136
7816196
1901620
220060980
905233
873480669
70521668
17412
4561
5000657
54594820
81593412
17046801
3461389
4214020
16794692
7658756
4408132
1901597
57941456
230953217
12898321
4198660
18691124
205996292
836
55001396
1262621
1914688
3215364
57737245
4211713
13711220
54738973
19988957
57934288
7606541
14536989
80859613
16991053
16461
79954228
4210945
4264145
17630417
7815428
70530164
13635652
221515789
872677645
30428417
1900813
4669697
13845508
54539264
13632541
20185553
205574221
872641601
13684813
1078273
118496516
19989581
14537540
872730880
1904948
7816221
873582593
3464500
51594240
31212621
20198413
475981
4273229
68881
54080
55379777
55378944
905693
16777229
4198864
500290369
5000452
17682448
124846388
906100
262160
13662017
856128
1062724
29812
856272
51380688
1049041
13645645
5000452
29625616
263284
205528529
16990209
54604877
7828481
19989504
18734557
3422029
7604084
218370880
3215364
80954228
292049
17253405
1904848
218907712
852992
218170228
14487668
17265716
3634253
124847172
3212340
873270544
823997492
29622289
1102093
119248
872482624
54533393
14435380
7815220
118611216
218582289
