-11235
1479
-6975
-1110
6320
-1058
-1580
377
405
858
-3367
-7169
-1292
1701
805
-354
2565
-777
714
6363
114
896
-2886
4543
855
-1369
690
4047
-3872
114
3723
-2067
-4950
18
580
77
6893
-1305
68
0
45
-1170
-50
-1035
-4473
1575
-8239
-572
3240
-671
-18
684
2555
8755
5229
-5995
-369
-2266
780
-1273
1215
3195
-418
5544
-2907
2214
1131
-4929
-1919
1260
1540
256
-2624
-7254
3276
1113
-8487
-777
-861
-2058
-1430
-1386
-682
882
-2943
-219
475
-30
6164
3450
-1591
-21
-14097
-3589
3180
621
1026
-595
-875
1269
-10900
1425
-232
-2314
-1020
128
9435
1204
873
-1975
-4158
238
8778
186
2135
-2544
-3009
4440
1311
351
10355
1638
1485
6960
-2835
-5865
-2415
270
35
441
-748
-2064
98
2325
-3975
-5859
-182
130
750
-10403
2420
-671
-120
-8
1377
3337
-1782
-624
-1564
2322
-3074
-170
4615
1095
-258
-6138
1960
-3477
35
2001
475
2546
-7821
6975
-9309
9396
-4360
483
-2754
306
1593
-1425
-2550
-213
-238
-6844
11214
918
-1911
-540
-1863
2310
4935
899
-494
209
8740
-172
-360
-4183
4056
4859
-1330
1071
-3995
-4838
-225
-3230
258
-1870
-185
5168
5254
-1829
4905
-1080
1204
-546
3726
-192
728
-4356
1400
-975
-2871
-2988
1900
-570
-4984
4263
8658
957
-2806
5959
-7906
-2750
2769
7310
5929
506
1092
525
-1715
-1199
1554
2142
1782
565
-1380
385
837
-1767
-11979
1539
481
1898
7055
-3750
-5610
-2121
969
1247
-710
-276
154
1334
-23
7770
273
-620
7553
-99
-4794
-5353
1470
-315
-3690
-1653
4059
-1890
-1953
-1134
2146
-2516
-1247
1470
1725
5610
5610
-891
1092
1702
-342
760
6279
90
-5564
-2222
-1152
5355
84
-2805
8051
8463
4565
-651
202
2808
-1140
-6106
-5135
1890
-2268
-1785
-2675
3750
-1079
-1537
3193
2025
1012
2940
1440
3913
4223
6975
3397
1352
49
12054
-5307
-4611
-3850
-1475
2205
4675
8277
-170
4845
2272
897
-1722
-1276
850
-2070
-1107
1665
2340
4150
1411
270
7425
1025
-620
-1755
430
-2340
-2289
-561
-1235
-371
989
-3901
-630
770
45
-936
5253
-6785
3818
-1566
-5304
-342
-4508
-1677
2565
-123
3025
10283
-3135
240
1500
3230
767
-255
3195
-65
649
6525
-918
-989
-3074
3429
-5293
-9153
-7828
-3003
-5229
1806
126
1344
-231
2040
651
2590
-246
-682
-3060
-180
-1113
-1190
-2664
-6039
-1190
204
5695
-1891
-259
2071
780
-648
3034
2590
2993
-3720
2574
-253
-2354
-280
1584
-3103
2575
-3266
2596
1313
-119
1189
1092
-2623
1704
-90
0
-594
946
-1160
-3255
-5368
3000
6360
1309
4071
-4746
2223
2380
-1729
-1275
335
1633
3650
3410
2124
270
-559
-1909
506
-850
-361
111
4056
-1650
330
-27
-1515
285
-4510
1150
-2132
1804
-6853
4559
-6300
-1935
-1066
-69
-3621
-855
-1353
-3410
1404
357
765
-1280
-1547
-3483
2987
-490
-8585
1826
9450
-1113
-8415
5336
-1020
570
-3996
4240
7980
429
1650
-1534
-315
3212
6120
2457
207
1855
575
1638
2323
-220
2479
285
-742
-2375
1353
7134
770
11772
801
-2025
-2279
228
612
-270
-1786
990
11316
475
-11067
-1513
-4550
33
455
6201
-195
-308
-3249
-420
30
4361
-1615
-2442
-2385
3245
-4717
4720
4088
-725
2262
-1073
-345
4002
83
870
-3164
3100
10622
-5253
2109
4356
-475
150
-7371
165
360
-5700
-4920
5700
-2772
475
-294
-3103
5133
1425
-3465
1900
-10282
4356
1840
-1071
11772
-145
1734
3569
70
6762
2139
-231
-1222
-1272
-162
-390
-1134
-891
13
1058
-1064
-1620
-26
1250
-1000
-320
5670
150
2100
3249
6278
12198
4995
18
1480
1940
-2002
-510
-468
-374
-8686
1380
-252
-150
-144
525
1554
7905
-6375
8526
-6230
-372
5400
1014
1404
532
902
-79
2565
600
3350
7623
-4743
-6630
2310
300
1785
3465
-5795
368
-370
105
154
-2067
810
-2691
-9282
450
-1092
-1080
-2418
-7020
-84
-551
-8282
-4784
2028
1968
5985
-3075
-275
-450
2332
858
-315
1232
-3234
2346
210
5375
1254
5265
297
-3690
855
1189
-4922
-2146
212
5225
222
220
5247
-897
3081
246
-1914
775
-264
-4290
370
59
-6006
4305
1638
315
975
6935
775
500
-1767
5355
2021
-372
-45
-10302
-5848
-4270
1170
646
-6808
-399
-1702
-1533
1681
-4717
-4757
-1909
-1100
319
-3195
-28
-731
-594
106
3481
-8932
-522
4015
3813
-1881
4370
12932
5278
-5886
-4200
8881
-2106
-748
-222
3120
-3150
-405
-5185
-765
203
-792
-5060
-4446
-6237
-2385
1356
1170
928
3185
-110
7797
-4255
-6039
-1066
5307
715
8064
2610
1328
-3560
-2242
2470
3060
-4020
2250
8769
2142
17
-7102
1530
1247
729
3710
-1325
-3472
-130
660
2185
1651
-61
3666
-7031
-1938
765
-336
4403
-285
750
-2255
-5123
2070
675
1199
2581
2961
92
900
3953
-663
-203
1728
-6215
-150
1054
-1606
1235
2660
-3478
-4389
1430
507
1809
3050
1079
1950
-2550
759
-741
70
1914
-54
-4251
-1218
5565
3498
10735
-1098
55
-7905
2812
-1944
4366
1287
2205
-364
5624
95
-459
1495
-1870
6195
-5096
195
-693
533
1854
-6992
792
627
410
2701
-4365
-1092
9438
-459
-476
-106
259
-2590
1428
-855
-3472
-2268
290
1083
-5253
5995
276
-2091
931
-7371
-4275
-714
-867
-2300
819
-7676
-1456
585
247
1734
3132
-1540
3285
-868
98
-4218
3003
-459
-4366
715
459
-6853
-4081
4884
891
-455
-7345
-2132
-6889
810
273
-2419
-3458
-10353
-517
555
-3990
3528
-341
-246
-3116
3321
-125
-2479
3139
2628
-8330
-343
210
225
-2079
105
2442
595
637
-305
198
1275
-1925
-462
504
-4387
2205
-2016
2232
-3975
-2929
-4773
-10086
2135
6660
-1166
6525
-5353
171
-1612
252
689
2223
-980
1921
-2279
-3708
-833
3645
7128
-34
-1221
-375
-638
2135
-1008
-6726
3696
-767
5673
-650
-616
-1978
1100
172
-1562
2537
369
407
-7735
1003
-4770
1659
143
-3627
946
6448
-7400
-378
-703
-1711
-8277
-1365
-1342
4615
-1596
-1170
159
-4469
1452
-646
5329
303
-7350
-1368
7395
4088
-1079
1420
-9393
-3850
1248
1800
-663
4277
-4235
-4730
-667
-1992
-915
1550
423
-1638
-846
-1925
3774
1008
2349
-444
2775
-2698
-4644
-5450
5406
436
483
-2781
3654
-10350
2727
-588
-170
-36
84
-1870
-4450
-189
-1710
1961
1513
531
8858
920
-855
-7310
5655
-6750
216
3776
-693
2257
-715
-3848
115
-2808
1358
-3243
-2322
1722
12648
-16
-8343
870
1050
1638
-891
-2397
6916
-3721
325
-63
-1751
-1628
-4554
7663
2862
-1298
4134
1225
1794
-3139
1700
-2451
-1519
301
792
410
7298
-616
-5141
-1025
1313
-1505
1540
2619
-1443
2223
8701
1113
-682
-1368
-2346
-3204
-308
-2250
-672
323
1590
243
4268
3894
273
-648
485
-1015
1377
-2574
-2132
2156
735
-2809
1449
-1353
-5915
-1386
3690
539
4611
-741
999
-9028
5412
-7830
-2475
1649
-8316
-3397
-2397
756
574
-68
-3174
10925
4557
1617
-532
105
-851
-420
2745
-7007
2538
4223
5162
-261
828
-285
1105
-225
4838
6059
-1887
1825
576
-6104
1495
-2398
63
-3564
-1485
-783
-10000
345
2958
-2655
150
-3650
1746
11187
1419
2964
-650
-234
420
129
102
-2457
-5029
-2623
3969
-999
-4700
6527
854
-3038
2002
-875
-255
-10235
2067
-4899
108
2328
-2508
-1207
-4539
2310
783
7056
171
3344
1498
-175
-3731
-2100
-345
1500
551
-3519
-2223
-175
737
-4950
387
11655
-445
2322
-89
-65
-1422
3096
1680
5325
-2538
-407
-1485
-5329
570
-366
-462
-2599
3819
153
126
-1782
4888
365
4242
4752
612
4814
-5250
-730
-540
-2862
5610
-1891
-1595
2310
2511
-2214
180
4185
399
-4602
4797
-9592
465
598
-1100
-2100
-533
884
3225
-4472
-4183
-1665
-1178
14
5610
4028
2821
1375
3478
243
-561
-3724
-5025
6510
1204
1826
3330
3864
-4606
-1071
2496
-748
-735
-4725
3738
4489
1763
-5916
-860
276
2520
-2346
-2295
-2337
462
1110
1989
646
320
159
7770
2886
-3402
3726
-2397
7396
1479
2754
2820
6003
1653
5005
518
-2915
740
2592
570
-210
-1110
3154
2565
-324
2775
1403
-1296
4095
803
-6708
4558
-190
-6262
5775
-10098
392
4047
1505
161
1173
-4650
-546
-2392
-111
4635
-7469
1350
3990
3266
3800
-1943
-315
3132
15
-6150
380
-345
-2065
-2268
3744
-2419
-266
2379
783
-8094
1485
418
-5487
3549
-3796
-63
4185
3900
6351
1550
-8094
-4071
2700
-370
1653
-903
-2232
943
140
-116
7220
-4089
1539
-1470
1850
-3360
-2451
-10030
-1750
3116
-2754
-3960
3034
-589
-6489
7371
-2522
-9028
-9085
-135
-2500
-1755
6177
-3834
-45
-841
-1110
-162
-1998
3927
-2200
-77
3975
4095
3042
-561
60
72
3036
-5175
1628
-2457
-2106
1342
7345
4100
-940
275
1280
1386
217
3094
-465
2075
6696
8487
3731
-175
5096
3534
792
408
-12772
-126
798
-1581
2808
2117
649
-6319
1479
1122
1647
-550
-220
-7392
-4785
1575
-957
-850
-2703
-455
-156
876
-590
630
2915
-1900
650
216
-1020
3320
3060
85
-6278
-2862
1440
-1950
-2120
4266
2907
-2432
4830
2196
-2530
-3500
1440
-2337
-3403
-2838
-464
841
-1300
-936
1539
-37
133
1001
1638
5852
1190
2550
-121
1023
4294
-1710
2891
-1625
-7688
-9191
333
544
-540
1989
-355
-260
-1584
-6399
5194
4212
665
-4641
2668
8024
-10403
936
-1804
-950
-264
456
-1128
6580
4361
-1680
-3174
882
7392
-3619
-5229
-1872
-6106
-129
1170
-2700
-4823
-2610
12960
-81
-270
88
-225
-2520
-4360
-1975
429
-6572
-2408
-1400
-3828
2436
234
-783
798
150
-2425
4945
258
-348
-2727
888
-4554
882
1962
741
-408
5200
333
-430
1845
-4186
-2835
1887
-629
-4731
-817
1134
-69
-4141
-1887
1204
-2565
180
3477
-171
1173
-608
-918
1127
-1254
-2910
1170
2987
-1608
-4425
-2499
-3885
-500
273
-150
2905
-450
-11092
8245
8624
-7134
-2365
486
-1428
-897
-3834
-6188
11340
-24
561
-1610
3731
-414
-3933
3570
4484
-8165
-3108
-135
-7650
-585
9996
660
-1403
-135
-710
-1482
387
3570
-1012
-2714
-2166
-1480
-4650
-4950
2002
1100
639
2006
1445
-539
-595
3822
624
-1552
-1485
-2430
-2491
4284
-3420
1817
-2795
7592
-2040
3542
-888
-2303
2553
990
-885
8989
645
-253
-2033
774
285
1711
1218
-8188
-7700
-96
-1349
1428
-7303
-4494
-975
-1935
-902
2646
-600
-1961
6278
-418
-1755
-2756
-1850
-140
-4740
2565
-1501
-407
-665
-2035
10848
-125
-833
247
1116
-2162
1763
2180
290
1010
1682
-5796
-5355
-946
1377
2125
-300
196
-1422
0
-2568
-2210
5085
-2795
-390
-7973
-308
-204
-2646
-6262
1104
11346
1236
-2825
-2106
610
-684
3731
-3240
980
1220
-165
2816
-490
-2808
-275
8360
4687
5762
275
-105
-2891
-3075
-2550
174
-12423
180
1953
545
-777
-1458
275
638
726
-791
962
12019
4371
7395
-5883
-1900
-6270
3915
4095
12535
6020
-259
-169
-7029
-180
-5185
-9009
-540
1100
4830
748
9393
7373
-3477
2268
5621
5014
4760
-1628
4758
-480
-6930
299
-893
-459
-696
4316
-8010
2915
180
4305
3996
221
-2573
6478
-1369
-2700
9384
399
7347
-76
1326
-714
-3074
1624
-1295
231
3036
-1665
-1431
-990
-2025
1508
3315
-4368
9775
814
1001
2754
-3502
-675
-609
3213
6370
-3772
-774
1955
9486
1131
-390
1786
2450
2175
125
-781
2331
-806
288
2800
-600
-3666
684
6572
4823
747
-3108
2516
-6180
161
-1938
3696
-6364
-3608
7068
1035
92
-105
-1610
-4182
-1188
3015
-2679
3441
3811
1564
-2450
-500
920
812
4255
-4429
2233
1326
-5500
-2336
880
1053
4387
-1575
205
-3745
4017
-539
-1155
533
-424
66
445
-897
153
-13516
-3724
-2698
2079
-6693
390
-74
6710
5467
-3534
-3204
-1659
2926
680
45
-459
430
2812
1806
2442
1881
525
1150
-2898
2613
-7878
1188
21
6831
874
1739
5243
-1380
4747
234
1891
-3162
2652
522
2759
-7395
644
-3922
-798
990
11760
-5460
-1515
684
800
138
1978
5356
1281
6440
910
-1365
2080
-1976
297
-4558
570
-7178
-4218
-987
352
578
1075
3567
3201
-1014
1330
-11817
-483
540
-441
-1624
-1995
121
-5885
-3952
1682
1829
728
-2835
-3339
-1386
754
3131
237
529
-10920
10201
275
-594
1206
3626
-946
