14157
57933888
232539345
125072397
17826001
475252
54595037
1052957
218107933
12901633
118993
218170228
218104064
14484596
906100
4407412
13750737
872419601
214848
4410640
29625616
65553
872484304
31212612
14540241
3634241
1907968
1078336
3622097
1902452
873467908
57934900
218169460
13844484
3407873
1079156
880230621
65808
872678416
4261085
29623105
221512756
221511940
1056029
13651200
852800
872685008
13635636
3412177
3215360
13684944
232594717
3464657
54539328
4224832
17217
31265040
221511889
12849360
55004417
5060468
803841
125096196
231735553
206386177
221519313
3438413
65793
4407556
206386177
55391248
227136
16795460
57938036
218582289
7413213
13631565
31211985
852045
231163101
122113
3212109
31212352
865332
17682548
55381457
866125
14536769
477367565
5000452
1053517
1904656
4207681
315869
3214621
886100036
4211728
66625
3216193
53712
12852689
221519313
1061953
16846093
875627521
122437901
4420612
54738945
18052109
865345
80860020
30409805
14434320
54555652
1262669
16794077
219956228
13647901
55329233
54605636
4260113
16846301
3461236
7655492
17069056
262212
13632516
13647901
232591632
872432717
3437684
221319197
7405789
1167425
218117120
4313296
231735568
57947968
5047108
13632529
30410560
232538180
7828496
121847824
19995917
4410832
316225
55332112
218157060
5050484
55001920
57935681
20001796
804061
806144
205586653
218172688
54645213
1275089
122441012
1028
221519104
209141812
80862493
1901376
4259853
14497600
266704
4997376
1245
54740020
856324
54594829
1101828
214017
4260685
872534224
875630656
57935693
13533
856528
3408129
29624129
822156561
16641
17039824
218225972
3437620
14434308
3621149
51499844
13645645
17096144
17421
3422020
12898304
57737293
52232244
67113424
872469316
17095988
213044
122437904
54595844
500385600
66381
12858432
803085
885267764
206386177
7632080
14490880
315649
927806516
1904900
20399988
70530052
218366416
4408321
12845312
880233732
17632513
219009140
856528
7658756
853056
20239220
226320
205999361
1851508
66420
79057
3409780
7815376
124846913
79954205
65
78964
4267316
3215437
121688349
927007553
125256705
231738653
58161012
4407373
218960349
872480769
7406656
30412865
17425
16388
13648081
231752912
57738061
13389
13632528
54539380
51384337
3620932
851969
291917
29626369
3211293
30408708
31265613
12849460
58147076
218592372
262609
13631952
14488384
806365
0
3461584
218579200
499388881
57738448
122113
3218909
218182685
3212305
29651984
29675536
275524
1900660
1102660
12845316
219956045
51409921
31313924
56593
13844497
13750480
29675984
1901021
1274909
54596420
1065025
872730909
874269965
218171252
54526260
13632516
205643025
31212404
14435380
14484288
4260125
218316916
14144
1066001
13750532
1869
51499076
13633357
4194372
5047412
125073216
206374721
30625024
54526016
70333469
885313540
55001565
7407476
1263476
7605713
17069056
55379776
57937920
7815233
220018500
16807757
474009629
213200
14537012
12849424
220004429
54527184
4669492
54740804
488477
54644765
31264769
872480884
1049716
20238353
54594820
1852276
13634816
230949965
125096781
851997
206426164
856896
124849629
1101828
1102708
55330001
13631501
263376
57987380
3622721
1904704
880017409
67585140
30412241
1102080
856132
16790644
16781777
55330625
3437620
855504
4980
30408717
54591565
4259956
3211316
803072
30635024
1262800
55001972
51606580
1262596
1957124
926970957
54526221
58161012
17255684
18691124
291841
488461
3422016
908752
13662016
118505489
13753652
119248
67126336
4669556
55431181
57750580
12898372
880230413
125072397
262429
7828481
54542557
55001140
206426141
475137
29651981
859600
3215437
218370049
4407760
5046580
20401409
69062672
218317645
17052676
885260545
231950157
266317
221725517
7616333
57751360
4407309
7412996
73181
1851405
54545716
17580084
856132
54526004
486802496
1953857
3215668
853057
3437776
54752308
122494224
13389
1062724
218956048
221511940
54530269
853005
51399940
3412445
886103504
16794077
856528
31268148
54555665
4194372
7409729
18052160
78900
218908481
1101828
205586484
51397633
18629085
18038992
218133712
57941249
51396624
51380340
16896004
58147076
1900609
3461377
1900621
30531025
230978637
216336
1900753
3212097
30621968
5046580
16896208
875630861
4669556
13632541
221568257
14487553
54582544
3634241
489281
16794845
30462209
57737245
873481076
57963597
5050384
4420660
263169
14435380
231765060
218173648
1901789
80007440
54543172
80747792
18632145
30412813
13389
4273216
475408
318720
7413201
218108161
1066000
232591632
5046545
213876
51399940
31314141
119345409
802881
3421236
4208449
230950772
14487604
226420
68164865
4260113
54545716
4274036
1903924
803085
18629649
17040400
221541392
218169348
13684749
218396532
14537540
1262033
4408141
72208397
262400
67230992
54598913
122437889
13844689
54545680
1050436
54644813
221541453
12901648
54580032
16793860
12845172
19716
55431424
218580852
4267264
230952209
1051920
68963805
886169040
54592320
13636416
880244557
1052928
1128257
31261904
213825
58150160
872628445
29626369
4998160
122128
16896208
4404
65553
55015236
1053505
3415309
12898320
7418948
12845264
859444
55431428
57750580
486618189
20189188
20215616
118993
20398916
74528580
78900
74927376
66625
1051904
873680337
4248029
874319104
29622289
3411252
220017873
57934912
475405
30635229
873480260
266448
856093
67113796
1913860
125269021
124846388
30408768
1068497
69022720
16692
56784
54645569
30416349
3412045
54080
1170701
4210752
119249
78864
478673
852240
119248
1102093
14537168
4248436
230962205
20198609
4682829
1102288
16593
3621696
54579473
3622096
214084
7815220
17630221
122437632
1851601
803841
51397840
475409
17042740
13634833
118608337
30541
226356
72976
488465
17265680
291856
20399949
13684996
13753652
30412241
14148
3620865
3408093
7602228
5099780
13631796
118494029
20214852
3211728
226305
218318656
4410624
30413073
220007680
13684800
1901636
57933876
7607117
12859201
67392
1167425
125046800
67110721
886952192
67110772
221568257
1048848
4368
121713885
30412048
262145
54591565
3622096
476225
804061
3461377
19764
3461185
14483725
14484557
67112205
873517533
54599120
16790749
68210957
17632513
836568180
51396864
66573
19989581
885290820
3412253
16781329
3461965
13635652
1066100
13648080
1903924
122116
476176
16640
213300
218395652
886852880
4998260
29626381
3214621
57737232
125256717
51380481
218963216
4196212
16436
927806516
14484288
803908
55382900
873271297
57987549
205996100
486609153
852084
1851652
14434769
55329076
1066817
13684813
213264
3212289
318929
13648180
213456
7603252
7818525
54582736
14487604
29678864
877461812
905233
29625600
56784
119248
1904657
213825
124846340
16640
12898369
55431453
3212340
474078516
230949073
31211780
7604032
218160401
13750288
58150173
219955252
4201744
213457
58150145
13631744
51380225
886850000
221515024
78849
14537168
51385153
118611216
119041
232588317
3212509
13661252
57933901
16847121
218959313
7607117
3461236
17092893
876036113
220057616
14536772
3408132
3212100
851969
4260880
18629444
1904848
51383553
4201949
7418893
1049716
4260113
121704516
315700
226321
14436212
54529297
322978100
872893904
54555652
214861
292724
16991249
124853521
13631540
13644916
57987188
7405789
319819789
276289
20001860
5099792
804049
54592324
856336
29725
1167364
221315537
265485
14487760
13649104
3216244
14196
3215364
218225937
3224593
7603252
13632516
1900753
12850036
218157341
30462784
121651277
886849652
14437840
3464452
1167376
1900557
54592720
3212305
7609604
57737220
57739076
14434368
124850653
886899780
57737216
57741389
905424
3212096
4670672
275456
316225
13644916
880018292
16830464
55385345
65844
18244
3461124
78925
29636420
218133556
852177
924651597
231005440
855300
12898321
13644829
31212365
14536704
1904704
29629904
1049668
1105153
55014608
17634164
13684944
54539332
4210897
17633488
3218705
13648080
13649104
3215629
52239632
804061
1901789
30413645
69700
218120452
118542413
16847684
70743041
29675984
13847860
121688349
12849985
213300
12846093
488452
3215364
886050829
29678864
1957121
5050445
119053
4264000
13844740
4513037
1076
16461
3215437
874369284
30461965
14434577
122438477
65793
12846145
231854132
205537536
29625604
69700
905268
57750596
5050577
81595664
81645853
54648064
16896257
54648273
16656
218366209
125046788
13688116
1900852
1078276
1261684
1061940
7418884
68370740
30422068
29675789
205537745
1102093
31211789
14490884
3211329
14537540
1900813
74515264
1048849
213069
3621901
214225
16461
18628881
20198609
927846400
31211984
30408708
31274000
267076
4247760
219378909
51606605
3408896
74924049
118505693
1913869
118703156
16794436
218366260
58147281
851984
54644813
3621149
803856
13631761
70521677
3211728
54595613
3621901
1078340
13632628
80747793
856528
221
1275088
3461952
3411408
78849
218170176
4408541
231788804
873468113
17092724
54582580
70517008
16896884
852176
5102864
276340
51499853
125072401
119249
69853
218369488
54527821
122494208
56589
16461
51502353
124849629
7816209
221328436
4210996
221328592
876036305
930350144
30465489
231735568
3620932
7409780
1167364
13661248
927416784
218103873
4407412
12858436
54645201
16856080
4264413
69904
219009856
855300
230952976
55001140
12859201
1105165
17093073
855309
7816208
880070865
475136
118715460
65600
54542608
853005
4260100
1901389
879822656
51394369
230950772
55385345
14434356
4125
486661389
7818717
57947981
74515520
226381
3215373
1954625
205538372
30532
292676
13685569
3621341
17633284
4211712
866116
885260352
7817076
852033
852813
54644800
3215376
81605853
216320
5050833
218580032
213200
905472
1048644
275485
221519120
18685188
802893
57750596
218170577
221541453
806353
263389
5059652
856324
57740753
66381
1903888
5000657
122540292
315456
54739776
122486848
72976
65844
55330625
3407876
3332
269789
66420
14484532
17040385
14434612
14536989
13635700
221515024
55377984
81594189
3408708
51397632
57938384
13684944
58147856
3411201
118542352
5102864
12845265
122124097
886903248
500184093
16794692
118494029
475405
221316100
16436
3411229
57941456
5047313
54592529
232538420
205587508
54598913
872677444
478464
65744
4407505
865309
67584068
54742276
55382285
55329025
265681
7828548
54555665
1262656
7428
54543412
7631873
14496976
29623348
55015245
3437684
54542401
78925
14483725
5050484
13651229
14536977
4998196
1101828
872444945
80794436
14488384
51384589
31274829
1170688
1953808
218317892
475200
872472029
803841
1262033
926997969
221565137
4353
221525824
7817037
13635636
13685620
218157060
880230657
886051073
119345617
7815440
206386385
30425360
54542401
875827421
118496516
79069
231949325
3408129
7616372
802893
20398349
927429684
221315357
218582481
7655709
3211293
5047504
1901568
4997184
886169040
31214849
1854749
226305
54752308
54592372
30425140
121848064
12874752
221511940
31314141
4420612
55431428
122540032
7655492
14437636
1049809
20399313
54543360
7615696
13648180
29760
13636429
29678864
1062109
5046545
118611217
3211572
3407889
20188420
57750580
1066000
17581901
124847156
16388
54533380
14145
125043521
1049616
67174864
54540148
475165
14485316
13635853
54648064
3622096
803892
54595700
5000657
1904641
221541380
1851408
4573
3422020
13711220
54592320
7410129
3624400
874267856
13648961
13661393
14487629
3437636
67230992
13521
65744
230979444
55382849
4407505
51499268
55431453
7602193
476212
16778356
17581889
80956881
262609
12845325
1061953
81594189
7607117
206327056
20215005
13684736
54525956
4224116
18629444
80756996
266257
29675549
7409937
14488016
31260881
18731277
54543412
1078324
4247760
17682509
866113
13631773
292061
17040605
118505693
859421
57737293
57934045
3422020
13639120
31264832
856180
3622772
226317
13845504
905425
118518785
853005
3461377
1953869
856081
221
230962189
12845085
802829
13649117
17472
4260048
7829312
1052957
4997121
17581264
16833796
69700
30416145
475405
54555661
875852852
4670464
802932
220057613
79958237
205525876
880230464
3415313
836567092
119345153
285
17042896
1261853
78925
7828548
55431428
13661252
7476
51380496
3411213
905680
3408913
4198621
16991440
1901568
1102097
5099588
263389
13651213
54530164
7605556
31261709
68210689
20238349
13648961
7405645
874320337
31268125
119617
221725149
219378701
51396893
221319197
802884
218171252
7406801
318749
273
872890577
54543412
267076
7815645
31211549
262196
80859613
205996292
220017872
218120656
477005
4997121
872682305
13648180
3224580
875824192
1056001
852177
874329924
14486784
67912145
3224580
54592580
3622004
65604
55431172
20001860
4260880
30408772
69853
7441
3621085
853008
67109952
4198621
55382029
125043828
81648909
4224884
17040205
80740625
855309
7605521
118703181
54539329
3412445
7815645
58147025
79958900
213249
3621748
16780544
4247809
4410832
4198673
16896208
3216196
17682484
487343156
4682816
81596480
14496976
3224785
1261876
218317901
13711220
7603252
853825
17265741
4407552
874315840
13631773
3224640
7632704
1852276
118502464
7409681
17253440
853021
221316161
124849629
51502388
67964928
54579229
13688080
16843780
18630516
78849
57751360
1078324
218169396
13635652
221318417
65565
18678224
886103296
7406593
31261700
14487760
218222592
220017668
219368733
55377921
5053904
315869
13059085
19988957
13644829
221318608
1262621
51397633
54645201
29700
227136
16847312
476369
1851392
16784848
822297409
1900548
29652036
1957137
262196
4264000
218169809
54582557
802829
17476
905233
14437645
66576
265680
16993744
53265
51499268
874267456
218419213
4669700
318929
54738973
30413108
218173456
219205648
220018500
475252
475392
118509009
54598928
65844
1049421
13647872
3215632
1066100
17092916
29629700
17682448
219955252
218225920
118849
1264900
51436804
13631744
5049613
873274641
7603277
3437620
218157124
1261585
852800
1853252
17044340
1914740
803892
315869
3412276
54555857
51433488
7816221
232590801
877413585
13753652
873690116
14435405
7655889
4224004
265680
13661200
54595613
876822532
489280
1904093
873280529
54526016
16790557
1907969
51410036
262208
7817037
16896004
20238644
4196160
16794701
54530164
16830733
121848093
4997585
16843585
7655453
124846388
220008513
29625809
56628
13845556
30416349
1957328
262212
873280580
13684753
31265652
29626845
1903888
221322500
7818717
7409729
231748624
55391249
4513076
14540048
70333469
79957277
218960093
54542557
218582288
122486993
7413213
4932
56593
873467357
3408081
13631540
122123265
853005
56580
852176
20411508
7631873
4112
7631876
218956864
218330996
54592529
213009
318720
69649
3218701
7815440
13647901
1902401
57938180
873676852
1028
4211741
3212100
54605009
53521
4672781
7603408
14483572
7828548
1052957
54539332
884
16847680
476212
125257537
214861
122487616
205587665
13684993
208732225
7816257
7606493
30425156
3621696
1102096
66564
16830532
856273
30413108
13750737
5059613
5048129
16593
65604
908544
57741364
4264013
19989312
16807748
859393
58150145
221322500
30412829
873543540
886063133
856324
121848116
218169604
825492340
7606544
218316801
886047028
905425
7603408
54605636
265681
57933901
4214016
5060468
51380481
30425921
7418996
14437636
17581892
1056029
17043764
65844
219955469
7815428
231949520
7603252
214132
67127108
7603012
856128
51387661
4194356
54592580
13635841
1167364
1101940
206372928
874329104
29623360
30422033
1907968
220006260
3461376
14487761
18691188
4672797
1053136
14536989
13848029
121700365
17092916
3415313
20192733
1852637
55378960
267085
16830672
3344
13751104
930378817
205538304
67424464
55432001
18630465
852800
1105156
262196
20412225
475252
1262800
30462208
14437649
79958480
30462173
1167425
855309
57742144
29624129
20411600
70097
1065220
55434513
55329652
5051200
230978573
14487808
3421236
7406413
16847121
13635636
1051920
219366608
4260048
4264193
232601460
489332
1064989
57738448
81546509
4998260
13651204
29622289
57737280
822559821
51433537
54555713
3421200
7815389
54738973
30426189
1901789
16842804
875876817
3211293
57739076
3224640
3212100
853009
221525200
118494029
20192516
53469
874317008
17052788
874369140
906100
118705409
51381056
80954384
316228
884
13648912
4198609
13750541
872432848
856068
205522752
218120461
54080
1851409
220017780
262157
13688068
57937937
14484340
214237
4248388
12850036
13059908
4198464
20238644
14483725
4669700
13634816
125096781
18039825
69853
206324852
118607873
262413
3620868
3621905
315601
1263424
877461569
218370116
54595841
119044
205997892
1068304
263172
7818500
65745
3461236
14536708
803281
1064989
67405
79958237
55382273
218582289
121861121
70573521
118505489
218122052
803917
55382849
13661200
13648708
1105153
54555661
802893
5099636
70325060
852033
3437597
873676916
54526160
3408132
3412020
16436
1903888
231854388
3437636
54084
20239220
856064
7606276
118489104
124850244
1914740
16830733
57740753
1903924
275677
54739012
121652240
57750736
4197684
67322692
55377985
291841
12849181
3412228
30422020
12849220
69853
231742733
12874820
58146881
5053713
70521677
51396864
205997057
3624400
218369501
14435329
16385
1953860
14536704
54592512
5049600
1904704
802932
53316
856320
476173
69073
30621904
55382068
13341
218370880
18628916
213264
19992644
475200
5047108
205733892
4260685
65793
315421
55379777
266292
13857856
51436804
119668
13635652
13844689
5000452
4195136
218580813
269581
4313933
13661252
13632541
3415312
19993040
13631504
13632529
54598929
1852637
13631556
219009280
7406801
7602445
214861
872445136
5059805
3421249
852033
17052788
55379009
231961604
54542557
4408372
262980
118611409
18677824
118519629
17092621
29623313
218317645
3218740
118715600
1101888
220018497
81543172
3634177
16400
1048784
4224845
1170897
3211293
65808
218182864
3621341
7418880
31212365
4997597
489332
13631556
926994496
