30425373
4195136
3421197
30412253
3621085
260
3634253
13631501
218169617
318737
853009
7603265
122333
118702545
3407876
489752384
118518800
1900753
65745
220007888
3621133
17092621
3624400
873582660
13631540
30465332
3622721
291841
12852480
1904704
54604816
53556
29626369
5059613
4198609
7606529
12852509
3437684
7428
13639120
13684804
54591540
4304
55329652
1905473
122128
14537540
81605636
54595613
29622528
231751748
205737233
7605556
80953421
855300
3412253
927744285
3412445
7633
17631040
4212544
73168
4273360
4207825
17043728
119044
119248
57741312
1065220
16388
54542800
30532
1901597
7815645
4669492
57738448
55001552
29636416
122437901
13632628
55431197
17632541
474431489
926994896
54582544
486854913
122116
3421201
1852276
14435392
7409104
231739677
3437632
3211536
17629457
232538129
18629636
51394369
218592269
14483741
5048141
122438477
824037377
213300
3224644
1913869
3409780
118489297
31264797
269568
4671297
20411508
7632704
4210945
57947357
1913873
20238400
885313540
3634176
3224640
29635652
13753652
218122048
230953425
29623313
7829312
880018445
69649
231739469
29629700
14496836
13636420
19989508
58147661
13632576
54543169
856064
14148
205734721
67385152
54543361
51381060
218969920
13632541
57934288
4194308
856528
218172688
7602436
17040193
323034577
17253185
54742285
872730689
4194768
69892
14537181
4928
4196212
322978100
7655476
55004468
13639121
30409729
1050436
232589133
13631540
12875597
118489553
20241681
3215668
125043828
20188624
856132
3211316
214224
231857424
851984
16806976
1052740
19764
879834116
12845265
3620868
13520
4194317
1853261
51380497
5046336
1051917
1904948
7607117
3461136
880019316
5000452
231791872
78916
55391440
19988557
4408372
20190016
7606272
54543389
872432461
218366260
220057668
1953860
275665
12901840
13632516
856321
13648925
14496836
3224580
5099789
3215364
4998208
5102877
4247812
55377985
29623313
205999412
14487773
231748624
4211165
213249
859405
7816413
873480669
118703156
856528
80756996
875626509
70729729
12901840
17580865
908765
16790605
856093
853021
231748609
4208449
54841421
16856129
7406593
865344
4273229
74515664
4260929
3215376
5051200
125072397
3224593
232587537
80797137
3621121
67371217
13645632
1233
79056
875826449
29675549
1957124
231751889
57990417
122123265
54595856
13644804
7606736
5050384
875626612
17042688
54740032
875639837
54599120
20198609
7655709
29627204
79954205
13632516
13750541
218317645
205574208
69661
1066829
1065168
20185361
218169809
4420660
70333661
4247808
231948340
68881
57740560
54644736
880230452
5000464
70730193
70333661
905424
3211536
13684801
14145
7815425
205550800
3422020
3415312
57741520
13645632
263376
865345
57737245
218222877
14540048
54605009
230963012
823997492
19993040
315600
17682641
7615697
1901389
218366209
927010269
7829312
19991837
54599120
856321
13845520
14435341
30425104
804672
4211920
13636420
54753092
30439236
880047168
13662017
4998260
119617
275665
220004404
488461
4407760
14496769
4313104
51397636
29652176
488500
218117956
4201937
55382285
121756941
67597380
7607105
121639120
57737232
886047556
17229
264013
14536721
905680
57937153
218969140
13635841
67961140
30409805
221541428
13647889
856081
5100356
121639121
69648
930353360
1851664
54753092
232591424
4682769
4195341
218955841
218108212
232644048
67598144
205537488
476225
30541
221328384
74924253
31261700
16794625
54543412
54542557
68170960
1167364
13845572
263284
4197684
12848401
206373172
1953844
499389261
31264833
16842817
80742212
3215629
930350148
80770064
30426189
31211597
20189453
476173
57937156
859408
81646400
55382032
12852689
29917
218373377
906100
121638929
865345
13632628
803856
12849204
221519105
16834000
13844753
58150365
7604036
14483473
17255901
1904704
69632
1065012
4097
16401
475344
3464500
1049668
1901009
3409780
3411200
905233
16777229
67322129
218107920
118505729
51385152
218133572
14483472
53248
7606324
1245
1056029
1854749
29812
478672
13631489
55001373
55329025
14483725
14537540
266292
72977
54739252
12848436
219958529
474021904
54595841
13631489
4313156
7409937
220057613
3415313
51384337
53300
1901597
276289
291908
57941265
266305
54644813
57947140
500170868
7815440
16830516
7828481
221724689
1953805
12849424
30462209
54644813
218956033
3461393
859408
1957121
57741329
51384337
70521668
54648068
55378756
118492420
218369309
4273360
80007440
53533
12845085
205538317
218420036
30465332
205550657
13651200
118542596
1261569
221724688
16784692
7425
54596420
851969
7615488
54539329
3622097
18691137
218173444
1078480
1954000
54579664
51596573
262417
118493252
16899380
5102861
4316624
57938141
54555857
1049664
3211328
19989556
29651984
55001361
214132
476369
1048849
221316161
54739776
13684944
58160961
218225937
14484340
54595613
4998352
121756944
3437776
80753716
905268
69696
1904704
218580852
65844
122487616
923825360
221316941
13631540
18691124
221316928
16790605
54595700
226356
859444
905472
880230452
55001920
213021
14483521
54530116
230948941
3411229
29917
1102096
7409937
852800
221316928
16990285
1901389
57934865
20241872
65600
13638913
13521
14487837
13753809
7615696
262157
118519629
53325
67912512
20185933
3415312
51595076
866125
318929
12852509
478685
53520
67597380
213044
13685620
3412032
56589
17046801
121648192
1261825
823133201
205537348
67128605
226372
12859201
205590532
29626624
1852432
30422084
20001808
67162576
5053713
1052688
122125
1052980
13661200
13648080
14483473
221724689
55431220
218592333
58147076
13844496
221511796
16781364
872641652
57987281
13648093
3437597
926994436
54543364
1065012
118607924
213264
3437568
1957124
218157328
54530064
803917
3357
55001344
1051904
886850612
17629492
17039824
930402420
54526836
232591364
4410832
30621712
231788852
478685
5050833
836567248
118702196
7409681
221519108
31262528
476212
118849
13638913
1851409
231948752
315600
52232657
31213380
29675572
54542337
1852276
55329652
55002125
220005405
1900753
3409732
16656
13635853
7609809
806365
872730909
13631952
79680
3621952
489961281
4259853
804685
12845313
68881
14540253
7409104
51499021
3408896
7605505
206377268
55379060
51380688
56593
17040385
12845265
231949376
4313156
218173905
55014621
66612
54645008
17408
30426176
19992576
66625
1851508
4669700
1051920
218157124
5099789
122125
13688080
872641604
218395652
873582865
16781584
14540241
54529293
3408129
3407876
213248
3345
3437636
20002676
852800
5050577
51594356
1904848
7817037
55379777
218225972
20185344
3412801
14486836
13750737
1903888
54542365
886260945
65844
266704
886903053
486765777
806353
7606529
29623313
1049652
58148724
218907101
7658756
1052672
872445761
886063937
57933901
57947200
54644944
7632705
4997188
4195396
54527092
219378692
17682448
214225
51381364
54530116
18628829
13857805
16992065
7655501
872630081
262208
265524
218316801
17
852036
218907856
69633
19992593
803908
57933892
876616961
3215568
119249
4420612
55381457
865344
14488016
1053556
30465297
4260724
323866832
14537540
874369284
54543364
56593
266292
218957008
1905473
877474817
231948304
275572
802932
206324548
13377
13661201
124847940
3461389
1913972
18292
231739665
859444
53313
219956228
3408756
13632320
30428624
213264
1851460
7615489
3211316
4198609
13648180
12848401
51410756
7419716
14496845
873270580
5047297
54542365
80744708
54594820
125043777
16856064
13844753
7605504
1056052
4407313
17092881
490000400
4672781
1901789
220057600
905437
13750493
221328593
13632372
54530164
54644765
218222852
927007745
7606541
29652852
4408321
122125
806145
1274957
220008512
221512525
218157060
54543364
4207668
214848
30625025
13636429
7418996
1065012
5047504
221565760
14483728
232538129
856272
4264004
803917
232538128
20186141
17425
29652852
125072401
54545716
476160
20185921
20238644
53300
216529
220057613
18731316
4100
17092916
3212097
58148672
1079156
70530112
29636416
1079156
119005
19988484
4669697
30461956
218121281
231736528
3437633
57947968
121756944
13649780
14537540
56589
3634253
54592372
232591424
1262800
4224116
55378189
487814209
315396
4201744
4248388
208929040
14435392
218117956
16780561
31314753
231788609
5051252
206372865
874323229
3415313
218104640
7602445
1078324
20398544
12846145
3437568
80859600
16843597
3332
4224001
54753092
16436
81545076
16780544
5102900
316228
30532
13644829
7406801
13632541
54844880
14436212
291841
16401
4214016
57938384
13684813
7412996
3461584
13684993
7615553
13684813
4196212
7603012
905472
13847860
3461393
218419229
74714385
13631540
873517120
55382224
4197633
57963597
221319220
51381300
4260113
30635037
231736436
4273997
20399936
232644049
218957008
1904657
886912016
927744285
54579409
58148048
473960500
13857908
66561
69700
474075200
853876
4224832
1264900
57947968
1261824
12898369
885264461
55329805
3224653
1065984
218957645
269620
872534289
218373428
3407876
121950416
852084
218169809
57990401
16669
20399936
65793
1853252
79954756
856068
29635661
51409985
7602436
221541441
66625
18244
3407876
30416336
218173456
13635024
119044
55382224
226317
66769
20185933
1907984
17040500
70530052
886100237
218419473
4194781
122540148
875836432
29626381
17580084
213056
69904
275677
30635012
219379520
3421200
230949172
924651997
803905
218366416
5047156
1860
475252
4671297
72169281
31264768
29652852
3213120
873218893
872684804
13635853
4264000
3212100
4682781
4195341
51397696
67911684
14487553
218222877
54080
803088
66637
930153476
474431696
4260865
4997124
7815425
5000465
852036
54591745
3212352
1900753
58150160
4195136
29675789
121654580
1048580
51381364
1065025
221728004
14486800
121701492
13661200
51384605
31261137
17583360
218969309
4248029
13636429
501022749
5047297
218419460
13845508
54542452
17039389
51433489
20399936
4196160
118611408
3412433
205996865
823984244
57947201
260
14536989
218318656
213825
856093
5049613
1053504
121635648
872484096
12858368
54644737
874316817
13648336
3212301
74715140
12846093
118813
54527821
875853636
79953933
55328772
3422017
7409937
30422068
214861
122438720
13684993
3411200
20401425
69905
927429684
72976
13750737
13662016
1167373
55379776
266240
69905
873676852
230952989
323813633
29905
4316429
218956033
221541380
30425373
13844544
7413008
1901021
54526976
269581
206373940
51381364
221511940
19989533
4997121
3624400
30422852
7658753
7615553
3411252
16846864
30625245
1904704
51384580
4998208
79056
856320
205525876
67964944
51397633
13645684
16795460
7609809
275485
17092829
29626845
30625245
7815389
118703988
230949172
20186177
3438401
213300
12849421
13631504
68174877
51387661
13639120
218969156
316224
7631876
7437
18681857
13661252
475968
13635793
873677892
17642560
13844740
13644800
221515024
54539332
1062096
7818500
13750288
4408321
3437568
1900660
263172
51380224
30635021
54533428
214852
4264145
57935732
804061
13635648
73169
218420084
315869
1167364
4264193
3621696
218105665
30416336
7405828
54543361
12846109
1167425
218108020
1049600
14434304
121652432
51397709
17040385
219012573
3411421
315664
17682448
5102864
20401424
69853
7605517
266500
17682448
474431696
1261876
220060945
54593344
214225
58150173
1261824
218316868
29812
30635229
13845569
17040452
3408909
853008
81646400
231753588
500171024
54527808
13661236
232594896
14537549
221512525
29764
54752285
122128
3407876
218955985
218956048
873680336
18682320
4194589
30413108
1860
3216244
121701236
19992605
7615489
51434317
118502416
1170701
118490945
13632516
4198672
865281
121713872
51384589
55015236
17092916
926994496
205600589
31264797
4408132
17044288
7828548
51593485
315869
877412381
13857908
292672
873480257
122110161
20189300
54527197
3415504
118489297
3224653
54591604
1903888
1275089
81605696
18734352
14536964
13635892
55378756
124853521
57740753
54593345
4211524
4273181
4408372
5099997
3215364
1048580
209142788
475972
16991249
220005405
54526417
1053136
4247808
3408896
20188429
121651252
54555661
7816413
214225
275572
5050676
13636416
118490320
70547268
803905
31260957
121704913
213264
79957277
14484288
4304
54582736
72107076
30462029
17642513
29623313
262609
221724957
205591364
218104896
886899780
19990340
57737280
122110161
122490932
29748
124850176
55001565
54604816
13684753
55332148
7828493
7602436
29700
57737232
29676356
218120257
80953613
17682484
51499073
55379165
3411229
54753092
13685569
1101
205528321
31264884
501022721
218908481
14488016
29678900
16796929
4316429
1167476
218108161
476176
4998196
122487040
3621072
218592321
13750737
52233424
263284
218969156
7631901
16856080
4259853
14483469
57737293
232590800
486855540
5050445
851984
1914689
18677824
51380225
55001396
66369
1078272
31264017
7615696
4164
67396
803904
67162420
221315089
17630260
17265741
7615489
54539329
3211328
1851601
1066001
13059908
1852637
54527005
16778449
30530817
4313345
13644829
51380509
1049809
1078289
3211293
13636468
13711220
17255901
12845277
5059613
4368
803844
70517008
905425
29624128
3225412
57933892
57934912
81543181
1053136
18681088
865309
51433488
118836
29626381
905217
17253428
13638913
121848692
3415296
874269981
3211293
4214224
205586449
122128
218173456
1953860
57990621
219366516
275572
12850036
1048644
214132
221565185
825298961
17632541
30621952
3620916
13661236
56784
13651204
5046388
205540612
13631504
205748045
16807133
1957137
1050436
5099636
218906701
4420612
859444
5102900
67162228
213265
1052125
1901021
125099277
17043520
29623312
5047517
122438672
57935693
51397633
12849460
266704
54579485
221519325
1954048
218395725
118607936
13648180
213200
119248
65821
231962445
54604813
67139396
855309
70731597
16794701
118993
1261569
30425373
1056013
19993460
54527005
219365636
14435344
226381
477577680
4313165
20398353
3620932
218182685
872480769
3215616
218395665
276289
121635025
7816000
54595037
12849220
219378740
218959104
79958224
488461
13638913
886260957
118702964
266548
872469316
122540096
20002628
20398084
4263988
1901581
58160244
873493508
4997380
7418893
79984449
1040
54739409
218907856
905524
14487773
54592720
218906845
1901568
51436804
1065792
1953869
30425344
13844740
214861
803892
14496769
30625233
14483728
57938193
206009412
13857793
221515024
4198865
802932
13750388
856896
3620864
1025
121861137
74718493
54648273
16793665
315469
4260148
69022929
231738653
4672797
4214020
16991453
7631872
54645572
14484289
4109
54591745
55002948
68962125
57741389
16400
54529488
55382273
29652852
218169613
4224052
67961104
316224
318749
1065792
54527821
68864
3634384
7602193
7602436
4669492
475392
124850448
4365
57738305
69853
218117172
475344
19933
17069264
218395677
124853533
57740753
1852429
16388
17092916
7607105
3437633
318749
3621901
218592321
7406592
29652036
57741520
220004429
927429684
231751889
4198660
923914257
1050436
70096
16781313
218580032
269568
213056
30580
232591824
31264884
886100237
54526976
16777229
30422033
213056
205525021
221316100
13711220
19725
7602228
1048593
57744653
20188624
55382029
7409104
16830464
1062096
54752285
51410036
3408964
51433536
14483473
873483520
7409780
1908020
119057
473976093
13632628
1167377
58147956
29625808
125255696
221515024
275664
20238336
486753332
31265245
930159924
80007440
57947201
856321
17630260
7603408
886849600
872431616
218157172
29626624
886048577
12849460
7406400
208982084
51381264
803841
29712
13844496
1051904
886051024
19729
30527952
1052676
57963597
54556493
54592320
80744669
58147856
803856
125255796
31268148
3211536
31261505
29635588
853876
16780545
5102900
79957277
12849985
886952144
13648128
18677968
7816209
476176
219365380
218959104
476176
1852224
5050624
220060944
221316100
802832
5047361
31268148
1908020
51380433
65844
4211828
276289
221565137
3215373
219955252
266292
3621700
13632541
3411200
3408909
856128
230963012
221319441
930575360
51380688
70334285
218317889
221565137
57987085
205538356
221315357
476369
873480464
218906884
1904909
475972
51499073
873520413
7815425
1078289
874323217
20185552
4210765
57963520
17472
80740660
13845520
266305
67125265
121700365
31261700
58150160
3415296
231738625
20401409
1078349
13857856
1068509
927011088
13632576
7408897
54592320
500973569
13649012
13647885
17092676
53556
55329821
17043764
54529489
221329229
12846912
872469316
79953936
51384333
19764
218582289
872678452
54545680
17042740
31274829
29622545
1062096
3412801
4997389
118492420
12849156
5053713
13632720
122438096
3214621
1853249
53325
3622004
1854928
4212544
13844689
118543181
219365380
7631872
16896285
476173
13634816
905268
262196
3437633
852813
5046529
31313924
803281
78925
213108
3224580
14484289
5047313
54529488
124849629
68014545
7413044
852033
927063300
20238605
856180
12846912
262416
54539332
12845060
17039632
875823364
54644740
3211329
213469
3218705
121636061
5046388
1263476
55391232
5046276
69010445
885313757
3621072
119040
55382900
55002948
219955677
70517828
51593220
218160413
3412276
51380340
1068340
16842804
4197661
7606544
30625025
802884
125255988
16400
55329028
16830532
4260865
231765213
856321
16991440
205520900
54592580
19991837
79958045
13635652
1048640
227136
125050112
859409
1900621
13845312
30622733
118505680
65793
221525200
30488436
5046340
874372368
476237
859409
54599120
74521885
20398916
54530064
802881
30462173
31211789
55329076
213469
1049664
859405
13058321
806160
20189200
14435329
218157277
1913972
118542596
74767668
122111197
7815633
54592320
14434513
872891508
318737
1262800
55002176
205577485
58147700
118900
476237
4669556
214068
51410036
20188624
1048849
65745
51394369
1851869
17472
315664
474811856
852813
13844753
218117956
30621709
232591645
7655501
262196
79954205
3464657
3407876
205997073
30413108
4304
16794637
5059584
13858000
1101940
14434577
880070865
5047325
4408388
218369280
54752333
218580189
221322705
57933841
206387008
55391249
31264884
54527197
13649732
20189261
118492416
57938129
1953844
1078273
488500
