3219
2040
-545
3051
-645
18
-665
-1025
-3819
437
-219
1577
171
5005
-510
11544
5220
765
253
-3348
-625
4543
-660
-6966
-1026
2990
-615
609
-1488
840
-1820
-50
2625
1763
2109
1617
-1485
-410
50
-980
-1078
-1794
60
-2442
825
180
-1350
6882
-1725
2576
-4982
-6283
1518
7047
-270
-429
-10605
-437
45
3864
2200
300
2268
2013
4692
210
204
-2752
1170
130
-1908
90
803
1419
2430
-2788
-1652
2520
5775
-986
-2365
3827
10625
-10292
-2124
12753
178
-539
630
-1368
1260
-5037
-408
-748
3861
-5499
4770
-3111
-3745
-1261
1815
5751
-11583
-114
-790
735
-490
5117
2883
560
2457
3430
1624
2193
-2597
741
3528
-9790
-672
-792
2538
-850
-3944
-5555
2597
1368
-6625
325
-5049
2610
-1302
-966
3362
-2697
-984
-1927
-192
-38
-6279
8664
-1887
-3078
-4392
-989
-2548
2050
-180
-3852
1554
4601
14637
4473
-2193
-7735
2060
338
-1333
56
2070
14478
1470
-1682
-979
3105
1050
-5353
-1026
-1449
5133
3509
-690
5670
3564
-182
-770
-100
-4940
-252
4200
1098
110
-6942
-1539
-638
-36
2047
663
-3051
1800
1007
846
1591
-572
-6634
1650
-5200
234
-2340
3335
1950
3640
1600
-1885
-8073
-3570
-3382
714
477
-1620
-990
-175
-861
-1302
-798
1743
-702
1704
1715
2002
-2295
2597
-5778
-1221
-5148
2187
-111
-209
1435
-7029
5022
-180
7314
-8961
7553
-1620
3705
-341
4071
-189
-221
-5151
2009
-1593
4329
1313
-280
2279
9500
2345
-700
1848
5727
-795
-5355
7085
-623
8701
-1064
29
220
-8715
2499
690
-4995
-2635
6497
-1708
-1054
1612
1860
-8954
4592
-2136
-8989
-1748
3549
1491
2618
6675
-990
-817
-4233
-6200
323
1175
1148
3605
-3827
1886
7387
2000
-5250
245
-2828
-1856
-6786
1652
7565
7387
-324
-748
-1079
-39
1425
-6052
-550
-460
-2756
-1064
540
-279
-2813
-3885
-1356
-1827
-5670
-11554
3404
444
3773
1501
759
-3567
-10005
1368
3315
-1748
-175
-1116
-1377
3204
-360
2204
-966
-2214
3162
-6552
-935
1702
185
477
-3330
351
1932
-1311
2244
-2910
2652
350
-4134
2093
-2225
6319
8554
1593
6204
-2812
-9222
119
535
-1339
-308
-2575
-4386
-943
7950
3111
-4514
-891
-187
1722
6205
324
-10692
660
-2214
-5304
2405
2079
-4343
-4018
-5460
8536
-6020
425
87
-4896
9595
2850
4257
-1890
-1925
9180
1218
-1110
550
2030
-1547
-6386
702
10807
2889
4361
7194
-689
-10710
7268
3239
2695
3663
415
-2574
-204
6840
-2236
-1491
91
-3535
-330
6213
-279
-986
-348
-1474
-4559
4012
-1131
-2709
1562
-1275
4459
840
320
1150
65
133
380
-594
1066
781
-490
-528
-315
4095
8085
-4028
5265
-3016
-3990
-1276
-64
1598
27
1075
627
102
364
-1023
-1645
-2415
-1265
-1350
574
309
-2162
-1554
-3471
10500
-1711
-1023
2250
1365
-3393
-459
-3003
-66
803
473
618
-2507
585
-1849
-2590
11270
1428
4030
1377
-4731
703
-1452
3025
-1849
-4335
-555
-204
689
-2747
-3003
7738
-1870
-2310
5106
-3597
2268
6612
-45
-1533
-5985
-3654
2990
-6039
-912
5074
897
-4732
4142
49
-1734
-255
1504
-2071
-611
4841
-3774
1116
700
-2100
-3213
533
5194
4270
1711
2220
-2501
-1955
1064
-760
3358
2660
-1643
-90
413
1045
-4823
-2184
-1092
-2727
-3915
-1290
-1725
1692
6324
-420
7134
-322
328
840
-3690
270
5880
-11172
-4841
-1026
4830
-4840
4071
-1722
-162
-210
-304
-6786
-1672
-125
-1271
-1974
-5625
-525
91
980
1365
-264
-4840
3975
759
-2523
3500
264
-975
-35
-1197
-851
1500
511
5207
-57
7800
3575
-460
-3174
-297
429
-1485
363
-44
8554
-130
-1098
-440
-81
4661
6120
913
-11227
-6006
8307
-150
-1575
-5822
2640
676
3050
3300
8140
1845
1092
175
1102
-924
-900
-1275
-4731
-2370
-3737
-2670
-1148
-4602
4158
-8346
-2627
-901
-413
-10302
-1886
1150
5310
-108
-416
690
-4140
-1980
-345
-13
-1648
1008
-9570
3854
4620
-10810
-2058
-5310
1900
2948
-5170
363
1869
-13572
4998
1349
-4558
2840
414
201
-975
645
-5236
444
-3315
2714
2494
-1919
630
-2442
-1633
-3293
765
-486
148
-945
1581
-405
-7725
-1012
216
-600
11737
2303
-361
-1519
245
-1365
1260
-2881
-480
1521
-6322
-2266
-3060
-75
4641
-1539
-5208
2250
-3763
-1701
286
-1836
160
3240
3392
297
646
2450
1012
-4150
1743
175
-1100
-8342
-3486
-6955
4180
-1363
-2065
-495
-510
-112
-11
-406
3286
-264
1853
-3162
828
1431
-2279
-3922
3600
-455
-1298
-819
756
-1917
-9315
270
588
-9393
12125
-403
1617
2597
1054
-2666
-4469
1458
1088
-8103
-9095
-2553
-2584
-1860
1625
1674
2090
-2010
-3230
3780
-99
-3034
-1974
4731
-1185
3993
1479
-8295
520
494
-4223
5
-246
-4452
321
3397
-342
-2550
-6095
-708
205
1890
-2323
-280
-1204
1078
2997
2294
14012
-1350
-7470
-1886
-75
574
-4324
825
-6431
-5244
486
-378
-6534
-23
-923
5402
-561
742
150
-5035
-210
-55
-3422
-522
-1032
3180
-108
650
1505
-770
2109
-882
-1547
-2982
1242
-1305
-8466
1825
-1917
7250
-1806
5673
4320
-1131
1520
1070
1925
4565
11716
2415
795
-3392
-325
-837
-4899
-1034
-1978
-1853
-3886
-9951
1615
2646
1953
175
-399
871
-3256
-4617
-4158
-1886
2014
-104
2929
-969
1254
1150
1820
-4680
-1260
-5499
-196
2378
-345
-5500
3619
165
2646
5733
-1938
416
3577
3534
-66
-147
-3393
4814
66
4558
-775
-2664
1110
7656
2520
1110
187
3330
2449
3010
-3927
-5092
-407
-2600
6324
-874
-1350
-81
-665
-1802
-5304
924
2150
-2289
13161
450
2100
1978
-6636
-1368
-4134
4085
2745
-5175
1846
-6399
-7373
-459
-4104
1551
1118
3468
-1495
-416
7372
4343
-14
2145
-2214
126
6806
4080
1710
442
90
-1053
1309
-989
-1620
-1386
609
133
2160
-2484
-1081
1330
-564
-1071
1513
-1081
2070
1530
-304
-1170
-555
-3645
9717
-1026
-7224
-2244
2033
-2457
-4802
-3042
2325
2915
-5082
2263
3480
-5459
-4324
837
-9500
-10605
-2115
-2660
10302
-1178
289
330
10440
-234
2136
882
-2600
912
-1591
-9657
-2401
-793
1184
-4329
558
-7979
-3538
-510
6588
-250
-3827
-2639
147
3480
273
666
6650
-190
2535
-2967
1554
-4503
297
154
-510
3116
-3772
-1044
210
-2244
-161
285
3575
820
4646
7650
-9265
-3627
2059
5830
-8732
2623
3710
-120
340
475
2914
-3240
-540
-5618
-11445
-343
-3572
1782
26
390
2457
9945
2880
2646
-744
-8585
-7630
-945
2376
-774
2403
2079
-2904
7810
-1215
-3885
-72
-364
295
-10974
10620
2337
1666
1425
1653
-246
-1775
-728
765
-2700
2040
2511
6254
1026
-3034
1161
-4750
-1292
6438
-924
-2989
2829
3696
-4389
1995
-969
11011
1825
-3630
-1118
-1914
4611
-3131
3480
2072
5292
-435
-5767
-11514
-2583
18
-1325
-4200
-135
-189
1775
1080
6136
-7952
-1568
-1855
-7387
-884
-737
9794
-1505
195
-2025
-8614
6655
-2430
-551
1365
3038
-105
5800
-1071
-528
3445
341
-9890
308
-819
-936
1215
-2280
576
341
-7298
-5565
14097
93
2223
-4335
-4510
3219
-1144
1332
779
-2016
559
-6370
-3034
-4590
3363
1665
-660
3034
1457
1513
-530
4420
2923
840
-2990
1704
220
-176
-6090
8004
-2911
-1066
4250
1581
483
4539
2635
2923
1403
5014
-5618
3625
-423
-114
-1457
-1020
9379
-3025
-980
-4374
440
1634
47
4929
-918
376
-963
-7254
3816
-1134
-1056
-4620
-2070
988
1394
-828
1953
-416
774
546
-3072
2911
-2002
-102
2365
-2538
-357
-952
301
-3658
459
1218
2385
-648
-4071
3116
1298
-1887
-1501
1225
-4026
1056
-1408
6300
-2905
4641
-4437
-533
468
3780
1716
3444
315
1519
594
3780
10620
910
-3403
-1768
-99
-2701
912
-4214
102
2907
-1111
4650
-481
-220
6840
-4970
11284
-2024
-930
-5332
-1353
-4617
106
-2205
180
-510
-4355
-4332
-7316
4940
2067
3150
26
-714
6390
3395
1505
-3145
5092
1199
5145
-990
2132
-287
6364
-2993
-1702
4558
-10296
-5929
2883
1914
4664
1386
-3185
459
-6525
-1178
600
-7031
6525
3654
-2021
-468
5117
-793
-1786
756
861
6888
4788
-1326
-946
-2310
5429
-2835
-1767
2170
2275
1950
1739
-702
1026
-6750
378
4005
-3293
-2035
1100
2000
-480
3567
6270
-1953
1435
-99
486
1870
-968
5148
7770
-343
2835
6477
-108
6643
-1288
60
-2132
9898
3015
3813
2597
525
-4717
-5830
-4056
-9430
3354
-2808
6525
5950
94
5440
-1653
-1820
-1083
-2450
1375
1554
98
-2812
2490
-3959
7055
3774
-2871
-2277
-525
-2214
-1095
39
-6095
2886
11009
-4455
-1204
2478
4209
2223
1222
-4015
420
1694
5904
-644
-3735
-819
-3300
550
-4374
1635
4324
2303
-1281
-2809
-5396
12726
1863
-252
729
4872
-3071
-1650
249
1120
2805
1500
74
282
-344
8142
-4859
3870
4455
1505
-2071
-760
637
1189
-1638
667
-2013
4125
3249
2257
-1053
-3053
1053
1125
-765
-970
-810
4459
-1541
1763
84
-350
7700
-323
2584
-806
-2550
-2520
6783
1100
4848
-285
-3132
190
2623
-319
4510
-975
6006
-464
-7565
-765
2156
-5883
180
-3772
714
-2645
-3162
486
-1482
1034
-90
-4655
-12987
3827
2960
-642
-930
-84
-910
1798
-6030
-1020
-6313
4187
693
1050
1734
-4473
1890
-210
1710
8134
-107
1003
779
5551
4680
2596
1819
5796
-2537
-2911
-1458
588
-2093
-4565
720
-3481
5320
-882
-132
204
275
-5289
-1825
8282
-273
7575
4263
189
897
3219
1071
3382
-2013
-3182
-1372
-153
9612
2247
3477
-630
-3869
-7935
-688
-3483
473
6141
1400
-1813
-1462
-3234
-4368
6716
351
-975
-9317
4982
590
-8262
5832
3290
3458
2366
799
-2714
-7070
1682
1247
6745
36
-2163
-4452
-306
-1221
-1764
-4485
800
-3150
1144
711
3216
-1134
-105
-354
-1311
2925
-1260
-2475
-5782
-1183
-4620
2125
-378
-826
-200
-640
33
5989
9779
-1875
4233
455
2318
8925
-5133
2419
2162
3995
1632
-1862
-1287
63
-1775
-1638
8855
-2745
132
-2068
-2223
2646
-3825
2142
7956
440
435
1144
-2025
240
-676
1541
1554
2430
400
5460
79
-2775
315
-4130
380
107
4700
-3485
5427
-2835
671
130
4558
1593
-407
435
-609
-3735
1312
2666
-2756
-3321
-9890
-4995
2130
-11067
1050
332
4161
-3672
560
-120
86
-5300
2886
-9265
-2016
4095
3045
-120
-6077
-4830
-810
111
1534
1029
-2769
3564
-2241
1260
4032
988
-2205
-2970
-470
-3128
-1275
-7056
1350
814
213
10355
-986
1221
-2650
2540
5508
-4620
476
3520
12190
2891
-10962
6612
-2583
-175
3870
1564
-9592
-8064
-4154
2640
-9191
-1458
1272
-6710
-3036
-351
100
-1148
1008
-9156
117
3276
1090
-2457
-1961
-1800
7227
-2652
-348
5510
2862
-748
2809
2530
-234
4081
1710
6643
-1479
-9540
-880
4860
1445
420
-3198
-4368
420
632
1872
-3404
-4830
-380
1833
2862
814
-3075
270
2214
473
-4675
-705
-3458
574
-646
-989
-528
-481
-184
-5670
-4779
-10912
-3060
7383
-4183
-4675
-2625
-5986
-4845
413
-7020
-4462
847
378
-2871
-7245
1425
1125
-7371
3596
2183
-2464
168
7182
-1116
585
8325
6399
2850
-2700
-464
-5135
3441
1127
-1176
1131
-9900
-984
1265
-1800
10881
-858
-897
4554
-50
-2397
4686
-2067
-4905
-1512
-8262
6660
-3009
110
-3723
-7650
-1932
4590
2775
2581
988
-455
1679
5106
-1470
1845
-996
5772
-781
665
-57
-602
620
2200
-1155
5047
-3198
1632
4307
415
-1040
-322
510
-407
-265
1809
2754
-371
231
-122
-798
-1287
1829
-2068
5355
7885
1326
-247
-10062
3535
-186
-1512
532
-2070
-1534
4628
-8686
-1854
-759
-117
-715
6171
1798
918
-2336
1794
8991
-9797
-644
208
-2250
-1638
-3445
7722
-3198
-4173
-434
-3066
1134
4350
2035
1620
2929
-374
5518
132
-2414
4042
2337
-5029
-175
3996
-6142
-1750
3315
6723
-950
1032
-168
5680
-203
775
-1160
2975
5244
273
-4644
3286
1802
-7500
423
-203
-1748
9523
3450
-1980
-375
3003
2703
-2418
-117
1064
-209
-1643
-396
3652
-1375
-4165
742
5074
9646
6555
1421
-1800
-1411
-7770
437
924
-1624
-6225
-2698
198
423
2438
-98
-2970
3564
1045
253
-3111
651
168
468
9964
-265
-1131
-4134
2943
-5293
1479
510
6675
-595
-510
-5723
3150
60
4255
1760
-1188
966
-1387
-6723
1827
1962
-3600
-2201
-3685
-4819
-2555
-6440
-2331
2886
-2021
-870
3655
5104
-2499
702
1121
350
