16141
13597
15453
7989
4032
15484
4433
7645
7244
4871
3319
15377
448
12748
1872
1217
12351
13127
12556
14144
13392
7543
12624
977
5184
5911
4931
7219
16131
960
4976
820
4893
4948
13060
3313
8189
15828
5456
13375
7537
13397
5892
13392
3888
12381
13105
7453
13680
7999
1103
4951
8157
5057
14085
8060
4989
12547
7379
4949
6087
5955
4049
1220
5132
16371
15415
16373
15604
12592
13148
2005
7428
13056
14140
14084
3421
4928
12532
1907
324
12753
1815
5247
63
4548
4380
13360
15552
16341
5968
335
13791
3924
1293
272
14101
979
14292
4944
15632
3121
14293
1985
16241
8147
15821
1905
5588
5341
3264
1805
23
7473
1095
5203
12403
15692
16333
271
15445
4884
3399
4033
5057
1075
12759
13516
1533
5212
3857
4432
5424
12596
5469
5489
5085
15573
8147
15552
5917
12375
3327
15871
269
93
1293
13127
16321
7943
13589
1077
13616
321
381
7629
3076
15729
5331
14109
476
1027
5437
12500
3079
240
193
13633
12595
1489
4467
1365
12668
5389
15583
369
972
6005
15685
15812
1139
3841
8020
5184
15440
15645
14111
15732
31
13565
5967
14145
7453
3093
15820
14323
12597
7375
4063
4215
12341
7511
1244
1500
13379
13
5197
7479
12484
348
7985
1021
4127
13692
6093
6015
1875
7508
4055
4188
13683
3863
5575
5597
5172
92
13509
5139
1077
7184
12308
15607
15821
14205
1029
4592
12787
4915
4447
12740
5455
284
3581
1475
5171
275
3921
15612
7425
4572
15487
5596
14204
8015
5489
3952
13628
3333
12637
12495
5619
3164
12789
3841
5104
1139
285
2032
1347
321
3889
13524
5937
5975
1904
13505
351
253
1473
16183
1117
49
4189
15629
5149
23
1815
3265
844
12404
14323
5620
15827
16255
15809
5444
13133
12364
13312
7639
967
15647
2032
3409
3932
12341
15669
3407
6001
3325
15423
5069
12789
15567
4419
4880
4567
4288
7363
4572
7280
1375
4116
1520
3281
16191
125
4117
15381
5631
4949
7452
4099
15564
7637
12755
3441
7245
7452
4977
5184
499
787
5380
13276
8176
13087
15692
3357
14287
1523
1532
5332
6084
13313
12508
213
211
15615
1107
4364
3959
4103
3452
4148
3136
14143
13653
255
13428
1119
13808
12373
4095
12737
13397
4351
15815
272
791
4119
13767
4593
7187
13169
12304
15361
4097
13125
5964
1023
14205
12372
5493
14327
7412
4561
16209
7365
64
8063
12620
5580
3532
884
3313
5380
16193
8016
6080
71
3440
12487
15437
7172
15612
3391
1092
14108
15701
3285
4931
816
3347
16145
3191
5367
4340
13525
5232
15455
14287
4559
1089
13617
13661
4364
4423
3281
15741
500
1281
13651
7964
5495
3952
7637
4865
13363
6001
1863
4353
7989
3903
7511
5059
14204
16179
1405
4941
5956
797
3447
13248
5376
13431
5956
12564
1232
7999
12348
5501
4145
13117
5901
8135
13436
7447
2012
1527
1107
1045
1084
12291
3189
13431
4367
5143
5980
16211
12543
284
3357
13060
12348
5319
12364
3957
7283
12604
1501
4353
7444
1025
4564
1095
5905
3351
1521
13148
3395
3164
12369
15565
4892
13815
4371
3348
5891
15427
5061
3959
4127
13173
12540
7984
5172
7232
4039
257
16148
787
1521
1084
7509
3868
7985
3844
1244
1877
13141
3843
15388
2039
3120
5087
3925
5616
4948
8157
4291
12788
4336
3265
8003
5196
13789
4400
1811
15647
375
1293
16325
1343
8181
5488
15645
16176
6135
12543
13149
92
14083
1264
12551
4359
7956
7293
5393
12671
284
7668
4412
451
15636
4220
12671
768
7964
2037
13361
13761
4060
4544
799
13760
13637
3921
14276
3920
4423
5941
6013
12755
1527
3196
5109
5111
4565
84
13313
12304
4979
4357
1232
13811
7443
15612
3165
863
16179
13392
5569
16368
7476
14100
4095
14099
15827
791
4412
4145
3379
15728
16351
1405
15472
213
7492
5124
252
5447
13685
12736
4173
989
3313
31
1361
16321
15436
15701
5629
15863
49
5916
13251
7409
1265
7487
7421
3539
4943
7293
92
1137
4477
12508
13683
15860
12383
13316
13267
12545
4375
12656
4172
7477
5343
7540
381
8048
12545
1844
16183
7504
3860
4144
1984
317
15619
1008
8003
4151
5407
12359
15839
15431
13588
4931
240
4119
13301
5585
14327
13263
7408
15613
1109
4339
3159
319
4083
124
4372
16207
15683
16244
7965
7940
15647
4927
3907
15573
15681
4415
4988
13585
12508
497
4292
16132
15743
5377
8031
5205
7221
5585
5589
1
3085
7440
4924
15420
13596
12659
13340
3349
839
448
4925
817
7231
15437
13649
7376
13267
863
14303
964
12625
209
1484
4892
5891
5120
4101
13317
5205
7293
4149
15572
14279
1149
4948
15557
460
12751
508
4096
1287
1012
4887
3283
4925
1095
12365
14132
1100
3581
1887
3957
12561
13276
13057
13312
5905
4933
4092
3856
820
3539
380
4865
5333
5948
5316
7639
13649
5331
5431
4097
15439
323
4981
8147
12669
15612
13252
14167
76
4208
16211
5948
771
849
4348
12508
508
5621
6007
3271
12351
7375
13312
7669
13056
4420
12352
5616
16337
16207
1812
4431
972
1011
13397
4556
13172
15365
4564
7360
4101
3133
1372
5116
13616
3095
13692
14135
7284
7999
8063
4359
16212
12483
16349
5969
14129
8147
15812
3543
821
3292
4357
4567
12625
13072
1221
15603
4945
335
5125
4544
12353
5452
16220
4928
5117
5427
12787
5116
1797
13075
15455
1840
13575
15667
3404
1996
1116
12737
7637
15383
60
15633
12319
12613
4177
14145
209
13109
13172
12639
821
15871
5911
1844
15367
13425
13172
271
14320
15692
4439
7375
12787
15428
245
1841
15871
4932
1356
13773
5599
12413
4305
4871
5909
12367
7487
1236
5895
15811
1104
5596
3539
5460
7221
4372
1871
84
3284
7388
8019
6097
1845
3841
5383
14207
4369
12503
4175
13392
4305
12401
12657
2037
4160
5591
12531
15555
13428
13565
4471
12765
5244
1524
12499
13079
3139
16241
192
3271
7479
973
5076
4369
7295
13633
15701
3861
2036
3389
5569
3267
15743
13572
7997
881
4300
13149
13277
5117
13297
15613
221
863
15633
5245
1219
14151
12785
5951
13428
13788
13821
1108
5907
7476
12311
1407
4935
15692
14321
7216
1911
7623
13327
13325
7253
16135
14132
13340
16253
3391
4556
8005
5453
13428
5376
4572
1905
5071
3440
5056
2037
15837
7411
7244
1855
3093
68
15553
848
13683
3349
5452
3133
12341
1533
273
5587
1489
13311
15557
15839
1088
5361
1472
5140
3184
15453
5424
15439
13073
1089
1356
271
3927
3093
13428
3413
12547
8191
12547
15629
1997
3344
15409
4359
12336
4447
977
16145
13116
13077
16144
16183
13133
4045
1876
5892
1397
13379
6131
4144
16327
1495
15831
13107
14157
255
12612
12789
15408
7501
3407
2007
4147
837
13788
3141
1479
12359
845
6101
1239
5313
15441
4125
13327
12575
13509
1820
13767
4109
13685
13073
3075
1103
4035
13649
5
1495
3521
5919
14143
7187
5236
7380
4159
12495
496
4912
3189
7473
13808
4063
311
5599
5981
6007
16211
7540
6099
14287
13591
837
13517
1091
5943
4403
15445
14099
6111
1335
4979
4353
13116
15436
12309
61
15424
3932
12627
1079
13647
5380
6001
5315
1344
15381
1093
7955
1840
4112
837
3933
372
452
14148
3155
5324
3955
15629
16159
13761
215
5201
5180
1904
7231
257
5325
8015
3900
7452
15697
13655
16373
5084
5981
15415
15708
5581
15617
13597
4879
16333
14291
1855
4596
4979
13141
1361
13567
15827
6005
1797
12657
13108
2001
4049
5580
1489
5623
12743
12659
15677
3543
13429
13261
7519
12383
13255
7967
5313
12592
12620
3293
3541
5425
1524
4941
8012
1356
3852
15696
7247
14108
4340
4061
3540
15740
12597
13692
13437
3396
14109
13651
12291
68
5599
14285
1996
15425
1217
12544
8129
7223
4605
3135
13068
7957
13823
6100
13149
5111
15441
15476
4573
13617
7479
4223
5971
5955
4
5973
8180
12753
5391
4913
1021
1345
7361
7505
215
1089
829
15453
1012
319
15408
12413
15620
12352
12493
796
8188
15692
1047
1303
3888
14301
14092
3907
336
7507
12789
8189
16336
116
6100
13261
4895
5365
12551
1523
7360
3395
8020
3548
3571
3925
1804
15700
7509
821
4467
14204
13120
16320
16321
832
13124
12797
13175
255
1075
836
4157
3901
12595
7479
12349
12561
8188
7489
847
16212
3539
4880
5077
13789
2045
1073
4373
16147
4976
4988
16333
975
7180
13299
12480
13137
4173
12628
13363
965
836
13251
51
1036
12375
12497
13171
308
7252
28
14275
1231
4432
16321
15856
13588
15676
5591
12660
3380
13429
13527
16336
4165
15613
15421
16337
4151
1332
3135
48
12340
5968
5620
6000
13361
8055
1363
13567
85
7223
4212
4
8129
7247
7184
4051
7196
12560
7517
4188
1136
5904
5107
895
8191
241
6001
4223
4039
3312
16189
14332
7223
1815
1101
12788
15364
13361
76
1799
13077
3276
4172
15
208
15423
4223
13360
16195
771
12751
13437
5149
1267
3121
15557
15379
16343
960
113
8013
14108
1987
1364
7665
3393
65
3869
5596
5360
1151
3532
12796
7431
15367
7949
2044
4380
5335
2047
5597
452
15373
3453
3316
13533
5983
3381
12561
12380
15564
15620
783
12373
16369
5184
15569
3857
13383
1495
13645
3276
4124
381
1501
4949
14165
7455
13553
16223
13391
7629
15372
12383
13781
2000
8131
1044
5392
5965
8128
1107
3420
1375
3377
3279
1500
13087
14129
12316
7217
981
14192
1856
13133
7677
13120
3924
16381
12496
12
14157
1091
4932
4564
4471
16327
4988
4311
5123
3908
15424
3921
3965
14207
15380
14111
311
5203
3316
769
847
4572
15620
8176
208
15868
3543
1477
7549
15740
4419
4883
13271
269
5904
15372
3280
7937
13395
1087
13056
7188
1143
15729
14093
7173
13653
12596
13267
12764
7616
14164
1347
5189
1907
3271
5964
1299
5427
1136
4319
12767
15837
13315
4052
12484
1501
1492
15553
3396
4351
12621
1295
5087
4343
8021
71
5952
8004
1495
13141
15685
15427
963
13316
4080
3967
16140
7985
5056
13296
7955
1853
13124
3317
279
12609
15695
14147
13599
13172
4991
380
1532
4343
1877
13631
16177
13683
31
4084
7952
8148
13584
1109
7184
1373
781
5328
12752
16321
7953
4375
5389
308
1136
7939
5457
4292
13340
12561
8016
14095
1308
12753
127
5491
7223
14109
3893
817
14132
4035
8049
1349
8179
83
5904
6100
16215
3332
1264
3916
12548
1233
12596
13180
5188
15820
13424
14192
14099
7959
14193
15692
12663
12493
12604
448
213
1245
16371
2032
13621
15412
14100
13584
3276
14320
6097
7999
5440
12380
29
797
5085
3184
15639
13511
77
13680
14205
15391
15632
7492
4412
15361
5940
1073
3415
13521
964
4095
12380
12784
988
16141
3328
7453
3840
197
13629
5133
3847
4464
15564
1477
13555
15632
3103
12559
4085
4423
13556
3967
7619
12764
3932
4416
4948
309
4885
1025
837
6129
511
4951
4465
5199
12301
12339
4929
5907
3343
15636
13343
6099
14156
7295
3869
15556
1284
4549
5328
16128
13429
5892
13383
8017
12405
4359
15709
3533
5376
14133
863
7952
4175
7365
3860
15476
12336
13763
14324
3124
1840
6143
1476
7231
8180
15620
1221
1045
5124
4032
12540
975
193
3085
15735
3572
1108
15557
1532
13591
1815
5493
77
4039
15431
16215
1105
15681
3392
16132
205
12764
12533
16247
972
4083
8020
4912
13815
13616
12563
7391
1349
12656
12481
15452
1267
333
1372
15553
5468
1799
1036
7183
13296
4871
16339
13168
20
4476
15444
116
253
15564
1805
3135
5392
5116
849
12295
7283
3335
4883
3267
839
5395
4113
881
3329
5185
1095
1405
893
8012
1220
1871
1363
8001
1987
4048
13439
8180
4887
15701
1853
15413
7376
4351
1284
7549
3395
14193
15429
833
4421
12544
14163
13068
12787
4407
12551
5149
5203
4869
12484
13317
4403
1053
3287
12752
8029
13521
305
16196
348
7472
7365
1233
4339
3093
7495
13077
1795
7415
3533
12300
5232
1348
12381
13583
3568
12623
12496
5372
16321
8061
5468
8129
4935
4357
3399
15601
3847
7180
7484
2012
12605
3903
13168
7409
13319
5104
13361
3860
14292
12559
5396
13585
14145
12316
3347
5572
1372
13183
2013
13517
15635
16157
13775
15677
4567
4175
3861
12485
4884
15623
15693
321
7635
4916
469
3376
1856
12359
1475
7439
4572
12573
1043
