3135
5436
12636
15836
14196
316
3895
1076
1244
6093
1845
16199
3957
14175
7540
4308
5399
16204
14321
8143
463
5575
1811
3189
13761
4557
4403
16129
5132
15445
5429
4033
1823
13372
887
12668
14172
4063
1235
15820
773
5901
7495
13171
477
12575
14293
3380
7507
15431
15825
80
15677
511
3856
4471
4115
1140
14141
12541
16149
1521
7984
2012
1088
3445
4308
4881
7492
4292
7413
4567
12288
13143
349
7985
13564
3843
8131
1356
5184
1277
1487
12765
12639
14111
12492
15421
7679
63
8145
117
7500
12483
1029
271
6100
1860
5959
7636
12352
5196
5428
340
15812
211
1405
13388
1869
7549
14327
31
1520
16199
199
5463
15677
1108
3331
15859
3143
5457
844
15436
1219
7365
1269
15477
13681
4572
1297
5949
12349
12548
4341
7487
3325
449
13060
12311
5583
15365
8156
16129
3869
7424
192
3397
13059
3923
7408
1077
12303
273
2000
3908
13509
1036
3269
15487
7629
5313
4164
5376
7424
4927
15681
5956
3328
7376
976
4223
16337
4061
311
7621
16179
848
3191
3285
12304
12753
799
12560
455
15735
7408
12636
5936
13367
3184
3921
1073
1843
12656
4355
3345
14160
508
7623
3284
1300
309
3411
4447
7509
5203
773
816
14301
4307
6001
16245
13076
4564
6111
3141
3151
13397
193
5244
13253
7477
1028
6003
2000
4867
5375
13559
16189
1797
5072
5909
13141
12560
3325
13109
13063
1043
455
5591
12415
791
845
1909
5952
6012
3441
16149
7196
1527
12669
12404
5108
5589
7425
13808
4469
15484
5936
14301
817
14096
3316
1860
5407
13397
4156
13532
12556
13331
3443
1028
5059
1269
3857
13343
83
5232
5191
1309
15629
7479
2004
4880
4191
13340
1907
13309
7261
12485
4093
5245
4471
1283
3904
12595
15631
8060
13524
15365
500
1331
1308
1843
16223
12599
14195
8183
5909
16176
12316
12541
5205
13373
13335
7247
3127
16332
16177
1395
7999
12508
6129
15575
16381
5388
13532
12373
8000
1489
5233
3540
14324
12307
3909
0
1043
29
119
3265
14204
13404
14335
1041
3100
381
14163
3148
5119
7509
12509
1297
5367
6103
3345
3088
477
7229
4144
3344
3847
1904
3344
5453
4881
1020
8049
1861
4211
13363
12497
4895
7373
5968
23
12572
1359
12496
892
4869
4032
1823
7180
13619
12565
15604
12740
3329
4220
12311
3444
16191
16243
7955
3292
1043
817
7431
15601
13
5232
12572
1488
7943
13761
7639
3935
5428
7361
1363
2003
3077
14103
1533
1265
1524
16179
8135
8060
3095
211
12500
5367
13436
15477
1488
13332
83
13811
15623
3952
7411
4368
4947
16144
5365
15567
16372
7936
5149
1141
5187
12511
8179
7952
5425
3856
1489
5380
7475
14128
13315
12736
3909
1988
5397
1859
1375
7284
4307
4544
5343
4912
12767
3124
14164
1285
7943
12292
8131
5184
14140
4189
13373
14303
7415
1988
13588
3959
3139
14323
1041
7439
15741
15856
15668
5379
12597
1809
3376
5213
5180
15629
4101
1853
15825
15827
5571
5941
7443
3376
7476
15603
13775
7169
12739
4977
8029
2007
3535
13789
4947
5952
4479
7379
3860
327
13377
4165
12380
13
321
14080
3857
14156
1024
3568
7232
15823
12789
8145
4092
14284
7477
12368
14324
1999
3164
3957
4884
13407
4125
3956
5324
4160
5107
7376
5201
3184
3264
16176
7616
8131
15693
7940
1852
13511
5441
5424
221
15553
6092
4592
7420
5213
6128
68
1029
12496
8055
12548
4945
3376
3319
5201
12339
5573
2012
7263
4607
14272
5236
15373
13360
7500
1087
6101
1216
3396
81
13276
16373
4052
14292
4924
2012
5085
7472
1840
16335
14285
5109
12415
13120
13636
1031
14323
256
3351
5628
12669
1239
2037
5151
15441
3149
5149
1239
13569
1809
6128
208
12291
8029
13568
13168
1055
3101
5911
4093
3341
3191
500
79
15575
4956
7284
12668
13681
3840
12557
3856
4145
12739
14149
15445
7180
3525
13265
1012
12413
1011
31
3935
4175
1472
7476
15645
323
13276
13125
5405
1859
308
1309
3533
1077
14083
3127
1373
14300
7645
13631
15815
1011
7233
1287
4592
7232
15808
7455
4340
3157
16128
15836
4353
16176
5395
3139
12359
6132
7412
1088
5453
5888
3136
2012
13436
13636
13655
5629
7677
13629
4353
5317
13379
16373
8143
1245
15427
1277
12636
8159
448
13585
5983
5956
3388
5215
340
15743
1013
7437
7504
1372
7219
13424
4945
15700
309
455
7420
789
12668
3265
4951
3135
3952
6101
16213
887
241
12599
4564
4407
15685
13396
13363
15572
12400
7184
12628
14193
4148
16333
1367
5191
1907
3348
3380
15605
12593
1216
7175
1340
6141
371
1311
12288
4468
6003
3333
1869
15693
15476
1297
1075
13269
15628
4949
4101
15604
12355
1815
4435
2036
16157
967
273
3453
15568
1396
4565
15680
5940
6143
5952
7181
4081
1055
15361
4148
1149
2004
1364
14100
13520
13251
965
13137
13572
3101
15364
192
4188
3292
6087
93
3860
15411
13251
1351
15564
8052
4044
7444
16211
499
3541
12412
13060
768
8053
1989
60
7233
7248
12499
5491
12595
223
4565
8028
14332
12308
1091
12544
787
7621
4561
14275
15808
12751
1040
5215
979
7365
5953
5580
1076
12412
7484
13383
5383
3532
15616
4209
1823
5169
13429
204
1104
3196
5233
12357
783
12400
13377
199
7953
7255
5461
3921
4060
14284
3077
7231
13405
1485
1873
3405
3101
12796
14276
5379
7487
247
4316
7479
2007
15380
7549
4177
15553
13589
7425
4943
7671
4951
4369
1845
3087
15808
244
8003
3279
4213
4932
13553
4471
5117
5367
14175
4913
4167
4437
5959
7537
1872
12549
4407
1140
16205
13363
1375
16320
500
1991
336
49
14324
7967
7493
1105
3889
15487
1265
3100
12797
12501
13764
16143
3871
7408
1852
4433
12604
4352
13105
8147
15629
7424
3133
1101
15452
12621
12791
13268
3345
13375
13151
1857
15732
13069
2039
13556
5492
1795
13059
13375
7440
3573
15820
13279
13620
8031
4085
253
7428
1103
13572
13169
14277
6128
6013
1372
4336
5909
3121
4353
12500
5169
5213
7959
8005
12357
7363
13105
15836
12533
3932
16204
4179
16133
1219
5572
4983
3956
4400
12484
348
7424
4037
4423
4355
13132
14173
4595
337
16199
7639
5365
12596
7411
13311
1231
961
7485
68
7472
14323
77
5204
963
5941
7425
15444
8176
7236
3411
7175
13107
13251
1359
372
3143
5187
5087
4943
453
5207
5237
4437
15453
4924
15580
4548
1075
1877
1501
3185
4175
1375
972
12484
8135
336
16147
197
15605
5061
8019
4957
13075
13124
13076
256
15733
221
5199
4547
4316
4949
1492
5983
12671
3188
13779
14333
3532
3359
3575
15823
5631
1271
15815
14095
5436
1363
12563
273
1116
16176
3184
15820
13552
1804
13583
15420
3093
4119
3901
7376
7436
16135
1373
1357
5460
4337
6004
4545
4420
3455
15703
1119
7283
15420
15680
3445
7364
972
3344
13623
3453
1089
1023
4416
5907
4367
3903
13565
6005
332
13651
13255
7380
2033
1332
76
13581
16183
15809
5123
13312
1011
6080
3540
4593
12596
7284
12365
332
3283
508
7637
1917
3855
15677
5891
5185
8051
4349
3079
15667
271
13332
1525
3283
1809
13107
836
16183
461
5968
7431
13327
1075
3852
1879
15825
4209
12495
3932
4940
1237
13661
5105
14141
13425
500
3852
3845
337
1233
1344
5200
863
13639
13333
16327
16213
13328
12631
13517
15580
4563
5340
14293
16341
12493
463
16380
53
816
15565
335
1873
7629
4563
92
196
4145
980
12375
14143
1535
13169
7543
817
5436
15575
2035
4949
15601
13135
325
1852
13680
7440
13629
12608
4301
4180
3891
14092
5457
12784
240
1276
14135
5375
4111
4117
503
7987
3344
4045
4380
8019
12759
5063
6087
316
6132
7537
16131
1084
1535
383
1025
4151
263
14300
3551
15476
4471
1356
7668
13068
6000
5199
5063
4305
1075
4097
5919
12656
13117
7429
1143
3344
4407
7509
991
979
1293
7956
14333
468
12575
4049
5917
3520
8013
1805
5904
1340
15429
5340
4087
13143
13779
1040
12353
893
5173
3136
15583
7216
15728
4085
7429
12556
3148
1235
12788
1299
6097
12497
14164
7188
4381
256
5244
13567
7413
13585
12540
12380
5360
4592
5391
1229
7171
15644
12288
780
15637
3901
1027
51
1329
8157
261
13533
13571
15473
861
5968
6133
15685
12797
5936
6143
7493
13815
4928
5439
1487
1139
1876
4339
79
7959
8159
7988
1807
4943
13388
13341
4308
14195
3191
13683
7423
1520
6129
7380
4288
13628
4183
3
13341
12572
5328
3312
5905
1277
13653
1524
12405
5463
12292
13169
15567
16147
1036
7420
1028
83
983
5893
15476
14133
3391
7180
12736
7492
768
1857
3381
817
7187
15581
7364
13135
311
1148
1855
4573
12503
5173
1357
81
4188
4189
7424
256
271
855
7671
5360
14096
13183
1085
789
7964
4208
7421
501
13644
15427
7388
1303
14100
15600
3324
15476
1140
5367
508
12383
4305
1876
3185
1356
5491
12481
5233
12529
820
1092
8005
1987
14333
15603
13681
15699
1053
14293
5391
3100
5239
6096
471
14148
13584
820
1844
1360
1047
452
4932
4375
15436
3345
15420
4209
15668
13823
337
861
13635
5631
15477
3393
7252
1907
7197
4371
60
12765
13567
3283
5407
3087
1104
7476
3188
7621
15429
16340
12605
7293
14204
373
1268
464
15709
4125
7249
5188
13695
7181
855
15665
7251
5391
7427
5072
3845
4929
3328
5329
1473
7999
3920
13773
1520
12751
14275
5617
12608
4209
4151
4180
5895
819
8007
5324
1299
961
5148
3847
15644
13299
13812
5584
259
1869
115
460
7237
3344
12545
7539
13589
8013
15379
13183
3843
5580
3921
1884
1871
12540
12785
268
5495
6129
5456
12295
5233
4949
3523
14129
256
3312
3911
7617
15857
16
1520
6103
287
13809
7668
16143
12605
15572
5940
13249
3408
455
1813
14135
5393
3283
4348
15863
12631
14143
8179
13820
1532
3911
3079
7199
4557
3084
5971
13619
13773
1109
4371
69
3855
3404
7253
212
3264
13571
13108
7173
4880
5427
1031
1217
13815
14149
4364
4917
3861
16333
1044
5489
7997
2007
15487
5907
4300
12544
1245
7223
5575
4032
316
13397
4371
5141
13532
324
4087
7421
964
16151
8007
4919
468
4881
14332
64
7440
7231
14085
13628
13071
3317
5
464
7408
61
13269
5911
16141
4080
15413
848
1297
1027
5631
16383
4949
976
4359
1087
16245
7989
1269
13788
4868
7172
14163
1216
12291
13311
15815
3889
5585
5084
13511
1301
4604
15607
4980
12541
14097
7171
3155
4876
7445
5333
13616
4157
1479
14095
14145
12764
8156
3325
4183
1344
12624
1879
13389
4383
880
15437
855
15581
4308
15668
1809
15836
343
4413
13141
5373
3124
15857
13279
4083
277
7477
1361
3901
12400
961
13425
13072
3521
3855
7187
845
7413
7508
16221
15615
4093
14323
4887
16247
13591
3267
13553
13695
15692
5597
7455
7391
1271
817
5215
7987
116
4115
15680
1852
12407
4208
788
791
5425
4864
3965
12339
7676
7255
15731
12305
3125
785
1363
1329
15568
13133
13589
769
829
4208
15863
7244
3840
851
1996
7644
8000
4368
12541
1885
7283
7415
5168
14167
13439
5909
7389
5965
13121
67
13313
12484
5943
15391
13171
5391
5187
7381
15571
4113
4341
1300
4351
6001
15487
15696
5493
3076
5581
12636
4291
5127
343
4940
13132
13508
12529
3925
4447
5951
5389
4605
16193
12764
1916
7500
14085
5367
1309
12497
112
12369
4892
7188
5492
4419
1472
14084
7412
1392
16177
127
13760
4304
12288
12659
1223
5572
1025
4596
5893
5363
15811
784
3840
5361
7548
2005
3185
13647
7952
13125
8031
13076
3141
12316
5079
12789
4421
3329
245
13685
16143
13324
4083
7183
1351
7541
7539
13333
13587
5892
15863
12789
12412
13248
2007
12349
1813
15443
12403
5189
1281
16191
769
1105
3869
15556
12533
5917
3399
13428
4932
5169
4976
15639
1088
5568
21
5332
15629
259
15743
13252
5184
14167
3155
791
12499
13632
3125
6085
13391
4943
3959
3843
6013
7411
3964
1245
4429
6093
7233
7376
343
511
983
13317
5185
15733
4300
4115
16335
15664
13373
3405
7377
13788
3921
7377
15552
833
5388
15372
7175
451
3901
1328
87
1101
3197
272
12531
4189
5072
855
8063
4605
7375
963
4095
1045
4927
14140
7421
4175
