7295
7504
6000
6083
4419
4343
5137
14173
63
4437
12381
5196
13644
6095
15859
16383
13071
1229
13107
13571
13399
7168
324
7223
4063
852
499
7231
16215
7261
5212
5232
1267
14156
7361
12789
5443
817
4383
13261
3187
14160
1477
1477
7388
15411
4095
16341
5148
972
4084
12671
3093
5175
7441
12364
343
5247
1345
15635
7235
15629
14147
215
16332
14087
260
215
15485
6133
252
4469
3415
13343
6111
3292
12365
16333
14109
4917
7175
3581
12748
4163
12636
341
1989
15380
5169
16321
5427
15811
79
15621
837
60
7360
7665
4149
1395
13783
12492
4045
15569
3860
15447
5500
5212
12295
4880
3123
5185
1348
13661
113
12765
13388
13535
1919
5492
8156
1
4163
5981
13360
5319
5575
7412
1085
272
15808
5588
8017
14093
12563
497
892
215
3863
3344
13279
3537
5247
1841
4433
5495
15664
3543
1527
3423
8181
1011
13633
1988
3264
5184
16368
4479
7957
5237
7631
7636
4593
1988
13329
6001
4556
775
4343
7617
6103
7171
477
7261
4560
4364
1105
16348
7388
511
16
1520
7444
4
7679
12669
796
3903
4991
4173
13343
5903
16179
12496
14128
1024
14291
15677
4181
16348
16213
15367
12629
7183
1333
975
5341
4943
5383
13663
15861
13061
5076
13575
13180
12348
14335
14197
1479
16176
13375
1879
3869
14109
13183
5488
15605
335
12484
7501
15581
16205
3856
5073
1052
14164
5377
8053
7381
4544
2037
5455
12543
4309
15831
1268
15409
12413
8051
4560
3189
12789
3840
5072
15373
5172
5069
13324
15708
5063
15645
13376
48
13141
3911
7415
12528
3077
1281
1399
5917
4943
5060
7421
837
4039
2036
16333
13375
3137
12752
13319
13173
7549
13260
4927
769
1292
3076
5888
3407
4119
14197
5901
15479
12541
15420
5888
12767
12559
3351
12629
13279
195
7472
12357
14132
5959
16212
1356
499
5173
4401
3075
15668
15415
7364
3537
1264
4943
13559
13507
4959
4039
497
3087
1077
16193
12799
8132
13271
1805
15379
199
5425
13680
12405
12292
3964
4300
71
1269
13377
8176
4099
13788
12752
14163
12369
1879
12336
1393
1076
7248
13297
3357
205
16145
13820
7936
3267
15381
1852
3089
13317
5376
1476
5893
308
5335
4931
7217
193
833
1984
95
1013
13571
4912
14095
7473
13361
2033
4293
8017
15557
4597
1085
5957
1021
13309
3923
799
1231
14207
13301
12767
16349
6103
7505
12753
1287
16220
12567
1525
5140
16255
1804
15363
7633
4307
4567
3909
1072
5143
3843
14285
13073
15619
4163
12351
1269
13533
3271
6007
13343
4368
7495
15861
16189
13135
1012
6111
1999
12381
4367
12484
469
5489
7253
3445
5116
1845
3569
371
1229
3421
15559
3413
5973
15860
5061
14288
16241
14129
1264
4892
7964
13687
3124
7187
119
15680
13252
13060
12353
13180
12413
3165
16255
1845
3845
13248
3453
61
4337
3103
3268
8028
15372
1999
7361
13377
4039
8048
1332
1521
3520
13680
3191
13119
243
963
5425
7365
3120
13303
15621
5137
5137
13372
16213
3447
7493
1233
339
7985
15676
3901
7669
3525
4437
12557
4563
12484
205
791
8140
13552
1871
220
4401
5427
4096
5597
16324
263
5341
1840
321
4085
4988
12380
13079
5391
221
16149
4948
16179
5057
4951
6001
2047
13552
13311
4113
3077
13381
5365
1299
1024
14149
12403
463
1520
3376
3277
16343
68
14095
14100
1333
1501
16240
1872
16341
15575
16199
327
15676
5056
12368
7537
5200
14143
7295
13056
3264
1141
16205
980
12637
1027
3380
829
1044
1104
1092
4479
4183
1365
7373
788
5135
13407
5324
13183
14101
3284
15664
4212
961
5581
16253
15856
4044
16220
7173
63
7220
3404
4913
14172
3395
5424
4551
1367
16332
12564
4596
14324
5341
12551
16213
8023
13341
3380
16340
15364
7679
309
12661
4036
15473
965
1799
12592
3091
967
15421
16143
7231
12631
4373
1281
12615
5203
5059
7636
1823
13181
3281
3121
15703
1277
13809
12503
15735
1475
16141
15685
3863
16253
4213
321
12743
15628
1029
500
5105
7953
12593
1085
3917
7504
1116
1091
8143
7488
4048
7485
14325
13175
13636
13136
5056
7637
828
15629
1335
4044
13639
7223
7424
496
13391
1136
976
15607
3283
15740
13328
2015
6108
4124
15740
15820
1821
12372
1137
13333
4113
7249
13685
13775
5941
12307
15665
7168
12623
1139
7232
87
55
8180
13507
1841
13340
4567
7676
5489
5953
1999
3271
14279
3313
5895
15700
3268
12359
273
2047
4149
13172
4209
7637
1407
1039
13527
3932
508
789
4124
3953
4437
1491
1013
13404
4477
16215
15
3153
12623
16143
1859
16193
16215
6004
6133
6013
467
7247
12743
2001
12620
13632
4147
4597
65
15863
1859
468
14156
1108
4400
4865
15423
1220
1141
7537
5168
1229
4063
12367
13651
15857
4892
380
14149
16141
1811
3523
8016
12765
5236
975
13340
1237
775
15453
1351
16336
1524
8129
12787
15413
16335
7172
16204
8017
4928
12615
12357
7283
15424
15824
13328
3405
5104
7507
15735
3551
5180
4124
6093
14111
12567
12599
1075
5968
324
12627
15553
1329
3391
5617
883
16147
12492
13777
13388
333
4420
13573
14161
13393
15863
13391
4976
369
15472
13171
5940
12765
5180
13521
4868
12752
13519
3343
1012
4109
12765
13060
839
3959
7247
13569
327
4191
4343
15635
3893
13104
5143
7249
12400
15557
1100
15632
305
15623
15823
13517
5069
15839
12612
7281
3543
12359
4943
861
5325
263
12660
3444
7645
7671
8061
16193
5584
1111
12348
13648
8132
55
13333
1008
125
3351
15731
5395
4351
5
1344
381
16205
3861
12639
1285
3315
13648
14333
1492
2037
7984
380
501
5200
12541
1284
8131
7427
4432
4160
15821
309
1844
7375
5247
77
991
5379
16380
15633
15487
3284
8015
51
13183
5331
3889
5469
13553
5383
1804
788
31
6015
4151
7255
15
768
7380
5325
3151
325
4573
15572
3955
7413
5980
375
3967
3932
4979
8061
81
53
12381
15732
3407
1341
12559
12609
4465
1104
16183
1015
14204
1247
15671
15447
7255
15711
13533
8063
14279
12412
1393
13133
204
13505
252
15808
4420
7423
3281
7439
351
1916
4373
4340
5457
5087
4477
13171
13763
13623
5360
15367
3277
13431
12572
4439
1109
7232
4403
4976
12533
3349
7679
13588
13533
7252
5585
4211
5060
71
7669
3376
95
1527
3329
16148
7253
4161
7495
79
7633
12357
4464
5500
5075
12493
4085
5197
5312
7216
4429
15377
15699
263
1140
304
7984
1107
1372
3861
3889
1911
16207
3141
1012
3188
1473
15696
3455
4093
7495
1295
13779
5620
15637
3857
13780
5617
1216
13324
1027
7984
7671
13813
3333
6133
5428
13399
285
16332
1533
1283
119
4223
823
4181
3075
16339
12573
3935
13652
7951
14193
1276
6143
4979
832
7
15472
13260
15573
3188
5069
12593
15728
13527
7623
7955
1857
5328
15703
12559
3073
3405
5328
16381
5363
112
12540
6007
5468
4124
4557
3335
1308
4607
14323
7999
4371
7645
5151
5197
13331
5893
5429
12531
1247
1347
5203
4373
3423
5439
3156
12787
127
4948
3524
977
5340
7236
3925
5501
4215
3956
7229
7376
4883
3399
12295
7477
7472
1988
5388
15809
14087
4383
13780
817
7667
49
4125
5455
113
2012
5459
380
5329
5085
12535
5085
13553
3572
5059
452
4468
4413
15696
3359
5313
13075
1363
13265
14111
1843
84
12548
5331
4339
4868
16244
1815
5895
15813
5180
12
4575
5919
1375
3376
5440
5119
7168
5313
13504
4300
372
1101
832
4165
7936
1108
13639
3324
7664
68
4935
7429
1107
7636
1997
12499
7197
16141
1247
12487
1521
15632
371
3139
5440
5232
5175
13683
828
849
15445
14108
14196
305
1911
64
13075
3127
5172
4560
13584
6093
12573
3411
13813
3125
13324
1363
13301
14277
4348
7667
4595
4353
12545
3536
13133
16369
977
12755
3148
1109
3155
4887
1823
12755
5383
3391
7967
15575
5431
207
1991
1343
785
8015
1239
13619
8181
1909
1809
1301
973
13584
5455
16245
17
12311
1367
13123
1357
13763
12349
4979
15740
16240
15455
16196
15373
4951
5588
16253
1491
4047
13271
15556
13249
8049
5964
3917
12623
12597
4893
14160
15697
5071
13116
3383
14273
7217
13377
5361
7953
13509
5332
7664
12309
4183
4549
1404
7252
14173
13329
12509
279
3583
7217
14108
1100
116
12289
13375
8052
4109
14279
125
1332
13132
5392
3075
1521
71
5169
13808
6096
1111
199
16177
12547
13381
16147
12560
268
5361
13108
3863
5233
13277
15411
460
4213
2003
3893
115
3072
3381
4343
16156
1271
8001
5120
1984
7941
15475
4211
975
16253
476
1219
7373
8029
14175
13788
3847
4957
12739
5396
14145
8051
5621
15437
14321
14092
16129
16349
5139
15437
12492
13151
1283
12789
7500
7220
16177
16135
13405
15383
12407
15427
3907
3088
5235
12765
1996
1111
12500
5493
13523
448
15664
1392
991
4349
1795
5069
244
7485
0
12316
14289
4447
12496
15665
7411
3389
3265
1489
1008
1104
12340
12639
4063
3445
15389
820
6083
6097
13637
7453
15859
4371
372
7489
5444
4469
3927
1045
8135
7551
3164
5428
4865
8003
3125
2037
13692
20
1373
823
15564
963
13255
15692
7391
13555
15361
14333
5959
5397
83
7228
15821
15479
15669
5087
68
1495
4115
14163
5392
15487
7987
5949
13299
381
7540
4337
3315
336
12572
12413
12353
1475
1473
4597
829
12341
8020
14165
15484
1140
13655
276
7280
4159
13109
4149
15607
5500
12759
15440
14165
5076
13695
13173
15861
5469
452
15484
1475
5148
1217
3521
5488
5429
5596
785
2013
1143
1244
8141
13427
13373
15699
4561
12528
14175
16212
1089
8180
8028
3956
15869
253
7495
15677
7253
8159
5143
7440
3349
199
8133
5616
12785
15569
1475
5212
3285
13085
13425
325
7509
1985
4596
12501
14276
375
13684
4932
4175
12564
3077
3955
3535
13516
8157
14193
85
5888
5951
15668
8017
15669
15571
3383
5204
1265
4421
4924
13317
5328
12661
4864
5937
343
13684
5109
5239
13789
7429
8147
13783
3901
5596
5324
13597
6095
3095
1045
13111
14207
349
12743
4367
7232
3093
285
1905
12413
13648
16383
12599
7616
5313
7505
7676
5461
2032
1328
16368
13301
13375
16368
5380
4383
16215
3413
3411
4359
4103
4892
5151
1043
13767
12548
13261
15367
3100
15669
14272
3855
15361
991
12501
1841
983
12741
3411
835
5068
4292
3869
15811
5213
1228
16211
3956
1996
775
13331
4940
7191
259
207
983
7216
12535
15680
5325
4125
12307
7236
4476
15617
4099
3187
7504
989
7255
13523
508
3191
1473
0
1053
5185
3408
3139
263
13692
12529
4865
1
15701
15620
15445
16144
3855
13327
12752
1856
12497
5429
851
13580
16372
4183
15487
7492
1095
16247
15821
15437
13811
14157
4407
4101
16140
16343
14128
15444
3137
3271
1845
7951
5429
3524
69
12736
1343
5072
13520
839
15444
1476
13779
788
12308
7452
7519
4433
4309
16325
16380
304
1392
7415
4336
3095
4988
12401
15636
16373
7260
5235
5500
3132
4223
1008
12493
1277
7551
13661
3137
1795
5077
13652
1093
15440
1487
4469
13589
287
4983
7425
13684
5953
5628
15581
3075
5893
16179
5119
5453
1335
13312
5952
3921
1495
12308
3388
69
4884
31
16193
1811
14204
1036
13120
5459
1997
7479
4469
5436
7517
4435
17
4915
271
12355
284
5363
13261
14277
12383
1887
7188
4319
4085
788
117
1023
13296
4479
1815
13585
15604
1372
1477
7183
16176
3569
8003
5244
1797
7168
275
13125
12636
12549
1487
13299
15823
1875
15636
5317
3580
3895
16195
205
12540
13519
7536
3335
5585
1916
16323
8000
13509
7543
8063
4957
14165
3269
3965
15411
4959
12535
4368
16368
1295
327
12628
6108
6132
13324
7635
1089
12492
3091
13520
789
5207
14273
13777
5392
5332
12403
15809
4339
1301
13616
5396
1475
14197
1095
1855
1031
5969
1405
192
13425
2033
893
5169
7180
5569
5427
3859
29
15839
3140
1245
14172
3075
16151
6092
372
1119
3121
3916
4556
7953
5893
12495
13587
6012
4156
13060
5587
195
1045
1303
6141
12743
15728
13767
4892
4563
208
3137
963
6108
477
5572
820
1527
7415
496
5584
16348
1296
4879
13341
1285
4093
15825
1395
3327
3341
7623
1877
8128
3319
773
1140
13569
1216
5063
13628
3908
13109
