1477
14156
13663
14277
5951
1235
3536
13569
5452
5232
4295
4180
1245
1036
5057
14135
7171
7495
5581
1091
13639
16321
4544
5431
5139
3388
15735
13139
5367
5215
3868
1875
16197
12613
12743
4212
13109
7664
7955
15856
6083
13565
5236
4373
4175
844
5936
8005
1292
5132
12743
80
1111
7373
15820
16131
13791
3313
464
5063
3191
13820
1871
3359
13168
15711
192
4892
3405
13181
13587
4115
325
967
14327
16323
7191
7376
15441
12608
5392
5588
3888
1087
14332
7623
5073
3955
223
16213
5197
3312
4419
3853
1373
12609
12609
5204
4927
307
7244
3332
3573
14108
5491
15377
4364
207
7501
1343
71
3159
12629
7984
8129
15487
1527
3135
16128
7519
7509
5437
5316
4405
15444
12736
836
5457
4183
16199
5619
15580
5455
7168
276
3276
5888
3916
772
13633
15644
3121
4319
12627
14273
15360
4912
4917
884
4876
5424
849
7221
16
4175
372
15732
1488
1999
8149
5072
13683
5151
13263
13124
13517
7364
4176
7632
1991
784
4352
5957
5317
13649
13077
1335
4545
5967
4604
14159
4291
3571
15381
4869
12304
7989
14129
5233
1308
14289
7540
380
15444
839
5585
14207
8148
4983
1072
275
5132
1079
259
5207
1277
7997
4929
195
3840
4436
7437
1015
5312
5187
3532
4556
14109
1140
3521
1331
4341
1360
5107
8129
13565
6135
823
7175
1040
13253
3164
13377
4101
1521
5568
979
16327
15477
2013
12668
1036
1311
3276
3132
3933
3333
320
12316
15740
16220
5329
5940
12548
12293
4433
7235
5360
5568
4221
15552
1148
16157
5341
15623
497
64
4167
3087
3185
12401
3187
3959
12535
15564
1908
15580
15367
8016
7500
13296
13509
12532
213
991
13637
7199
325
7679
5169
5892
273
1085
13071
5468
12483
5375
12500
7255
375
14301
14165
3535
3124
1472
12663
13780
13132
3549
4407
3093
5949
5087
7669
14099
14084
14141
5149
7248
7168
6140
1793
16147
15381
3380
823
3100
15572
8143
4919
885
13365
4556
14093
5909
92
4401
3079
8132
4053
5140
220
8145
16148
3892
4337
13511
5939
3316
6131
12493
14084
7516
7169
3533
16149
13569
3844
15621
373
14272
5137
7284
469
4956
4364
3393
13367
6007
4159
12607
4163
16140
828
5201
1373
13632
6005
15413
3268
5203
13635
240
13172
8128
977
14192
15700
1365
5975
15667
3137
5205
5441
15600
92
4559
7223
4879
15827
15413
263
7439
3863
13619
4867
12660
13059
8019
5233
789
1485
503
15628
7479
16245
1216
6101
5063
13377
1840
13647
7189
8020
112
4865
13773
269
3859
12317
5888
5619
5247
15569
5404
8021
1076
8051
13684
3855
1909
1023
5068
13123
51
6084
5571
4464
13303
8151
16252
5452
7616
13532
8060
13436
3140
7517
14335
13329
2039
13583
12657
2047
1023
1804
3377
860
15836
13520
1308
4439
15477
7636
3284
12356
14101
3267
1345
3313
4049
13589
12593
317
287
15871
8005
8001
13343
3967
7292
13397
8141
5245
4884
5971
12495
12531
4464
1075
1359
3956
4893
7936
5969
3165
3124
8020
15367
5117
16211
12743
15559
5943
7229
15425
13525
13813
4869
5571
13813
14285
373
6012
14195
13660
15743
12496
15863
3347
3341
4319
7168
14289
449
4369
4055
3264
240
16143
7251
16189
1871
7229
3927
15620
247
7233
4884
12359
7495
1116
244
1300
1373
3377
6087
4044
885
1295
7281
5949
3356
3916
5328
116
4416
476
16191
3151
16207
53
5143
3125
15420
4339
2012
13269
4163
796
7485
5107
14275
12340
5940
3440
1911
13505
796
12547
15644
15365
12636
7488
5168
3313
125
14128
7219
15428
4551
13437
13308
3407
5909
4935
15415
7284
12608
4381
3527
14160
5393
13569
960
2044
3861
4339
1309
14129
12540
3349
381
7616
5215
13261
14279
4348
1276
6108
3903
15475
1477
14144
13059
12668
1847
15425
4892
455
4479
7479
13341
13260
13520
12497
4436
13148
3956
12531
5197
287
1247
12661
4547
799
500
13821
1861
15453
4564
16181
13068
16321
15815
12636
6141
5372
7379
15859
5936
15565
5959
13180
16252
5469
13316
14133
13812
13391
3408
5388
8189
4423
1484
5315
3076
1357
4165
65
5380
4544
6083
5463
5324
3315
5143
16177
4912
14147
12567
13180
1493
4213
67
4156
3088
15553
13308
15445
1271
15617
5172
14141
5396
12415
4400
3324
4465
1041
5325
13111
15420
15425
15484
7423
16348
7949
13109
1392
5201
4944
4959
7361
1109
4339
12605
7939
13781
5461
4981
7428
12499
5460
1347
16332
13761
5068
13315
5452
15453
15360
244
5377
15612
3127
4087
1089
17
15679
7636
5119
4928
5951
4351
12799
3148
16143
7292
8128
4983
196
15388
15383
4149
5079
13085
16183
12373
4352
13556
5964
323
8048
5980
5069
16199
13135
15732
4548
12375
13517
13587
14111
15564
12753
12669
16348
3325
3091
8177
15868
16205
3149
5491
3280
3377
6096
5943
3197
15580
15428
13407
4341
7936
3535
821
13068
1072
4357
13571
15728
4381
4353
14131
1027
7955
13315
13428
4564
4093
13525
7221
7444
1793
12352
1845
15677
5941
7985
1020
1111
1373
12563
5073
7412
5360
3159
6092
15677
7251
5580
16348
4156
13396
3095
13821
95
5895
7197
5596
12509
12369
4432
3283
15743
1495
5116
1861
13516
3139
8143
461
14108
5373
3
7221
3857
8063
12572
4368
1885
3197
5404
8149
7249
8060
3953
16243
253
3404
4563
5460
4373
4353
3933
3397
16332
13299
13621
5916
12356
7420
1009
1527
3199
15696
1855
4869
844
13125
13077
4159
15476
15837
772
4420
4885
861
1236
12543
7361
6101
4556
3905
13431
13136
8129
13137
8149
4400
204
863
13252
5587
12415
7620
4179
4353
13621
14277
13424
3292
1013
7676
1284
12752
8132
3292
16252
13555
4429
1232
14095
7629
12656
16177
6141
13760
7536
15443
7455
3551
1100
336
1859
3264
3185
12573
3332
5444
13565
16247
860
1137
13527
3921
14167
3135
5620
3189
5056
12533
15603
7997
8135
7628
6108
14325
467
13395
1244
13580
4468
453
13076
12567
16320
13183
1868
14284
4980
4605
5452
16333
1811
4883
3892
12372
15568
2045
3443
12615
13375
981
775
5071
1852
343
15388
7949
1052
12767
5943
15631
3412
2039
4339
1329
7181
7428
1031
3079
7168
12611
7361
3957
13393
1859
12492
5956
12575
256
5904
12528
3199
1031
3523
15452
7620
16179
5975
1228
15808
4885
3356
13507
5456
1535
13651
7631
973
13760
316
1008
13439
3268
4945
13303
3317
4561
13309
13140
799
4884
4413
1020
7253
12353
3412
3901
13788
15696
124
15553
3283
3917
7376
16339
13324
5972
13308
7679
4415
1399
6133
496
3135
212
8049
3357
13329
263
7411
16223
4564
14131
4892
205
13505
4924
6143
15695
5181
276
1521
8001
7959
14175
1299
15436
3541
12637
1857
13335
7431
14132
4413
12353
2012
12639
7508
15729
3287
3548
12629
13764
7489
12405
7228
12621
15447
1885
16140
3293
8131
6101
13692
13059
4467
3283
15856
12529
1236
13645
325
5908
5383
12657
961
15581
12400
4935
14284
4211
1299
12669
893
16247
15708
15617
5141
13123
16207
4220
31
4359
1271
3093
8000
4976
5087
5059
4351
6095
13583
4180
4479
15703
3292
16371
16375
4369
1845
317
6100
279
8063
1076
14083
4119
975
1293
3957
15671
1024
3347
7217
4175
12293
796
15409
4159
7677
3153
4464
7427
8128
4416
7516
5187
13117
4895
5340
383
796
15441
268
332
5907
7491
5180
7223
3916
15809
1105
1853
7996
7436
15813
1372
13575
8144
13773
13527
3840
4467
4115
16327
3405
4556
7245
4165
7237
15692
5141
5900
14335
4291
4416
4292
4895
8012
13271
13809
12623
13335
7539
13057
1492
15645
1284
3139
1367
1365
2037
7500
3376
7493
13120
5895
12481
13511
13619
13763
1140
5372
1231
15439
7949
15427
1143
4160
5073
7644
6133
15621
5436
13431
1853
12755
1217
13811
13777
8053
14204
3199
7412
4356
4595
4989
3871
5333
4097
13764
4877
5431
7375
13431
4928
3072
12401
13141
4109
880
3956
1119
881
15824
15408
1877
1987
3572
3283
13333
1119
13569
15391
16337
13813
5063
12736
5405
844
12789
7168
4035
7633
7475
4100
12291
12559
5375
7245
12743
15701
3900
1220
1860
4881
15731
12559
3536
5133
4436
16337
8003
3572
13084
13297
5453
4373
15380
13116
15381
4348
4476
13376
1804
13087
1911
5361
4096
5424
836
1476
4605
14321
5245
4099
12309
3295
4032
7173
15711
5073
3920
12748
6001
3575
3280
5427
7516
1885
16351
7473
243
1088
115
1987
12400
3376
3313
3911
2037
5404
12400
3523
844
13429
13573
4097
3841
5616
16128
8157
15411
5941
1347
1041
12767
1072
7197
5437
7997
5952
3447
4373
5199
5328
13645
6133
7221
15815
14193
7367
12563
7439
768
1029
3441
3921
14159
973
13136
15871
1360
3392
7295
7189
245
13328
3967
8004
5919
1477
16149
55
12300
7517
29
16159
3101
320
7251
15473
13524
15693
3279
12797
7427
256
1373
5597
1877
5381
14284
2037
7220
821
13505
5329
7952
3379
5493
5568
14288
3413
317
1269
15857
5071
16205
1301
1477
13809
12595
12627
1396
5488
5492
15391
3075
3452
16191
3325
3856
15415
12764
15475
3415
4167
2001
1917
2005
5424
3523
12796
13556
12369
477
772
13367
3089
1373
1985
7415
12592
3133
4556
15668
3916
16213
15636
3381
14081
14324
1985
14327
1271
5888
15824
4951
1045
3319
7551
4055
5075
13140
3551
4876
7477
1373
12661
49
1501
12592
55
1025
2033
1020
12739
13555
3857
1885
15863
16333
15669
12796
5380
1395
1911
13123
16180
1088
7431
13181
13588
3357
15664
3415
7540
13057
5073
5492
14324
7220
1361
5199
7491
3349
5983
3863
13583
221
13313
1328
7484
7616
508
12797
13517
5459
828
7629
8188
12749
7217
368
7249
13628
3095
3891
12351
16
317
6141
4037
4884
3840
7437
5104
448
775
4372
4477
13303
1905
980
465
12353
7985
15443
3397
784
1232
3156
12367
13381
13396
3423
13681
273
4101
13316
4419
15836
3356
12563
964
5959
12573
116
7421
14196
4305
13648
15559
3141
880
14159
279
0
15861
7628
4544
13073
3905
973
1344
13311
1216
12380
1077
5629
15868
1015
79
287
977
3325
5107
7988
7260
112
7475
461
15697
3965
1013
16148
15475
3536
788
13125
1265
1301
4035
5908
16156
8003
15361
465
1088
3076
15644
4433
1149
5196
3399
5328
1852
15375
1525
1487
13655
5239
5584
1804
13436
1095
13649
3135
260
5237
15564
4213
5332
1396
5380
5503
1045
12543
7411
269
1116
380
4097
785
8031
863
12356
2004
1399
4045
14327
1503
5191
5909
7537
3
12551
3404
1283
1475
965
15441
7957
321
307
7229
5367
14277
15669
13685
207
13653
5471
7439
15860
12535
15567
1008
12551
15709
13823
15667
5377
1101
13328
15436
15391
4877
5616
5139
5471
7507
5952
1907
16215
4977
65
5069
7951
5188
16335
15421
8179
3925
15557
4885
15428
13109
15367
12604
14324
3293
1293
372
839
511
5943
8031
13507
3953
1335
4545
5183
4407
3421
13583
4924
15477
383
4868
3188
15815
7427
4359
4309
1988
93
1237
3079
223
13572
5909
5444
4924
4099
1804
3125
1869
3871
3843
13649
4176
16349
4160
4467
5440
14287
16255
15693
6003
781
5061
5952
3917
16339
1299
7517
61
13327
3271
1117
15437
8060
13439
15360
3269
3347
1223
3441
20
15700
3349
5968
14096
340
13584
5312
5909
5397
8000
4167
13071
7233
1399
13249
12575
3335
4933
327
15381
4044
13428
789
12341
12799
13556
7519
16176
12625
16205
3537
3127
12613
13317
887
4956
63
4303
7628
16207
14140
12369
1991
15411
13264
12535
4380
7187
7477
5395
12481
15669
3343
12531
5079
3331
8148
1357
1525
307
14151
1820
1036
5383
339
1500
15607
8028
12604
3568
272
53
5383
847
13392
3152
15861
5360
12628
1232
8145
13068
7428
12759
15811
1116
4879
7616
1808
12540
61
977
5424
1283
6109
16372
7487
5591
15440
87
4359
15445
7233
3444
13365
12484
15413
989
1484
4865
13333
12756
13761
4573
12751
13439
4604
468
3533
12671
4209
12288
845
5360
775
16241
13820
7957
12343
8183
5075
7505
279
3412
5075
13439
16205
1025
13319
6015
4163
1808
3287
349
4931
4036
887
13175
3340
14140
5444
14157
5235
4915
16323
3157
3916
5380
4049
12492
7228
5428
