-226
-650
4675
585
2744
1974
-9579
4859
-2318
1617
-473
10647
-72
-754
3416
775
3621
-2485
-5450
440
-1120
-212
3276
1235
-7800
-1275
-3025
-1026
1130
-2424
2028
378
1071
7812
2808
-3010
-63
5412
-2852
-507
-3657
-1972
820
-260
5252
636
-2822
-3978
1116
-279
703
6283
-473
1394
-3690
270
459
-2009
2538
-7686
5986
5655
-867
1404
-6862
14125
10098
14883
-1908
-2756
3010
1575
5100
-4080
1782
-3036
85
4984
2516
-551
1742
2091
-315
5917
301
-3922
-902
180
5512
5763
-7636
1491
-989
1020
-1034
2500
2173
147
-1650
1560
3800
-2065
1323
225
-2996
-1045
-1157
-2310
9790
-2184
-920
1560
-55
1980
-1189
-10700
-1403
3552
-6897
-221
4131
-2052
658
-1705
1394
-2187
3366
2562
3010
4028
-258
-4692
-4212
50
5043
-5499
1419
-5626
495
-7384
4150
510
-2679
7030
645
594
4794
-4970
-5236
1547
-945
-3658
500
-100
1292
1443
1140
3675
-4459
-1665
650
-2914
107
2178
1271
156
-679
623
-2703
360
-7885
1449
184
-9324
1339
504
-910
3393
1035
2838
2135
2961
-1350
4680
7644
-4235
-2021
3700
-5
315
-5525
468
-4029
-2900
6570
-5429
2548
882
-2860
1449
3640
4636
-2886
4914
525
-55
-4738
1215
-5460
-1378
-962
-1218
910
-994
-6177
6399
-567
-5208
-2091
-2516
702
1591
-4515
-4173
4512
-550
-629
693
775
2808
-580
9523
356
4275
1785
-4624
-4270
-301
8277
-4482
-3744
90
-319
-390
-2821
-988
-3640
5390
-1029
-1554
-950
4240
-2622
1743
-8775
-2288
286
-130
-777
-4650
-6831
418
-1881
-47
396
1890
-1577
-216
5335
-2625
2397
3128
-4081
-6231
460
-975
-100
-1118
-410
-2415
-1161
246
1125
-3969
8415
-225
819
-4056
-670
5394
-2501
4692
-3060
6105
-2175
732
-7957
-1508
-1056
855
-46
-3318
468
-225
-570
1235
4779
341
-3825
2025
-1854
-741
-4389
8667
4089
3224
-7007
-6552
1196
-2442
-2124
-2394
-2590
2160
2030
-6069
-78
1704
-2670
-1746
2583
-2950
3150
-11130
-141
-1113
-836
-4446
1850
-2968
-6032
-126
507
-3306
-3698
68
-7031
1554
1313
2891
-315
-2278
7332
-370
3379
3570
-42
-255
-2109
-4085
2262
-3311
-3965
-504
-5270
-264
-990
17
330
702
-2501
1316
-4851
756
6820
-153
980
-1479
-440
-803
5727
2484
-5934
1505
-1875
-6360
2565
1365
-1725
9718
-1891
-1710
-4050
2023
4838
-946
-6314
7821
513
248
425
1764
8670
-2418
170
3741
11742
-2884
-1736
1440
-378
1140
1491
-3293
3570
-4840
506
378
3542
-2275
-264
-5005
480
1612
-535
2403
-7735
-756
-1914
-1900
-9483
2242
-1518
2009
-1311
-295
1794
4005
-735
5698
-246
3528
-70
2142
5265
1804
3290
-1764
1443
-5865
2350
567
-1545
-3355
-1159
-1053
-874
2223
969
-5445
8820
390
1133
-10824
-7728
2484
-7470
4578
-2044
-189
-1470
-7705
4087
6205
395
-855
-2190
2173
-490
-1850
-4515
-3393
1144
-2210
100
837
-1617
303
-8100
-808
5451
-846
1625
-7878
-140
8277
-638
2829
-805
4806
-4171
-1458
1458
726
5928
-2788
3655
-1353
-1998
4620
117
-462
3774
2835
-450
-729
-2905
-140
1580
3204
-3655
387
-2535
-8030
7722
372
-3478
1360
-990
-2057
-2968
676
-888
-1274
-2835
2622
-494
782
2652
-3627
3575
3381
-1786
-275
3780
-1066
-1452
-9900
682
-297
-660
-1450
-4628
-1365
-115
-7242
-63
7600
1615
948
-1071
-4841
702
2091
-812
-11832
9779
-3248
-1587
2607
5727
-50
3626
-1560
-893
-5751
-594
2940
-13806
4606
-1206
1064
-814
-672
-3256
1452
2773
592
900
-826
1995
-2484
-3726
-2736
-435
1224
-215
-1995
2322
1116
1869
4503
7553
-1325
2553
-2970
-585
-3959
-7189
126
-1798
-2220
1326
-4067
476
1769
-1071
-7370
210
-175
9243
-2460
9030
-6448
1932
1764
-5481
1935
-850
-385
-9176
-5795
-483
-532
2737
-969
-8372
73
-116
8918
-686
-9801
171
5712
-3621
525
-2451
11
2379
-3689
9540
5720
-2673
-910
225
-4428
4717
1827
483
-3239
-1026
-924
-742
-1050
860
-1554
2407
-5810
65
10620
935
2430
-10455
-2679
3910
5324
-140
-2914
3827
-4914
-1748
1080
2773
1260
6785
-900
1638
3300
-280
814
5265
-336
851
122
1017
-275
-7395
-6786
130
3025
-852
-483
-1335
5123
649
-1729
1060
4251
141
-1224
1007
-207
-7503
110
5762
2675
949
-636
-399
342
4898
1845
410
-3201
-4473
-4964
-750
-297
-1330
-245
-1450
9790
1817
565
725
5217
-1085
-1090
9879
-19
1155
-6136
1470
4386
-714
1035
1620
63
-91
872
-2451
2166
-1875
-7832
225
-2212
-2975
21
3025
1210
-1995
-39
3306
50
-1896
-2016
4891
0
-6327
-2870
3843
6664
1595
-2765
-434
-11211
318
-4779
-234
7232
-441
962
1219
-999
3182
1476
3021
-5250
-1672
1653
2925
123
516
1806
553
-1088
-8670
767
1798
4620
-828
1281
-1998
-2499
1140
-1110
-3150
225
345
-5005
5668
-975
-455
-1794
-4290
-209
3690
-1980
-7396
-1575
366
1700
-1212
-3478
-493
-6
-4850
1540
162
-10712
8840
3471
-5467
-1092
-608
-2262
9520
-6030
-2688
-9300
12420
-12412
-220
3145
-1794
-2378
1972
2660
6734
8649
858
-816
-1474
-2257
1508
-2346
500
-1458
-140
2805
-2242
162
-1530
-1458
4410
-2482
12285
-186
4335
1309
9374
-285
-1377
-1558
-7802
-6545
-1785
-2128
-2781
763
6527
-777
2475
-3816
550
5310
-3570
5880
1155
-12305
5246
-2346
1558
-2233
6438
1224
-1170
-7650
-250
186
1638
1430
-5029
-1820
-252
-4125
-4095
1998
-6545
1443
51
-6561
-1406
2379
918
6840
7310
-1162
2565
-729
-3034
-1027
3480
5550
2139
-861
1647
1290
846
598
-1235
-3190
-270
1550
-11235
3050
-5063
-3479
-8004
-1357
-3731
2700
3645
-5162
-1980
530
-609
5418
1209
-2236
-777
-588
-884
-1664
-2079
-539
-510
-1222
-226
4747
6885
2211
690
1020
-4575
-3894
3655
-532
1296
9156
3388
-11760
468
-1485
935
3074
7546
-2774
2139
-3225
-450
-6206
-400
-39
-1755
-2725
-966
-8670
-2079
-77
2795
3731
246
-2247
-630
-779
3950
-126
-594
616
1674
-5382
-3230
-665
-10374
10791
555
763
3750
8217
-2300
-2847
1711
-5621
3172
-484
-1102
-644
-830
5704
3245
-539
-4275
4070
3835
-1260
-609
-2829
-4060
-1122
-4747
5661
950
-1020
2507
2231
-1330
-2268
-6426
1430
-1792
962
-756
-4181
-60
1800
-721
1530
-798
-2394
387
-2475
520
9064
-376
169
-495
-10030
1961
6435
1855
231
-6313
855
-12065
-2121
5046
-520
-2975
-360
8772
28
-3145
13284
-1001
-5325
1517
3834
1040
-1260
-375
2002
91
-1323
35
-4459
2754
-301
816
-5445
2025
5576
4984
-1919
-4601
3010
8979
-7452
13455
-1606
-1995
-1830
2050
-2695
2650
5159
3420
-12257
-2430
-3071
3485
-1599
705
-570
-4731
-4400
825
-121
455
1239
385
-2530
-2163
2501
-1265
-27
3081
377
-1157
-4731
-4623
-2905
1927
-74
522
2139
-3402
333
-8325
-2541
-370
-3477
-75
57
-3330
345
-243
-330
-595
8058
-840
-228
-8625
156
2244
2125
3510
1232
-1595
-1222
-2415
6188
3825
3838
2754
-3525
6962
583
620
2091
234
1771
8325
2187
2880
5621
-1620
-3774
4212
-4558
-4590
1482
-195
-7832
3306
2923
-1218
583
4218
4930
6177
-3192
-5874
344
171
480
-1496
505
-2035
-594
-820
1976
-2163
2322
990
-1863
-1443
-598
303
-2507
-90
720
1325
646
-1653
-714
3888
4250
1340
-330
9801
-3318
546
5940
7140
2678
2607
429
5265
9075
-5247
891
6650
1785
3055
-2013
5311
-2040
-783
-608
-387
492
247
-663
10914
2565
-1919
1705
-855
-2125
2071
-850
-8722
-4959
1265
696
-1207
3471
572
630
-333
-595
-3488
-266
1485
-462
-756
1750
1428
-2220
-1702
3024
-1961
-1314
1404
-2940
-756
58
-594
-585
135
2470
-390
-3780
3192
-282
261
525
-1872
-954
725
-1943
2184
1722
-1219
-558
-78
2829
1998
-5063
-8460
-3000
-2033
-1845
-3185
1911
4872
-14
-9500
366
3723
-7194
2115
2523
-627
725
671
-126
-3157
1113
5100
2444
-918
2100
1891
8970
2072
4015
-1078
-22
5180
37
-318
-676
2597
-2850
1271
420
-5015
-513
-168
4988
-294
6162
9345
-2548
-8526
5499
-420
480
-612
-840
-1122
1595
-561
1162
3630
-819
646
3901
3772
-4248
-9240
-7259
104
7770
-3355
-2175
1605
2511
498
-7139
3922
6519
-5175
-5037
4343
0
-1539
671
-5880
1113
-2236
4277
-819
-267
-1044
-3828
5341
1092
700
-4477
-2889
210
-5115
-7128
4355
-710
-1394
777
882
264
-1958
-305
1170
-1020
-2412
-3465
728
4186
174
-5757
105
-7912
-7973
-4692
-1210
4902
-4905
-1974
-1908
-2750
1890
-8700
-4275
-2071
-10201
-2990
-3111
-2070
-429
308
2244
-5060
3570
-7560
-2870
903
-2360
-4747
-825
-2175
1400
52
-369
-814
-2916
-742
-1530
-1628
6549
2738
360
-2352
-875
780
-107
594
-1445
4810
935
-3256
13455
-1674
-1421
-2163
1131
-3654
-6204
875
-150
153
-1387
1092
5110
57
40
7519
3575
828
-10710
-1530
-1003
3683
-5742
-817
-1505
8787
-9393
-1495
-1704
-65
-598
-414
-686
-806
1665
161
180
-1845
-6572
6216
-1749
1066
-3658
1813
-6555
-330
112
-9184
3813
-43
-9737
-240
-2134
741
-2226
1332
7654
-1411
-1204
5940
-10706
-3978
-722
-98
2091
-936
-1683
3311
-805
3915
639
-3276
-1386
209
-1849
6741
-2772
-4116
-3397
6489
1053
-1794
-11956
4675
-119
-696
-84
-4674
-10788
-1131
-376
-2537
270
-4731
1121
-2021
2982
-3476
4641
-2976
-783
-1190
-748
1872
-3869
-1365
3600
1292
-4625
-2584
-76
205
-3393
1044
-9204
4590
8806
2950
7442
-475
4142
-4664
1085
1980
752
8280
3807
351
-11770
-756
-915
-627
9102
6786
-76
300
-11750
1330
-1677
6273
4602
3741
-1734
7387
1065
4200
-882
-432
731
1659
-575
2720
3914
74
5925
637
-350
1
2350
3825
-2214
1440
-646
5060
2996
-323
2691
-2236
1836
-11235
900
6327
1815
1190
-4125
2250
-1750
-3827
2622
4738
654
931
-1927
3150
-2132
-1166
2046
531
-264
-1118
2925
-1625
-5934
8633
-1000
1260
-5580
2585
7980
-143
-760
-5336
1596
99
-3080
1927
-441
2418
1575
-164
-705
-1924
1764
486
-3332
3127
2325
575
-1265
-689
-70
3944
-500
420
276
-1222
756
4425
629
7820
-1976
-11186
-1260
7055
10989
420
-1008
-1725
-14500
5394
-2130
3569
-2380
-663
2050
-1530
36
12305
2233
-5445
-245
2071
1500
6099
420
-1121
-21
55
-7728
1404
-5049
364
260
2604
3174
-2059
2250
-2964
-4558
-4590
140
-2024
-2655
-441
-3526
7178
-1591
3796
-3078
616
42
567
-5375
80
-442
-3822
3402
96
2142
3480
6699
729
4080
-486
57
-663
-731
2744
-2175
-4641
-791
-996
1170
3420
1292
-4292
-370
-8170
7956
319
-342
-2450
1012
4851
-3348
-540
946
-4181
944
5406
-5136
-330
-1155
-10355
1081
-1764
11766
-2322
-3555
-3420
-1674
-1173
-228
-6942
-252
-235
2808
594
-798
-2288
-7316
435
3905
-3267
405
3105
-85
4697
-6715
-1717
-6825
2484
2508
-3071
665
3404
-1023
2850
-168
-1188
2070
-8262
-3550
4050
4876
-10864
-1125
3362
-1794
-1508
-2451
3321
4623
-925
-5936
-637
343
740
483
567
210
4140
-6392
150
-4002
1768
-96
4745
2478
475
-144
4914
1323
-1755
4802
-2744
4992
-2619
-154
-1815
-3825
780
2622
7070
3196
-187
-1155
-6783
-315
-220
7395
-4554
-855
2911
-600
-10120
135
2970
2701
-2354
1742
7198
2940
308
1701
560
-1215
-225
-1298
-1320
426
4988
-969
-1610
1218
8755
-5490
187
-930
-1305
9476
-3038
5733
-3040
-54
-8118
-7052
108
169
954
1395
546
696
-646
-282
1764
-1225
375
3009
2747
658
4025
2415
-143
285
-11655
1681
561
-338
-418
338
-1806
2183
-1125
602
-4264
-2542
-282
2544
-585
165
5529
280
-2254
5050
-4335
-171
1075
4590
-595
9373
-2256
999
3772
2745
77
1974
-10890
6634
-6069
-3780
-2233
-1350
-490
2065
468
1971
-2065
624
-7956
1612
2376
-2457
-2668
1275
-1125
-1596
1971
-930
777
625
-4356
2800
1218
2597
475
840
-2279
-6120
7380
-13447
2375
9516
9
-3477
-1577
518
-9737
-5029
-1410
1176
-270
6519
-3960
304
-357
1085
936
-1960
2142
4950
-2958
-5900
-1353
3471
-3596
325
4876
-4640
-3397
-132
3731
-231
-12971
-783
9605
-6930
759
1763
-6486
-1674
1185
-6132
1250
-4902
-4876
-195
540
-1488
3685
507
1800
-3330
315
525
