2145
-4134
1064
3010
1260
730
1734
-1530
-2678
4118
705
-103
1681
-1833
4266
-3720
7839
-8798
5546
405
-65
8505
-1520
1325
69
-3834
8250
-3663
-4700
-4050
-222
2970
-153
-2052
495
4554
190
1870
-351
6390
-1417
3397
1083
6622
869
423
3381
558
-6313
7395
-6723
600
2295
-39
-484
6375
3082
418
4081
-847
-7875
-999
-288
-750
-3560
171
-2542
1431
-2958
2726
-575
2079
4480
5293
189
-1222
-1288
-3332
532
5616
-9360
646
407
3180
1131
1410
-3996
-5252
-627
-511
1131
476
5454
-3723
-3850
-767
-8346
2756
-4806
-3634
1904
2142
-9570
-300
-6708
-295
-1989
-1196
-621
-6171
-5074
87
-1368
12875
-77
-6875
-1955
1196
-1802
4557
2553
11125
380
-5310
-2783
1377
2093
1691
11
6364
371
-4725
-2277
-3220
-3850
-492
1395
783
4056
6785
-3939
279
540
9990
3465
2448
-680
-260
-8262
-3478
2120
2325
2345
-1281
1500
-1634
-2257
150
-1406
-2280
-4017
5251
2442
2688
2928
779
1420
4590
-528
-2492
-220
-1235
2645
1590
-468
2021
-10647
-84
3186
2244
6180
-2703
90
1100
-963
-3750
460
1444
4332
-2660
-1064
-4270
-1073
-506
4356
-711
649
2052
-84
779
510
-3726
1170
-265
6497
-3843
5457
1066
380
53
1180
-6715
-3465
4514
4134
-6351
-2163
1971
-901
-427
10780
-255
893
3604
-1909
984
4794
-9234
-1118
6786
-779
836
10005
-6890
1804
-495
-4698
-4108
630
-261
12099
1197
99
909
-943
-6776
-3362
869
-11235
-374
1554
-135
-2958
-2584
-8658
196
-1344
87
846
6004
-3657
-931
308
420
-2236
-2599
2057
3074
-1862
-1150
3103
1079
2210
-3627
851
3311
2449
-924
10700
-525
-2397
4779
45
406
988
-4599
3090
437
-10137
-2021
-6003
-1769
6930
-3740
1081
-760
424
-1577
1458
2720
-372
-444
1763
5500
-451
9064
1887
2925
-210
-4785
812
6076
1925
-5439
999
-2997
222
-1715
-10858
-4945
-5151
-378
-630
6003
-3465
9875
-2530
-494
4263
648
-1575
-8484
540
-4002
-1769
3552
0
-2135
-255
-165
-2730
368
-2310
-441
259
-1530
532
-703
-234
3333
2709
2829
2385
6205
385
583
-2856
429
-2079
-4980
-12
2726
800
468
-9758
-2332
2310
1134
-2052
-6231
-333
-3953
5145
736
5060
130
-5750
-636
3196
1134
-2652
5096
-1751
1560
903
-3854
12826
-2700
105
-1716
7139
590
8806
13625
969
1406
2940
-969
-2205
-6206
49
-10600
3450
-2508
-714
2116
-495
-2847
6270
-925
1180
341
1102
-2150
-1715
1386
-988
-4095
810
-1368
-756
-275
-3498
8245
-1200
-10769
-308
1638
803
-725
-3950
1144
627
-5628
2655
-1620
7395
2675
3050
688
792
1911
1339
3266
-132
-2440
-8175
-3388
3690
-1140
1591
-156
1551
-3864
2775
-870
-7973
1978
-1026
1482
708
-7128
8722
-4708
4235
-1666
3706
5151
-2023
2542
-553
-4784
1890
-5700
-4107
6710
-525
-190
460
-1978
-75
4209
-851
-2115
-1001
-4324
6888
-2997
1127
-1029
-20
2247
-4140
-3807
-3819
913
1909
-9775
3090
4819
-2805
-260
-1794
-7303
1242
-2607
2451
-1060
1269
-1573
-729
378
-6726
2552
3564
2349
-420
575
437
450
-1242
-20
2175
-816
1505
-1554
3296
-1176
-1160
-9373
171
1170
-620
-2088
235
52
406
-25
2244
-1722
-5454
2162
3015
-5292
-6106
-7344
1995
-1708
-2725
1428
4120
5800
-4040
441
-1533
-216
-670
273
3146
-1512
-95
-11227
2030
3740
-414
10272
-1904
450
-2450
-1224
-1995
4554
2623
-340
-1161
2725
6279
-2354
610
-1230
-2145
-5936
4794
-5141
4248
594
-675
3476
1320
264
-1391
-3870
1573
-550
-3750
-2226
930
1161
2244
-660
-9594
-1026
1599
4284
360
546
-33
671
976
396
4802
3645
-1566
714
-2619
-3486
-650
-2079
1160
1125
735
5780
4
4875
2403
1392
-1748
2871
-2291
-1190
4453
323
675
78
-55
-2376
-6670
-2964
1978
-143
-5424
-3675
-924
-2135
570
3219
-4050
-1740
210
8549
1898
2257
-1276
39
-2925
-3864
-1800
4738
-5698
-989
3612
1380
345
1679
280
4743
1425
62
-147
-2485
5074
1998
-2150
-2323
3915
-1218
-533
3675
-4624
3080
9064
-735
-1404
-187
-784
-8084
-2187
-7424
2990
-1100
4290
4690
-946
1080
2856
-80
888
-130
450
-354
-183
-9207
2660
-588
5670
-5187
-1925
-6655
115
1593
445
741
380
477
-600
-682
8811
2070
924
7140
1710
1343
775
-1222
2280
-1508
-1350
3052
-2867
-6798
1215
-954
-594
99
2392
1950
-1159
-3159
-2068
6241
-1843
-231
99
-3621
-1638
-7238
-3174
-1530
1369
-5684
-420
-3636
-884
-817
-1178
6413
1525
9135
-38
-420
882
-2625
2958
-1656
-1287
-630
5494
-1938
-539
-1728
5934
-1411
351
1886
-511
-2250
1484
-1269
-8505
7462
3339
5159
-4346
-399
-483
1001
426
8829
2231
-1470
-1118
-900
2862
4187
1944
8502
6695
9768
2201
-2537
132
9595
-3596
1505
-826
-4898
546
2844
1602
-1512
4154
1134
-319
4606
-848
6142
-3762
2117
110
-2478
3030
801
-2622
10812
-198
-3364
-3078
9595
-321
1275
-3286
-8034
944
575
1309
-738
-1394
308
3243
14375
-1484
-700
-4740
1118
1674
-2726
-1287
288
-1092
2150
-4466
-2280
7656
-5015
4428
-7665
1932
-567
-2314
-6222
2970
5580
-3990
-2783
-5311
-2314
2640
3174
-1462
1767
1375
-230
-2420
-2100
-7878
3339
1596
2580
207
-504
1113
-945
-5715
3815
-1296
-5858
435
-1025
861
1755
-1073
126
-1537
2480
378
10323
-1271
462
4234
2835
-1365
-7020
-2754
-2464
2163
189
2891
-1961
-3515
-915
3910
840
-805
4400
-610
1771
1161
1207
6148
473
4930
3535
2125
4212
-1935
-2117
-1805
801
-2597
364
1845
-5621
2622
-10290
-222
5643
6720
-138
-27
1484
-258
3538
-459
3009
-1665
4131
-4750
-1113
-810
6161
325
-1782
-10810
470
-1700
-510
-1023
2808
640
8383
990
-4536
576
296
-897
-6450
-5002
-1416
5658
671
3627
-1846
-2175
370
-4860
-215
2688
590
-1125
3402
-2262
936
1025
1890
-3741
-522
-1275
-1368
-377
950
-74
406
7650
-5353
-3672
3486
-1276
-2756
870
-875
2916
3828
10695
-4708
1029
1836
-4823
2001
-1245
3354
-5548
-1026
8374
600
4687
-460
-11342
318
1302
2584
4550
-910
-1248
1749
-4717
-4266
7622
3330
4757
-1421
618
1170
-6873
-4000
-589
-5320
1911
1196
989
870
1188
-2501
147
3850
-2175
948
-1862
6150
-196
-168
-45
-132
-3485
2047
3604
198
-667
-11227
-4018
530
-308
-4687
8343
-2280
-7055
2100
-11526
-6660
1323
-589
-4429
1782
-4692
-5928
-754
1890
-801
1260
-654
-120
5670
-1591
-945
-6254
-5621
-2940
-7104
-48
5110
35
-9292
-2698
-174
1953
-3404
4005
1034
-1976
2163
-1037
1430
315
135
4277
-4947
-1281
-5829
1989
-11342
-531
945
1491
1680
-10440
-1596
3690
-2068
168
665
4692
2425
1725
530
-280
1104
-1665
4425
2970
15246
-4558
-9546
-2847
7830
285
-2278
2501
3045
-11934
1008
-675
442
-650
-600
-874
-182
-779
1333
-4840
7221
-5236
1100
5445
8700
220
-105
-4089
-1590
55
-4094
-276
-459
4025
2262
2185
-640
2059
-1944
-1548
-5313
-2600
1482
1425
198
-2405
-12
2021
1463
5049
-6460
2923
2625
722
3162
-186
3315
-507
2288
3315
-2997
-147
-1870
-684
10925
147
4692
3577
-1750
729
-750
1334
4565
-2070
1725
2242
4104
2883
65
111
-2491
2241
-204
5150
1305
-2291
-232
-2296
6372
-189
231
1275
11424
2910
-308
630
779
7344
3375
-7560
2009
5085
5694
-385
14994
-116
-1760
-12075
1806
-2117
-1131
-8850
310
-138
-4697
-1044
255
-2860
3663
-675
-2809
-494
-742
-3861
-201
3213
6206
-3525
-1917
-1220
180
-3172
-1386
-1640
1430
2730
-2173
4300
7500
240
600
-882
4386
-9315
1464
71
305
429
-564
3249
-3034
-486
-4233
-943
3869
-470
2730
1961
-9605
-2730
2442
-697
-462
-2928
1598
3996
1242
-5220
-2635
5886
-2964
8938
-7140
6161
1435
305
-972
-65
-5103
2376
-4335
5763
-1554
168
1001
1323
1426
2100
-4747
1958
366
-532
1222
1122
-4980
144
-713
-390
2772
3654
-2040
-2250
-354
4087
798
-1980
4730
-169
8075
2136
8858
980
2508
3876
-1989
4250
3250
1188
-2320
459
5313
1541
-2958
-494
-6474
480
-1470
-1316
115
253
-1404
2322
10164
3604
-5123
1725
1209
-4134
-5952
540
2993
2173
1767
-35
1845
726
-2109
3441
-1598
-1001
-230
552
923
3726
3721
-2812
-6305
-3953
-2295
-784
4830
-2516
-385
3270
4386
-425
651
387
868
377
-1378
-546
-1972
-3658
1350
-27
-494
187
684
-2415
-3210
1400
-1540
9317
-14
2610
-2346
3220
1628
8330
836
-40
-2356
-171
-4125
1550
4500
-3959
-981
2610
-900
-1666
495
2147
-1743
9180
5684
897
-2610
-4424
-2842
-368
-75
-255
-1539
-3710
3838
338
1350
-325
1530
-1053
-2850
-4958
-3990
5335
-481
-6364
5625
-1680
-1200
-1209
-36
4329
2016
-4488
-5451
-1053
-468
900
-2516
-1273
140
190
8989
-650
3869
-630
3780
-3450
-4950
2242
-5185
178
4785
1891
1980
1890
-3726
6555
-3976
-2727
-5775
-216
-2478
-324
189
2806
-654
561
5727
1225
-588
8393
2730
8484
7448
1001
-3534
-624
1782
-854
1980
-2442
-710
2726
2975
-4770
-858
-8466
6279
3772
-155
87
270
144
4365
1246
154
2254
703
3395
-4565
-162
-2597
-4794
1628
-5311
-665
880
1196
130
-1204
-7225
-2052
2915
105
-184
1380
924
1500
897
7303
-5175
-2756
-765
-2666
219
-9711
-2193
872
-5828
836
-765
-1311
992
-1209
2747
-45
-3312
-1625
-3060
-2714
-4959
1111
-3440
-1173
6649
-6318
-6480
-399
1325
774
-3723
-23
2352
5311
6630
-4557
-598
1188
-750
2461
-9
-522
-215
-600
4089
-5916
549
1771
-6417
3081
-441
-4794
-2625
-2340
-2079
7332
-767
-644
9126
4761
-12276
-693
-11110
-252
-2900
1173
1008
-4268
2418
-205
2366
28
1548
5005
-1462
2862
-418
-13570
4823
2352
-7644
1566
120
-297
-299
357
-9009
2701
5400
4550
1610
-6325
75
-1440
1496
3510
2077
1749
5254
-238
546
1134
-1250
3055
-8383
-638
4233
430
-2820
216
1880
714
-10332
2415
-2236
2140
3069
2600
-2403
1332
-3666
-1128
574
8954
3458
1287
-77
351
-4750
2241
-1674
-1968
1431
986
-9345
-1064
700
1173
5063
-8961
-2622
-1014
-5900
-1425
770
7918
325
-4545
-686
-4187
-3038
344
-4472
1525
2475
1540
3071
-2050
75
420
1740
230
-4293
7140
-11187
-4140
-4365
-60
1325
372
-1067
10033
4599
-1700
729
-2100
8505
-45
1495
-1276
3650
2618
3330
1584
-2665
-1235
9135
1224
5014
-2394
-4719
2915
-2310
8025
918
-7315
-215
1302
-861
-1334
330
2375
1380
4425
-533
1275
-780
-4698
-300
-585
1309
-4368
1980
-3132
550
-3888
-120
-445
141
3131
-2170
-984
-987
3096
-812
3375
-5655
-7553
-2380
-364
-3045
4270
-230
-517
732
-1855
-4080
-1725
-1053
988
-368
2142
1295
-225
-1449
-2728
8585
-3441
4697
2562
-371
642
1045
779
-4687
-105
5106
5778
2989
-1075
1218
-418
8715
-1078
294
-4891
-3384
-540
-5369
-7344
-60
913
-3488
3360
-4455
-5727
-850
765
-7623
472
462
902
-3599
-2025
1400
657
-225
-1065
-84
2040
2366
1596
-2352
-445
318
-1512
-1272
4284
-1771
405
1645
-399
-6716
1540
-1643
-1914
-54
10179
5041
77
868
-630
-3003
5605
9086
-1635
10609
2883
1010
-3726
-1485
-2214
4557
-1870
-2090
408
9044
3660
10609
228
1595
-5044
2175
5508
-6438
1482
1350
759
2581
4453
-1998
-5896
2575
4860
-1476
1242
-1035
2380
-612
-1005
244
-2754
-850
-2052
13924
-2349
-2760
-2714
1958
1924
-115
-12
2280
-1080
-4864
-270
-900
3604
3795
2730
2490
-4897
-3649
-312
432
2210
3850
45
-594
1265
-40
1932
-725
592
189
-3224
2745
2850
637
1335
153
-369
8395
3162
6527
2610
-5016
1265
918
-1375
611
-738
-10647
-1254
6386
10208
-65
-2553
230
935
4453
-2996
-2450
1190
1470
4995
1125
-3162
-8103
3486
-434
-1092
4698
837
2132
-3825
2080
-3848
-105
-5076
4779
-735
1106
-3182
4264
-3885
2499
990
-2001
-632
-33
2700
1161
-1378
-1505
-588
415
1748
-1518
675
-7743
-4260
-984
-196
522
57
-209
-1305
5670
5840
3294
1809
-12669
-1680
-2109
198
-522
-2310
2065
-899
4680
763
-5170
3724
-165
-413
583
-4180
806
-819
-1015
-1500
9394
6450
1628
108
1479
1005
1575
75
-4725
507
-1968
162
-361
-2691
