859759806860466374
2975087285947892067
-7080255231732222294
2512705486341957348
8465561515082173478
5230975367724895934
-7031193243922032882
-6809594528558255262
283378120649966819
5025309976056498888
2568854456443643414
-3491372246491976484
-6015825467039076357
6344119596303599905
7725420990800014071
-6778215652423729021
-3103496157273400265
7923847923704886822
6223372836602267648
-836703079298366610
2269527953455354463
-6185383861256707841
2876437944609416669
-124154047639164784
-3347929247581878753
7104953961398698020
-3028194090276478431
8279718396345122442
-5190649116036186478
-3292744768735431479
-442478703185704386
4860882419491610337
-4746629768801126382
3797234211329370824
4863702646736994830
2769212771713398387
-3096934518658148764
-1969673575422522717
820682633971606643
518600932977276038
-6701828449173493089
539658961039235933
-7428964016988097229
7843701007455039093
-3697412105431078932
-5372455053361092794
-5827249938260840359
-4636040326703379658
5366398553624703033
-2031797760713179897
-2518891697238862228
-584084460315085249
-6026035304665051937
-2653382063766730833
122409480976571958
-71459666072307227
-4461575733176566210
8368534418975709515
-7348575848160378585
838157145420605606
5547411708326434725
6193121172972300601
2327399836979971088
-2766780748323459866
2891181021946180036
-809862984524942809
1589202753963634690
4890118826617464115
-4546617263963968823
4836594748576222317
-7989117621691370820
-2117049767457353585
-3328070971787769679
3914660592502390069
8296283892391354080
306530256963015957
4974536064291287846
-3824026288552818968
7479400921273991155
3366840193926423947
-7073592513073650228
7337648861323932916
5324282460536371029
-3166257171877825446
4610049523281951446
9152373301940032812
-2002725438771710668
8682005057783340893
3089111199100541213
-4712499739089866567
4449429722934260634
2217061986675123847
-7998235205068366090
249949043330282212
3506938895204496542
-1020552737966030620
-3889905030911570945
-565176919981102498
6195194916335640360
7693688660420882269
7518119758880878724
-2396153187668269901
2389690469027827868
-9059252969760947495
8674122320463020270
-3246617024015530847
-7823283580582295903
3533471228210096075
-1743727983455047770
-6944161152935377881
-6070842901810142506
7068125566627843327
-2346568692466890406
6331141080806791221
993286132034931013
3479377891650291997
-2523445428919449124
1889659924785107386
-5727919077874358398
-6247471038770655715
1362985626067897391
-5296489437534496962
1349419878097158500
7335038781941589404
2512113097426052175
3547721434286542217
3769860751265372911
8929143651628903485
-2681826830273383758
5140928148637279329
-1879770043266968082
6415484965647982244
-4674853230193649525
-265501300892815881
7676361022071080432
6713029832868071971
-7300503559284864003
-4213379358811481401
495120276175668606
-3990470246649273769
6717637109992433109
-5934132517903436459
-7009166098918749484
-4891998387769315928
-4554769018184575401
5536923847076728348
-5167301064612300970
-7321749918717138408
-4568898696837659656
3928910814962015876
4061530577044445623
5271752645322722660
-8099644138229732547
-7506461248554828723
1807871749545581287
758491510026445323
7580467170173027654
-242285497596095047
8789118449346965460
-6485911643126771745
2803132250243930407
-1822650174402187047
-8790638155251477574
6775081570274001983
7260639918207519115
-5647032781780580995
-3539420980993851212
-9002624689083297619
1784705056535006556
2352917020333533266
-7478184175138730004
2052252799213266498
641238439781685884
-9165758325534993648
5930110436908353368
-9148150959320977509
3877611671465380374
3542526223478003880
-1950145676298784558
-505432127043400415
-5752431671600287880
-775427055264940260
7702934159667356485
5243927652290979186
5476499873309340445
1959733316014754044
4347757269478995039
-8669218987907801898
796608815767428227
-8130097674541984709
3075593941475680762
-3506114331122599106
-7588317168365278771
-8434839359244963343
6968716760244468541
-209605293066805587
4043178739541766901
7612107712638112761
-7605070284190441372
-3334945630884636848
-2534586252952380530
-3604980262672474412
8042582066640645769
-8195727629784369533
3142071781151856659
8948060130045651409
-1276676103572824475
5141557703825539644
-2080753920926178835
2993756404148975350
-3160817796027552476
5999974441818345640
-2371196680167828993
-4166632960866965168
3177546917691235601
6966676589068466954
-2889104093403978465
-3018252955270143209
3859866284155590776
112436582876266490
-6615700730257512127
-7678138275066837094
6033324798006572696
-6226943802762035553
-4647549092129636805
8909376745899889838
-5335782243386073021
2781320296227200588
5008064696248810471
5164825319325776502
-5829035155326616961
6488765172959933503
-1198140112834591209
-3747173689867297408
768249420920419280
-955580169267684446
5169831702856915303
-8545333956343577098
8629374728094060881
-3140060627884885193
-4318596454228788010
3867145721344133729
3274522386126084200
6642589154923905284
-8632160440515046715
6804398947036263253
6825064222517534537
-1188913864365121861
3883721606837921452
8432916579327642954
6103832649399883684
3512241764210771344
3277827898300508463
-7191257987610875063
-7260068779197196002
4605291442238472278
-4625070448132024708
2081296134345331318
5206386827812564196
-6475010325200219324
2698903281848055142
-4673110640831857143
2796969433323827873
191514574066888716
-3275945948028419739
-6714544955253651809
5428237950399163563
-2938510190516682398
55729255331386545
-4974542860534049138
-891527664481797118
-1777958154575281593
1100670549898356600
1055699621941838914
-5944432244265531723
628238851602466949
4586043717661484531
-864549717688305888
2008601950675882106
-4260375790009887133
-2022005158824285697
8397099179552431053
-8866534188103276877
-689986809224356853
-4049080328044279577
-4307539103073378074
-1144969196891585104
1041218954732758763
6902517502537989604
-754326023044020821
8604613869116596275
6906826565501496649
-8754480477754368655
1156616052979916605
-1731865241681110786
7632104279248105820
6552784332342488045
7296304332760263278
-1764957003776984219
3813738055330513568
-2701933832558337796
-4045710082856464812
6497847476818735793
-5511194430673908567
3829335091910171306
3569210298709891603
-7373629953689605377
4674139396604574710
-2358404726984828665
4452748909315241827
5792645471943191938
-4475425038984859013
2485458106897003127
4793375972260055939
2777106438873126414
-8873438186148139871
1761732102931534125
-3327585826331109785
-4798294990401283180
7612413521753244976
-376405003480695266
3892853371886915857
4515590421382930325
3285082753005494543
-4171185686521371426
3381859030252158310
7880684759427003477
-3945250022693210684
3026589583893922891
3191159707181053208
-246317624540244063
5493069936635086284
-6073300620536849754
-9012019887929417682
-515511524687374266
-2076378103589877374
2597596628321284304
-5704093525732116416
-5724361258966875940
-6545968727463842244
3716010606074941787
4597973223594385041
-8052141827105629247
-985794998669161622
-7306946624861173321
8089544332571781221
3811157360864998395
-6335975832004735201
-1110041875921632098
-2045410488989721656
-6207617336578950995
4758884414409433544
-3814169396494788643
-5202419990147867416
-1854699397621646635
-9156532649425103167
5423638191207899672
6221822786017827181
-8686799488981319347
1028704983758164684
-5704530888810549943
-7679261640650698194
-2509841580830537692
-4446529928445936329
4285095223173313804
5095871374303195652
7891244084982100949
-4201846375062612222
7504961090493755414
4757700709461299622
2322486619717114621
-1663310185862781966
1902066994651261717
4131750094861737501
-4095279025697516441
-3498414380343420938
-8569209452316391600
2651460683572705226
-6768640888981798058
-5016794553089116195
6777777337092897536
-1164353617774373608
7164465921796390489
-825828475365925139
5683258689216936414
-783778944183702230
-7759382994912033293
9167316064377233216
2217403567242533340
7802929083376139244
-5229566214359795602
-848651547116236010
5502891721217836664
4014516195594363932
-1272700281198016410
-2341564941480974923
3940258774181464239
-8276284025456186303
144606964825948647
-8270747880853824407
6874791088058098785
-1669675479712589763
1490100629438916840
2644348030125328510
-6482078002964870012
-1143734443914220255
7228148901191376435
-3724516577130185784
-6577651569749021096
-4905811801478336398
-5607195946451197476
-8708953739931475348
-6646987866793549508
-7994418755414124967
715369206220506607
-7893883725437818778
6059622548689763924
-8053692049978041616
7355480819641148169
3059825046762526471
8042554232381324314
-3695171957770384682
7131516458618958688
-2099162413043779916
7573369567735402892
-7135998312879114079
-137144615766302309
-3572611314101637643
-5011965682891636993
6508260563925578045
8298062953273243661
3831683819459875420
4851063843809989869
7446862829578548558
-5509960336168876987
-2268227055087990470
5818285263284637704
4308333314982640175
-6287983067276650156
7027483444969693708
117270823812722752
4364210976419953948
-6830168945955983293
-6218382892025084467
8838511000664359819
-1498100869040114307
5796381835687282989
-7406176023066534029
6996316369004334800
-5752250422481363376
2206465713213836449
3784820411036535025
40467020653780597
1189166798627880126
5857977304917641097
-5884743473786485427
-5793552097941743922
5429368191891490707
-9222207444562705243
7870286518258210639
8466535468755053927
-3200055484062659625
2369152830449789550
906304183479691306
8244450759072779010
3460343555691619875
1343208584956034139
-7428058072610034912
8152063483253623214
-4939110044286776560
389166283583024997
8967815344789971002
8122339902694018667
-420327420201499618
-7275823756193379538
5826479880758924653
-1815807208899330812
-1984244144125091115
2127884909584252049
5203066417783247857
-5676298063418881318
-6200113413763992290
-8018130928063718679
8802998553315296424
-1018484201904915109
-1007103537272593428
7777366727197669598
-1942737815196914687
6699761846318756351
5024902508065795646
6729431517928921884
-288461329233365479
-3824028751618057321
-4120946484499588102
2236749612717005098
1995975682191451162
4335267572193828707
6197904579937432183
-2008899564482600760
-5673224795179927944
2929962973444223
8053309616525087671
1727654708296914393
-3492381372379283738
2285453371330262500
1680623512032936328
-6318183308951187992
-6041410167949492699
-7701188013587531954
1213287022124599153
-7227712549493891257
