6688215195272444104
-5030076197757980179
3713456000696533553
8474476518776679101
-7316544337883953220
2719532511146073298
-147562402292308114
1521194239737025695
-3495734615318084903
4441367622880505850
-7354339183177697517
-5680541012957974603
8398923853132325528
-6162197430513368634
8656822963107336964
-3487146781933028054
1792546277995468388
3468339204425906927
7207682080942040173
6074824035835646789
3705672297840620052
-3998797890175783052
-1240835716013820736
2851727158125293060
-8208010724553181657
9085292758704261600
-5681145257127497515
8119590602162630776
-501774307065820755
-1593112017875826517
4341779735468416811
-6588868469197296859
-1246171927242447498
8787322417071155743
-2119213631166904665
7368316018312341211
7328551807933970713
5933902030780816848
-3849509664405063168
-9042292820695090853
-1955355216622556612
8971804650519453323
827762148673572903
-9119488243938693400
-2387113122411600185
-6721371011435773059
9183507272479481228
7046870941496963856
-5311830380563516447
-8078781571704837899
3711442859247196073
2283452725819001154
-8828581508853164569
-975297937535428955
-6031307073160019023
-3504959097391649496
-7281826684139403518
-4703855653709228415
455171245970515250
-1186390607132336580
-826005287912382736
4568829635426569180
-5863831984383151428
680080987666199643
7186580281442534785
-1308640764736009648
1771733263724677566
-1829998324560833261
1071904223373712679
-4974906645829270397
-1197264448067064454
269107712417862215
8846692044661615170
7205896163439698971
2300096515387231298
-5248668101931848953
5973193059816194808
5841280463170870984
4162648907042188613
-1712826845900814206
-6631309486491539838
5066359849790491464
-2050084365754265357
3056709076458981352
1333400361344142872
2863116205418991770
-1353672347251685779
3083047183101602648
-3064381226595946770
-7448116054546636856
5127960506813352965
8965820714712024543
8159496390579298168
-7928012949402858709
3775205916684207585
8395131857298737008
-7998752147411640068
-7033437000860609153
8449104873271988989
-6822620926591252081
-223125386997583027
-3277108414278587102
6475281188273657700
-7412966977825864236
8751110943409374699
8382963279360079560
-8331957502554392120
337146242801813543
6149873104579733907
6516132871152861777
1397755003322535916
-8513261592929264190
2498464732673510911
7728889363576793770
-5510553642934226225
-5391669884654041711
5696139557450092766
2953718004601195373
222290250891327915
-4637807912813048478
-520136480469758936
-5837484535848809425
4549276600235099115
-4752826838836985252
-5431828573864373128
1090500998035375938
7538525482101505744
-8803851385103699924
-7322200876974317860
-8348408033678278862
-1359807634819222522
3873912171009295243
-2277312407561704967
3202434627832685579
-5699639564684960246
-7797478443509579327
3764456339450871817
8062850237915044351
5849443430147750360
5453722453726788374
215162038513189374
2111660742899321379
-3038374557644158399
4923069071020000617
-8818611328761535701
1154127762621612223
-2229975993454638234
6656648504936368424
8309489607373963217
-2081642707131760596
3461484969235021500
-4964967933673966965
-3639106178715978581
1334703898815077791
-7508834323374941056
6951478705686664896
5904606698022485311
147344882304284313
-6409549459150549934
-5948512701543218672
-2779471227263291422
4306328008830108062
3039256367678212145
-2555795822723501724
-3494463997884017698
-2016025765764820384
7140114963375841947
-8579138979829485158
3171246829859820677
4089889087707002217
-2603606183621925834
-7831265458337018567
-3767761294917335153
-7206186403201070911
4234723460480103826
-5681497001533392112
-4863405772258407943
2142548423415549928
-3646563155179001586
-3519735313987492990
6395206277929554567
3830815311932943800
5034090574188903778
-4218322546711967943
8350805625937981991
7059372561048799716
-8771646836326836439
4769045405857222014
1813370902801893294
-7990109692729127133
-3013467964337514761
2294491259183280381
-6982142582069763555
2013946888220057131
210371536690000389
5012635250774498859
8015312635783618516
2619133380922498274
-5530027256307991231
-3570700366925821733
-7489647827809750264
-4250905129705860065
3003961566380428813
-7053796340227069706
7510986622875418693
548546485148041767
-5135350947523140690
-6405494158844958325
-7752276704220956516
8589322704352913909
9184853777465390441
-5669916099883778418
5705517502038110379
-3104572496483350619
-7079733145824490923
-1003601719666872334
1820667702208256687
8300137556816323122
-6560541585491234102
-5284444267878448216
3656033592243282728
4570209725063938592
-4771907702953695272
5410313735150316397
8627865490743059275
7547247014807134096
-9164013911020657245
1060376479129572766
6186531579786074089
3974066146989044945
7719288977539884482
-5492131491893531515
-169330786552367675
-5101083504291428739
7052126429896456322
-9024986931242705336
-1800007382137623784
2958477380084424776
-5717274593210543639
8720936254142603885
6683897599230931509
-7161343738820012272
-1179096146781012543
2983649849509969896
498585464381997064
8065714728761384929
6704035273973989053
-6531678958955143068
-9039023431765497831
-6224452541971716107
865381191922765989
-2029170652068325673
655212972970387465
8219071935262014788
7663401580448479811
-5262984173133502580
-2641904299955275833
-4951693239860951031
-5332957564059560067
-4149008939398255024
4328721047248847981
5168184632557983650
388689429056316146
-7169668828400173993
-1717892109128184110
-7407930213513703511
-6058061822136035310
5434333180258352665
-73447073212257592
3044140969507676211
4942271778147354442
-8459877289196766508
-3402001749325486327
6789369055403290038
351986674993841057
1684482976788829535
1306254596879261775
-2433947124611509722
-7066824940359396732
-6000543638423835469
5941262547696718364
-6580375358157248426
-8829205688018057082
5546087675308191645
368150564030095579
8169642195743692152
8441334355755429533
-966326578502512233
8181018291854839376
4418641742401612362
-4393646598580293569
-2772835314261349963
1348260583125494806
-205610025075866632
5337524969153011211
542464952532265181
-3850713548058788269
-6632865818409286422
-9096620990051851127
-4187273646088988795
-3582667133240072207
-6869268042577302945
-4289688806016515694
5825315773056867782
-7873204667930251366
2452527969042264732
-2318971456953721477
7638908164313786560
-8645477332454731181
2380298445995554840
6292376102560811486
4739847677849136937
2995053497243005024
-6076590044118266965
800863667511484733
-2664902589131069533
8205075332006331145
7788155908305597432
-5231563374282786596
2356775435886873660
-1933726318447509945
-6498919695573212149
-506587138623191313
-8594370580150643603
-1504728718460101942
8379603556656343628
7438719462964812324
-4886307014667749950
2937423604507306532
-2619269332306992291
-8806743895907508129
-9181663716143080126
-4675769071977025288
-6612597618105449346
4586332238877510589
7033790790564666083
4618537507358720471
5888419476669998584
7573572791043250820
1722748750863956705
-807776883699279705
-4709816526654947656
-1604128254500320300
-1164083965391798371
6703016444574982246
-2396648476635364316
1044378712280388913
7789261065977777960
5117671636063496959
2528524442289270122
539620696021810507
-4690607447760853133
7779989754407376597
4273792007117437290
3459178757656465224
-7897343316367457910
284109311838887528
2871674620882119513
-7952694179745229712
7118740824918372252
-1971213832438849695
-2908309161883355249
-5282160322160402895
2574441042278589309
-7807580168634038206
-2736495032846447290
4020220760752557155
1755495957892479838
1435105330422559371
5652533481216418621
-8627360324349476068
4176623264457572692
-6032472586903441156
5136722743606439504
8682027134623969738
2730847737686429277
-1707545664127502609
-4717388455634870141
-3246271569490889466
-3682021203237568129
4214274539953866475
-3641363393344261605
-7644429841833009145
2703752932471664345
8817756773859429999
3874677041495906189
7658976089277368561
5152278249115944342
-6435916264903803919
-14279086058139563
4422534652634730459
-3235900742934636632
2543332517180284796
-6010199740062715616
2000525832020716156
2419457306864507780
4085320895393967405
6899654359346662283
904304174577715313
-2095549182836282211
5213041738441085957
2885683117729105588
-7733586092724459230
-519306807503972393
-9214795518798737340
-5049063052129802479
-4018983669966858406
-3211812122576018852
-6786062063935303531
-7706252757603839395
7206680283332979256
5635488636708691192
-1673019789214196491
-4381993162741087241
2699343203364181010
343943136105289884
-1047902923568859546
-3823426452824996239
-7901983657514851352
-6563297709415101647
4879431509569386522
5668833032069393077
772481324894777514
1763639638702297739
-5856109027369754211
4945455213332953958
9091398218868580234
6438948317395033423
-817274388957616833
8853240765910845866
-1021974535664533480
-6606684548067524006
-8280356245493045044
1775081739285099061
-6236678635089983313
-2757628831469585043
2005009300497639784
-7212851271609170809
6908081450817818496
-3209736428689314037
1011937463899324284
5151971466477526307
-5752862929042838954
-8434270465442433395
-1272944363614716258
-8868908381408848610
2801788483748338423
2326331839167953340
-5713820674497484553
-1278756905705362600
-629612571929998144
4647722159968148570
-6520928028945693540
-1966515686410887707
-3429370203690456920
5667336008663520162
-2740817912098470018
7682601301045227297
-8640804586188107815
1037527356580029889
-7360079663446532223
7608507438695244764
-7583315153736194112
5146827166154112047
-4348770823283017970
-6725664935084384973
-5499315713952376520
-1932522077216594574
3770380595290947774
-7958824465636189465
-657362234153977303
8048146169989755200
-883437990079568626
-7347704885796789404
-6627214749859105689
2592229551931305610
5230531590003282905
2725047653117748267
5806094311416914572
310369232887518733
-5210660967547568676
-757745442460953744
2016951502549875625
-1130306892210576158
-2701441428733369153
-4744253745929841200
3135113295221342203
-2799660951375627894
-9030387745251854731
4179344980790704867
695848478318221902
1402221695618751675
-8610864183342666481
-7003555756837420421
8278269762306944727
1870387237963624992
3659543395653009686
2575820369379378763
636197459042164469
-68540698234640654
1418384860944087533
-841201690012406372
-950330297373610295
-6039804375301028569
886008708301060688
-8044885633796943402
-2224849587597580982
-4529786058376865988
4974508773065761818
-1716895236347935914
5948966931148191324
