-5270933556616657176
1128330957207438589
-7441007183423599504
-6788064747403190748
-4034456337043019102
-4016956774790111079
-2287806207510406741
2261880101726753117
-6580497271774725505
6426794878985584281
6268275262489297403
-4763535482996908365
714859609575044752
5941993115621034078
-3069658815762359399
-1386375980554528135
1594809381911051020
-7404910595432444358
-212505137170528182
7343004523166525918
-3000005402118755894
-2842196151037166018
890565835608767474
9022594398169528671
8612225886752945309
2030471525910055339
-212458371844628089
8195960446945635141
-4797798598216899677
-8257334961709774794
-539035598112833174
-720614437876090916
-3004229489875748274
3461013754226245186
7812951238387284625
5689687643451898403
7822175268570324616
-7836727044780265925
-938090889470741771
-2179498263693863650
-2741085876586909695
-2188731648004205261
-502432059469940899
-6604819518705447973
8607190204897194329
-3676981841978056549
7659379078463448947
2562667193246598127
-2233980611365605257
3201354216934574725
-3603034390843244735
-7839957284492844482
-8958049945868139176
2474178709803913290
-471011377032285649
3435363930331564249
-136749475129038185
1904459210118587646
-8101538315151488387
7720028076808643462
-3564513522314211401
-5539588734721827513
-686034804744888839
8256266526790173048
1642742103330422912
-8418459886712741466
3050494574293385381
-8994849094987084300
3537332469888366067
6064003319875415487
8784526978712811503
-6084630982663827904
8334549952271791449
5271006876521219324
-4550317979646041380
4455943903733461532
1209083848156670404
3285887820095738641
7939305859194057368
-1460601999470780193
3960713723514648894
-9035067889698514362
-3611430382794788954
-2635424738704137982
-8086474869544235049
-1582779897954157415
1393842890399469222
-4128298936661141159
5596625620389133167
-7583740047122231573
4544344078770623479
2277977848870744625
4136144034498204639
2201711909762255632
-6321226319867413358
-1750242353658374100
-7733799426304362158
-8461293708200596126
1110137454171797433
-7681769159870603510
5603654479350170558
2371671797027740869
2190941937739176770
-3282898667026093444
2107118884083298934
6833751452596783749
-1595571650516405686
7583296767073303123
4325343464567332900
-8945187061003473857
-6850455859496244226
-189333088174717339
7778426016938833975
-6944125831969741433
-7276194531251982980
-2113503258351809319
6675744484131200683
-4786263976109376033
-1733605068957294023
-2323372464555787952
3363066722838731951
-7723822469619337593
6281923535454883268
-4297168471618106045
-486126129358867451
6498096208412565243
-5615881237778475128
8554049460997564122
5900034039365614177
-6336614947457900346
-384705830469793024
-8813810235612273393
-3345256977031540112
-9111681234090795885
3161191293681018482
9023659218394081028
-4143953747818090696
3600444561643147461
1982576423370646516
-7427624662312277613
6376445804388584079
-1132587086958288292
-6502912350925952702
5756046210763387369
5729100689225988027
-1382370821618763591
-4072351079515703881
2849852001484044005
-4916796576483042966
7001726216798549024
1644395014193167118
-6484081964217043954
5662417897829126762
1470449834009145177
-1186014731539241879
-7962723104303315564
-1925169665696054186
6233777976006389948
-2295729452283768433
452828663493971452
-5195526999745190420
4015054594524998794
8941224064387189729
-4217189516590401555
4775351767682528052
-5527914120769790781
344232746410986921
4386853264824120091
4861721162195800969
7782235345386532353
3813183933235186592
3726790551322515416
-3570106247444287341
-3074775540487109578
9114209864481766503
4241105732314169840
-6526888137370134857
5259887773190436720
-1882512635713252659
1312750747540963929
-7012534497976138527
5121135707801060159
-2880161902628200210
7454897598984244
2443630739311001689
8565512741514924090
-5613106458892931677
123435076211306090
5776327475555583955
-7731072914641620118
-5732399868284885057
-3303843963891575238
5371448173721730350
-581466388888972722
6965358485616273242
-6723692379661690647
-5116820408077451841
7124545965350346601
5484192168040782653
3813169705335686063
-3122030654640502039
-1901485193571508422
1715591362445213632
5001694151067007700
-5522644184115793061
-5963808122040094659
317448950827107706
-1761151100010954146
-5175669022277295353
-4816356199969270189
3946846305325915160
4163546333129891327
-8229551224951609304
-2441416778498737738
-6060605834909777224
7605259373810513392
2247252421720876564
-2853413899093976405
-1101660454060138455
-2806257290411585452
-8185649133872690729
6907478598681772966
5028217969833361410
648773162142651377
4134931766016891508
-7231914731209508182
8385751521482088542
677254524556533351
6211609318456629309
-5553162303420521632
-855231023414005758
4437199124424991645
-5329189733188662759
2616255089756702758
97778116188628752
3762915871898331809
-2624721899844577524
5522116895732743354
4207810453580788779
4032248493244408576
-2688543036698613727
-5489006026135908354
-8679685479576944112
3085324800095455872
1327938241112356921
9129692804654295368
3251269327467562781
145570390543045647
-7803800571933365332
3237778993249543759
9156373653306025756
-627578986029588566
4999712657484002558
463670041492786897
5234748823629296328
-6452712511382798515
1988756299185831075
7995295837196859432
-6620153766141672861
8217707183550034984
524246532800304567
-6493474628272925775
7378501036983275274
8923073513850814247
-6046025275774553421
4539984577259181968
-6820118981653621923
1537798111263668824
6369158748335186677
8631433439682876155
6776999249820503331
-7589330314005070943
5313716005792721593
-4198152590016567792
-8348733785510325285
-3411652976999841477
-1796394163378176711
1543836095585593067
-1179025714869370218
8374575721936052217
-2822325548848393654
5116291901792916426
2136723068793469865
1339665572877734943
6501491672655278958
1869952648094692511
-2257275492255046113
7867290239145438016
2350370173111390031
889524208285214419
-1766629077776622485
-616994436208822270
1217030667175734527
7688727263547884918
-1848563244645391715
-7764250288871779224
-8711023008398442821
7310818974893690246
3837027555167267607
-8695055492850734086
-5624290466141998028
896762582302385819
534051243707488091
2934865505986678812
6294260492987318703
3253902536299539698
-8721069405799670538
-7072162337372834611
-4363237068923266467
5024747532678708905
923093053610323332
628045636225896340
-3668545300408377240
-4701272894529953945
7322832022357058435
8287840505801030252
2341824913660939280
7589006955718606588
-3286123036082686337
7226894950446127853
596184663332092780
223802751067562717
-5105639022418560227
7828532706515025477
-6448630189255495769
-2642207307020194329
-5409326310851700688
5621682067520028561
-8314572952676424613
124051982910837940
7801258877496215124
-86201792252376728
-7823754196043888562
8151340678851107122
3336280789875218153
3139586911489803931
-6534401143849700750
5498675373149679672
9040188943423848521
-167630758872715938
-3305578913338213850
-9085963648279175494
4536541307022917700
3520672078341045666
-3824957322064719279
-466649469589170496
3092405350696830063
3377966792955561342
7197926579612954516
531075602363508661
3797095186531809459
-5006418376815912381
8191630613187488629
8342831101816474880
-2775440873149632288
-3347813583412806451
8916569297265670866
-6308646065370792821
305710212795152702
7109342721323521987
-304475860296559702
8815292014887377622
-5954848134406712787
-2708164498104383911
-5632423288043223729
4611743590101941855
4535891218384754988
-5510346366871201390
8652745593676691393
-7229622215906174629
5395580291742427531
6726415689944781408
-3746575080748504232
5711452899138743151
8146747330947726961
1277848631448956075
6326058270675633565
-7855321180514918137
9219974524939274535
6058708090860701098
4183220549567196686
-8307875253016572666
3795918479084162730
-4244462331760011772
-6966289565730658674
-8553438230123683589
-4257191420389830004
-2815121740012880328
1743698571110251101
-9189850590146118097
-4029596785834953284
3794571444377210606
3473586127387466193
9040487342600088442
4776523417931153184
-2806079180805865075
3881355734127538333
-2884784405170529961
5450934802570237870
-5810194032621560530
-2593143134765986112
8146144334225659967
8112009105821982483
1672533900525821137
-1756336923858066797
-5294165109258744519
-701213184252610018
-4777032515575224825
-5292635409436027825
4008624330649368524
4889578153903075541
6403294106230274706
2696670460718009539
-1643916976993660830
6899689319148874223
9075531784760827445
4564766002586173605
-848988634777461038
1883165999712075861
2323733528792186629
-161262191711328447
7779869602691219064
-4518743265667561646
-2291111308290474024
5917094451916304716
-2051751580074882430
-4339104085552748332
-6326709470009867250
-978037529619529755
-4429254871345519346
-7371454027843507941
4746648809609911645
1077201870040477417
-7940125821261450692
5310728400828872210
-4176398196523602968
-8795532789608859041
-1923221786392742121
-3914801532498232239
-8324390974640699164
7530988802222066535
7952370401667124503
312168901777577318
8546254934687067268
-3897013015870593948
-1731046344021822549
-7729939801749425409
8823698505102864538
-7471512584227698450
-3215575675416335107
-1450517891671783228
-644613891838917382
-2585533102775118055
1638890782763602263
8420798526092383307
-7804402174718508616
417862344574741738
4804568564875165192
4325045629790826009
4182198100971701030
713539765788566371
8550148840465446328
5960986414745502287
3723856587796938623
106238468441276211
-2936741238283639176
3420009147007694634
-4846619115051738891
-4276048337455557438
8596862793793022619
8942249217939236578
1949424861094221015
-5334281956669595328
8457310450575587783
-4132145244477232085
-3143225454344450493
3618904720689811129
679212129600645650
-8006534445756841752
1530352907314643933
7685954872463023318
-7230635731256129975
3103869420724944216
7263868668835643641
6897567051941295121
2462095232801948446
3007775984677159248
6538207903132751684
9145852480145575138
6498978896911466309
-4059884530362303107
5461977537666940274
5479031390903935344
-964072087393022548
4252837222234101690
-546895282405193235
-1241688410213135495
3283683597900397244
8865815775130082486
7472196648187698492
-8440546839344679483
3402604797692765443
-3177827664697002557
-2207851709708137573
8561528337531561760
6755331992188757915
-1394157874975472309
7583612416840704210
-7672358782423966766
605955711690374040
-3224112112676486267
