12991244491015652860
9991694345417230950
7710602808553569743
14774159086193021499
13859862205646191977
1695575651745011339
16120214333635963434
2050841216344826726
12291546732931332196
7852767623937591850
12570142530979190845
8190248115556360225
18336788256229036707
11983675229994280812
6754346930324429729
6737100566871507618
2018160866306001891
8200416439964853699
11569987429364126489
9052973348195277706
8896765411505585648
15443062651913235866
14475173658567496569
13597819712126864123
2455345218890737552
4735747457176494184
6982219909493878126
9803826333765608763
15277317589641432281
1959160161003181925
14696550860576450253
12483003807341207894
2139210014876339040
10785905962032432508
11141956352399209377
6119494561968612489
4800996445264942799
6835120853632554555
7378209221633191435
13153279107813936749
7108811885528742873
10306739256405853728
11832975562132799573
14787792221621220943
4281787156127467829
12335081700297306471
11633770435774641568
9582267145593127389
8666538181798701761
7369749893989893652
6714554331824660285
7960953428319730482
16802930825464452977
4502282374037404380
16988807437339013233
5110462469401023091
128988295227381129
6999930744121703179
4563433069441851855
4678302450550474692
14629002866392135793
14223600359266294689
888200977830331002
11816769586013159878
864560180294071051
14239630201478890710
6889789901936760525
2455077564974364502
6472598438549855060
18197433000827401985
16666252114334092572
16879620208465003812
18187590704128824896
3122318129009819138
10695572514196701257
3364728484302844578
10392737073274338403
8356064356384724211
15857491251658256900
10858218152693461509
10532576068049735604
897264476201499158
4571392414984699835
3251151895346853716
7785223293187718016
18262511986474614043
8292553327190983628
6921408701280596545
10822378818223754052
12571100068660640249
2869332983984967502
14480030393022900957
2592402435118474508
15944687789086389559
7856342300413436022
10054163134035693317
1992304070968935224
17475796053442699553
15560843574762950641
9057986431309106691
2636688189876183999
4863293882828818257
16181713410368398006
7357989431771995560
12358545049738566340
16839106158876321803
13454443007927785804
6898150091712647644
13022493770259755762
9144552730693275438
17529836160274209979
6322048818507197921
2928401626338060587
3702868152340936359
6659370252526158181
13410667248322762264
16631715243112648755
607811889021424987
14427796849124688445
18107057842315422604
9137216143910614380
3218783108038822411
15330039221598701027
8350923050285501784
1558974333805662584
6477362143743464876
17387162342950365445
14630233934118986188
13106947318722528170
9901433269584307885
2234406138928804233
2417814947064507396
3737161449767465204
13906707892664908687
17883938860593414784
9895076251213114296
16596596043882172829
1336239765647988292
15349352762475396146
6456046710630572540
10018078151209702085
16163916609015730847
15666511810657936504
10624932607687695795
15620460392042503870
8096924898244553979
5169908526696890757
14765991095323405403
14557228061815030325
12762808727362231202
2064132411406501357
795534528435240701
12724425929008818402
5142346103348645765
2679810999788030832
14280349450284564126
8978173606027888927
6410489329862001395
11887143768156851683
4284974631620844529
17512053606617949254
15722121342664209551
6123051607425585077
8907886127937569042
8219637791868679566
13256353062048415997
8094837794471325817
12643096467514195015
15326530369041748254
6274105575818293832
11111170599241417
3703977868200720856
41089810569838534
11460768645861264991
9969516412752622375
5904504049499314127
10023456406500589252
13489122357580208429
10286938494074406700
10336178023390158666
7256381299500377449
9221713829237112907
14875743925171461337
3346826037979129169
18055081716956184297
7486469593013934586
2228267215087025636
4184776603698440702
8142119666048831887
15348145357538323452
11208239868663892304
5010691266090145954
671243188276726278
17387414977637256584
9463779711235470486
148040800276052230
6052661104643481493
9701257590722628847
9197549831998239316
16237660567127104468
13483584603026618251
17092229823216631953
11386042861568400707
11872528538264898378
2696401223726056215
6154425068312995032
1434864078594467183
6130958416965895247
10160115225774337764
17676686762241365862
2348434113122488698
7507511898404157158
229079308170481957
14585544828464509498
13031694304134396052
4410506884899729831
11166342528174632139
8906419258458718585
14959932556722303272
7748621677309694249
587130436948588435
2360708203365514834
15592563284625153518
4653389249315178142
10908043765394039338
2390868860787324006
11256097229521605323
7310013390408729699
10941015205766512868
4772727810667128437
14845766621077504949
12599273074608486729
8460972747816391637
16377859764854543884
4136414064495325635
15936484272671139397
9510399284417027110
17551339155526114371
14233309539084952962
9066581670128851456
12415079130194104521
10206118777578466875
1011768837498243455
10152614857598937871
15741639864317548602
8431994792989873640
8886500481802233497
12794614961885427620
12702792325312179721
8606704437960327399
18304670267591634242
6336798665795946124
10702523592238289329
10822506065615231740
6520500308724501363
11418631584600245691
6306376834821862145
9353113874768571731
16148856371824072323
4682862539819616114
9485293093148474171
7125296013065674182
7972345430342933973
5671527501981346606
17659926597024631533
4663464477247271491
11681581653591584205
18178401263357749363
8252532280106135813
15456200271742627875
9858228855206831303
9626292485921080851
4007631153683326283
340759369714093323
11468285381433520298
5304050308087779813
4371543702716483935
7282909375323830058
13416241949548660471
5507015037542735754
10195498043309351525
1154827289122092870
4606710324734735512
7818852986354160198
8564982717869151626
9294205909479468832
2318959428661946196
2613038733829626528
2229029479487942944
9505180422600849743
2456475127863441148
5803538854556252977
7590914478084198057
15698283281735550679
15759764558234742662
13905539155666216572
7553250862627761833
15853499089755800590
1307594470697169405
14929923151319804060
13949450853316953906
11999797925033408735
10379975061447714792
16315743981660561888
1968149920308665021
3631293199356196148
2860177654267883987
11182828351928959328
7655081702152864553
16650287417333417702
16769022899495473211
2906774471721513026
10008920292810774978
1322373478571080602
7371636326189786176
12606201179989684562
6693791473776390510
2375288801577900318
9554540043474146689
5671386344249305342
5221477932306828419
16307434900387349841
842407452727045220
7417242405553529189
2915997082753123624
7637019008548129656
15971477903051722966
16373516875357465763
2189295055648176433
3238722255899106152
17963784469739190219
14973447165761148395
7653139867439418497
3556645041472576572
16704123699780292863
8164149378958820332
14841315077153005964
9506041205751907160
4230766300739560003
12625965990089701141
2350300652130635417
4532399302118272615
3554093012917106073
2104682371331328172
3709623701804915337
15632653512293614225
12323896049673782271
9066338080775466641
9265733323078295022
11840009620180030029
18158723745210061812
11014743013897410188
10462571049400644934
13282307202435136269
3784354329233432373
3144204753153059387
5520522968242332535
10143084730336837550
4538181063376094941
13110204767759758836
17018540358520978059
6353023721207928046
9451502922081694930
5917054636691267408
11355417440422776926
1219517731251520146
3859977828581774461
15400632700947875769
5189007342409300194
14429573547746151848
10225350742324570520
15173717458925559998
16471208301484718498
1036641550520994138
16371152086396693714
11767336893338306144
159302005651651883
16444986929922396753
16422736452175230297
1671974877235100504
12823696536535406965
1622640033728764189
571870254751423708
3642677263702796844
11599851306869500424
1579672494991834409
14460643873593447752
2063200337462148597
14641490018429587456
5494848555430492920
16582960500502462178
571629169358171474
12415643063861098929
8332391611363487367
10059967298681194854
2068551280771321133
6047910743943178608
15770824344280680864
11917837568041347636
13972759064229535652
7160827202705715854
3591645753461307648
9397728374187236698
6380395201662801779
7480001255266298290
9169741780709999925
9856465449145084574
5926544889576929276
17635176013256165972
2572617955740922623
3598629293437284869
5646172861142059742
2353891252201084630
15788898376586966010
521952275233266736
9021533393700214551
15890831836398227823
9283217823511550287
6892924660561629738
13531530788323130743
10893257908252907368
1895342821269156061
13110168239633962540
14684642556412901996
3119815387172601475
4565445975208391132
14644701243207741058
852187425132784522
555634092619678835
2468790176634309545
9921407809257865909
17986461318818908270
8402314683310412430
16875697183210254780
12842869836612314761
8081190143021749368
12590499975543925058
18118678865405529322
501832010397718080
15353630606074354804
9086965177307893543
16055887026308873933
1984275465238123386
12003186220339340533
7198039512614720690
14379384248400199370
6838064224637384366
2784114494121669529
1694412085872432179
5431068349067589163
15171623462290626778
7037064755088823129
12601452964805013901
10777369608908594222
15498697405397472054
1517075613928475409
17734792965411843971
4289732326234507365
15618593893797899860
4706525571497229409
17997987169637441574
12136508801242268602
6523594908396392805
17348255520241815552
6552385537847688492
2553036183514552764
16672618285719415917
4521809239301383215
14230846852108368475
18328565797990038551
8538967470497415298
17444701515828746756
15869201744102717684
12185049885063672661
17805485210942561785
10365127112829561830
13368652747411664610
1749648352337551331
7098899951983230339
18179901048143478509
12251612001957619764
6058474979592720226
14421383658910915059
13856734952594005411
1414680881012044235
3483617434187564744
13235033901332054191
11389980982251738191
8461415868617394793
10733424181458859908
12091361849165352263
8419303733649428913
13536610902148747713
9340617811448972363
13454058375022887643
17728001464969322966
7822493033982200804
523915917047043166
15205975950453296910
16316020564794068174
17945455909708281002
13228229411469221525
7820980838260327218
5366293934580370494
339725788778943801
2776534846801331033
12120127997942418929
7886162733512320169
13571304008911413163
14496429974509468626
1055711956718534837
