-4411173749756190802
4103418243155330656
-14521262415155821798
-4275359261061233400
4431105178039154376
1214018592934784855
-9318999451432439623
-4547714426831502145
-6297119151124758686
11452104855042083169
8837129718932940817
-8254907729488884849
-5300965857464031605
12286112711924633983
4655762175037654672
-8164591632978257156
-1508686775362349245
518937328272442464
6010867699431739466
6506301443868159308
-730477448663401431
-9027580012293873859
3767003780218184143
8898440350530363887
5264296639171066556
9135425487308753359
-3240652462121106520
16475678843290757583
-9988447714253086155
-11550079730445206273
-981514301298537560
4140267981615519421
-7750859258676874656
7258247965555616010
12676653885124279455
8458900415165296790
4725240749912175852
-9806400620202788642
-117408255499135128
-1660897330716587612
-9442914325760402784
-1649072686964969328
-7931396076458038128
1238881488749591120
4909778099466115397
-9049436895339149343
1832129140202608588
-2073373133456781531
3132417942259097776
1169556456221394828
-6121926088082106963
-8424041744807929731
-14984085250533191113
-179203353962817543
-348601896055713691
3363904264259257022
-4598325208305604395
10272993629094297161
-15450114163311866972
8558185222229249068
1982898186012223324
653532438250473088
1641365032235082249
5489485778466713182
4533923125276602948
-9228322871237684275
4639697328257020071
-4104730268369620185
-1009284794075602756
10900598068451637804
795409357021440683
-8201680750121181489
5006478980484021770
9185667469023609393
3745965912745312700
4762474160696477489
6183619912447958250
-538138468457080327
15418706780468048523
1906238194455643754
-3112878789559001334
-1697419028374581446
1712852077741582075
-5801681910581963428
-3476425346262283603
7569593403985875397
-608882548372241446
4553706121122199734
8685736819489674380
-12296239786212098140
8993773801704884113
4495039835545868472
-3862091170570161451
2451660953092537844
-2814287424662916816
-2770795091624404720
-11623704457215933103
-9026470628181698624
7305332370507437793
11919500550278759
13121774238231049282
-24481390640529032
4580632406767004638
-12342151636787040939
10781241204546319204
3587134428581252902
-9418855231098701589
11116767995283399198
2581615481112285130
-15889348213938851738
-12921298761306386732
6878792478453125988
5431857324471943569
-612984751162950212
-6282908399217051967
1365874633298482678
4152299055211751559
-2896604051324268647
-7461524146831652421
-8570843503326443667
4726052348906629342
-13020311907153834555
7631343413552041768
3037870310323483359
2025986968067184724
10045817642699107460
-1846020486513102217
17483193112626467607
3218207209092230419
-1195686798820621017
-2264475873736761106
-2398325269964291149
-8020110207225189637
-9377182534983611766
10837552315752098914
15736689051262152999
-11444457307102954699
-612934797168333940
2477696699546315122
-11418094908961551382
13094082914381017188
-7066719604861724751
-13512078449844702186
864047822994071441
1174331671041412626
4154553025457964757
-9239652144128004851
-4471897917233094403
-9485695273320702622
10930637031760564900
5705925591237612741
-1212329318894321294
-2437226240400605785
-6036011414545683546
621857018006339408
-7204231594276870241
5655297504476973468
5991492478410294901
6493388997063197027
-6033082979632800293
-2392394749501260013
2192404420122811747
150585909135712155
2557892053683600428
12035991685890047167
-11174946902550371776
-3195188234582864291
-4615771424259177528
6646426218730807525
10135152365720065619
-3665000241903543412
5779043350535781914
-2928867807662601457
-12240533866022103226
15044320301390119871
-4907045227006807669
-2649276465904754483
8802413996668440600
-3832658312012037217
807318620497563514
-12764966169576426407
4345708652536119899
4822772257039156275
5251382549889963430
7920130612620342134
10525246057529678134
-1265349189413936638
-8545783911696495808
6572936291323012182
-15861170589183604827
-2656805926809204295
-6809958295014174344
-2216868994643548421
-9016305748133936065
13934075245860741783
-6933297672728496234
-1073641668535684940
14736653677988459362
-2120878116149658719
478224074451049215
-5656616907592882569
-5506465456243982834
9758173429085859401
-3194033478717361833
-2380572402963936402
2984252008005556750
-959227152745716769
3380406603814585498
-7256422943203474188
-1822599795820294839
786028509298362684
10163520774948236967
-10600747905119438297
-6608049739365702906
-2883058917218541623
14571935962878980346
-641851671683101901
-5871666854364119614
2758205830095452321
-2693820707535318962
-14801349864130202856
-770659676385064128
11061542767839934106
-5578170640619384176
-512617326112745297
1677462014690381656
3049969278096015521
3458574820783733939
11219674014705439780
-388336984094745130
-6684266178740622719
10925964297384925148
-6527329846023253968
-1130918600110594650
866027537109048032
2807335702630647363
2545109803012337779
-3023217060610833744
12837185181674849660
892187865359523383
-7007139490927401737
-1621860304791774625
-5405163093450859912
9727913955019361156
-7304222199402689794
15934091751690558621
10076333549985097318
-1043343473822076214
-3920078965095443880
11670695572577186713
15260206302705909440
2884662778181182778
8277540555784511021
-6727587946118088166
-2025319955567899674
-1847421069144326237
-2636314148946193633
10076591971542190750
-1413766938329108665
1742696858349815660
3223149814648359709
-11166585269104782918
10175470470307103147
9114588087917702963
-9321971223802973160
-2174560377994469841
-1391881031254458360
-1400712079253013574
6424888003666573222
3656890579148827017
5885471585338706213
-9367288468580352536
6414386555691078193
-3142452968074728878
-14293166029775857008
-2783414125397374528
2789649554283307820
679286377897287179
829576235806511888
4114199931926165084
-4844330707672679351
13513391081345347479
-6729811119309807012
649678763653378090
2452411344610999381
-2437586454978685563
-3402244689146631217
8908509193878196779
9252887675649379635
135198185241193598
6837984791339973790
6289832129292674379
-7537449810578634128
8845343316527801523
-3580428486326502501
-132146009623673404
-2158238676055954776
14607123307653953524
2072070551390283388
-4881317437520220518
-8326224298700335824
-3148947500554078993
7031898720526223884
-2576328924687229755
10123595584897490009
6823112835009431301
-16094699359489275915
-2398022940768259901
-6721641795908095132
9477496441993950732
6715738525553515270
-3847379402758962673
-1183087193511374113
92103077730101994
10099938461230184849
-585597680347109619
4103557016592473405
4261421129387496803
-8084418026483969517
14839308472199372829
219779659851397514
4116656122954478574
-590048601035629902
11113615459520520020
-10619815875776867195
739651723231963981
2471358448575302789
1676432044826817877
-5287983368782501722
3315211690091891148
7554941252955971061
5406868144382709556
-13897054816580738316
-860679209078310560
2820769265187843887
1063208807899926557
-3936804515528416446
-205418152582436744
3315827684456972581
-6713599486336558182
410431692736727937
-4487990424684790453
-3515600520082711547
2534877079671884044
-11131903946925892600
7622894862982610725
6903562711561828458
-2958009039049173859
6087884703691322418
-1514334886626212995
-2410522150047141536
-247533962406478837
4377461216692699986
3140411111668607464
-4630140270771278923
-12504346232837909618
14340207488473570538
-86823279352965640
-8381089276186166645
8138047705081686671
-6009006749107109645
1136030374236679428
-8464689715237250479
-7154694426550320240
-1347328064869909925
9707614964405137507
12427135303366855937
-9712192741933813612
16157706684170446807
-2471921506444875007
7718066911459542152
5063105504081999442
-1844508086097242515
9843202994000480652
4051468305250210520
-2220565748894464863
-2243151181640758035
-5203860496942212911
2451333635957476477
1041913537771584903
10960997886660094222
-9472228870790946274
10960384400880553219
-5070290807125936911
-1283030876513722260
-9337217174307385819
-12016574415301863297
6352194324364352888
3961102138352784441
-1386921506769978853
-9259163000194748886
2945919897260974596
8976477848605302857
13055003538194452374
3503823136733136774
-5147644122286839998
7821614508309002572
-11161068430626716264
5595541767396186517
-14080941913475384937
4281647953292112673
6476468854513070204
9602109735260899323
4316881930651149647
-8238414926822936809
-6437899553172964774
6526935716938766417
-8501549092705410609
-11870286979185048921
-897187470828967874
-717617792548121935
-2305659633701200642
-3950317406075539969
-9638335732407785797
7615058525369380830
1181648059323008667
10624388551275937529
-8902680684755502654
9238646819353224030
5383558575554713100
7881292040669995867
4084697644920834382
2612773192951397042
-4390273721334253940
13490464019651707608
-9187749892953996509
-4476248701319050641
-9899320784111504893
-5990003212511166748
2079005692580058699
926608925429735720
8578332629069787065
5928265713850467286
-493262991682902134
-199231935340004777
-6444625251611593438
-2977247526324221337
2385111528589898054
-10202784599774882395
-1296907529671005456
7648259626034789287
12316581378087078451
-6518000044178405975
2327872042661982801
4941497984793765871
-3229147213061936856
-1933557966062142420
1417522482036330509
-475196215223363650
-8967826097897698483
755947821542053221
3140206519197617643
-2545066082121337458
2828057581391482389
14278775831010024404
-13689145648504994043
-5375689753367002184
10233936756766655899
-4897161814771879234
12052484619229911669
9180075234543620298
5350093356402786703
8330139245195291837
4630160771276629929
8350689227514055221
523602317407980699
4763217731963728773
-12274677187661773803
3876015145798065776
3657752749506246059
9331415501522261575
10917240205884192017
2788057946024423339
8036983030374088165
-11407969000670611623
2683254426414474160
1803097511790480317
-1305032014524445465
-5878649536172589703
6733419325097891790
2009656809044142000
-13430749145020122265
-4914261507338774463
16066867222150940065
5879082850036380012
1454991695529355018
10785142711874828846
4595470087935836997
15845614326464331489
11523881404977261955
2669546987566618777
5173516208433574795
1655002639285878023
-5085018571892610650
6489586834951106788
1449080399786257927
3093579161980693212
9481588177837829427
6856916210647481726
1798971853007770548
-8437616876371235260
11455914414217853114
-1450172956400088164
-5700233082087421311
10846981708861824260
8435955504221694243
-7712341183926660301
1542202248891211511
-15373546796011498720
1819242733814973193
-10451824662170377524
