11106967243055710352
-10922909487471369635
4222775064021874861
-400415035085967015
-15265767835266747789
-4286243112260228780
-5394490241602740460
7866481979365233686
-9198242713859296430
12432062704147309062
-1660923977568987074
724460885710221301
3875291574600817826
-5209241411387975511
2081453420440186546
-6066026983784037804
8812609611056201769
9824224997145382983
11527378741063185114
11613110560604657908
-2811805433231938649
-5217603743680470699
-8089919160778910705
-4916757514117747613
-4085560387282304892
6375271785780123563
99011024631594749
5741655040305332561
991199054407510571
-5349353239736382982
9375653230742281483
749065250004798973
-10417269727542901089
14284347582564784957
-9523797406506289209
16545846652329506875
15942440620273351499
10539845570118800639
-3906852636296517221
-11452391362754669723
-2548553089573911103
15608931177345634592
-2637098488449405417
-12706205925818723327
-7920734676879372393
-6472914196211285966
5793204872912942851
3519243435370576278
-660627685021230284
-4107319695332576602
-4823703795910867376
7875188396621058666
-4382525712759745888
-8432846545046275687
-8112653463928832540
-5351896027201452069
-12706209568770271299
-2125435722165844952
2039962680147414779
5577491148111780337
-2393992360219256194
9228751699485933160
-7195339555719203425
7085688482383050893
8772294494062828354
2230616673376108704
-3780423388973038988
-7582574978720887310
-1185818479048465985
2141709223826726385
-1175132804789402699
1209096913853237463
16853004474258811205
1957355429810585785
9405704571296194551
-8961909223239124760
12149064153451620248
2919230978198617748
-3823929920786930837
-2267819345451922994
-9969210004100263764
1349843030794484658
650142448376121853
6448786631454280516
-3529842941580618222
-1735418966657034549
-6589604437404969121
7376749591314365981
5431816717975828750
-240314557579292139
6938006651472185685
8005754655233135147
4708426970517112498
-13721690362751348020
1772662374654519177
1077556143870917853
-14512648836439882097
-13752853343206170142
4115359536869773899
-2881080678970499528
2164171069238450232
3703663555530706958
4182675463390765081
-15407571572410869882
9276965547356192262
10729807458498974005
-4962864514680769297
6386846934355797975
-67576371120209080
3700414566919171006
1915555352228501385
-6412906323657814288
3828042448931634768
13424108408134153958
-275012443430552388
-7050335413434958076
10018689415417531206
3335693136761867987
6690183876684331028
4196483931630704465
-2630218677682962967
989991843126800940
7182539931530289446
-13174607270316756589
-904330398167918622
5266614316178660081
10242661329531349012
-5660298179147851402
-12972928537319581673
-4979621207640844525
3283714005652345139
3181325737197461790
5178797723844827485
5104702373567252245
3465091634691514772
-9879121589594684906
3534618042914348615
5585024976935538610
6458642870260361049
5217505150548209610
5130015277365243958
9611351727880322253
6126051665466942281
12282737764356307809
-15357101276942820084
1908896389423658913
-2852187709248825180
705034045242983575
680375202288130149
5228471311060875299
-1166409761516983124
-13052021123422021308
-12422976214530962748
5579750519583309078
-16146922683260422225
-261377735446634610
14112294278830253155
-6795514648225366601
-8664887869262375009
-4540537762853050174
-9956498018779611958
11589632854872798479
10294982473865036701
5611746724271509667
3579346112467492066
-57698009235076051
-1113362408923206188
-13855850177698927023
5569469681697330585
88626019475505838
988844801057559066
-10206085701730029274
-1744942671771641827
-15770632670332293639
-535131977394671981
-13213075171732582567
-3407790888885671594
10090424823491370579
-10608834390559568831
-7983723942499745046
7831461208656430182
-5173911381689882078
8831652045949064580
-4192115142767132903
17501275098706757784
4935130061631705487
448780371638381404
6640675943506132421
-3613676282713853654
-6198118794545540033
-120116922604135792
-4394379359733011297
-2544284771884623228
378415284490937856
-5552429129641203574
12415875237974580972
7087070085940938709
3128171094862042131
-1274177008298256115
-5093375064219466305
-12233256439359274456
-5654670503754726194
-5265675974734346993
-5110097451698880425
14476798323747792698
7037007276938854386
-11512695297659899112
-15382318366855067999
-16521355776020901023
-598027511085004105
4270138970518161293
-2911581076452682755
6771802402761055538
2002971376931743879
-14320381989934031723
-1255989889159774732
7480878496430033831
7437025684324832380
-8741340060988887533
2524645291916376445
-844532938701335429
7788711284723092043
-6100105845212836634
6998617600561792392
12083810105905866661
4346831475344647748
-17026119659762904662
1107109396377654216
11762951652977637781
-4632323986410017073
13005519537597022604
-13370184180641061833
611612806638509560
-12891622068772633410
6135198974217096060
-175580924816293937
7080512177374302206
3187506178861270689
-5599935719581965224
5125996514057695334
7200083247211155539
1293096703518075805
-3566272301331896997
-1663152279903524470
159843032448530746
14569450863855365260
7540160318609099252
145836204245413882
-17279619203844134068
-6498108885646633779
-6434902252001095803
-6617579857120131540
4201361480338794397
13638128878518000654
15555600668541959974
-13772675406672276651
-8256699890068650299
-8602716815884277086
28728824919717184
-7730896271282509922
11948029175753557237
-3848479162777924158
-7778502159445154904
-11229861252919431378
-3223761720427773940
-14197137983626648427
-9769613457783321509
12716143356452861798
-854057550051398026
-3535392541934677680
6451472735947272586
-12307673022568829346
-11545757340148396653
13259601683503452705
3221664504117649630
-3713696481528015549
4823669479667224624
2912863647795537622
-2151181886590376623
-14915603089299935387
11391021155048036271
2086445819617998704
-17365442070123509605
-201295583642103462
-7007558530608872306
12069150833926525571
7893421891041943762
-9006225946567626636
9815825530473918827
-4395893257471311020
-2448201446301477348
-10405041636874568879
-2536885854855724891
-5427376149716131422
-2161874498015095959
-7936610190284684779
-10677376987268011863
-12969850267474337067
-1859926900124489529
-2602527165127808997
-12455716012334788350
-10911831139991250967
-9990554542272132116
5331351382035604668
-13900706744255898170
9850685842716529316
2372099177632451009
8571063171877931443
-8210571356597547751
9913123896875619565
1027792454162171130
1347786508257547667
-2048100398729389483
-10629370392100280401
-2754868241850513729
-7542625698012155520
7683828810350307359
-155648616502679509
-5774315855706557546
-6063639144163073225
-10299506463390673474
-21451575588893787
-6247407780998808118
-109375817977117679
-10432702512198799948
13599383888212676815
1943014659504414458
-9451031542575592270
8273821385172571380
-9294166733464483925
-5256176417080810032
-7100213344637972078
2519679147071362184
-15219146228766789813
-64466155076052868
6557676190312115615
1697494881034767108
1232772557652343549
5963064645990921091
-3724770932420174328
-4133035552981963043
-1018944296135952026
-2754698197280258612
-5209903199535613055
9852373454218344494
-10294049808934383305
-1795954313441537677
1106808165771675210
10522606220471881457
-5317326221899789093
1506863037525195737
-13455822306903021499
-1166629394274864891
-630301592607230459
10367088707486471972
-1414536556436786436
2805590064435324843
1437536932962488323
-434961177671895333
2997014383173024969
-5125421963490731755
-9264167520825899931
-1257760363362277158
-2217300352262365798
-7769618312268457894
-6010159013718165529
10766792054257853997
9524281910991456652
8480653379644791797
9455821924678126622
-4567754205707860468
-2155329870125830320
-5226478544903511706
3274296394932075553
12456554278051187920
5165579275367724887
6950941447187052302
3985164970661049987
5628757655343330057
-11566186329925828469
13070499352022986589
268878870331267409
-11354435281025876029
9197684792226205137
2689956324891955068
-1927738232520259991
3999899098778347995
11465775400447810850
-14376568548434694318
4817451746071157151
9892119450290083278
-3169758891873259089
-1252071514390933767
-10483613669195428285
5509120835993777840
102958299776211475
10166078768020704908
9623497625292636402
5984268443661846600
-9710799234596390388
1325166450670250891
8339293866404272923
1180416958614558830
-4262233767990724607
-8846622024952981362
-13942675439487545295
5152439807181798952
-1910294902062497915
-8725911230432600183
-17576629691365850
2563288746260412978
4649506076107806965
1899793054578635783
3623898911852706899
-2820431848386690578
7881670898407083560
-4655806086915880928
-6113535058736356612
-13870098937821416473
-4288709366096590098
-542073262224956391
8604420000650728464
9158586685442761485
7899810917412104324
-2003954469199858283
3653789162630823025
13715084805408744755
14200206782618221913
648408007321620442
4945867806597998579
2360926747839421325
1626947430881913377
-7856304227633317849
-1037503343596079014
-13509141356435310781
-10548415482365311880
6661163421542494125
-16028638437913002261
7445407030394949610
146620271130203710
1340605439356347177
-2161774959198566572
-13901116105956279573
203669480139363156
1339299893073065087
-3004422881708810172
-5181838858415585086
9967728620348015379
-11309241445084770869
-2986972549436705009
-943526778538203535
-3952324373844580348
-13688452303421303546
6314113047200095303
-10125959843059580540
-2560264333646004201
5754836209572171761
10556689975455505095
-283946680337248063
-452673118315946905
-783526028917524015
7706808833373598113
-6948935783604229054
-2110955047710749327
-6634093896894663853
2052965578999395668
-9676078883474728886
-3775534805843010214
-2887475738367318446
-4770180149082023113
505678837820714705
12341885017914177289
-2486325236179987132
-1561919834180813951
-301317692815411867
-642579646084333701
-2281532576869216033
-2814037743101112279
4871337509754980116
-4883209725389885736
-13294202149138432328
3464055005962071247
-6753887165013445630
-7100063795612300060
-5364463069928214992
-8299213106285840328
11633279757054794642
-5093659754371864002
-3932963982220247002
-4728664055230526175
1353279057665520061
8656847445332806243
-4792344347799775765
-3168052813856115968
15046494131778797652
-770718032163377449
-5006656212944634233
-3372109165802027495
9846779581967648397
1609113838535281209
-3747599931150795780
-5294514468888412034
-3373301169454303063
-14000287303169721576
3220655989132390162
-11843411482129520178
6773362914075117118
765212469348479088
3441773292878855869
-2535789523572361670
5545576302630820323
