19629527064758136690
23753107445808023326
15809633907307530220
26441045229442048632
24769748431223315152
6026520371940741577
33044709842454964414
19534595651764792218
30270540331467083577
19497487062862074147
12853482693268949164
9872929748216382897
36314023407463063249
14007671770652703309
13619689450904720913
18985225229254544448
9344862563984141782
19502749326269993268
17093323998696408120
13840152809411376282
26506090962604291845
26498423673922511462
20807490148622838409
24121440296241672612
3692486860590631803
15425164712595864927
16811298169433710131
24496176481532416854
30665360989259980631
18857406615789362115
22585735140029862266
27288761790581503647
14416875730465229392
17696787609017682850
28534290676220477047
17258316904591360598
16391092456461176071
7325897236778585172
11663480450468116306
27788277311981065923
13297530293802625433
23867618533653356404
30025026582145429895
26133309981479728907
18410053422555105361
19899001901161835414
18942904406362334492
12814072031838262293
12934623522194129148
20591905563949727435
22872913799164613649
25515166523028240329
19027995317132804570
5073189267855111172
25094938350524459016
11528628212142507292
18120540899249311273
20038107773780125098
16733372174005128713
20790691369655375435
32664418253029064605
29560299469506516442
17954720804099196706
28334209356872075644
7384768023156199567
20952611054215935247
23891973070953872512
9629407982016576368
12810366368924204548
28010420202020679127
17234776117507188814
21919316880747656219
24318389147274718725
7684023651844151101
26492409506511738970
18730887900920711145
18654860804402449022
18805739578118430347
30177039925305180421
21338879069597089011
13022229057273207924
7042504427697733363
18285756346134346888
8034609057402731329
8746841275469379068
31276417832467568992
23707312859332982183
12697792588997468380
14291220680265243778
24836335180209928598
12466403192121326820
25670963404618730296
4102798746578340204
19779218773952777439
18618694569017680567
27532736505234084970
17123296200823418742
21329435817789928583
22729709982706018036
17281954237905184965
2823242740775661793
18051633107380312535
34583525624634840380
23943707010424532311
24620382847832659228
17437792468071221676
20954896219443477881
11486696909327247397
14948409781036442247
10994388200867709768
29294365515197993562
13071813185533457123
19972930222453672740
10513452772761662573
20395878192113307104
19667792425431761654
16832507501826052481
11765092316656551088
15514577858034342636
36078794330363293933
23795380067530812141
19100438048064798656
22585666214695792668
18873092573377572712
17232909630224823474
9404489131545768472
21850816159362212009
21721975893571993452
17205708983691163454
18884504681448335055
11143244054169704579
5936656260361756382
10720242966410714304
30880259339481266602
30398661342878593322
17143842341855604476
29824802135660154830
9684648783908162730
29862566103160449824
23361396991317373773
26996074841950285002
28141202090373832917
17964881129599998180
17808448591668951053
22553223886386844993
10819637156664050004
18394028650346369137
26937675025300936617
26893398553427402796
13423162315285122460
19410714368841760225
7936806614840499463
20700103224694254481
19939891681964572477
17201292029104868643
25794768064858716028
15711277517574457051
11138170535703046937
23454555299710426846
19513956722121702036
33762067712801173839
31360231193590877628
9514163598261307150
15424594339386806289
20225079239890739409
22466885304735753981
15213703427380955678
20104487233638694952
16574523995514106470
9680204133451098671
1885889190337778128
13993741892619429269
5251798413229610694
14483965123201655596
15227095411686863314
12516818499078702838
26580491567627583622
22072527669802588683
26162642644093504396
17443256616470989552
8616002893737423826
23791173392561326200
19128726210568383806
16345670438364727792
25155747798704147663
9814750803143892576
14897305889742540559
20961726659903215397
18270778289021214075
20166980557122328057
13256897419766657081
18278206679534590510
11057501023204848449
34436553015880653349
15851951544707931541
11831932925139164541
21985709138701301936
10198163715881919482
19887958791995777163
22248393738739074802
27590616904206604799
30306077471073027276
15761849117193954794
29380610119979507328
13892489867074842069
19485826784012086407
11228195513015180525
13893672644247123308
13426113753415249651
32669823448239769279
10150142032584794333
19010919013852736167
5463796970700638716
15172882303750635950
15316644462712337028
12805767088240500603
28292491432749741498
22421391218127452160
24562780024610194127
19637045486839528094
1351881946860541237
12559605792521468841
24064093690832149787
6571499664069531997
29087087460323709197
10207761056982462142
27626838023663757041
12376805488155227629
20054844390600665401
9154256468088287087
32946402493015884241
16425238107438301249
16820868782962775669
20065922056314682710
8607512693277796552
28460813379151249561
11933421050144889961
26194111517200933834
19213823930800816697
21820170566185214958
19232898615775897559
10664990109207952729
4407656747287308242
12980973614755249318
17476418886480786556
22003858124682832352
19667022516891179586
16223292320940851546
26245342736591999299
16949365118284144578
25145963771731264844
17334673951806468650
23283867493136684371
17496606726878178819
17995166758966621476
24283491372107505411
18793752662154275918
16615731454659419479
26185371315235742714
15317045700542064224
23559782530753182962
8636534129632430386
14774663037852447110
18820620834881752610
35361117035433346912
20073807965717872026
11747599626270653375
18250398805866980423
25915318514274518594
17275588171675509087
14544719786620253018
14818795201486831837
14014500782462836577
7199876669279920819
15489889529651278759
22159822515994251325
14988393734097531002
16134139042640468397
28781422609687833921
9605240011072381068
14756315062513545140
12743284435697577724
8746479971614056107
9842921528913502870
18904582337279209674
22193893447274598113
15699389291418458584
4750553792314370401
14956845056025433872
18666609552290526998
4224653465482349286
7649106699203731538
17904805796314064744
27089282533905427096
31088136513876616102
19779114054997318364
11707973459789508516
28643808971291969771
10529285117100534410
24605566498230744631
27577355026870148620
19596351258270115281
24046559617213887095
24387457696229490211
18778516187143017314
6460284186304253205
14058508819464853932
21120224857345854246
18342956590828004167
34844567615295326601
23765978506804706316
6883656265984094641
26496578102916400346
15035220812482738124
10793846723189836672
23102428081599157937
12066530169571588096
18618842322656582945
20099512417562442919
20775110864119161886
8571522642370906173
32021573023838770360
15133485881678850521
18594496888834261764
9868329945846169291
22287902482160505020
30213174097490306071
29549105782586595005
18834799597350751493
10231131927988845876
28472655854564853623
19224238083788034753
16473651331118393182
19240589034135122622
33963539584771488102
24995401461347616031
15057041552181897477
9816365272310204181
15384498279627994617
22441513182149179326
11517954646939717603
16118293115215864467
3698212620477576425
14797346994422513724
18625453416720343157
24349354651552367834
27733564815278765984
15468938635989745255
10562381022866612641
28619706040661398319
18164422242358774082
23059705463992633235
16667859738131826070
21705880185273465912
15794689087645839039
5305004103937396957
20996505018316545450
19195037010497840465
14772615886682614841
21741001066676114568
17095221581993742379
19698258186052800303
10552560756390119297
15965192156516686340
18043676743692155983
8443460567392578204
21313939446809751486
30762392640784151399
6576141384208682483
24506802169839601741
27273990517853409617
20990891416591353946
22865475018063687057
14979146049749505739
24802674949036388073
26277550229863024553
13304089693893802452
19830179550141851883
18794599825232052678
19330715226391510632
16062093627029921872
16032065329653033136
8399808736475646654
17331255861156873261
29786397161999902255
7243096838980981928
24319874818021932357
13704874769092791397
24485259478796686151
5514899077008347215
19936710095372262112
7164194126081402043
23828527533321245501
25741810535500652124
17219100598156879188
10608457347856288182
15166484831374711053
17474461718349091841
25308923175255013385
15936237477651453408
8566801744823977341
7912636574325976767
17480046005394158984
15532457349335725831
16149457310367607971
18892434450676129840
25312319177593014310
21746757092980323932
18516985153209953916
6301335206985019347
16388971326713915438
12977241668063123920
17868138991156940956
26382710715063263209
16007111822545201810
24830476800850153439
31231561473685106093
25577027695065204998
6985606459454337865
23461843390678986037
14723479237316727914
4893528908353999142
31047887099966760011
23840778660785389402
19517305508592799539
6918054816766135403
16449347261358487267
6055384372241101160
9532181257552044184
8852390069558975708
25579794821119435705
27936495284420107403
22423545139149726550
20598134805967859980
25384405788848514838
25327759490224868723
30582169700064894070
19487037885889077393
6737030684957477938
33440744926632812758
11682519508458019900
31391711148196386615
16301502296258397072
12460663892713415376
14518803353132352801
23470281111442166523
11827287463217371552
8848994277742865499
13295321368514987222
12468759604034511653
17197894934692533557
7140301337848893407
27290167723728301155
13586762345002652245
20838966634931056209
15500545648245773346
28178078024228445154
5373712101849697940
20782359216112358008
13557403404573467526
28547391363300313899
12257534459200340817
18604636387064644960
22718933145207768227
17787353530084200829
10269638621585501117
30286097641437664790
17685342709870819071
32421655249766642610
33800277705415707307
12226439768278809515
34804242266391840419
26532877904187336825
15155591282843393218
23641166080355614506
15798248212381676293
14780528511095728426
12778533949465976385
12493434390685223938
24420568833512934570
23981039723098405773
7203289207166134713
30555687695634198897
17833119189883103539
15141305774019990261
13755607346737398558
28888329071116632664
18790607994342474645
24592865521733274998
23075379144183915288
13022744640104332306
24478758578619517798
14803727804158985598
22654139181951096002
13914786316614761001
34793452208012648955
23716359728112919218
1796558977734142927
19666140514023384632
31523695875219109230
36217278948126206177
31520959722030038454
20595122736757286521
7266753036832093736
4563666605627700901
15962407737975087719
16062373242584839737
12475937773970334666
14394040136060321915
16756612532817596464
1474496178252159817
