13554258
8347743
15414594
2593525
13327706
13915037
1910619
6160277
11820743
352744
973943
12091753
362118
591849
4764307
5894507
849842
2727454
2915794
4490894
12873654
6980752
15446213
12542557
12006330
35651
14747334
11117554
14741014
14222662
16756545
3466770
5623893
14953809
2437003
11820781
2044430
10551616
14429880
13411225
7794675
4366477
13135816
2274326
2211509
7819439
10592469
4483006
1600709
4510029
10761542
15455913
14415318
13409290
2403562
2932730
14218135
14351451
15479112
14523370
14066393
6803520
2649178
4674111
221613
7724993
794806
13115049
2962677
13132978
12708877
15422130
7138963
4259160
7689706
11894414
14916477
13897712
6251399
475064
4813650
2092466
14393224
15204885
12789151
243277
5569519
4059859
12898815
11992709
2717361
6840433
15391349
879280
12970866
337912
32498
3144245
384733
11330267
15070107
11371158
1663743
724975
905470
4294103
12169864
4439666
6613686
12775365
2794741
5870296
14913647
8134161
540253
432798
1432963
13975087
909545
2700639
16710214
6265719
814001
4136505
2534137
15675758
14123021
3871351
16529939
4039341
4628442
4758157
12511193
4667909
4840159
3794827
634430
14465688
13100977
2440248
4949576
81432
2907350
5579713
3670729
1941846
1847409
11960534
5238760
11462537
7889353
1020656
16486599
14465731
16356202
14802493
12267592
10935696
12544714
369713
4251149
2073201
39504
10968509
4239341
14945789
6878207
14982299
1580986
15227739
14625814
16297648
11183754
13627227
11513413
4459742
7895963
7304201
8070838
797390
15154568
16227720
2109928
14986603
8055771
7937374
14540634
11512902
6612465
12540826
13151293
7180749
13562445
13079093
13547441
2156531
11022278
11137009
2657855
12867125
5792158
14754327
12092288
6840375
3077846
3593911
16354654
787281
15012829
14793712
6420376
11344607
3877954
7968762
2010665
3053007
1860629
10920133
6740891
3577849
3846504
12001463
1773997
7659511
1599210
15015301
1569845
6225039
10809501
4939597
1014338
13479450
7837534
5105235
6127616
10815197
12539498
12874616
16033152
4505523
14617666
12228335
3760747
5858304
13482927
8037928
458615
2822639
13459709
1542017
6419029
2852334
1778655
6333997
2327160
6124095
4962990
3576789
5934018
13360510
15482218
1818474
10806266
7040943
16517722
884146
12673426
12278795
4846424
8076911
4578355
4954822
10556136
2630509
10712786
4942467
16104581
15432607
6512085
6333846
12891210
16032117
16560074
15308010
212414
12394510
5876595
2369493
10714973
2467800
8156237
3938264
10613770
1405888
12655617
7844169
2454383
15383761
6937528
4978543
2028654
7093184
12278877
3478403
6025195
14546047
11335274
6292673
48983
6594550
12628584
5941128
12692598
11288158
996549
4059742
4051080
1817306
5104362
1387206
6817671
15396478
8237034
3777616
7958912
12065349
5566206
7329477
14786522
2645239
7868313
2986065
721362
10794128
16642123
3447749
1889502
10956491
3093879
5988907
6859657
1674843
1913747
11272896
16194544
12860669
4272258
5763507
12555446
14376345
4547543
4795918
7085063
2591557
14201283
14381038
12170090
2034834
4930473
10653875
16432704
12229126
3433648
14237639
6501981
2063194
1045205
339905
807059
1604226
13173939
873095
16760643
16045515
10749327
6654613
10543582
6083130
4787455
2019486
15292266
3052150
16506472
6465194
14348021
2710593
10794433
8218486
3534687
14217350
3057546
2133694
1370641
2636912
130427
1437573
7246230
14672270
430401
12132442
7060673
15402986
12656825
12571563
16483914
13385150
3583432
6574680
15471606
2019374
15236853
4888159
15488712
6018075
6657995
12776887
12652087
1414391
12379534
14275966
4772219
6061240
6327374
15374937
13145026
6660433
368517
10616400
1434033
14676459
3896201
16733421
4948614
5189979
6279209
4721856
16084592
12800498
824003
7790187
1659994
4097856
3968911
16523182
1313715
4742637
1612781
193175
2719302
6788625
5156078
7660688
758966
15130201
13013706
13020653
12832833
14234069
2357069
12914317
4165679
6298561
2545529
16460466
3855994
8326395
70000
3602101
10950533
2715359
6806351
11209218
59925
13208786
12675759
1407867
6022537
14510077
8163014
5684446
781565
2207071
11207743
1535087
2387178
6525341
1618957
11264151
6855389
12006475
3593238
580624
4755539
10591320
5731397
13317278
12520087
6751272
4622290
4657479
4248718
16000466
4005378
196314
16353245
6578581
15242837
12509587
6206449
11087045
13925619
11866305
13316936
8189913
2472680
588889
14749018
725200
5804487
2482409
5769032
965353
4182875
13373808
4300267
14998442
13554421
12925885
193369
7038451
15490608
5975768
16159565
5517753
876758
1626474
15462575
7092103
4159210
8121817
5813865
6914122
8131691
12242998
4204286
10822534
13901739
6819153
2276955
5889595
12857902
12120194
8191903
2555955
2618345
10499718
1842625
12900223
1759051
888728
14063118
14415189
14416538
7845471
13414530
13629077
4585310
1695646
10612635
4960821
1930989
14704774
14582352
14712005
2110094
14387093
11797520
15540673
15262149
3970426
7778706
3714677
15564693
12181743
16228481
5830007
11082741
4054262
5145582
3529922
3501544
5039087
3520139
16535749
4287514
2987591
2840262
14252971
14286697
7178898
11989382
6874846
7779481
16320453
15477982
13089935
6759401
13057231
5539205
10854451
1912479
368695
13331921
1541501
6017363
15478000
5179944
4665793
2947589
13021352
4642182
10857799
12334033
15416272
7971969
4628934
14393823
7289751
11799542
795112
12958903
16420274
11796610
3535437
12658121
130286
1835101
11101808
5715528
12923414
15414838
16447006
5608782
452296
1617861
2322309
3956176
5549310
2185944
16458699
6661289
2334799
4493045
6609823
3127832
5695346
4183440
1496081
12592129
3681734
6517298
4484597
11497880
14021237
1408634
910739
11908245
5563895
1355486
14881802
14320890
8185561
2633785
1942918
6198973
2941873
12702555
8034303
13896587
14640637
791619
12505984
101814
16062976
5169855
586832
7176209
14113847
2551281
7823709
4693111
11501008
7645915
12840400
4522077
13021947
4557937
6128079
15717718
2193329
5008497
11858064
8384473
5545479
11205827
12369843
13590023
14183096
1811322
11297144
16165842
2593603
4030062
4890499
1684437
12679875
202125
7879551
6787062
7320193
15512966
12683225
14095311
14260958
7693719
586867
15064753
16358601
6782919
11080813
6730173
953536
12771165
3782065
986818
1414549
15279822
7788440
16475999
5059611
3468760
3062643
6481537
14919279
10543990
11877886
3059019
12496978
2339741
16102922
12006739
11820029
10577909
15225902
4827870
15465512
12692504
12384965
6646638
1488856
8234632
11872946
14705704
3648405
2225007
13398070
15542888
6761328
11866014
14716881
3581262
16768010
7637713
4756369
11108917
6850118
6273561
7865
12808587
4101065
7933565
5771378
15633843
15368744
12100328
6752945
4687469
4273840
12427290
16004562
5037901
4062261
5711555
1679705
3714566
11370168
3931015
1674702
14157712
4957763
14489311
7789662
11081449
14748341
7933318
2197320
4514551
12552874
7614681
7983554
761393
5629406
5207159
1653762
15237455
3751043
11206505
2227887
5943237
16155719
5958657
453496
1897599
7274359
16031666
1871431
7803521
865704
14782593
4676718
4301146
2538525
4200395
16115635
2688722
11395576
14384021
3466937
2209680
16114267
4498488
648024
1475703
10708099
1667609
2449774
2911230
6413563
1352339
16068102
7988267
12070230
2328209
15668718
5061754
16051761
11015176
12508526
16752045
2380688
1777853
16482866
500691
7633416
1956883
13579981
16329667
5610090
16323499
16495738
4580958
1575453
11051843
7970841
11228656
12331600
14691178
14537098
129000
3049453
15576701
2282750
1827274
4549581
4103552
15395957
14712211
1564595
5597854
13236811
2546826
14408222
5614426
5072070
14681999
16344520
4043073
14931281
16351230
4583615
1679553
14726615
5613210
7253231
7939281
12350299
10488952
8352401
4561773
2264790
453657
5234571
2808445
15178601
5222329
7316109
2941566
16350186
12413534
12445353
11359056
9819
4723895
5611670
3420138
6202518
14191227
3509176
4437190
16497561
16515285
4749261
16509515
13606534
16314311
7026611
16223934
3881808
14168145
16175535
7857294
10581755
14672085
12823056
14520682
15233517
14639285
16381080
16053289
6943121
4941214
7208424
8323918
2380269
12957303
14810800
11822598
2166770
368205
13292254
2812791
2351693
4263407
12101079
13170010
4978609
14447435
5815024
13334382
14871987
226669
3744349
16096157
5048843
11484072
4695985
3974837
2988784
15709907
800760
6930347
2093419
14258819
4676632
331720
4500959
2042763
2956401
11198467
2052224
11476024
3865933
12020622
1939975
16551855
11315049
7079557
8041131
5815624
12034690
7301066
10784688
6607595
14098323
14190021
2553070
1038857
16688798
12324014
13319173
7904174
12494333
12707337
16080474
3135465
783368
14639106
4447954
6750733
8090602
15700562
5111703
4424147
2332669
1315785
16489521
7631805
3431146
13942187
3536366
7901648
16636625
2878847
15509049
12169081
5054104
6138430
13601321
14592850
6808214
14899888
14135163
8306233
13105869
12402673
11448414
14222975
1359413
6747153
220016
1021657
13134723
13567312
13698
13614461
16016413
12031704
124490
1587011
2838863
179919
7049789
10577840
2571650
12296070
12606471
14512327
5759577
975279
16755702
4947701
6004555
10815325
208301
4461046
6296799
2407291
16050793
11300160
13963416
5837755
4544494
4763471
13469627
1495758
16717707
2072642
3463893
6470705
11510766
15506282
4889411
1748125
892787
8367338
4217489
6925873
2809666
5759538
4290389
7898553
4391998
887443
13972379
13422706
14640782
12951430
15638592
14752576
12752723
5749786
7966529
900049
15049929
7708808
2483355
11965880
14872120
16754173
5508329
11496631
16625003
12752616
2044874
244911
532415
2883222
12575611
28120
13300338
5698050
15491976
3052767
11091341
8189827
10941597
14188654
10971658
2722480
1346175
12089051
1869446
16559505
2104223
690110
6630093
8238271
16776237
7100295
12791248
15184335
848495
12485958
16686523
7007859
6354871
6798527
1037755
3695631
15246857
64515
2032379
587485
12954537
2070494
5153797
11230683
2125810
4218991
16343945
15413497
7251587
5791225
16542807
14257591
12853248
12521714
5069997
14890737
12968605
10935325
4030597
16330776
6777965
1792862
14648727
1828247
16035837
13361680
12399703
12148694
14622454
4152734
10968490
1893806
14658975
98306
5995578
1927807
11366379
1388734
6565965
265079
2473342
7013584
777065
16017090
2144798
267905
6919279
15139927
8087279
6787257
1696817
13490109
729239
6918170
879553
250886
733901
7821001
7855600
466255
1347094
12903381
6814416
994307
621555
3522251
13936557
16423447
7910617
6051393
12391513
5877841
4529391
2720794
16582514
3585543
15398009
2487519
11333145
4396250
2993554
2684377
175866
5722265
4791346
3607246
351425
2143571
15547920
290525
6487043
16524127
3439182
1841104
11045424
5694906
2272491
14593589
6911110
8334530
6153106
5979461
13373401
16529999
10843121
7172945
14903875
5566086
4553846
7683159
14179054
13272942
12287208
12791631
7100155
16547927
13964800
5028545
6987606
6352058
4923753
12025392
2296747
16326587
14808497
2889394
7061458
4236894
3926609
2628976
3957808
736696
14999877
7202114
10840733
16756944
11271917
2997635
7994702
12931589
6156529
2614677
7174825
10708630
12119439
14755457
5580439
1512273
2309608
11105881
12510737
13414768
3109365
15407706
5079001
13185459
14783359
4545349
12414296
5812104
1335946
10815381
14492854
15587863
5809798
905323
6381033
15533107
12345043
6092703
13967454
7674512
7931725
5022534
233665
15207416
11998536
16158255
12102397
1817553
6554945
4971528
16614751
3453791
15168209
15443835
5858333
2986869
5019031
5680191
10944202
257611
4898771
2679497
16625559
6890567
4762261
605072
14201413
2023947
3439185
2651023
15671197
13542942
10806633
15429520
6251064
5624786
12101194
14811026
3116431
12082142
15166001
2206837
12950083
1676181
11134057
7073373
2268760
11138710
7034363
2983341
14270040
10739933
8152149
3957800
4323163
16183451
4726399
13535797
6372937
5747242
13622271
5836206
12947161
11288465
8380906
5894136
12579899
6667383
459603
3430249
6930137
1547961
8106999
12837226
10919303
3571871
2160344
7642439
2816915
15687390
13471735
2482090
5517294
854583
4205097
15535814
15379602
12051837
12711037
2716232
844179
7607502
15311413
15176727
15599
2657782
3992536
1031280
11493495
12360330
1916398
5729857
3595422
8195485
7636159
1763008
13942747
16588440
4764114
6225530
368131
30431
11445945
986645
3794587
14648489
16625867
5083054
14857819
578125
10747335
4134463
2089424
15148784
11822504
11507120
12518110
6233310
6303824
1963414
13970163
5974918
4281178
6728194
12051115
14722159
12521423
7925779
1892305
12682939
7020393
7279555
12038303
2845307
6749589
16060859
2122698
2374338
7968383
13400942
12264984
14883381
13577931
12628733
12617407
4624386
6458736
1877469
13362255
13413109
5036907
1850353
2144793
5517355
12184091
5853873
2490266
503915
2911864
5043358
1671689
8180573
2043843
6340523
10515627
11377366
15226448
10529457
12294082
12049658
16702936
16198319
3582917
6135806
12232578
12426630
12353038
16771051
4759743
15246288
206007
11971511
5931760
3642440
11828310
2460879
12326430
797505
891761
12041871
4820922
6090581
5023475
6090442
11332979
630406
8295867
4381719
3117719
13215040
2815037
4838531
10591945
14770835
14231390
8056333
12022169
875227
14395905
12587649
13330169
5224320
2292366
13339521
2917976
8115
6844305
10968271
1039301
16260523
12375366
343687
6111135
438238
6527506
13972355
16431849
426434
1924456
13894342
363359
12656961
11136749
4198062
5939625
2200430
15660248
3899736
916882
7978481
6256184
1485722
8175553
14620357
2431666
7308399
12410839
11314365
2993487
1668026
16608173
8053709
15990914
7931480
1574859
11494920
13280650
8338973
14913448
2621435
6417050
15640384
11034994
10487248
8321941
14657094
15555726
2361874
16586198
629754
11119518
3714224
2688497
13956689
11022000
4142918
14735037
730037
1577045
15577131
14614259
4288726
13393813
913622
7300725
6482911
15446704
15168717
5059949
10497153
11391479
5173830
2460697
889470
6264181
5999547
15200173
2798216
6253297
16572049
7942573
7865781
14648022
15693464
15179694
15400907
14637702
8240854
16710539
12092253
12540766
7050263
8295627
1025650
12263517
6893104
12629235
4232139
4830137
6661688
2395199
12424149
16228371
3449199
6333401
1438193
747141
6156305
7650838
4643456
875442
275089
2977265
2122463
12521552
13538473
10530282
13205971
4482179
4751066
4224657
283009
15645433
582673
15477417
11340313
2204800
12791702
2168413
3448138
3690986
8029765
3005631
13575337
12545150
3701872
11452266
2004887
387786
4955578
6777344
11808698
7714221
7208016
3698137
16572157
1748311
361867
7036766
1680446
10990158
973341
1510969
6806974
4726286
1379912
16372942
15070071
1364013
5221891
14937803
7164424
16281290
759016
13031367
8344129
2119373
8029629
16604200
13608849
3435415
8115206
1748498
10874038
16243797
14401149
11300168
3475375
11369065
2206922
7002792
11863091
4551048
12706906
13284979
2681782
13033064
12080893
15261330
7640526
7198040
7902957
2816664
5886963
13899201
2101599
2014871
3136885
5633039
7122363
12253912
4190971
5857176
15144505
4448489
13161794
5084862
7081467
1313320
5109306
643409
5509451
4032027
14990578
2713105
8247153
16311707
6269451
12079695
4687390
15440568
12406787
16077645
7275059
4134294
2733141
2397266
10584394
4839038
2799179
2560659
12420027
15067777
7701150
4141458
16548574
2986384
13436273
2564623
843646
15150224
11345873
14374513
1411971
6124975
5544911
13231519
15493071
323129
8371328
16340363
14440080
14760808
14179378
2590139
236377
12161875
2891697
11349418
8048710
14057912
5603688
2891969
5804223
16449927
16324351
2675728
4918272
16592984
14619526
4423191
7102078
12527105
1413101
11104854
12124366
6632834
4686533
4205591
13040978
1581950
1938887
11367416
5764561
12395601
177610
15572866
12943071
767430
11318806
7989200
5169749
7023287
5155373
4730109
1676843
11185666
15435691
8057930
2687046
12178307
16283200
16438008
2085224
2101125
3662785
13546490
12052202
8131207
1766582
16713629
5709288
578582
5183345
10763099
8131992
2597184
14595690
12776151
2044144
1611405
5628974
3743685
12297789
12670206
305095
14692795
16708787
15543193
15547120
6352201
1441426
10616497
8229629
15171031
6362551
556979
3665233
12402286
6116976
13898483
15522703
14717067
5895663
223953
7187057
12297885
11055234
3761503
2637549
10589392
6777979
610935
13339609
12264637
11878001
13457259
3874491
2454475
11019822
7820441
2045079
11317466
8330058
7322461
15991198
7699694
6608793
1830238
12792536
13294925
7242631
16057855
1785431
15065935
11089263
6302463
4058755
13292223
60114
3598258
3608159
6417566
1926378
2926536
13497977
15563753
1925293
16742978
11378009
209074
6901946
2717247
3764165
3924921
5701787
12021814
8135088
6584273
7790090
861643
11907725
12137362
4110079
15701656
764840
12770966
1848306
6483867
10675290
1877469
12965078
6921112
3974554
12539753
14883715
4482271
6536314
2297422
1334258
1011575
4755408
6741129
13622302
2628474
14523445
2139383
15504365
6578937
12394749
14977973
7771605
4029531
12584082
254146
13954177
10777421
6143470
3711645
5675742
12229490
825320
10835342
1940807
14353599
851133
14487464
718553
12411123
6512325
6305707
14753736
10744011
2399475
1432927
12409482
13587323
5009854
3898863
12033886
5893302
16747653
14019784
532637
5869888
14114166
3595799
12231687
3774104
11305709
14696179
2333655
13151303
15704624
11523758
15425706
10616350
5862979
12079249
4364920
16175824
11808309
