4267027
13957995
4743658
3682938
5934215
12951373
14945427
2435734
4010584
15380189
4096711
5584243
12805254
12319577
15427393
7968409
14209194
12183442
8131521
2160082
13186974
692613
3768859
10795981
15662131
14385614
8198786
8043024
6087379
1480382
2617930
915327
14779305
16088746
4166805
752458
11853905
700599
11890221
5551338
15708853
5734270
10726867
6364351
16068933
3145072
3946192
3702598
2964397
12621738
4679317
8189686
12594859
13405781
16024247
13057043
6382943
7663313
10686901
8379739
14672579
2109177
12367583
11910846
7167451
13217117
2135763
15458877
12446957
13536720
480136
13602285
12905147
2557465
725547
12423537
7650117
4045698
14480862
2616910
12841617
15282198
6905968
11507146
16311983
15170911
5509361
5871277
12788807
3467130
8236666
2425014
1581189
16255825
13427214
13326262
12685697
60858
7279622
14755497
5011082
3746459
1832897
7721102
1768182
14233781
4421496
3412469
11891803
16748186
12940008
2831494
305014
3436983
16253627
3717993
991810
15303154
6053631
2487757
6368697
6903365
15154600
5104019
5507
4659136
13141546
6529543
16351117
8073310
4887753
15405939
12130171
4059190
12349135
14220190
2526787
3445960
7856720
11889917
6528616
4405103
14876561
1352899
12401485
7904765
2372611
2118750
6395605
7242319
5714385
8327120
13305543
16760350
8134288
14710485
11798142
12791667
4839163
3945202
11227147
2960763
4275213
7171013
13234054
5755968
3963880
6826867
3925560
2307441
15446698
6913687
905239
13535770
13280850
4218986
3614704
5875455
4483994
12313671
14944968
3004272
14204872
5559241
113362
11899856
11140680
11281294
2724061
10952003
4378680
7623744
7184285
15041114
4386882
3928671
12852136
5594867
1867502
4953018
12838539
5533038
15992301
5758121
14963179
1767158
3740493
13984785
14969406
14209085
16178935
2728625
16429107
12833419
716523
10983960
16470600
13043179
11993630
1570664
10976633
5813905
6476283
12869883
717706
12161920
610838
15547606
11196146
13342411
909416
3120985
3619791
3499459
2589843
5893189
12260431
13320129
3642249
7680080
11981195
5109275
12518760
2128506
2561066
3010489
16426718
7151262
4273523
2449847
10546570
15670837
3137536
2322141
14954352
15013359
12053406
11310613
16315534
12925679
455704
5020671
617197
2307053
1888327
3614718
4537027
2020015
4968689
2011839
3859192
13019128
7285427
14802099
7329193
11240694
7304001
10925975
6659542
10968178
15197373
4752301
7023833
4437339
12099066
14143729
12527473
15063552
265424
11276287
7263943
15466667
7144384
2011255
8152709
4493202
2395032
2584235
12890570
3937282
15429003
15161233
16251840
195546
6848178
13474887
2470741
2965082
2153614
15185151
6490816
782339
10821749
647754
10747023
14123690
4046027
16156106
16378837
2061267
6729280
15553950
15667333
13034898
486623
3006336
5176451
16212470
2009711
7338923
16226870
794048
12322248
13169034
2347890
15520818
11905777
11818453
4163262
13962825
2480838
16167888
13905755
795786
7021661
15312026
6548151
15145534
6116814
4398593
11242557
472110
8040966
109533
446899
1441607
11890934
11340431
2996829
16097672
15585424
2732937
2677808
15527352
7010243
15466958
6098473
11884250
3783595
7022270
10859757
16225937
10802575
14496137
1561747
11963039
1666398
12226153
2426473
2532543
12816600
16478725
1601874
11384568
6315733
2860027
6889921
11886278
7823945
12001721
4666942
6887106
2929493
393114
2997645
13417983
15301702
6124984
16452717
7672717
3461810
7262632
2655261
38736
13012623
14802600
16458163
12645608
15169451
14687893
6750071
11989453
16032778
2818899
14250538
631247
1353402
6550719
807945
5810777
3863730
5762986
12807208
7011843
11824819
2430417
13591683
4824255
454486
6914744
10684058
16703983
734854
16528629
5682240
14461971
1004478
10550248
13442698
5726197
5575813
1626256
1323057
12806769
7283395
6225344
7288001
1040917
12574017
7803927
14094722
223041
14609818
5075496
12849783
15639999
2414130
876015
16063199
16753178
6787136
1516467
8037807
12127735
12154183
16523373
3091447
6731077
11239818
8125113
1481462
4054761
12678062
6254151
4945136
12357571
11203248
13393018
14908232
11075713
3480566
15042449
459240
8092824
12431507
14385792
6563162
6501358
1584133
13118534
5092090
2421840
91344
14396938
8228053
16195450
11901506
10593462
4125933
41799
13545018
14808264
3729961
11965533
7897426
6618695
3772027
4464880
13160794
5561489
2070141
4455263
1586064
12554823
5738011
6773975
13296249
16755330
15017558
3096241
2636342
3127930
12554896
6554626
5586811
5733302
2824719
7051177
11893457
14867533
16104077
2339469
15536459
1409721
5578393
2962317
12235439
13318835
13137350
15727753
522222
3517435
6033469
6379178
4319871
7143646
11198888
4910581
1862344
7643733
15260790
3756797
15702930
4264637
6618511
16767623
8043891
15281581
10990073
12145533
14368216
14882776
12909166
694145
14066325
16006470
4099906
7077357
1617601
12113462
14280066
5793240
170871
15209554
12119408
11207121
3515455
6089631
7106545
5072507
13099215
744453
16682194
4690094
3895993
4744705
3855853
7773885
13627722
2724447
4927497
4662875
12121566
3518135
16067597
7892295
11229130
2556357
13312517
4894239
15210381
6316165
13466549
11228158
14060432
2059798
11994622
11988015
7107048
2417291
4905627
12056302
16734827
10853562
16081608
5973361
5079931
15302147
4758911
11137357
3849330
12608598
13085517
6562030
6880901
13897801
2264389
6055642
15468205
4188842
12777990
6521375
16081299
15273709
2878637
13098670
6869165
692342
5053469
2703311
12265013
8228464
14276439
14990344
7636413
4912814
1646109
12127914
6677447
2028759
6815985
177345
11909114
651137
748177
13022353
12674415
12113585
7279232
8138234
13016938
5512646
637930
11025329
1777136
6646968
10490774
2057927
13431824
16115032
1597075
5971097
4935814
4746775
6372493
11352723
60021
12426638
8168377
11269288
10517318
12255286
3935809
1633611
13149431
2919025
6910035
453263
10751439
12103058
16100907
8099456
562872
16005070
12288174
1834934
10519679
15003034
11476535
1352121
4239999
492242
10812778
14418896
10977808
8385203
14974910
13331442
14388306
12499983
15237102
6668102
13370827
2367114
13160973
5533400
8127026
6850495
12775144
2565240
16258589
1697735
11470832
626778
12937773
217247
4476973
12116491
15638377
12409726
14971930
13565129
13539200
4746750
11889658
16018777
14183114
3518814
10783401
12410058
1597873
10654811
2379782
12393029
7634073
7769104
4033536
2026186
5755598
1036349
4292859
3665647
6353623
12784779
12226075
7311327
6519857
1010301
16187997
12286485
7855199
8382159
434602
989099
16449757
2536374
6377878
6201411
14144451
11481982
15151055
1348574
1881618
8208286
16062081
4775047
13405339
14852624
15523285
6217808
5188422
14545554
14018192
975896
10550494
2536443
1932211
1954425
8185174
2460378
2724542
14103959
16170182
482704
2995317
895493
10936766
8228400
6398394
10658114
29320
2396041
7724399
14767189
12059510
4526410
784015
1439355
15569864
10650837
7677125
14381181
12680249
11801653
2931958
16111603
14000309
6645255
4449201
11508297
11000563
11853663
12685336
1528326
4791856
630352
6782006
3586039
12230287
14431057
7889962
6784335
7726723
2036181
13196473
2431861
1613951
6285994
4629151
8315119
2534007
190081
8120158
5184907
3855088
15264787
7120443
2813183
11016152
2462149
6606954
2035803
2746941
815575
7831775
4305985
5184729
4448821
14442011
13929590
10579483
4038071
11898603
14426992
4756461
13207386
4940498
59909
5836673
748279
15334920
14165184
3997207
7001733
1507405
16088561
8337055
14080863
13559671
6817515
13489853
4812225
4823005
11320131
11809792
6782296
12819178
3070930
15264809
12395715
15428722
2831855
10698481
14065176
11215222
13576126
5955565
10599833
14846870
3105919
15010558
1750382
14934253
2907738
15034010
14150723
12353041
1007303
7728598
1627072
7113336
1749896
717182
12783765
1432497
14017489
257119
819698
13558592
6550719
15066193
349258
2452344
6231488
5549251
2348752
4512323
16286257
4962944
12639803
12854000
6325435
12071135
5839745
15052912
12820904
15541390
12598277
15052479
5956557
14611410
15416974
15121406
6720338
6925891
11951
229993
16425537
4930377
11990018
16618205
13230330
853469
2991665
3054722
1043512
14655337
16682729
16716637
11524767
14640193
10511255
7671785
15273669
638488
16241493
1016711
3679227
16614266
12054191
3781591
7859310
13296723
15576730
2478649
4643499
4239377
8218527
5879301
13917040
2004153
6227665
3473478
16331255
6154207
854582
13908990
11499127
12587352
3848134
16449455
16545387
4825470
10848949
5513090
6369817
13483859
7976080
16594602
2975616
3576923
16585819
6660304
5776710
1866815
7267909
5616775
16461864
4037979
13461486
2559158
7963770
6292024
8034999
6012631
13342441
2548568
1597173
13932530
4957403
11838547
12303690
4989146
6230893
13559227
1628046
7971411
8298710
7913366
12828355
487765
4185618
6598505
16741069
327762
12222483
4452816
7627497
2788735
11382336
6021226
13054877
4009489
4439896
6053551
5103186
7925418
16037211
5071359
3921800
13374709
341200
5878229
5674066
14439413
2433118
6681495
10980693
7697077
6497309
16738968
7933291
6269784
7663658
5942314
14332072
1999927
7185243
10939081
456641
4531826
2262939
8381535
6023091
1358419
16706589
16589022
3576665
12951705
1964997
13413609
16580594
7171963
7155335
5856119
2629053
5947314
5214189
6655002
910929
14589953
11985646
6005770
2997267
13107726
2786163
4006926
4797810
7179880
16163063
12850299
15443394
722753
3694742
2983829
14233080
5964171
2467837
15368637
5955538
7679550
1640127
2915905
8370781
1602135
6295622
11031889
4100535
5703232
429019
13905845
3081465
14799501
2095035
13286381
16235402
7054011
12807814
14807594
695225
5603263
5624442
963781
13185527
636051
14846923
13435034
4382169
499153
6514107
175002
2928846
41642
12094207
2825406
15520706
11185675
1500265
3437270
11364870
15994609
5969657
2129779
16091834
15020367
10721901
11833535
14685578
6034055
14593351
16560791
10945007
14090447
4423769
4127664
13591536
12509624
2193992
7335082
4978015
2978650
2685480
4937179
11237267
4144834
2296426
10566751
11097515
14058315
956350
8031991
13318774
16561984
1936279
7699658
16348243
8121711
6207381
15374201
1947035
3695169
16440005
13982714
25585
5577939
10751128
12152775
4790837
4287915
4992031
7072987
6731737
11099719
10564677
10947152
16211098
16770443
15218106
553001
5938102
4622211
6523760
12753457
7773546
7716810
23087
11993071
744064
12160006
14417602
16380894
11005264
3834230
12113744
16089746
15693378
968
4530734
2155137
10654855
13114294
8353488
14538110
610410
5213075
10738247
15998082
16346181
14433223
11871878
3679861
2911151
7932825
7809982
6722107
3709814
14662863
15148791
8152565
6749591
12620611
12578954
3077255
6779880
16727046
16221170
650560
1666235
11246325
4420022
1670784
4561771
6721933
12344194
6577330
5690870
6364145
2033520
7020527
6012359
13154998
5061567
13563221
7725656
6268567
6746162
10912239
654359
12865995
1651574
6073351
12783981
1909119
2033494
16381311
13606832
916105
15405943
16274505
1578355
16254959
2659311
7156862
14282943
4682639
4725909
6328253
16417459
13987667
15184759
15411800
7910535
7931857
11202482
14542280
10681936
13319790
11301205
8319471
1743382
3116233
3770030
3572310
11202706
12944784
16099262
5562866
12956777
11493319
14393195
7665622
15544415
774680
16024671
4283021
8371781
15150072
8151279
12954227
4795542
11284503
11469530
4033679
13547386
15015887
2881090
16682119
6476302
1962367
3077111
15545358
7316566
2634419
3583377
2694569
4411953
3876413
14909587
954046
15140255
6399194
12607544
3994229
12090622
16235145
4545605
1782760
7631374
5766022
7296845
12800729
5702082
127037
8354491
3962616
2073413
7640501
2102714
12778569
11305493
10510490
16061498
13042547
6858741
10878477
3945338
16253000
299382
15709738
3530123
12949231
2577742
4972701
14656333
7035786
5823698
16481090
12259793
8032257
1011894
2733270
7013909
13359793
11211248
10665561
12871096
10540942
1044843
16712013
4767368
15264442
6755793
7335671
10746715
8138165
11313278
3892793
15673338
7941680
1618422
3445583
5226365
2601344
2610776
2264769
15445215
5964866
8126474
12709209
565935
4451654
4390809
12529617
1856446
8346232
8330385
2053149
5046777
14776957
15577944
11370430
15458322
1538705
5750730
3776070
1770361
14324110
16321677
4641691
2336749
15494674
14905394
6912838
7803727
13963259
16756650
12588025
14093981
1376896
5094361
2155944
16541624
6371867
7316910
489409
11477555
16417488
209223
332969
10987251
12360886
5070350
14389176
3967929
15050486
16292419
12415898
13331521
3648217
7113975
6843905
11300342
11371635
2697921
451502
15433618
15134387
13017627
4627071
5934298
13144627
6926385
12677375
11496314
2433729
698287
357898
15392305
15274322
15369411
4105605
15564766
4253550
2325694
12016605
547931
15720021
13365075
258137
6489625
12234622
6483881
4842129
1828530
15334009
10598009
13123432
14157768
12808426
6871593
2977977
3716178
2994769
827642
11462607
1833984
10791919
6370490
16563779
13134973
13972343
1642173
10871639
16078842
982579
10792125
13350726
4744904
13985370
12065754
6021128
2284491
6149743
8128411
1843185
7704539
5871322
4550786
3595318
482685
6226051
2647665
4636355
2035561
14674802
5530102
6913215
3790581
2878024
14688975
12710080
7138754
14844291
7636950
11336814
13999744
15536490
6927049
16452167
7875533
778637
12066637
14859598
7870429
4904902
16592735
14801992
10548269
14253639
449429
13981577
4415634
12030509
16215150
6555273
16537592
2194951
6678362
14167963
12942899
3834584
1410640
8356081
11883369
7705217
3485827
14990407
6624813
6280846
3957978
1484718
6616279
14505003
72587
4160127
12361880
3504086
11336847
2980744
6354097
14333096
4265901
15036542
2827824
15019135
7922822
10744754
11975775
128749
8134871
6214585
516783
1928793
1372098
11234031
11824262
5698374
4951496
747159
10690585
11211589
13954649
3867626
15318480
11014103
6387325
5703232
5004369
14773658
7119758
15314639
4033741
5006867
5027717
4023942
6334393
4380231
5147759
6074824
11189177
7315880
3989115
13574289
14224856
13896515
5780170
1354368
8369803
5021359
7184424
907991
5988797
11359174
12020737
14340525
7054078
7189365
7106170
6414416
16609823
11091671
15311822
12631274
16581710
13479481
11180009
15472370
13144073
2138681
15523064
16104568
14971826
15688203
4563704
12496384
7691152
10976205
10757269
3082806
5762432
6041601
14382025
13926319
12311736
12867583
3956432
16278351
12282456
14922115
7254473
6254256
2563777
6552576
3456568
14202205
14193338
3461992
11113106
12673962
1353118
6653514
11277674
11183120
16584240
1791990
4523007
15046653
13352083
3945672
11441902
12420623
4280829
7993032
11867074
2875742
4096218
3636442
15412912
2696137
13908493
12097042
4833217
11493864
10656954
11248335
16159322
8171216
13500050
8335315
3692120
6732845
4776438
11448960
3063386
7112206
13380950
3489269
11046997
4960688
4512410
1367161
6982646
2894849
1758253
6058373
5516827
13546183
12112362
12333145
15056528
11963963
15576925
14427991
13957007
15269875
16288829
8298566
11437072
2571293
5530554
11365816
6307019
8208113
98880
15380815
6378510
16333417
2812550
4052335
198646
273613
4937064
5712631
4223505
4006210
3502913
12400590
3057139
8196159
2031281
37003
13274073
15666752
532918
5067517
11456857
11055343
10509782
2675721
2372174
5509750
1618947
11232192
703927
12610699
11874771
14131067
844313
14741625
15172846
306269
14102014
7898690
5591623
7831157
3013851
13561325
2890834
13163434
15314776
5760526
10746968
7181419
6088242
16561406
2589551
7701367
16158093
4157643
392219
12047833
12873913
3674778
6313077
11173960
37824
4925386
12162626
14362133
15047635
13329592
14776211
4290376
12352984
10720309
2567535
2959353
15697410
11395097
12348475
7336533
6946705
12252294
13366925
11363330
15558333
10658418
5570603
15166185
5671816
14777393
5828561
12262642
6027145
14197640
6223529
4882922
12132335
14447226
4138382
6025608
6223819
12032725
15011185
10932766
7267827
6513990
6044264
2961750
11906137
13970430
13613993
10938178
5221297
1514419
14377193
1021659
3407957
2413816
715386
2139039
470401
7879687
16719543
13231951
3083286
3895451
3800407
1774590
3507280
7135803
3121559
4269739
7275550
16595797
1619442
3489641
3469430
12849478
2841745
14153469
5699287
12159830
7289533
1966029
7986549
10875637
5539369
13568566
10698049
12097242
13483871
10822086
2178286
5893616
2401646
6099033
16334233
14782355
8104882
5811550
4013034
15565786
14696062
2883267
4039803
2487170
1674766
12588682
1654509
3614683
10614103
12934259
5674971
13925592
15261587
15477814
16264839
14475000
3444351
2830007
826094
14931423
7626683
15010474
4365000
494648
3501432
13161534
15174343
5738304
11201369
25043
15578329
7053953
11466688
5836799
15020119
7295624
10562383
1350786
5845165
12541975
15148869
6481470
2456135
4542846
3869279
2415638
1311337
3118038
4227126
812738
4018735
8222589
12767448
10661010
11108862
3637058
1791510
16645829
4399683
5014230
1823745
13905795
1374743
5198711
13088144
15578025
3749785
15000498
4513019
10787560
14784088
1013704
4018346
16190672
6273934
13600197
14984059
11120267
1574547
6942847
2749974
5217366
10972765
13109070
7667798
7099839
166993
14482261
846447
8041799
221161
15500726
14257816
3597367
6993298
13482647
4366901
16507825
4787077
13140866
962635
12413955
5976658
7965822
14101453
16418001
13991641
847691
332888
5951683
13542639
2288319
12621054
12625050
8306256
7015290
13345271
11108992
15186841
4217879
7692335
7034602
14531664
876491
