14015434
15474718
15515496
5177006
6305118
13114429
16233514
13155528
2865095
2624489
15576127
105325
688207
3502039
2642243
13206059
6296683
11874830
6006152
502443
7904581
594879
15152448
2581634
7179584
14758742
16351409
4921978
16505437
8137935
16111277
7118411
13418359
2076823
7204893
12511767
12934219
14872985
14409930
15259355
16560823
1843965
3757203
11075394
13374152
14749661
10509017
3836593
14951630
15374154
16027703
14063288
7869555
10653527
15543761
16228594
12531391
16639310
3761901
13185023
12379266
16006479
10723974
14455946
6509170
7069123
6023923
16587719
12146601
623519
1403926
3011722
5552857
6037002
16022495
822864
2204143
3479168
386675
12432984
7142208
14417285
1483689
16508368
1671115
7050221
1835338
3649664
1736846
14156945
1999552
8367319
13044968
711199
12397751
14769214
8059777
6488663
95835
12092984
3473045
16086126
16003401
4189662
2983792
1817946
4101657
5538526
1314395
11522118
7066813
3638769
2553670
3047888
12161536
860603
2702793
1411786
6379383
14398402
11924563
10747258
11379080
16321923
16203314
6680154
12226487
16214926
6766151
13089409
12750687
11247197
2157293
3707002
7077209
13365103
6229611
876073
11854837
5509808
6213632
3992394
3731385
15051792
8084995
14925545
16166103
15032394
14590011
1396802
208462
5090505
10804598
6557177
6317253
16688789
1904529
11996273
2166663
10941072
12386680
12677327
12759638
3105098
5995534
11070840
7083761
2277315
12612089
1548959
8354941
6200776
4985466
15690879
3478451
11078337
13306520
10988702
1573115
259521
11021933
910737
13030470
14335309
13456434
1578235
12572376
2643466
4301046
3956703
13168818
15013726
6140266
3063453
4129753
13426877
3666007
11391447
8067961
7918169
16584777
12131021
16625990
4920045
6459282
2888907
7087731
7893442
12149726
2400071
14401499
7060333
1872858
15371665
2369519
3729927
783727
12710777
4027968
290749
15476142
13014074
14748226
6916766
13350322
6989465
16573149
14099699
14450322
1479517
12070358
2194647
2609910
11140016
16593149
11282398
1838430
7804365
885905
6153025
437395
6921337
533570
3953110
126143
15250461
504008
4914897
13960799
11048026
16562800
13016130
2886623
4545665
4118349
14197467
4128957
730106
2948599
4433909
16121081
10711218
11264667
3481619
16002591
2469565
14490456
13608622
4429658
2961659
2910159
2078637
2785654
14947320
2421378
11993320
7615182
2359451
15247895
14156479
13899266
12713881
7200779
6567090
6266586
7092792
6198978
2008458
14547970
7086029
598194
11113727
532494
2369410
12350922
13181405
957982
6156473
14111150
11240317
1998939
14922334
11363967
14252631
4942904
14398867
74886
11527174
6034293
12363400
12905672
14459291
7913330
11445658
12014649
2479581
5801566
1481677
3470043
3447999
7793669
14323824
6202735
2912847
16747064
538584
45624
8081887
10718595
6350254
11963395
2029185
11088251
3509995
12411731
12942586
2122575
8035275
6871637
11047891
12266607
5631303
7042024
8039821
5578107
6530669
649810
13591450
4128223
15488080
4290091
11202299
3432583
14691672
14674650
1343005
10783349
3499115
8089000
438869
5995573
12693037
6808618
2796538
14650766
12159506
15397519
5861498
14166918
15184479
14398570
7775438
4222165
7671023
12299795
6415750
16298706
974320
14977547
14671474
13449966
5969754
10664778
6497983
15556811
11333550
13992914
11133128
2635478
12673448
3137179
13043087
365663
6607558
14393926
5881687
10681971
3702853
14881949
2719093
13086429
4372426
11862742
12223633
533586
3913256
15145622
13440633
7840449
11055022
4804633
1879641
4689330
15400271
14910541
12004811
2420039
14266457
4205914
5747631
5100053
15178326
5804739
13395585
7920752
14223896
14151419
1737221
12973137
14887534
1646592
13274442
7314174
15522821
797936
1850442
4883504
5072275
5958147
3724851
7243379
11382645
16571406
10692089
4159214
2399790
12004008
4730975
13925840
3079375
2601610
900475
6928327
3463154
14640073
3794675
13045070
14913769
862847
4379350
16092091
4756443
16067176
14164351
12791880
15151680
2840221
8064233
4809261
357041
15434841
595290
1776568
4677259
4262840
4292563
15168754
186920
5931586
6479991
4930113
10939230
16197127
14429069
4307816
16327226
2066415
6004237
1553512
2262527
12547472
697560
13184463
12139091
6618554
16165486
3472529
14938568
1611775
77170
5804905
1803402
5804215
12631464
10805579
15122057
5693879
5707625
1781763
1933563
13336479
2916280
6819183
1866248
10965829
14648786
13939051
4538101
15071805
7635543
6203385
546711
14983912
15388739
16274910
14760833
13144968
2938418
6811189
8093363
12428155
16198336
10788337
14135878
5221309
11339742
48872
1637552
15739
1421967
12119034
6783613
16030666
15207022
5794757
13319507
10757355
2310134
6651562
16071221
4990008
5740157
11969467
5076622
3846127
2951083
16739505
5973322
4579213
7671418
14155275
4412973
6214893
16222825
3730142
15635377
14848376
1352385
2893214
294104
15489675
4779688
8091067
11484726
4023
4699160
13062619
12485992
12871600
11260087
6220669
1901785
1842200
14950870
4723675
13460600
14364765
8377823
10915954
5200430
10821018
5209944
16478298
8083059
7033205
5724057
4257291
3076114
5844858
13338179
5629685
14335855
12002418
7892663
5861226
6141527
4411784
13163866
3105169
5968774
12641325
6824517
13210606
11984371
3573238
4034623
10590723
11989061
14507070
14438727
7093855
6269614
15142023
506446
5533825
15242682
6345213
10924206
1860033
325279
3594077
561526
767963
8117352
3423272
1903642
1412555
2858898
7830959
15658200
77440
16768968
16102275
16699501
852497
13578797
7692854
2859219
6261402
14415785
13183543
6542029
13427182
7204530
12521114
2090893
7827368
14491599
10838862
5223239
2651229
12446901
2813853
11374698
13956592
6489064
5794456
4478622
10796243
1650687
6159771
595789
4235351
11248598
6598082
13161578
4459098
5525566
14668859
4486549
16717784
4682250
11308603
13936279
14329215
11989115
14134673
12401395
11866680
889992
1929208
3748162
11854074
3575304
358106
2645049
12301384
1430536
10519752
8074056
16242577
15294109
296384
4394898
8131141
14792216
6864522
6622863
1863647
3677713
15237711
1504150
14194184
4846519
14264144
2283015
5633856
12875217
11874682
12800617
4971592
2335600
5690882
8302315
4624214
119465
2918221
12086424
14382173
13274443
7152014
7791759
11369101
594827
6110827
12881085
3866630
580472
5046208
1635390
11040179
12605401
11279682
15637214
16569225
8228503
11370350
3907694
15152192
6041730
1670714
5957101
3527915
11101599
11919317
1903502
15393238
7623406
12608522
6743997
6199915
3083094
14333551
6557787
3780112
7824826
15421802
15437535
11504336
4027760
11133897
6073768
7855699
2683318
4795603
5931526
6486553
1739858
12660853
8252421
4700047
512720
4906122
15482282
11354025
4207176
13156246
11491954
4935834
6053869
2285759
2628655
2158583
7311314
2015168
5012503
3697816
14853257
7206486
6918807
10960510
10853709
8233369
2560206
16746367
14706198
700863
14766138
299974
14759063
11916166
12894029
10976941
12570957
12663886
2108279
13308906
13414866
1547599
2741615
11891534
7033387
10665926
10969681
2323529
11399166
4887193
10663302
6043341
16352488
4414962
10748989
6131794
10814935
16244432
14804968
7054769
13493201
16503006
4039166
16103982
3074891
14226896
22099
2690121
2655187
2554704
14939775
4219003
11800082
12780542
2404334
12353224
13313358
6587824
7787389
7825272
6315159
7047163
6847963
15539521
4471357
7202350
14473045
14615094
4369409
627117
5789247
16081593
16639816
4052846
10770997
4248094
14003850
15523479
1613832
16636798
11202235
14802312
4837785
13469375
2571909
2420461
1576638
4207321
528634
7164741
12905051
2402879
4915053
3077045
6541318
12299857
7926795
10540241
322411
5184072
13336795
7023157
10612209
16451543
11284594
15411829
6753362
13286137
13315317
6887018
4480630
5627997
14724225
4656983
8160088
4684458
7136450
11332609
12015167
473070
6852456
6861035
6122634
6629915
2912182
13277818
2207432
7770325
11468758
3605045
15244626
15539762
13165639
11853256
4241399
7118455
11992442
14679803
4940874
2178664
10555402
14908767
6775347
10720594
14706288
2221033
2876560
15442286
14352065
12779418
15686377
697055
16007161
12768238
5866409
8323037
15028430
14953417
5055963
14542225
13013970
1384491
13065183
2490281
13048376
2843706
10752923
4059638
8182792
785109
15520159
12836555
1389768
11500617
2593647
2654430
15528080
5190303
14364489
827634
11812361
15178624
14455658
16081477
2216973
2153659
5956479
12413490
897371
341511
4232278
7155670
14746509
127034
4222890
6610143
4039035
16479626
11808896
12641931
5741434
14906441
8165992
13458873
5037422
4707153
8085963
4791400
2126017
5109697
3740273
13958259
3053565
13016494
13074037
5694643
14954450
7647946
16735583
6134786
6779717
3922589
6037589
7807182
16549186
4977406
3686039
16192126
3980173
104
15043159
4242415
7603778
6990687
3056323
16018358
2041245
13132361
7857562
1364059
11233902
4583126
2142717
7012056
12292658
11854832
11010611
14069853
8193386
15148053
464598
12161905
8098137
3751482
15405961
4189023
10790906
2917441
14419450
620056
2729165
4882874
12793306
7284478
4034704
11854230
6905216
324561
6549834
10990737
1568410
7931437
2014350
10552213
12180366
8237898
5055531
5080912
15381170
10506765
4183118
6231921
7280602
4980873
299840
15008791
7787646
12924613
464203
208534
3965681
16342856
6238935
10584903
7961985
6911503
13102749
8159693
2840274
173181
8183831
245271
821192
7880071
5783536
2368699
2040575
521448
6665558
1930419
11039629
7945082
10721906
1913069
2894531
15127091
1608584
14365246
6102549
13443954
2978346
12777210
5169299
2298878
11364878
5004907
8204176
8057053
4130551
10743110
15140429
11000659
7273118
274175
4423745
5989458
2270269
6230656
4492295
16250496
126959
12271166
4458477
4928190
2598797
769654
7296701
6193903
6396758
13363781
721905
11017427
4484232
5583365
13336441
5728971
338665
1391275
2283387
6567855
7856368
8168791
5510763
6921050
2708179
2628105
5216814
5824989
12860461
6235181
168473
13319669
8304594
1510651
4954719
14161469
652349
6285045
16344809
764633
2662989
14996345
16034741
3997661
812981
10745050
14920750
11924186
12255667
4697742
6399184
12876290
14196154
2157806
7865864
7314958
16687638
3122921
225776
7766671
2856019
540295
13544258
14150205
1318638
6148634
10968535
978425
4059383
10940986
1510219
3708546
10752320
11071515
10969520
7023754
1347794
436887
14786562
7650121
15674043
13915261
2178626
2961839
585909
7243626
2402971
5111037
6303800
14767467
4894341
1333906
16078521
2061144
12924030
12352465
5971694
2701021
1419786
8035330
6359746
8295619
14433102
14940921
9654
13114093
2318784
2090066
6268413
16082379
15308311
14458891
5616565
10748991
11516752
7187478
10919118
6017549
14756864
12903390
458481
6200818
5041198
1574633
16087563
4923798
12427418
441986
11270742
11892266
4726705
6405885
1922495
276203
4686336
2557497
2161727
5089192
15993873
16357296
13476425
14775293
1532400
4829686
16022216
4954865
10748147
207539
16307246
13010063
12275832
16178674
6354552
8092330
4471704
2206666
1407563
12284934
522062
11205865
6646273
339528
16065547
2265448
12658203
285854
4632274
6378330
5894139
15708088
13299147
11132094
12106771
3408214
12594067
5890249
5780969
6995600
1927893
14682107
7323457
6323710
6059117
6533083
16064669
5963784
8130893
2056594
12223091
5807839
7321527
10539519
16317034
2125443
15201435
12964842
14263288
15400537
15434824
1747563
15430277
14703150
4807709
2948266
6889903
15642874
4222687
7623280
7709695
3764394
3704719
6663631
6771450
11079497
3640221
831418
16758670
13987886
12627845
14217038
72528
894873
12132929
6384824
12807359
1895096
13395480
10489449
12950512
15170289
12232594
16363544
3101
12364822
11209677
2560883
13987253
2428987
12898625
480347
4758551
10490191
2648816
5529665
10526257
7049306
15660914
15007375
6204398
1696335
4960110
10755423
11228857
980867
2923862
11820978
13055062
2321465
2929239
14941898
15572921
10510190
7151339
11058571
6755485
1548189
12954280
13620550
529523
2938519
14082897
1007112
8073587
8255002
3961714
4891026
12637168
6818921
14591687
6847166
278454
14620213
11859856
7313335
12672168
355882
7135977
15654389
34664
16197245
2971535
3118445
4816875
7148949
6389278
15398514
2439082
12915274
15150287
14717563
8223795
10596175
14210694
12805440
6154889
15139063
6750039
14353018
4259834
2596541
3451723
392539
6562491
13168776
14466747
11384304
11358742
14023502
13087919
7892664
3485429
14428861
4549547
3514895
11239881
76535
7153064
14432071
15063622
10724331
16208835
4889307
549445
16582338
16278461
14224814
10813633
15163712
900851
4117533
1902520
16613271
14808234
7026560
912902
11966357
6009014
14849170
6725371
10942046
6132699
11965848
7016374
4038837
13956622
6250191
10816562
4995927
12655293
11985085
2080687
209400
10607482
14464475
2192880
1701738
8088555
65030
12407321
14621327
8183738
11796702
15717032
4522115
2170816
11180992
14412816
6486722
4632913
12907206
6784715
4706856
185722
4265067
528607
10552405
94549
6522264
14149192
1020013
10854083
11829326
2322583
7077587
2539181
4561579
3790493
15180289
13152203
10697435
6827582
5106926
7907240
4744069
2790267
6031986
755693
5208694
14914416
13038679
908373
13603161
12345886
4289465
2341967
2653301
14681816
430205
13410733
7800534
8132158
14443888
10826633
4760443
5202315
5791771
8139855
14603654
8100598
4140103
14955653
2202682
3413042
990293
4170051
16551957
7626062
2911366
3601010
6379191
12660186
16199281
16097710
6458863
3873979
16209030
12657274
16086510
4199251
4782790
16184389
2696945
11347606
6324281
3494550
12683974
12931785
13546421
12488389
7276366
6061550
15259230
2576445
8233463
11395398
3006046
7073946
12752581
1441267
15457205
778423
3581854
4416953
1764573
4207989
81414
10761206
7201627
432791
12255951
234314
5586427
4565519
1029017
12905205
2925496
3482991
11465437
7074841
16704981
14389129
87801
886200
1368138
10597080
12009085
12096153
7819825
14913605
4927448
12127865
4233139
734918
10824843
14645897
12113880
484429
1963848
628373
15266749
16036349
3515350
14102878
2944333
3959475
2272850
42678
11278202
13319323
16417208
15477432
12628406
3833950
7150301
11055493
70999
10825803
7312918
975953
11442802
359465
6098397
11998791
5148351
4206738
1046081
10949327
11372538
10953455
93373
12153167
13904630
8040496
13960407
16363419
5231976
15132114
4890478
3583693
7781381
101512
298349
1813965
4264848
5199039
12694904
959120
4533138
6678186
3993691
14877578
6323126
2751489
4948665
8155816
3599789
7334483
16286718
12563272
5079061
13306545
179246
11369409
12527209
2798622
13341176
2070230
14230864
15261192
4228819
15007477
908280
5563075
5604673
16475968
16457603
12790927
5712507
16682954
12243531
2006622
14479887
999275
4186951
3834559
1353333
8354545
14419470
14619727
783408
13466746
12257262
3485528
11895409
703114
4491183
10999442
11485019
4912067
3464863
1556158
4306397
10715902
4760819
11892267
3947543
3453938
647898
7774339
13491760
3105815
14183430
15368946
3957864
7807696
6227321
6853750
12016519
6575448
16555067
14990025
3519310
7928459
13434109
15532759
7098543
774698
6645680
3536234
2880458
5722581
13369168
15672785
14962814
14182013
4674557
72656
3681269
2026643
169878
4519035
15399960
11522160
5208658
1747507
14512477
12374570
8348992
11091178
10717079
13447686
14454725
15498286
1555510
12656983
8050115
1793405
16374317
8119955
5975918
12940402
15135222
3441706
4106216
14660794
1954007
2876309
765585
7336169
7666187
635286
10560061
14359155
7956105
7666514
6497518
15566510
431683
15004633
12791550
14651761
1392087
3662194
6324042
12296782
5072819
12555415
291255
14997326
5978096
12530059
12514987
852619
3528349
2087784
13226973
16637391
10657658
11179638
2446422
1016336
13966389
79599
13309318
7942814
15991425
8088945
7611979
274013
5078443
495275
8229622
6005758
12847002
812439
12417674
6010829
5804287
13234090
2961741
14745979
11306555
3991000
10575170
8065079
6007451
4829299
3094184
2581097
5938219
14967418
3736693
11039341
6140054
845470
5611410
2211227
14848091
15284758
8256007
13292925
6500338
6255867
2142650
7909567
16248006
14377799
12184174
10691575
268959
3743105
2466842
2993473
13173401
763722
13362185
14980461
7111313
12117965
4018819
15571542
11923478
14929973
4576238
4153706
13339613
567257
16437847
15520683
2420559
2853983
3701975
1350795
5749391
14368442
13336145
6316019
2197357
10775895
7692269
845763
14755023
14794246
2118378
548335
1737858
7708655
11526793
12912616
6031302
348762
1352582
7111359
6851405
3881661
16343691
12801710
12099277
6476291
7140503
7845824
4250178
2418205
7075317
4996800
14905360
12505598
7157290
905232
272379
6115715
262581
5843467
6004737
16022745
3444358
7694169
11837389
12971899
14855920
2821047
13136982
3433117
4275863
46794
16625741
13462709
14774989
14079995
3973819
233969
371825
5087365
5092598
3800671
1680639
790995
557895
3944846
4980922
15659888
56267
6010873
14507333
6632323
15279737
3576919
10968475
14585235
4687413
2853598
12756176
5075785
4054912
12420335
14266885
13312045
330434
2327185
15409798
14941354
14799609
12001771
884688
6303752
10784713
2216857
5575634
6052922
12353426
87921
1866890
14748312
3910464
887441
12704661
14745414
14015343
852307
13314685
6217349
2224129
6073923
12315635
7986713
4547587
11277555
6859705
6761649
12890815
12540785
4382185
7657173
13226153
4231885
14770518
6561345
651995
13176019
8096722
