14061774
1643120
12365438
11303825
6148797
178033
6222721
1615818
1332176
4620815
8234640
12629205
3462517
11843117
11964958
12938667
6232041
2937365
16298501
7185365
2104718
4134573
16052214
16725717
16298122
6922106
1042159
7073619
12247793
471495
14971787
6337015
11252946
8093705
2791151
12418187
3419069
14595497
4125726
7256821
1536562
8158098
2195610
4431186
13188339
2821354
13227521
2109373
1009656
894145
3002610
996266
7808535
6795413
14366706
3430313
5567617
11395487
13332888
11349759
6293186
2216063
15564522
14259929
3749000
3435523
1421005
5780955
6623361
5830065
14520779
13345671
12673872
5631127
4177241
589867
1420677
13905832
3571927
6624264
6202757
6510007
10560233
16320479
7846487
1367983
1823105
16572670
12788626
14363183
2315454
11248014
1593813
14499288
14102358
10927811
8305665
10972885
5057488
3058241
2390003
3767349
78312
12090411
2199409
7282255
3604621
4767291
11282090
4427389
6754843
2928351
16773874
12661315
458142
4583767
14097977
4322933
10596368
2585209
906201
15177581
7123339
3051438
16725546
6870709
2223190
14344302
5963277
13991112
12780445
16048983
5895792
15161907
12707283
4960734
14392312
4096174
2948317
1772797
2589649
1522677
6988958
12385195
16194152
13014347
5550637
12586615
10814705
12160762
2461871
2199057
6614355
13282221
12538904
12031546
2978517
7708397
8292202
14782083
16234157
14748487
16195805
14588464
12512784
10992510
12971725
6206043
8347249
15469401
10539522
10941482
13492441
8382166
2719105
3072579
6626493
8157849
11065343
3521474
2366966
10580206
1415150
14546128
10589846
16616942
13182519
5012088
7298587
6822979
13076126
13562349
6042041
61162
13302712
12431966
12664433
268102
5584075
12247408
2333769
15068528
16177867
13052874
2879120
7978974
8379206
561728
4745111
286578
242153
1398354
13078095
6259152
14659027
10563985
6655064
8294376
961114
6202305
3663030
1539315
14745458
7123787
11826669
14506931
2860393
4287474
7732202
15524422
13627537
7638655
8057079
11348494
2466717
11105246
7604888
3757557
14880074
11797038
3107847
7886583
1744438
10513391
12424272
5722753
7889731
6324429
15397113
3683649
2435587
8339282
13332119
12906906
15330910
494824
12301290
6207185
5528769
5860049
14878174
885761
16716019
3518291
4287022
12038553
342738
14921339
16015989
13567677
15192983
14774297
14355513
13053254
5868253
3075130
3904109
16416785
5610002
16012214
2787136
10671666
11904003
12300891
12051803
6896455
1736722
382325
4159160
8257375
14474491
10540406
2863425
12493297
2820650
11207635
2979469
7730423
2722866
4701254
5746887
8232909
6855634
13962779
1762142
12323987
7900639
4365865
10811389
15588083
4527568
6856090
12165448
12409597
11310618
16621259
6468713
2919822
123115
13339142
13291931
763599
7603674
12427246
14262698
7962271
6618794
2686283
16181806
10841799
14515533
16706048
2159119
4645566
800095
13600466
2692602
14345277
13044894
7606864
8201232
16227842
6075818
2122141
13357467
7140549
7793723
1945759
12915347
12549450
2359400
15281151
11989649
1865345
8371137
5611854
16155791
16179965
16185950
891418
6360728
1388998
2384069
8131138
6942594
15219675
304862
4485051
16044435
13902259
15406146
15213275
10543995
13992407
14379897
2910033
13347719
5172296
7054998
14912135
2828271
1375183
2040344
8359121
12857879
11885598
13994715
15187608
2008173
11346110
12571101
1941738
10878199
2626781
2006536
12498883
3777527
12344515
3423895
14222319
4799939
1371496
4514187
8290454
6518303
6156190
7992515
13392915
986306
450502
6938109
13130794
328073
13592304
12753987
4030981
840047
70719
13611923
6850502
2854790
5991947
4296346
11382095
11240059
7321594
2925442
5795262
5148138
4658413
11057669
4581189
8032463
889425
3729066
8125647
7138859
6806543
7671482
1880175
12308606
7248386
14473968
4794904
2220619
2464763
3646465
7314398
3117237
15655129
5962846
6487190
1699027
189465
2747646
13283571
12780798
8302592
10792175
5149240
5813912
4022487
12102394
500049
4839283
12167130
7151168
2163240
4453627
6488977
15148935
11440530
12608241
14493054
14328384
13447401
6477198
3915377
7305079
1437126
16562011
564175
6316946
15465089
5879416
16623555
3408109
13130843
5777950
12162800
14866264
11481331
10516461
6197270
7602678
4404755
40431
6742515
790587
1925315
4814465
2470281
855165
11857064
13284058
8230255
2956474
3882415
12365007
8165185
13483914
15150413
10517456
3970168
364447
14424761
7931633
6635035
2692337
884442
4550083
6851534
11141075
12095896
2091635
11798399
14976694
4668351
5710851
14463595
12063771
3486744
8098715
12554803
11399409
1552968
13178373
3072704
16044179
2360944
14112365
5968842
284563
3612613
2061881
16755357
7730602
4533097
8248347
2810416
1410955
716438
16518696
1807434
7004543
15182736
11341814
4570624
13102075
3454287
446999
5843506
461549
6581744
187568
384371
6268403
13204935
3059634
2087790
6069304
13921389
16118898
6840513
1738360
14898782
14675000
866163
13373819
7922509
13133375
12379466
13107282
14229418
12244099
16098743
11350645
7908753
241728
5708922
4811416
4993965
14341750
15192235
14749931
1418947
808331
2524347
6238743
2468930
217245
5610097
14657501
1612609
3615918
7318728
111158
14449200
16110401
2827728
2794229
14711915
2643443
1651760
14263982
7122398
15032879
12053403
14589446
4685869
10917041
1528841
2314761
1766537
8346966
15267549
16693233
14877099
16276619
11875722
2210520
16064991
10978042
12036694
14070014
274841
11203934
7640310
1792971
6585486
13989502
14919199
15330993
12619737
11313034
2989390
5146003
15000309
16155002
12092624
11251535
177335
2071959
15523338
12786856
13029531
13594601
14725690
4925379
11030991
13426536
16507817
7918547
2091655
3780547
2582001
1354624
12311128
12562349
12172143
1005502
1586072
16446619
11869514
4709407
12315867
15238062
16317854
768645
3499992
11386818
15137802
192643
13935727
6914099
14507846
8094557
2204350
1927785
2041320
2883410
13416022
12559509
1912789
14479771
1400390
11393752
6071837
11845369
16514121
2270357
12771893
1846749
6830771
2962387
3925371
10919942
618929
16220554
6410714
505321
15655976
4255312
16086931
7046633
5108555
10978856
5931184
7001627
12177467
3796639
2015178
602517
5043271
7155753
822264
16163962
12903515
3049462
1028251
8121971
13074555
1697294
7140246
12903679
6503291
12067375
1496453
4995997
6053269
2616643
16209007
59347
3113723
14803275
13424565
12756219
2646526
2068461
12749829
14945875
2689757
550121
5770296
6394219
7790449
12603895
3050743
5533333
10777089
802358
14937523
10776911
304686
3538395
15510663
6143849
11992135
610494
7964239
11123710
15116179
15651058
4133099
7267465
7275206
7885129
2899377
6239107
14759361
7191129
2470394
1799530
6509680
16367159
6140357
16724575
3139083
1912207
352424
13482731
5076691
10771993
12784478
4104941
1838542
12004405
12806846
16471253
744462
1547343
5169552
1417039
13074818
4849159
16523728
3641918
7855659
4633045
2421275
16585798
14194421
12120045
12949331
750280
1698328
1565715
1855582
7058447
6517107
14520056
11439849
1654454
6610169
348551
5001365
10836946
10951855
6730858
8168984
5823117
1503057
3954601
11358390
286226
14191645
7988847
11131583
16321774
1536088
13319189
10654367
10927312
11899597
6557043
14954323
3798611
7074487
3470166
16432066
6034322
3760680
13405675
10795918
15491759
4922399
3538286
16679482
4783088
16432115
10519960
4945070
5165806
6270649
14158781
16561279
15173174
2551912
812933
4196880
5757635
6288589
14222967
4502345
16081883
12808827
14188125
1647111
8227386
7793993
989147
12661310
2971309
15183895
4416327
10965367
87885
1823833
14061752
12692418
6261469
13941977
5508621
7664333
7288042
4726838
3679117
2178113
5678230
16325369
14515776
6585857
618518
13307304
8367944
13206046
2161706
5111289
7038858
11222367
15171410
3452310
16039353
14538480
4551367
10741610
3937000
15211734
4028283
3136561
16419483
5766639
12374585
6513387
322238
14921936
12584921
7320663
14604809
10499032
2370626
14779526
4301762
1738053
6915295
1508214
8057791
12393583
14790021
5869973
3531712
10730701
1687371
8069815
12279640
2785729
12285383
15130175
16543317
2688112
11213785
14079378
7879754
5939710
6921802
5675609
10933970
14264927
4755885
12773199
2904424
16044457
763101
16638983
7183529
16219350
14953023
16722952
15159791
7304849
5577791
283066
10954184
5561515
5788825
554483
4127601
11174786
11403006
5149789
2657976
4432043
14083930
4170154
16289475
12828079
4171210
16486955
4531887
14925706
13350879
14133889
15592841
12316025
14015686
8200234
13107312
11523934
14850042
2025995
3608000
15139946
14605462
953546
6554033
2893147
11140723
2283193
8171387
1660238
12375539
12301214
3977394
2035648
16093113
16047770
2751937
4525510
11052114
1945723
4164814
6794349
5226053
1487869
12445129
16244603
2991446
8236905
15462785
6323387
4358187
1567694
3476639
7079923
5596525
2026066
11809834
14595166
6497518
4128306
6524059
6635051
5021760
10875765
8336552
4751983
1367282
13483134
11797640
14465749
3706550
7713693
10598919
14881257
12086845
5880347
14712168
4675098
6500850
4780059
7135933
2005627
2790937
13074088
348693
745071
16200306
11522762
15597502
11892590
1532955
16539269
6595904
8379734
3443203
3947960
11808408
6197624
1627594
5051385
15301593
14072835
752697
10593794
6884086
4888070
6101962
14947457
14529363
14635880
5611400
3772776
7931793
6122863
2355054
15129842
7885011
199337
4250994
4462558
3612845
14344088
13591448
263241
3514439
1696767
2652879
2303167
5736378
11104647
7986192
14974717
11523791
15126941
4403858
10989635
16350553
1543257
12322807
14004239
10923575
4403697
8106547
310909
14221279
6656087
11306442
12280245
15129523
14692791
4159408
15136670
7655903
7159105
14950249
13499118
4418671
1376403
107727
13567030
35391
4757166
5631816
5973449
6366966
12289050
14393232
10711598
6526318
13423294
16120365
4985899
11089136
6648709
13598895
1438966
8054632
6040569
10938319
14966103
13592509
2402013
11276138
4186680
12915274
11803801
8304249
15381535
11916311
12039752
6359037
7168177
992407
13087195
7777967
6628699
6456831
14493360
5592007
14949119
4162187
125681
10544830
2919007
3070711
5184713
10759874
15725394
12390087
6942559
2815363
10559811
5150611
13075578
12434602
545925
10556242
16629719
14856797
2862829
757247
3990720
6380766
16080373
1486493
7709888
13102696
2401448
2744966
13377595
1840374
2559725
16168625
3450098
16052848
3572427
3615943
4198038
2204882
3095697
385237
12780232
15691734
4215165
14689851
7778309
5821583
501269
1928593
14262834
2129963
2858374
4923025
14737757
16580331
10559889
3129213
16557466
6582217
14654168
15995465
13604824
2360046
11067477
11344477
13117334
8058499
16570995
3694152
16372459
1354318
3057393
489984
6001149
15476681
4561641
7171475
10941627
1774481
6508984
598637
962942
16749554
2065352
5151273
12136530
7929861
2711552
7199957
699763
866878
7268959
225211
13391091
3876315
4517779
4456119
15213067
15670866
10966411
14117725
845661
4044227
14457776
958911
6361017
3120873
15331318
2949051
2549057
12397761
3435064
3981245
2543986
3775187
5750330
5944216
12908457
2597374
4435926
16024411
2611792
14975575
5546371
5057682
8168619
10816631
1642536
15491986
4530702
12081995
16352107
15045193
2057159
13232703
6783993
16688886
5174992
2365150
13975026
13965911
2294720
10730906
5085874
11334751
12628720
13926293
2110458
12804014
14922859
16322565
11343851
1534848
7869545
11864941
15211891
11085241
14479549
4937339
7142295
851678
15652490
1372781
2600059
15655765
1545621
4281014
758322
2423342
4463469
6377914
4917945
7725105
15228935
14430771
12884869
11304477
176847
2552282
12060136
5864269
13165965
1438831
4928195
14213594
10773312
14916443
2619927
12126923
6349306
16176825
6862781
3923467
12236505
814160
4485456
15109249
7253613
12129386
1005306
14775315
998761
16462781
2489747
13441677
1425104
6921112
13349401
11011472
10508858
16446318
12583114
816006
107701
6104722
13903544
1008647
1794513
15587970
13317019
5955971
16249789
44918
5044147
14918163
5822450
14943055
13942663
5174225
1020456
381552
13466671
10717945
14491163
13014357
9107
4282928
2740618
5217909
43575
15207641
12083728
1678351
16753995
1737911
519602
11001457
15332862
7930606
2539033
16039853
10678856
2664006
10661767
12121167
2421610
6421454
15414365
10998102
16539579
7945083
13194143
2460560
16201566
7965741
14083600
14397257
13426065
552909
14127451
10609406
884187
14251384
13201495
6590921
13450137
5886314
6661969
2207767
612302
780889
267279
520251
16289011
7023495
8065731
14967366
12787445
4195958
7175286
14258312
8098559
11918807
6025901
2466967
3423631
4190273
16465050
16306425
13466688
15195515
13981506
12644090
16356510
14546873
10675318
15003626
11490223
12004032
16530307
13276138
16285715
6370705
2599859
5226435
856571
11045450
12804214
695518
16225901
12276097
2288344
13151362
8188497
1556475
6819802
14259857
14843927
14605224
11372008
5822286
3888790
10511552
14000626
12696275
3894701
2670039
16035256
1957047
12775939
3632843
7091627
6156669
2007213
12851795
2355023
5743581
12056011
4137016
6107835
4198734
1846150
12684445
768646
10944709
2717655
15408497
12605047
14677071
2811757
172430
10745152
12484689
15048761
11283053
2419543
16166605
4961695
5179947
353414
1683894
13113990
14917763
15480186
13622745
13901727
13131626
6157546
15216030
7792573
567827
12696123
227951
6679117
14685579
7172237
14669456
12431071
31769
12418181
11394610
5616705
12160239
14606858
2334610
1874590
14129810
6580165
7336491
11902874
10790425
6683673
15640112
4660938
16022065
1437170
5941192
2432625
2989461
823233
605256
14106462
5809279
15107718
5169649
14844510
7152175
5871245
14868306
2291093
10498931
5747857
14399054
7657310
5730886
14016709
1043310
2264207
3858943
15401288
6116826
2223512
10585225
5059592
12563198
1047147
4005696
12029379
15220439
2391230
11371646
12558192
4549577
5184688
15182793
11926718
16327598
12400637
11084723
14088761
13938624
16622327
2578351
6300743
12842122
5084313
14701118
4252146
6241823
4366190
2426551
1316720
11856542
7800023
489405
3049328
2362475
7264883
16719991
11338929
1750415
2092927
14202111
3463067
12805011
14229470
14774971
7173375
14126166
12265194
2858389
14111707
1932790
8369526
12836046
4411503
26010
2553581
633777
4472490
7295934
2602037
6239994
1585073
13360726
10656328
4219205
6558200
7064
13383326
15186520
10506488
1531944
7893239
6581618
10775295
13466679
14474693
1316693
12703365
16441183
5747896
1615464
1801834
11920634
1679801
6063247
7835903
11875153
15140421
12636610
15535451
7725122
14515230
2362809
15443904
15555978
1036417
367791
13901554
12711283
6410584
3634813
6911658
7093823
356162
16330575
5209021
12750782
4120259
15651649
16617653
16096509
1818502
12936634
2915995
11997341
14408432
4747603
13169397
12415638
749483
7242427
12615351
11240178
3876719
4012693
11176769
7670279
3790411
426046
6045551
6634458
12913272
13193795
14486133
1365387
12521904
1781710
6264406
11924208
14086171
5006191
6764530
6739920
16248923
13119959
12917486
3962375
12263045
3998777
5770267
8097809
4818885
1003930
12243089
10947591
5579638
2264187
3667955
14079489
5843648
6596187
7188998
15538766
2929672
4840638
7769742
14494285
3781122
2099017
4783231
6386218
16706289
13475742
2289746
13312049
297809
11366355
6857667
15041232
14899178
2415262
2309289
15998085
8183438
12833405
2184946
1420778
7131369
4402573
549941
6312256
12120087
995463
6804471
1339395
3665027
4776086
11379197
12441033
3608627
810165
13347865
4289082
13149702
7826571
33178
16062442
3121003
15495559
16216490
7313112
1414233
5670869
11253499
2973945
3145621
6512658
16261560
710272
5156971
11887545
14892779
8361115
11056889
3433499
13397498
14979977
10927261
16512479
12938473
3530810
1479093
3677061
7953566
16371871
14776913
7042432
6771401
16194814
220496
13967565
16524366
2674923
11269561
7167182
1901467
14638096
775605
2102430
524416
11017093
12707407
16104776
13470677
16776584
8337103
16094667
16089098
8315477
11022158
7977965
6313346
11216373
1948696
980049
693495
3934800
548871
15281394
955769
6672553
6471218
5872695
4302277
7009097
5779898
2921630
6402585
6125560
11887754
12008459
12094482
13894490
3987374
1666130
14416976
494666
16322171
3415150
2532383
3663768
5045264
12413637
3652491
4707725
15176885
16376902
15299472
1838326
3420395
11298802
10694064
1340038
7142527
12380821
5035981
12026703
1825410
6785738
6902889
13233178
15129421
4945864
96791
14630632
7676224
8098291
14439983
13375096
6369871
197371
10596473
2961001
2954601
3920271
2849880
11918339
16268267
8358977
8160502
15219279
12348429
8041695
3995010
1025374
15566445
458883
1381928
1614337
12801136
3140426
13930934
4647831
12514887
13335701
2294751
14481223
12238555
10687487
12628999
6057539
5670229
1660238
2987995
11967857
11268953
10878323
6296142
16611184
2406137
13993143
752629
2719338
586834
4058280
16342618
5087581
6322175
14982737
3935178
288336
2370152
16549599
13319413
4121494
2548360
6791170
8138437
12119454
16774264
5853679
5624328
7959367
16735145
5094895
11331025
1350602
15173454
4530875
1420465
13498049
4490169
14333498
3868342
605546
176825
4715144
15062041
13097807
16362490
3839831
13932489
14591150
10583263
10952607
653896
4444739
7274567
5706479
617353
5567536
1343623
3145231
10950039
5239934
16288469
1703357
4450831
12651451
7304552
307792
4642416
10868406
15049418
8033664
16047807
6943826
3487699
3413983
7196793
16527773
15204093
14655882
14754829
14516715
