117697600
4915337
14950730
18612791
2822096
119304078
12656713
529073
14648454
6116209
548878
121373046
3936705
2123192
16810970
356410
18649985
12648568
31956666
4727345
3989999
17018383
16327737
14651455
97786
14973841
14454903
97744
14409863
335873
10581390
16872577
266168
14687232
19177408
129786864
12586577
117702201
132612162
121962648
2297858
5833854
14742151
13312080
625
2596472
130540750
33087951
16515719
6258071
119079529
121141185
233473
119472313
2388103
40528
130527246
117936577
339497
118055233
130224263
6000015
13336632
261761
33551295
22860680
4715521
119869448
13111870
15203849
11038839
2363392
18940560
18673794
3706753
120061502
123384
14226544
4198898
119612880
21752722
10915383
12123697
12844601
14160002
32215086
2154545
2171999
14585977
131658774
2589297
21466624
123404785
2583695
132448129
15234038
32821375
20511864
525904
130380767
1859656
117735920
14488064
2151353
5025742
5897801
10784961
31781384
33084361
119275071
20709894
31272585
8001
17079809
119799985
2122257
2162256
12411889
16781304
14761081
132148881
16743753
122679353
14943104
1311639
6332288
131600304
16285169
4427858
14786510
203345
4670
14581894
33321599
21036624
14713842
4500481
13627521
133930502
33132104
17018440
2330242
4481615
4001745
31626192
16621119
14491136
119267960
266127
119738327
33230359
6942905
119303209
2190976
6262735
14447750
117767737
131531201
14438473
120073857
14883961
14455864
12815558
16776135
18580463
121429545
23367752
520834
14158975
16776210
3407943
516728
66504
121926546
12677616
1929471
2321503
3969223
29569033
4169359
121603049
14777977
14714318
121606064
2588625
29433873
133751890
15200840
19399751
14343825
119610447
6601855
533431
1867910
14945866
1875464
14654985
132710272
17010288
3960910
356359
119340592
132706758
21198256
20673664
6091898
4957065
31748127
117470671
589367
3744415
2456632
294464
4198487
3999152
4685774
470640
132387390
16973831
3469942
70582
133461065
16253839
21200961
12820992
8155774
12820934
16749178
132177999
6025214
120000016
33801
18575360
561615
4027377
132199631
121279360
3873849
14954513
17047544
14652377
9664
2170449
29685206
14749638
4432441
273983
18845368
117731336
121381383
4205753
1577416
2567638
19657294
6005177
15439826
31548927
3700111
31944625
750023
13078991
120893312
134186073
18616250
10490001
4490191
117465098
132182705
17375186
17080770
17265658
4685831
13341694
3994617
13103704
16274455
3940423
4153938
4976184
3718657
119083600
117972430
4984793
6296064
5861968
623110
31780921
4001983
134009023
19166713
31791103
13349527
120558608
3747394
134021591
4005446
4427385
2371146
3953094
200568
1537153
8137854
130544264
12586450
18641807
132461002
121873800
4191175
6098872
128126
117772336
15178831
3965760
132452880
121377790
4496975
30121990
16317639
31954569
1859697
22602680
121601614
20480497
4959999
2417592
119570545
2429942
21004016
117506177
17330225
16315328
2626002
121699857
14480455
119280578
16776895
3935865
1597594
19369912
14939586
32752
2184186
31728199
44609
1580503
2364926
5015000
1839121
13893697
119988233
17539578
233409
16809094
499185
132383425
12492287
130088319
25537
20712945
119768512
2069097
133751239
18550906
14680505
3764799
117762704
26288
4201991
12870161
16756281
117506945
31686721
4162064
4133042
132097018
21589519
119083720
4910986
4452802
14148040
122159600
31699336
118780338
22812609
119996600
15426447
133992351
532030
4428865
119476686
6583369
15172153
1867400
20742198
14229433
2169800
3870657
12870087
14918718
12852623
6259966
2360760
130557007
128167424
14922432
14951238
1339070
4288657
4224183
120029032
4227534
4715728
4395642
4165250
4530704
130260602
15454326
10585608
16551424
16588217
19652680
2355662
20516873
121696826
2190898
2134153
14253176
121139273
14456258
121144305
5001
119738423
21438064
4950712
4980665
4514314
4186624
4190793
4685770
33481730
31924881
13116329
1606537
119533575
225337
18666415
119303209
4498446
16601622
20710456
18649200
31723991
16880233
1762327
119534751
16515704
117448079
121176254
6066616
463543
14746434
19443136
1831233
117699465
16227970
6090759
2654145
33289278
1835334
4428360
8298432
121642112
1830273
3933313
286151
2645522
3678279
14643641
17236480
16981505
8159294
12877257
119026238
10715112
32215026
5862295
14975976
14909168
33325113
10485762
12521926
2322952
2391162
131956439
20701695
121115128
10739776
4257264
6235529
4520881
18448375
14659712
30125745
12784194
117472320
4497022
4132856
14650816
2106360
120106680
119493194
12652153
4455863
33087489
13143489
12873815
117996425
8159417
2126832
18637880
31502849
2130040
29711
121692607
4186497
13368279
120022129
491855
31694414
23040522
118488599
1635064
119221310
16262143
6877767
120269824
15212599
31760951
4137929
31268480
12653007
24969863
2141753
119276080
18350263
119315921
133755450
17555463
17280969
61896
2142150
14422527
14884370
16780985
5771632
16614857
16474226
2064769
6284240
31755730
133432337
1314934
14909511
3928192
15008952
121901062
2366870
14708927
14909521
8364481
15237744
2621902
233431
121574895
2158641
2065345
133862423
118203337
123477097
12871049
18809295
762894
15299521
117670065
3961472
729423
132182534
18407553
2036728
31478152
14446146
19602951
16560137
2551856
19659343
31519800
32184265
15192961
14981967
4522969
14397039
2298937
15999959
2188392
2454016
107582
18903153
121630785
31711766
16610225
12812984
16777832
119603135
118988744
31166977
819087
1871319
16228358
15695415
119308687
22839857
14811009
117702224
1645694
17012226
6287992
3699080
3936817
117461943
2141767
16253888
14883712
121376385
33328809
12947953
58304
15174720
14742978
18097143
121868302
15242422
10716166
1940937
16678953
762326
1577286
31522758
33328777
33296018
119320184
4263544
17003528
2190967
23584777
12935378
4166655
33321016
10740280
132455503
31726649
17530447
15167550
14883913
132448895
12575690
18676807
12816449
18350657
121210057
16315329
14970969
32212038
32051272
119905352
19133055
298887
728537
18415593
132325258
175686
15413831
16713098
121664329
119304343
204790
121595031
2174402
130052482
14417801
31519801
4252623
12855826
16348313
12603960
4980823
1606136
16642233
2397655
121610366
18366457
2323394
117637185
31482873
31956369
32768
117482903
4689033
4018695
15175185
12876873
14625913
3408849
13337718
18878002
10858105
14877634
2396609
3943432
1670600
5801866
4456910
14761481
16249289
320129
20701241
1020288
2594302
132637313
3695216
117674416
23076415
33514063
119500862
2432000
4784081
14422022
12736
33484752
2560639
4960273
14425687
1609232
3732431
16314937
119337983
15032897
15434161
10522808
81457
278160
119283793
14188414
11010680
119570873
14770375
15003574
120065038
14683719
2395248
32973385
20509695
12590528
120889911
18375176
6102655
2266440
14967666
7901199
130085006
258049
14425111
3695026
20677192
16842759
303552
19075192
20454482
1344983
117449208
18382798
20805112
6284290
4358145
14778226
130551857
19398649
3995127
1835906
15003864
959
18808824
4977136
29852850
31796311
499142
610959
2297471
16261207
2851846
21070802
132154889
1593855
593474
263287
2392561
520894
8327694
119276104
33096447
6063185
121463223
1839231
1861040
117738063
120356233
5869554
119508991
11897
3727360
2072910
14621775
18577935
121578033
4133248
15172551
120351793
20686458
123486158
2101326
3937270
16841232
12939278
17022529
119337026
1840834
119578432
3972102
15175754
1646222
15008273
3973062
4688847
12558343
119703002
2391682
6545465
8129038
4228146
2393554
133770256
3735425
14512176
14677689
121671208
21262730
3866126
2031680
1593841
4657152
20941975
15007230
3964367
16847353
3761
14163457
3675598
15032328
31711233
10515912
10822530
31753656
121605126
15299257
102095
120021575
117797560
12839744
132644361
14975088
17280070
122497000
4424823
4165303
6115455
33099449
1900495
8162768
14410194
33553545
2118064
8293951
3854960
14545367
19604425
117449400
14879807
32076681
120230992
4194695
15244296
12631696
121447425
3998671
25137721
2101386
132587016
594498
19039175
18703294
201815
4706440
19635727
18579335
6324183
553914
1867960
4432376
4714482
754689
16516159
2390679
6030793
3973513
29982910
32865983
15143608
14650376
3530
6096368
119545400
132127985
17348016
4481210
133985272
117939386
22815681
15040390
14217402
121318856
5731194
15138872
117483479
16548542
15404736
119930736
121433678
119217679
12845121
16720320
4435018
461944
19495985
22543999
581807
120328248
4231767
130487191
15176072
1932912
121334985
8359864
14744697
32006529
131927178
15229448
19366841
13102200
2454095
117703729
13078599
123232694
6124984
655
5235399
306183
1639418
2723847
12874745
14909535
13180866
4231560
3965552
16539650
18578519
119820794
6593106
37258
17014919
2592721
16749057
123505714
32768503
1797817
4055162
11006001
130101129
6092296
18386313
3907985
14745482
4976719
33214
19653632
1604738
496065
4253263
6848970
14943183
130081721
1014
4136424
134190022
15176320
14253136
16781503
14683783
1637384
18874391
18357502
17240639
6124664
2912721
17527433
5768256
14361607
15007678
29651897
2035257
15047730
33522632
21225551
556696
2063745
15209366
132612482
18936402
2384465
117496887
28736
17044039
4682312
132120081
14881161
119537656
130035214
554368
121385536
1574911
1842242
32821641
2426847
121862672
15003087
119873600
586174
117469655
121411088
2954263
6098369
14942785
18355897
17113729
128654342
20741634
121376343
2296393
132163152
3834399
31981416
16027248
15233150
12672977
331719
8159600
19377158
4526153
12880448
14941879
15430065
2113170
17109512
5242830
4432062
2335729
14389895
16527834
1638864
2137734
6025337
15013041
119544649
19135944
31691512
14777800
22555831
32170639
32014862
17235025
2560001
6521457
18972216
18609038
4694034
10523730
14911482
2138672
12878385
119575489
6093754
133964169
2174919
17534984
3528
14691921
1905286
31781576
132124042
4133314
121119415
18673216
16285185
118291569
3729407
33070778
32779896
2561038
13272008
119337344
120024151
4419528
5542905
6284233
31687241
13111742
20680719
15429872
119275918
119828977
12673102
5800440
14889553
2110471
14975943
20930568
4395065
21589111
2429424
14745534
2384466
487608
3744704
15196480
14675465
14708232
33522562
16946058
21504966
31650839
31760062
3998840
32275585
2594450
4227590
2223479
2363343
4002246
14709184
3994071
728560
2600583
16318136
21033530
14705654
15405120
15032888
121442697
119628951
17560046
13078986
121375750
12775950
3145262
119055890
4255791
119278672
130056706
6226545
2654849
121576466
130548169
14639792
464894
17093624
119537592
2626103
14195279
29622921
33325137
328702
118226897
12092079
33062959
4659785
13172225
17031305
2421752
118760384
289409
3978767
2336079
121631882
1809983
24739343
14710735
14708736
15270033
21033103
556096
10973303
2662927
16785008
33524793
18846129
3739849
2596486
21468616
1867282
6520944
2093697
119506374
12814991
2109975
16482322
12854279
31797326
6119921
16781376
4194360
33527234
119582599
352400
123503503
729223
8161874
2596951
5800631
1832072
4497921
12817873
6065782
12914250
120135296
17298439
226249
520888
15011406
12616142
123691905
33521168
18838449
10528702
4222601
18910288
16581200
5772231
117956687
132194417
1904130
23109646
16777210
5805577
17366646
18412104
16282041
2372534
134177785
121205759
5210632
12841472
12062704
19436215
5828734
19423255
2040256
117440591
1777521
121606658
119014793
1892872
21505034
20681664
33524745
5008442
40519
121381310
15445383
2593239
1047806
14749816
119313904
8162199
3969153
13168375
16781455
17042447
19398664
121144334
132316754
118289471
12587714
1774023
14912583
14950466
12624890
4698048
2851518
13307929
21539450
2697737
2334584
19197560
132385801
31698832
29389783
119569479
130527617
2642446
19178537
121889218
6258687
4022970
117638290
499265
132186646
6287881
4232073
4689225
14976070
13340038
16543417
221809
291384
14717591
19161720
20934264
2440214
2335681
2064568
8224770
20939223
15245246
31464512
4453297
119284816
10755697
760400
14712855
14773767
17371704
14946262
32247304
119247344
1739919
14913673
13136368
121675329
123704271
132059591
12623816
6254089
12877312
130261015
298953
14736944
14504913
120283250
2420872
2104914
121610288
15139321
20909822
12790857
2166792
6492625
2388520
14974982
121144440
19366839
12615239
15209944
16744002
17077121
133955911
2401023
29401039
527374
3727984
121969746
133958655
21560953
14942287
1872016
33158080
13151687
14905679
17040400
2123272
1577472
16284786
1575922
31461073
6090762
20970449
15370831
6718471
117974198
19100096
5806640
13111800
12882361
6853737
120316474
121110535
4432326
2559537
4029895
3900479
2654640
2309744
4788850
19635839
16973846
8770
14692281
132624344
14713001
520320
31682697
36920
1877041
14094848
14942344
12587087
23014465
14938296
4722113
2590280
12812744
2154632
17011226
117732913
121413706
913470
121606281
12815759
132587534
31945911
36537
119767553
16289279
12685247
130056903
6086785
25007608
14660041
121433649
16058889
516673
22801921
121571208
12826057
132607608
523705
120004242
119865287
17108416
17301048
117509655
491978
4481087
6069255
4391368
13959255
16880001
123244536
1603551
117669959
618698
130522697
2852289
31518903
487550
6025976
119332985
2690104
2350464
119308814
3969408
2597263
131918425
15441488
4776010
1916793
17232335
8217328
117969986
3927096
33290817
15040065
121573887
296017
615440
130804849
130249682
14938240
4131401
121347585
18096264
16867718
121045440
14721417
119799865
119337528
5214656
4734088
10524159
121430960
16519871
12063894
10972729
20800762
14484671
6581648
2712014
119246984
2370121
16744520
21301129
17822896
328071
6811711
16989690
18353729
4661360
2400182
269313
4166610
121721982
123531792
130358920
20648326
10529792
4517896
121348665
12625406
120036870
20776022
18383032
117960177
14942209
4816786
21400640
16711170
32214528
117501897
14970408
2131398
2204272
2417616
31960584
12619728
14713808
14881239
29417398
14704760
3702153
2363376
132969095
470975
1871863
16784873
229983
16258110
14720976
2138495
18816599
6229176
2302470
14976694
15004160
24904704
11002041
117448823
327184
13083599
119263238
21233167
31752
4662486
4108224
565247
117703624
17337487
4947458
14681272
29920849
14712809
121831809
10530958
20651022
10486903
6095351
2482192
117546936
17398297
123530305
10723455
2665479
16753168
28863
2440767
119861766
4457409
1963440
120071616
2123216
4134143
117906046
2101391
17363841
29815361
118072904
118760510
15212486
15171250
121462824
19107966
12644946
6304137
4264495
16555530
121372726
12783744
6258750
16745529
31792694
4230598
117502599
41102
120917496
2523152
16444977
18652736
16715833
130330519
132152849
6034831
4550735
16560000
12558543
23651265
132752496
4701306
74696
23168014
4415560
130558983
16292864
29862456
14942328
4226568
4923415
4816466
1573425
233594
121666617
331790
13343288
12848769
14680128
117678712
119337033
2396679
2363481
20745216
29398718
32804230
1892417
4025982
14974582
7625
18645567
117510606
6029825
33319936
16977464
31919864
3939841
6234111
12845183
31715721
303538
2060336
16842305
2104432
1874504
15183759
4030462
18616446
12881914
119273414
4169345
16585295
31515712
10821198
121372758
8294920
16514958
16833654
18674633
3965833
10486286
14454770
11009192
18706498
14183577
484447
12648000
12849655
16745418
18118016
5513848
31404934
6025657
118207999
12811838
31625270
13075024
131916336
16311233
131985486
121671634
33526774
132121543
16581193
22973463
12522122
5811718
335959
132416457
16846337
133891135
10749376
1900616
31461056
21001223
2647985
6495951
15171569
121155263
6059399
31199879
31727438
18878577
257082
1576528
1573370
2355329
1646151
20677752
119832639
5022273
23829506
2039282
21243210
2130823
33521689
29371912
123474434
2363906
4685647
117445584
18677184
121203839
33530311
14704663
121634705
4136832
6553111
12903878
17084103
4193865
132186055
15462400
17015703
16547905
131931658
121937031
262327
732600
12644800
97799
2567736
3701880
15457855
5801039
15006271
119509583
16277617
29852017
29618615
117776401
15666942
6259086
31949841
4457592
199
15536638
133791695
16293778
33091586
14683081
20967999
120366064
33259137
121335889
14987206
15233074
2100302
16314353
5833729
12586686
19162047
119080463
12779561
2556593
19334606
131379088
117470256
122189369
10494143
31493514
3970294
2351166
132346256
121438528
2420745
122222024
16286150
119579704
12852808
4784248
121205432
33332791
74937
31687745
19603448
18387962
19464119
16780975
12821897
121668497
117764153
18625047
31953457
132448209
343937
14357055
120302607
6086833
10779663
2098057
14615113
19400178
2340350
1864134
33264063
1838664
31728454
133967232
20710478
4202046
14714304
14691978
16253463
14942455
17080257
14934070
1377679
2069169
2468985
5840946
12554865
119802424
118001662
232504
2093641
14479922
17138135
2133520
2895368
2331585
16682682
117703535
19866561
131891384
1010698
14685241
12674545
16541126
21331455
10526663
117498559
2592848
1868336
119569991
17527682
4202126
14937800
119304704
14226424
117704073
16519120
17072514
13611567
1765384
29360752
122236609
6094353
8232631
15176256
33353833
33464903
31285305
119051905
121573417
19177081
16756241
16519625
6579654
2391464
18583144
15204882
117928953
121201407
31621561
17036302
19206846
4420048
6362169
4551630
4788297
16748721
118977080
2949199
3965058
18681465
32219066
4025454
29396360
33071296
133918671
31501878
22585930
16477655
14974986
132420209
12646913
14726145
229961
4784191
12781240
16523839
6255112
117645383
10683280
14942281
32051273
2392535
15241102
6098545
31659094
33133105
6233721
1841713
2825713
19172938
8294393
16768513
31460927
119332462
17313394
15204806
18120712
130055248
119766016
20194302
4513873
119321218
8131095
13099521
130518568
15314823
14680766
6000376
13901263
262158
117702704
14773816
131605506
3134017
4063152
123696322
12612176
17064087
20710217
119343802
119545344
2159169
13110807
10808778
15211984
2322439
1823169
131686329
4779457
119575030
14935105
3117310
32046991
131624385
33549384
16748546
13349975
2436102
4686856
14978126
132640688
5799865
259703
121664511
14942783
4173713
1860050
4722207
121573583
16748999
