-67184
38949
-11818
61495
22456
-70238
-30187
8537
-37730
29961
7682
-53306
12529
15964
66622
5886
62753
-30708
52446
41529
12771
64963
-21891
-37637
1646
-12759
-35577
1656
-42465
6657
-47262
67489
3996
-16256
87216
-119256
-32807
-66883
-78830
-26580
14594
26762
-15521
-26088
73
19660
-95566
41459
-20385
26215
-71611
-57423
-767
-71651
20255
1240
-94462
-62223
6581
-55855
-100065
23395
-25604
-1311
43803
94500
35713
-42748
-24262
-13627
-41209
20736
84072
62242
9121
-46406
2540
-38520
33002
-46472
104746
-48201
-56647
-34115
-40670
56562
16889
19099
-39667
-105594
19529
101312
-43031
17827
-77151
-8410
37131
74380
8408
-92357
-4588
-60440
-34496
16669
46514
27349
-43727
54084
41269
-75077
77886
31205
145
70849
-45031
15945
17112
-51671
65452
-13683
-82455
-22955
-21763
-12256
-12249
50336
-106600
-24983
32026
-13134
-1959
314
-39906
44875
99032
-15318
38273
-21727
-90946
43988
64980
15330
36435
14265
46392
-17221
-34624
-75188
4003
-51273
38855
60189
-70283
17888
27571
-36962
-60739
-112655
-37611
-40479
-18291
-35460
-33874
-21969
56355
-53067
120084
2914
-41077
-21878
4111
2636
2100
-28886
-31000
-2261
13723
13615
31493
11491
-54235
-14643
-15246
-54376
18105
35337
-89446
-13484
90255
-44823
-46957
54923
8727
-3042
-12330
-2876
-37691
-73056
64456
12050
5887
-68936
-72978
96088
71584
29582
40485
53003
-65677
8887
10859
22140
3792
33047
14424
34482
2504
-77510
63487
4934
2326
-94315
-24541
97297
-33216
44874
-33298
-21170
-81389
22954
-47160
1157
55040
9459
14121
-78925
-60128
6269
-11511
69804
-37571
624
18649
37750
-14418
32317
4539
60380
-61692
-52673
33181
-7948
18806
88914
24029
-8774
50795
8035
50585
5871
-29453
-60000
-86883
61342
-48855
37939
-66042
-81063
75962
71154
67374
35839
-25302
13101
-29860
-25209
12815
9818
39356
9921
-71336
-57230
44989
49472
26456
11326
54013
14619
-85733
85869
55723
-24729
-37496
10706
-83977
14542
31693
20950
11502
-2164
-14431
45450
-95388
-32902
61219
-75018
-33180
11055
30620
2954
-59144
-13165
13328
-75448
-52950
38099
40446
-23889
52709
-4599
90652
-55598
74729
40427
21020
-48119
22822
98024
-63455
73465
-23760
24826
-32055
-35953
-69326
-21797
12237
-8658
84892
-17550
-344
17710
53839
1489
-8073
20842
46204
-3831
-45039
-48635
73198
-1103
65182
3177
-77711
-56213
-97717
-463
77673
-50064
-4795
-89617
55566
-16419
10043
-61080
-296
32959
-29111
-21059
-63455
48145
11336
10522
-102866
107971
-71308
37286
31474
-46604
-24600
48868
-78118
94641
-47076
-10717
-85077
8378
32145
-71438
53141
-13251
-4380
78838
-38755
18484
6065
-29201
-16774
-28573
27818
20572
-89453
-115264
-16528
-11762
-12838
34601
32663
-47484
33778
35768
31054
11234
39496
-99122
-9978
-45884
-19520
-18339
88596
15090
76037
-31938
17850
17701
-39284
-57579
-35470
-56279
293
-50953
100552
39772
39581
37446
10816
11093
34486
41602
51817
-24043
-7131
-70913
-2307
61715
-70283
38530
-19130
77948
62728
53495
68933
-11641
-70741
-20404
-65437
-55270
29916
2391
-14318
91504
-9519
-66779
-29470
29439
24241
39802
-4146
32084
42160
-32608
-9887
12449
3183
23754
8719
-39203
67648
63681
46074
-29067
-72902
-51548
56234
26407
-11228
-18712
46077
-49150
-55058
14148
20110
-100617
72171
-57108
-50672
33640
27237
37401
59047
-37088
40409
-34478
-65904
38090
10156
-38032
16940
-39460
-72362
-30771
31319
41473
-23695
-28905
-57819
46109
16168
61052
51009
17420
-125
-32293
10721
-26057
-47479
3027
48338
93510
-54585
-7316
-75398
-24021
58191
-42624
-7689
54839
10805
30944
-30477
112735
17853
-69576
57367
-68487
-89282
72191
69045
756
17838
-36629
-18230
65501
24776
-17291
-27126
-5151
27192
54138
-94071
-12026
-17393
6944
-10084
-28418
20582
-16613
-17383
44529
-7096
24562
-1097
-54941
17145
-5071
-92793
-57803
-36731
-29083
59379
7810
-6351
-66535
12128
6611
-81090
57889
-5844
48356
-37422
88255
-18683
17144
88659
50044
55733
-14047
-11245
38973
-41533
14717
-28105
18052
22336
3706
81673
-54511
47686
-18663
-33700
65604
-48485
-78668
23873
11939
-3209
-29186
-6473
-68637
95289
-13663
-66856
-6006
64962
27468
7908
12601
-66281
17871
-24528
-18400
-53279
46037
-25367
560
-13424
-15502
53799
-33534
-6762
-50050
-907
-23563
7670
-7986
49838
46053
45034
-68148
34764
63364
17863
117253
-27078
11563
44796
-50628
-75629
53373
71379
-14598
-18283
-75701
-54730
62095
-33519
57425
-54091
-23759
-12515
56462
59668
-41836
80715
5023
6269
58021
-83802
-2610
-9393
-22426
-33003
-69849
-1882
-55641
18802
-98590
-42331
50045
33331
-28342
-22611
-33476
45079
-7188
-17635
21879
-53750
58029
14130
-67567
48685
52329
1024
-63897
35749
13631
-13367
-29035
-38515
4153
-25466
81850
-41523
-18382
21745
12676
-6540
25766
36850
-13627
-29963
4705
72189
11488
19818
-79263
7752
-66344
114875
42579
-71942
22656
41657
-36610
752
41400
18763
40713
-36649
-7224
9011
-23747
-68821
-10671
-9255
-47844
2745
4840
-69095
-41334
-40884
-48163
-14801
-11882
-41086
-16433
21384
35413
74539
-32656
-59849
56900
30923
13652
-12790
42243
-97502
-1279
-36729
7642
72788
67583
5616
80140
73882
-11145
-65044
57010
79724
27266
29697
-14710
-89863
84653
13159
-4062
-11460
27
58028
39656
35994
55703
3182
9571
14283
-24041
23678
101434
-80699
-8981
10194
4231
21481
2906
43330
-69548
43115
29849
-51753
-3829
-4520
-60589
-37275
27562
-70741
461
8704
-4654
-38765
54851
-54727
10464
-13265
-37511
73422
-36174
16658
12582
66120
-26878
65233
-68846
-3598
-47984
13438
-13034
-5918
-10167
13486
35635
-53761
-52098
20194
47613
44866
33914
21626
-87672
8865
-35080
-37923
-31820
102118
4802
-6128
-8983
35072
76711
-11670
11891
67821
-39
-40767
8562
-10748
47617
-49292
-42462
54364
-54402
-6307
3059
-47537
-59556
-34544
-79163
-11256
69006
-17756
31879
11223
29963
42973
-3405
45944
-42502
43685
15576
41915
4424
-34057
88629
-64932
-18565
59173
-43624
32735
-7036
-31000
-50559
14387
109885
16678
-79676
10578
78895
63002
-1641
35108
89283
54943
48823
7966
-3044
32236
35242
7297
-20357
20071
28789
13797
44058
38619
-13988
-38012
-138
30824
-48964
-81751
75608
36382
-86228
-62306
94769
-10594
-40162
-59020
18190
-14340
-63817
-19366
-10256
-42360
-52782
-75581
-28655
-22032
32150
1932
91769
84683
8723
-36612
34135
-95961
-13084
-2360
-59979
43932
-15731
56801
-100442
-8636
85021
-30324
22355
-61319
-29425
-41514
30556
99
43631
5503
-6098
27903
-28883
-17381
-22350
34020
13384
-20990
54935
-45842
54362
1254
65055
19385
-21183
-35974
36839
-10787
14862
-46343
-95835
29636
58213
7657
-15706
39699
986
88704
-8542
3313
33491
58358
-12237
-97763
38
10340
-86738
-12960
-39272
65819
-16417
-7548
81927
57514
67899
30604
28409
71525
24720
-42369
-11622
36637
-6211
-9094
44084
96787
7916
-6559
-7898
-78878
82778
20057
-65417
-240
69967
34644
-103735
-18203
-70996
-97854
8032
-52400
-8021
-3950
37093
22715
-35256
-11917
-42480
8922
-65801
-51768
31111
30577
-12207
57821
72289
-108418
77506
-53289
14165
-80168
5195
51844
-27704
-8438
-31559
6063
46024
85374
39189
-27824
-17705
-10535
17130
72004
43698
32282
15913
-41633
-19714
-6152
17630
23309
-9831
-49131
80500
48492
-14732
90519
53859
58434
66201
18689
48201
83644
56098
36362
-47718
-17234
17976
-27591
-47823
29214
-85531
18863
72964
-140
-15911
-1698
54132
-82074
10482
-56745
61904
-24895
-52599
8875
42206
37324
18818
-27596
-68896
-47721
30132
21805
27189
48213
-24358
72963
-10456
-69662
-45335
-31214
25580
-17575
17279
-11217
75268
30973
107911
22760
-15718
20058
1820
10800
-13872
-38459
-16956
44066
62758
107054
45959
54490
14476
61089
19946
33854
18759
20403
14574
-16656
13047
6248
19935
-23844
99134
-16858
-9968
-10692
-50971
-47449
72418
-29450
-53378
-36030
27314
-71990
33523
-69736
-97214
26697
25697
-55158
-90123
-39336
2474
69932
-71012
24887
-39853
36965
46105
6186
-58695
-56237
41971
34901
-23871
64037
21292
-77264
3425
14275
15955
-54362
-9029
108227
-16461
-16640
-6103
99107
7824
-47353
26179
65736
43901
60633
10549
19678
101748
-4406
48136
-5279
-70546
-33949
17223
-25590
-28033
56082
30185
65808
32764
44402
-47713
5672
-35805
6687
45914
19991
25687
-9308
38465
-33415
29638
-26666
-38688
68479
-2251
2908
-10286
-31758
-39391
42696
59161
-47462
32229
82840
-18344
24879
-62957
-79351
-2110
116226
-21842
26053
74438
58196
-24867
21270
-88531
-55509
44100
-33984
-57432
91479
25354
89607
-5648
-65517
-10103
-53950
-73627
-3516
107142
73008
43909
44414
1231
-52774
-8865
19703
10922
-14068
-68248
45863
13601
-24089
65827
69507
90116
-56190
-85286
-52357
-32398
-10001
-17521
-11758
-31186
36272
23642
-26355
107854
26949
15500
86476
-77947
48552
32567
-49521
-94495
23874
87669
-34318
26283
13918
-67414
3281
-79802
27461
34085
35669
-11122
-25762
-21027
-2487
3900
-15001
85580
75212
23174
15921
-5092
48130
76791
-7014
49296
31513
-68968
-44855
7256
-15353
-14913
76092
-12362
61380
-74520
-11357
-17115
-24856
-31535
-37581
-104209
-31564
26053
-28992
-98809
5045
-16200
-35527
-43510
21284
16602
-53768
-14355
75754
-34411
18692
47353
20276
-11266
-56180
85015
-33073
-7812
-22830
70945
-86065
22123
33971
8066
8776
-26470
-86229
107213
-12269
-2776
43824
-23185
-18733
69768
16068
-7872
-24950
-8406
49145
29446
76345
-11437
50303
-56682
79600
25656
-24340
-27427
58757
-42434
-57345
32238
18361
13935
7291
25560
15048
43338
89291
63494
594
-15971
-78404
-15339
2848
46885
1276
-2439
-46784
-12252
-32493
92561
-17636
40817
19668
-33804
16932
64846
-61511
-51690
15098
-53979
-33949
-79358
51095
989
-50111
-23701
-29797
-97169
29217
114028
-37131
-52807
-26811
2641
88513
-55132
-32907
-80436
2653
-46870
-44369
71536
68284
-63545
3062
36347
29823
30708
-42985
68833
-40020
-8261
-66545
10038
-95019
23665
49943
1802
23404
-69107
26492
14432
-68542
13536
19939
-102051
-9000
41494
-1395
66291
46696
-56942
6524
39505
-10543
-55061
5273
9864
-91767
-100550
-17632
10069
-58175
53796
67038
-63504
-14875
-45059
-68804
44272
41636
-47765
-52712
-20133
-56922
-47683
79534
-34661
52584
26098
-74460
20821
-21484
104613
76696
6111
51963
64110
57297
35336
21654
4225
11578
-31350
-36024
-91932
71902
-47744
37636
-57795
-31126
-45890
80022
58396
-63127
-12287
42666
99216
-23870
56256
-65099
-12876
17518
20040
21048
52676
-31816
-15304
-18185
32918
-16884
7781
20392
-68769
2459
-3161
65637
-933
-24198
-15176
17867
59607
26524
14910
-11050
-11456
110720
-46563
-65017
4808
-29133
-75522
96963
-380
35510
9648
9387
-61388
74659
38594
-16228
41945
-16731
-34847
-47326
71810
-49017
30695
23048
-62308
75341
-36463
-49653
25983
-20920
-229
23227
-44226
36913
-1192
-40336
15992
10667
-63414
16675
74529
33617
-53548
-77190
-8018
-14630
-51724
81162
-31910
49893
35123
-19258
-53258
-34528
27642
-21379
55478
33646
-64673
1570
-59540
17416
-28231
62672
-22275
-92761
-82231
29027
38675
-19040
-53709
123441
-70008
36494
2612
117890
30228
-89729
-23424
36156
-12276
32452
39431
42714
-8135
-754
-33155
6402
-25540
-28703
-16368
-65972
-68843
21823
20765
78720
34266
37726
-3567
13770
-12602
117
62523
-63246
28737
44416
63420
51180
12481
26795
-28661
47845
5594
-6408
66257
16520
-2988
-12893
13994
61706
-27730
-74834
11489
-18093
49808
-42798
-53226
42308
-25950
65670
62261
13349
-49086
-35926
-46444
63250
-41555
1691
-32048
-28441
-21450
53088
21068
27422
23261
-57493
-35142
46326
-29608
-101832
-24015
-99566
-31814
44326
-81873
-18347
91015
-54938
26046
6679
-76747
67521
-92037
-44944
-2028
49136
98175
24217
47347
-14679
-55845
28511
29023
53394
82185
-1666
-8232
-8210
15137
-5937
72844
-44037
46673
121986
-6038
102998
17439
44045
33220
-36542
20802
34451
-65224
62064
-55925
44527
-16889
-54615
10400
47815
-28050
71151
10965
-81233
-9472
65063
-19439
-100154
-27489
4119
6492
-32016
1727
18876
7820
-10053
25747
-11717
-70317
-25079
35785
31447
-58871
-6166
27618
52361
37004
47
-1814
-88397
-23382
41730
-16587
76603
-35288
38625
-59623
-10834
-8454
16274
-24151
26753
-32806
85531
-71485
-34827
18521
84082
-109144
-65672
-24643
-48613
50022
13734
14842
-84248
-51248
21253
-23692
-23570
-47492
-28460
43020
-55460
46263
2717
48273
88236
58670
90775
65491
-33179
-31703
-60675
62279
52537
-77127
6817
-42693
-41597
29209
-45437
16421
-38827
90218
16234
-4370
40155
-4140
53774
-85664
77970
32954
-15248
-15898
-24505
-12249
70833
-17930
-10141
-4775
23949
27130
-53943
-45252
-56406
-1156
-5291
-36038
72695
17352
29124
15665
-23586
-61437
92721
-101348
9606
-16003
-31127
-20882
104043
-47953
-64933
19736
-3016
-49457
71458
32994
-17932
-69824
-38612
-61339
-20552
70626
-20685
-11516
32840
-22031
29385
48343
-12976
45829
42575
30205
-72223
-55051
87245
-21047
-20235
52846
20052
56260
-8118
-63699
-55701
46045
64386
88410
30456
51581
38706
43285
-21223
-80068
30739
13346
63437
56478
13698
33636
42544
-92749
50614
91734
-27273
-11258
-76471
-32191
-14463
-939
43003
-34596
-19909
26436
-67057
-51160
-12267
59669
21495
-7262
30665
47510
44345
26829
-4039
22633
86998
41901
-22335
49083
-69438
74186
-8210
54276
-98664
-51584
70186
37401
-67742
45383
-30143
-95308
-4705
-16294
23532
-44941
4098
-61448
-14916
-105854
26961
15000
-38990
-32936
69159
77845
-67746
-48960
17233
-24633
-44682
-8072
14079
-9999
-105315
41329
-47898
-17775
27946
58019
-107151
43412
-21246
-24681
22910
35972
-11374
-79464
24221
-1081
-32981
-12229
11689
-4614
40907
-54989
-21265
