33291912
128196214
12878791
16382
117675071
133956096
123691584
12349305
20780535
324177
14427222
12284930
2103823
4497858
20971007
120095176
4999
133929592
32502457
6061056
131832905
119600185
3898926
4756423
15196287
4951561
14939208
117739433
1773614
4423199
13206128
20713938
6065735
4485590
16941458
120878144
14986665
524240
31720048
849401
5771279
33385991
18358601
12816376
31981568
121151487
4748302
229889
269962
4714442
2371592
12850686
130092560
13144031
33529848
586490
18906808
31626127
12615344
120128511
18944129
121372111
13369849
33333126
14689289
22572144
14680016
286672
117668928
824006
122154369
6222866
2155407
268233
133996511
121429002
20963328
132480518
6069886
14750710
12817409
17535415
2327039
117510990
13084160
16778353
121111232
117998711
18899063
17075726
14217679
132087863
12627464
16343041
31751696
2354241
2113472
4227207
16572866
119774833
298233
13926841
14950410
15143153
117666432
12090960
120036857
133694343
120385927
2072071
16311279
6824321
3932786
121450121
6126713
131920888
10759807
14691889
16781447
2452528
10523022
117645385
131920593
4166729
132378815
16588296
15217153
119795599
20222095
12816439
1319826
758919
2596929
2099728
131801072
12816303
18604994
2101184
512048
119528449
16744776
32272832
3936192
16260534
13380209
4169640
121278456
130777033
17275463
2843079
4819976
18653192
17052665
18706503
12621257
20243487
1025713
31695959
17526904
130588754
2326585
119600137
3690942
31727592
2416574
21175313
14676703
31622089
31698377
10744319
21820022
18814192
19476017
1339440
16806585
10539854
16610191
14984306
121868816
14738434
10513536
12808719
2040786
19141246
4485872
118790782
16584065
4001873
1896849
134185993
14429887
15990871
6587010
2822711
16540146
6336058
3740177
17563655
3701824
2126151
2404408
14717394
29880384
33531002
13346263
134153670
16974969
13134456
14774855
16751226
6583744
29867017
1905225
120029207
18412609
16286664
2125872
1778353
15019914
132349498
16645520
20970673
2686922
5821498
31491216
4104586
2911890
15004567
4006791
8344066
2057352
117650432
19108873
32277599
17268624
15232607
117470673
2367422
10488961
11010767
16257921
33349761
31990288
4743824
19656312
121594376
31690760
16551031
119014898
4492425
2404289
14214592
119824432
201143
33358207
14892609
119370824
17295951
2338321
19300369
15334854
1830903
16710216
19222666
1867726
14512066
4985295
4170367
130524103
33234615
269498
591058
19133497
31526990
119038400
594441
2064454
224338
15143895
10550849
16818624
119608248
13919703
132906937
33030296
16514551
20480952
18574866
18849986
29857265
19166217
10508873
17104897
117767622
130518615
988183
2300542
132150751
132874810
94833
29627784
33195088
18879953
44623
16981688
17302542
132643376
131868104
2142214
6595985
20683783
17101439
132346455
16553521
119800976
4464135
22319026
133951673
128022064
2159033
263240
2617392
2331218
237505
29826234
121409656
19623360
19103232
2622089
1355631
16055808
4525655
18870257
12611142
23428103
32244856
14189185
118214783
12585904
117474313
597122
14721622
18907634
2560497
15205201
17632713
5804151
3734462
117929086
31712706
1901639
1577151
118230447
21529527
6810808
33330129
121398777
558088
16575618
119811545
21210055
2331142
15412745
12845961
19395982
10998312
130058874
119073390
119582289
3973119
18870273
2067648
1834511
2089480
14913986
19235263
2560519
117673600
2584009
532295
16819834
117937128
12587401
17014279
6353016
29657921
528465
129991242
5239425
16520072
19365496
16523383
16813577
132674510
22998073
31465358
132371591
1892393
130257040
16610232
1576967
10494456
133918784
33353280
14361721
3911351
14659223
2383360
13112192
44594
14877312
119901775
549305
12607497
18948161
33293305
29400254
2126911
19172870
123560394
2618313
12852664
1610113
122390026
119808007
23044217
3937730
16345672
16539602
2583097
8162880
117452289
2646969
1864266
2135495
5570550
14889992
2096760
121443849
33529743
232975
16450376
120263106
586302
6066127
14963128
14713734
16278072
119709250
6296137
324490
13107720
17298312
13111169
14872641
23387225
12816449
14213265
4271114
16999536
132358264
119542192
17136710
19075520
12784719
117677505
1835510
117972152
119505439
6262768
4009449
12951190
31786962
13135506
2154944
117906432
16315064
134180238
21429758
16190977
119844361
2421320
6286351
1941960
121374144
24704
19435456
528270
117765001
14943737
6100016
32087671
31497848
33550215
29367816
17128961
18411520
133496569
265272
1846353
15401930
119805127
20651529
14753870
121927112
16553543
13140487
8159472
6024754
14913920
3994119
31712706
2104265
6545998
32244350
120294919
2584576
15218136
16740951
3704201
14943161
2056266
30944264
118161482
18550274
130285513
16577017
4654039
16842698
16580530
131894399
11014775
12906944
19174023
29878824
2391166
120058896
23372682
524407
134033848
14914505
41545
12910128
4186562
130522641
2355282
15163472
2104832
130288694
132846766
13184640
120320528
6238088
130097744
133653961
3990081
6032977
20705776
15169087
16814022
14430151
2036736
12906047
31691713
119448184
16380344
12848639
119276696
119829074
22864441
12882050
6034937
339576
17802128
132182473
4551848
16506502
30933455
3903047
13086386
118003144
18423793
118026710
121602130
3907505
2387984
3674170
2027399
6520320
31466961
119080384
332225
4197438
17371585
15015865
231950
31948863
16770056
118002783
16539799
16515704
5566143
20787144
21247481
120554992
16777159
18644311
33281482
16548857
33494000
120062528
120324422
17392082
14229183
131338688
120354296
121142807
4027487
258050
2653778
2667958
19440072
14479950
4194698
38344
119771832
3670530
119739848
2133591
132027782
118781329
204745
15196738
2629262
14971959
14416970
203312
14982239
2356295
322673
119799881
12910769
12942905
132878582
14938224
15110030
2133680
17032073
15007664
233602
15106570
18879950
123469816
119509967
16817798
123700167
14417930
10683457
2613745
24906822
19071486
19361792
17241584
6201417
121893440
117769226
746486
4198016
130252865
13103184
12909632
16867791
13084102
12911615
262775
117448784
132840895
10548864
3703225
17468416
15401656
20997129
1040904
31723511
19136649
21492689
1795632
17080841
2389054
120123017
6525623
15199793
4956553
1925304
5796311
18841601
120032839
14447182
18611839
516736
4526577
16260498
12882057
16502798
32830457
4391432
4687383
119735310
29881
130547255
6356945
33522176
31972879
14901425
119577984
2584591
6594128
15233608
14643639
31723641
14880710
20966919
15436921
119537039
2092489
16560712
117534784
2396346
3973127
98495
498737
6333015
14979129
131658111
14656913
4500936
31519865
121934911
2400825
119861583
133144393
15180672
123507655
44736
1873353
4259255
31489064
130286025
14773694
1864594
21241672
13077617
13114886
120007697
4924393
3932994
119047250
4263482
2125312
6091393
14983178
1609737
1770368
3940927
1905167
2293760
117658161
12878778
117718535
779143
134008944
16981182
31712208
16053208
17363513
2367368
519170
14388663
688151
13348025
33489945
12786271
119312489
36930
123241055
2195337
20493263
233978
119254528
17075200
33361848
20734398
31749057
18546806
32390
15432882
10510855
17072041
16981561
2899919
4496966
14672321
14586304
117535174
134017631
12628055
31921270
12652487
5801082
14749302
2190943
14165454
2558992
6030977
133984766
33291334
2453942
14708414
121378122
12647993
4256342
31661616
17272447
10814537
2137654
16845938
14717312
119595543
3968447
132161135
10985030
2393162
118219126
18649585
8388208
41335
21168782
14990897
6036431
8130519
756294
19402688
120021511
12856839
18653122
3969601
5865399
1639494
18671056
133471934
31969281
4162265
130052610
235151
119738817
117731407
21758479
3895864
18853376
4714135
122457658
117703681
459825
274047
14680961
2601472
2687177
2035280
4161591
6251583
2596930
122167345
132615849
19410826
20718151
14979009
120160336
14672014
10977878
6549441
122187145
19145286
31756487
122490872
31491129
15174334
16516119
18551296
21503943
1573394
4129792
512394
2851839
119369840
31981929
781824
31944376
2104960
17080193
134050825
20909632
19082807
23069198
3965520
17532030
16749727
14914049
117642192
294552
10518465
12812745
757818
117939272
29434110
233545
173192
16842311
17031794
12608031
31752776
13140423
4514753
20749394
6127498
16282618
12607887
16486336
19072016
33340882
12554753
4390970
14909992
286214
5239544
33553984
16552440
33095166
13934063
31784456
21472200
17100290
14917183
131571658
15241024
31990210
2298368
16515696
121405513
121934792
15207958
17007695
32190022
1641473
5800783
23031241
3940841
20738600
4501455
16245737
12875209
7090175
31687057
19337151
15401439
19305586
4157457
6368776
12841658
132326391
130642488
31493633
4263823
14939064
31759366
3695168
31678546
18908033
19463626
13303920
32010886
12849680
726409
117936184
119569424
2563775
4195280
119545983
4521657
3088322
117739534
121638016
1908354
16518777
14880839
4239033
6078082
117777470
4097478
13082041
2716232
119579127
13102718
120291351
758294
4519634
19137095
31464577
16281665
20972073
16421938
16559752
119275393
14454729
15205377
2863766
2622936
2069490
14655489
31981448
2620601
14388630
31534778
18674743
1835840
8225234
17531273
6362105
20677232
20717128
1634761
133993086
20679814
17498807
4460096
14614089
131624448
14512063
17051208
824826
12313144
14675398
2134666
14451646
119562353
5046969
4687298
21535870
20681656
16551873
556992
33265217
12615176
4772424
131662792
10744457
32022047
16285184
197758
17546824
131832879
120321033
359561
31690816
4392415
2425800
13623946
119402682
132387511
4460736
1805950
4656129
31648378
12813672
4959809
119828976
20876736
2428487
3968394
17002575
120579705
119307776
123498816
2125760
121627144
16510008
12837568
2818193
130809480
15236272
132619710
4431438
19300401
33035192
12619714
16581127
13082104
16806407
119512897
29371986
131886465
119337671
132441537
33313849
12889601
14910912
4727720
11117518
6230161
31483282
17265721
513026
548976
14681175
32043463
17060472
119607872
4490216
16273663
132230610
17104910
16351752
21011974
132149673
29584896
134053502
2157690
492664
15401552
15265858
6096534
32059390
6127096
12616624
120525391
18944449
119088182
132145688
12885585
17080247
121205377
17334592
16777168
2076792
17294862
15007304
130552393
4030544
3931654
118000626
16490558
22016582
2330297
18901519
121900039
119013824
13075334
16258025
10522064
2327040
130228799
2687423
131797648
14168000
12546049
4268114
127959497
31649289
21434247
35842
4816847
17378936
12586895
18390039
29855751
2588751
94841
491649
1859649
16048663
3145218
12849223
4219056
118060273
16708609
117768584
16625273
134216816
12321289
5988743
461880
15166345
14844520
6028809
299087
122223624
119571960
1577074
131343864
13108232
31221370
120132168
1868542
119604282
12807751
29687913
119050128
20946001
14458246
15168522
14640639
119778937
294928
3682289
33551359
130094807
132672016
16711801
133720688
118168632
132121038
21242935
12222983
16752023
14622847
6529648
119870591
132125335
117641264
19103998
31458745
265977
13071361
18710266
2851982
2399304
130515904
3694777
118785521
14913617
8344063
33489352
16801800
225856
17079856
1806465
14707833
18866775
18633408
121414647
12648634
4433385
132121016
18669769
2071679
31960976
16748593
16751623
16282113
4225608
4191305
13180887
16748665
2626809
33329582
298000
33389113
2601072
14941704
17497422
16817681
13177857
291952
2367502
121631870
16481793
12594311
2162574
119633360
4255766
121700799
21328825
132128760
3625512
119075832
117469241
13078462
238009
117771322
16777162
4713008
41136
1604530
29876231
18374672
32251465
19238970
31522254
18853049
6071360
132423319
117469161
15204785
20906505
3409369
15008264
120190090
132183039
14410169
21263822
4199375
13595136
1937913
120283209
14744904
14971278
12849801
4251825
18971782
1773559
5042185
117775921
1915985
2389183
132215951
3973104
19103759
132452809
4489264
119346119
121383952
21544832
17805760
21233161
4197504
602106
16297943
14786950
2039870
29658112
53392
31953879
10715062
120188551
2691214
121606592
2035776
14157766
1862274
16817735
120069505
17047128
16978032
14426262
17280320
130229258
14655543
6063170
119707264
15208368
6025614
1840001
1020296
19167864
21464055
2064448
1900430
17035136
16286679
16511366
14721602
128258175
11006543
7902202
3704775
13078410
307705
20753871
3963983
2356096
18841713
2358768
22864953
331265
131900818
15236168
119337162
467462
33226768
13893633
14357425
132154303
29593026
121446344
20229201
8160248
3961224
117965704
15002702
32076240
10553922
32476689
121606223
10583103
31432128
14353489
4153481
119564286
15021055
266232
120094673
119761977
133759431
4657217
130351535
3452537
2429071
18939919
117960368
17573455
16613505
31515647
17143696
16612857
1659394
14180800
12815879
32977864
120062015
117485559
15203840
133918337
12848151
121085951
4129864
19689928
16265297
6059393
19144377
6099390
15695359
16732998
12820498
118197296
466615
225344
117994375
132842448
17072135
1872415
14714177
33333895
132121073
14721592
1805936
33226569
3769282
132292025
15134265
2191488
3702720
25033
122221311
1912776
19174345
12611974
121405567
31711616
15176663
6094799
121434625
4365783
14648062
4722558
117452793
117997688
12622977
16978432
14156247
6058481
16482702
12849793
15258161
31970255
120095752
117506121
120054418
132411601
20484265
14689089
121926785
16805376
117989890
117781425
4915706
6233712
16318481
70654
2432072
14713791
14884362
16552368
130277433
12844688
4219833
14446568
324160
2097672
117905359
121404417
20950990
29397585
14750274
98263
16474175
487534
123506303
758799
4255935
20943038
3994247
4230702
24936504
12810184
18615992
117670351
133898241
14941225
4430841
6299662
32256113
2334097
120324297
5206086
117710961
4791
131928536
32308863
19045967
3706440
4686912
4653758
132452864
117973047
119603136
41016
486920
14688768
30938182
33166
119313360
10740666
18380286
18820473
16806847
21012072
19201218
2593848
19472895
20740625
5820608
1836599
2600009
335360
117776512
132415479
12644439
5996495
4224462
119246769
119542145
3935298
15179002
31990249
14906360
6323073
1700280
12910137
18871696
11211409
16551936
14713080
3910256
31986682
2190487
13135096
20545464
2617214
14680241
33105912
16311799
2650246
120560663
121311935
2323625
16286265
31731305
4467714
6627206
20725417
61944
132611504
15204288
33197519
31497816
14680001
18943934
12847617
132853249
20947442
119047792
13332870
1933257
22838720
22872978
4489208
16755801
4027335
2092089
119827633
29787201
134185481
16851858
2190456
19456086
2158576
12808839
31522287
12804656
11021824
120107018
132882119
2371519
12680248
5571402
123428920
20485519
13136386
1507975
3735104
2593799
121139151
117733314
16867903
17071233
8172049
16573889
130289985
16769482
14976202
17044049
1846838
17076359
594054
16254479
2630016
4485513
32049720
484430
24977352
117469521
19414606
23625288
462463
2650114
31457470
119333258
584
22903928
22893183
16048142
3731919
14742478
782872
519631
15016057
14913488
17534474
3699167
12869754
2063994
119788426
12361282
36976
12824457
31486585
31977346
5676424
120287729
16485936
2129537
14159951
120582538
33517518
20909952
2359255
17114049
14708337
130123391
18908041
20702215
119759287
17244153
4522583
33261047
168526
269432
2069202
2915417
6038024
2793090
22811095
2300472
121597562
3906993
13202434
132152902
8162824
33299593
15171615
17007040
14917505
3866751
2384462
45073
12644999
134164423
286840
2071952
121312312
4788794
3117570
1024018
119628737
14975487
31948850
8158337
619648
12856911
33291714
588808
16515766
31360082
4231553
33072183
4167113
20454849
5210120
21012359
13140415
15011849
2064792
29129
15497214
121872310
121176448
3444743
117967985
133928008
133701071
14718207
4748744
2074568
14741968
14385328
4009921
16719455
13176326
117695111
2059385
132092919
1846329
132583894
13234646
33488976
14426753
4664448
122254225
119536646
2381303
2626544
23041090
5759488
2351632
14934615
16820209
196218
12874800
31759993
17297920
292295
121405886
7867346
3673665
16257673
119074455
17270208
295161
121152464
1838217
32968200
2092744
119837070
119344769
6622735
132390400
16481815
119508671
5988417
133755392
1875896
4029503
121343426
120294920
3904576
2126790
19639890
12874634
123638782
29454848
4427791
117769142
20979208
17563080
117743247
31977656
118922762
119759858
33063354
31757887
17069191
8221319
1896505
2384887
12853328
121185784
4693183
12874186
14221426
20772801
11005000
33383048
14968200
31482391
15176208
4518855
6787207
12849328
2689615
121373568
121413625
14909048
15228943
117731383
117899847
109497
121607583
2629192
10548289
2063864
132124282
119283279
31949448
10518704
133738689
18637378
4437448
2960799
119238071
23567375
14508049
122393479
13042112
519305
117767289
745526
4190294
17008054
31200126
132638088
133739961
119765513
14943169
6261832
12677719
4787729
20997696
4722665
6226514
12882551
2892367
3927622
7017080
14195856
14908409
117935808
16261638
254462
5984385
29422576
15241793
5803536
11239575
4321465
2613830
4529785
117699642
5505994
132340937
14750192
20704391
16290280
132656142
3940401
1580665
6324183
132149633
6246454
17396311
19632633
324153
20481528
2106504
332472
129737794
14880376
2698696
17243816
123404304
29712377
1613463
1765553
16485199
14442504
17274352
2855865
8381049
29404289
33092017
3673544
15192143
3727425
131891153
117993871
120189888
132387214
14708743
4789568
15010745
22836216
4235199
19405832
29852305
6090240
20218367
13111816
16585264
18649154
201622
241641
20639
121118898
23068663
16286833
10791946
1843766
32010455
3670657
134189511
6005758
119370184
119333529
16684486
16605782
20742145
21000310
2070017
13082169
14945729
4256185
65425
16785591
31465921
121541122
1827322
12546712
14684864
1614975
14917160
4453386
36286
1842326
4190607
131625792
133693377
33313153
16216146
4236352
16642233
119071815
28622
2592264
2069506
18153032
357440
262609
33361910
4231353
31498232
12259840
13175296
130354631
31744121
16817231
15463809
16785074
15466112
132386874
130296952
16490042
463926
16486392
13132096
12593096
13078546
6122575
18158521
14741890
1929296
41401
16805911
2367111
120320022
14904321
2395704
199633
2629631
119021096
133959736
2387983
18392567
14966777
31953360
14948295
132025857
33422806
589431
16563664
