15183417
10718535
14979008
12856791
31952944
12878782
3997208
2097336
66632
5972536
18362967
15216640
13042159
129773126
119246527
2159112
15203903
13337031
2426310
18886599
15302776
2342854
14705097
117448950
13053057
2169856
32043529
22810255
13010568
1318513
779737
16793038
118066759
3997375
4207728
119824345
12121038
12822008
10687039
19112063
16557127
16998344
12659857
18911689
119581744
6349306
15439825
5774327
4726329
14713367
16777287
32223288
492730
4255806
119275521
16450432
17506360
495240
132386305
582162
4190857
4714544
118466177
130123351
17301647
14941880
587512
2338768
327182
491073
12640351
120007680
118164951
33088200
2165832
120102400
31231486
12849098
12809409
17363542
1584662
4720057
787961
117744577
3937278
16478662
4186226
524351
119316433
14650881
18675184
16556080
14708814
117828681
117673648
119243889
3968386
120025679
21561302
3933066
16806977
2363016
1621833
14879921
3695047
2392560
29364217
33361800
130098633
4132823
2623439
6558897
14688704
12919794
16317969
31461816
14479431
2953159
14909903
4783622
16841810
8189254
6302271
17329209
16749393
23065705
15491704
3408385
257422
1846854
503430
14676866
12883287
29633
132317946
4232
16252935
2299510
17010753
119296686
17240121
2142192
4657743
117513746
132185513
4140544
33112008
14914177
566406
262657
33095800
18648065
6283794
119570879
1794760
132618191
12648967
359928
19375561
29305
119054000
2104762
302654
2878953
132615574
16453566
15138985
18947474
31486985
4193674
117965904
4186809
15528456
2384392
234463
18350673
18412033
17535568
1867345
12393985
528062
14688254
10519990
15179513
119898752
132456382
117740671
531910
19193872
4133258
241302
3933633
19663894
15229448
480250
10822857
117830073
5858353
2172081
16544138
14906840
4161406
11804336
1371775
4161095
29369472
31779719
12815953
6259073
14445583
12586616
2130895
121175674
2003591
12612226
130380745
6037184
4162431
121613456
3944393
13898127
4170824
4361681
4231690
121175159
130607679
4230271
4198016
2064448
121897481
15242233
16784784
33264318
12849097
4800072
14950007
16715783
14681014
14720479
16380542
14646666
19601354
117674046
12815809
12628090
31486010
3969145
23302335
2860496
6099952
13369233
4491847
3735
15146647
14912910
15241335
129964608
15439366
1835599
3768
14909462
7086072
14967928
2432568
4416001
11873367
5021337
16282498
4158918
12845608
1832015
120041425
2104912
119857649
19177030
14705544
16811342
119246784
20782592
119205760
3699697
15376767
1901056
16498650
129793561
3994160
117685327
15527017
2323528
1047062
2811066
121378233
19230721
121082304
17260623
2068105
6811769
18355258
64960
31457344
3710026
4252350
6061458
11001881
33296840
133137362
16841792
18615375
12878463
14745674
19144336
16780737
130089393
120094215
133956289
117510777
18653752
200272
16577208
12647889
5996039
295609
4396223
132149368
14453825
17304703
21190097
2038329
14646313
2097162
117505143
15003584
14454743
4100608
6266249
122398152
12680791
131596742
16548872
1642745
17101270
11829714
14750153
6030407
6091792
6824639
19136074
14774921
294585
16281687
16747577
1875897
16458903
233662
33321080
4005249
133953137
117698168
7375
15066050
6295624
2170959
8159209
4784122
23302729
15000513
4696007
16315481
14708738
4169673
121443279
14418576
130321858
132480696
12091344
14475272
12647473
14897841
20756479
8254
15011463
14675392
15143050
652425
2359864
14483409
2134720
119049918
31432374
130056247
16555983
32047184
14954040
4424343
2683785
132883386
302633
16285767
16770544
4712
31690361
31652784
18703808
33500678
2356422
2161670
2135162
121373639
1864209
14740559
25162176
133697015
16754079
28687
119246353
2696128
69505
31494326
15441856
18948223
6058544
33033657
53890
2359370
132113298
18944919
761353
17293353
8343608
22847545
130576639
2334144
33296449
15470598
31401354
262714
17527105
524279
2366984
2330608
14477303
31937170
10548609
556105
20743698
31489927
18686914
17529863
13331958
6288904
16485432
33493975
11006097
8334849
258497
121869322
15148424
32214415
119300230
2421778
20746296
578
14913025
121416192
14946738
132652551
19456055
17042433
15430729
22346762
16019561
13135431
117478463
1573809
2072624
132939344
433726
15200855
7892927
119598151
14945801
7864
31940730
6082681
13218263
117780559
18359303
2821633
2162295
132412470
6033426
14919183
119579313
14745208
19369151
33361
117972937
263169
2393984
229890
2593927
599121
2874886
129725433
2355792
21234510
4752889
33528895
132480065
16868306
13206983
2133496
121121408
14171839
5836242
2314312
2356170
4260033
2130951
4730455
18681841
19196928
130351247
1873402
2130258
14385025
4165809
22613952
14160344
121573040
132124352
2440953
4497418
117511248
14975050
2172361
132124736
237183
121373777
2356729
13899247
31292809
4226952
31745039
6033520
4756623
2069490
20971006
33513487
18809977
14914553
2323015
13337018
5812679
25074630
12807191
287169
4260673
132842424
10722744
14388751
3731914
13365231
18411633
10711097
16777137
32776249
4247872
2591871
117960240
15233466
16744505
12848961
6321695
117662536
117943887
12648503
5218250
4750800
19599744
121573830
120028751
119574088
1880048
12521472
2331568
13082614
20963854
16720266
33336977
18875073
19112384
130191872
1667578
11075568
29590018
122089561
4686968
37896
18674361
15433342
17556982
118005318
119794239
14130750
31781950
117772160
131862527
4653513
8363655
18841160
132638193
454594
119603274
117478006
19140111
4514306
119275970
462961
1932910
14386063
10911935
14744150
33068663
21459919
121409606
1830966
4161097
13079600
10526264
14687806
2400790
119071313
119312951
16260671
13340167
2262527
33499128
4480512
20779593
131867655
6104143
119862720
119923201
69639
17040360
4690888
117695039
5791801
117899975
2338360
2077296
117538889
785815
12869689
117900880
121602544
119083095
21004367
294273
119761778
2096143
31722881
120032304
91071
17530889
117799446
117469823
132649905
132193671
451593
2330193
4130425
16605369
19198200
130318482
15297975
132677240
31759422
14426688
132357632
119274552
3731912
12386738
4466562
15663543
21033928
2362937
119627312
117706362
1907265
2398166
119833601
12686839
130314241
16518632
132354071
2163671
130027400
14425538
31695296
12609479
119574023
2423887
14775311
31895442
117743536
14909455
119475200
1838081
2073463
6295566
3990087
1639489
4435958
17240143
233978
19079119
2553807
14480511
15201480
14947721
121932921
6817017
4457462
4129367
3470343
133996170
2561023
120124369
6230609
121404936
12846478
21240896
134155953
2559384
130027505
1573431
93190
16306367
4131832
132378754
2363345
13147704
2825224
2266041
16524231
2126464
2265263
16489526
2850834
6083256
31989944
1773711
1580106
23042568
2264448
4706752
1794566
132082710
31715905
6193786
119840753
2098545
16579792
2334249
18910719
14621826
14443129
328121
121438649
16486025
15405512
18386497
4424714
21434489
2366472
3743617
2853968
4166673
21564927
15016528
12329978
18546760
119281089
31499192
16264650
2654280
33525297
2937922
626177
12930
118813759
12610574
4760054
1023943
131566919
3985486
5829711
120060488
15172055
17001593
31281590
119805399
15203945
2227834
4133049
30966794
4228081
13041672
2392639
132354502
134153094
134197312
4694206
12644823
12125312
31493809
19607480
3732352
132153943
130194432
14487182
33251839
6320055
7069753
786368
13894206
1803761
3747465
16809655
32793080
31917520
120086655
16568983
14912582
29630022
15003585
4169849
31396359
1576568
121569912
1577550
14724688
18358223
16576650
17310802
20942862
14458446
1897351
18932672
291407
548736
121671857
4449350
17367224
31518727
3696079
291287
119533505
130540511
31752689
14914161
1573257
39486
120095633
5829568
2523649
4547078
4939719
3994583
15180417
13366342
23007694
14180928
117731280
468488
12581566
2649609
22602296
15266896
794623
17364094
119574610
13052999
494479
12640311
2354775
121601089
132189833
2150415
16523392
13107198
1770041
2135544
2596672
31260270
12914746
208504
290864
119824958
33071119
15209463
426946
4228098
119369401
14471687
6845112
22806712
119770239
6545802
2071678
16722935
119337081
6032496
130326023
4190215
302208
15413127
20873288
14442512
5767217
13073009
20450903
5861497
200896
266304
4492864
31881
132153823
15237170
4461113
16519929
2334150
6419983
10527166
4697657
134082560
13234736
31486134
12817810
117773391
16555521
22785473
64967
2403848
120885192
14381176
2556414
14647410
117746902
119534672
31846471
31760271
19142096
6057553
133981191
117707264
2597374
119271430
15398217
132411448
33333894
13166072
17429121
11800191
241086
15175631
12587457
1840696
29429710
33258880
119246919
2384905
31686290
7867906
33493058
523897
15280119
1896321
2561073
18395200
14417912
15015481
550138
16609137
12590976
117477434
364487
1352264
121381446
117674896
4787143
131948430
16765504
21008911
120094607
332302
14423048
2818455
3641415
12591241
2129542
4235272
31489352
19174392
14755314
1547841
18669978
13336616
12783617
14782416
18707018
29589623
1965128
121398863
8363129
6062767
134054408
4560410
10494585
2064823
19402879
3933182
132881992
14672833
17407937
22580799
4205591
2331714
4456056
188472
18846656
4915384
6055359
117658249
13084154
1875975
17277433
13114482
20672457
2662784
32247377
15019905
20645367
19632313
31253504
119841169
14771271
12845233
14980159
33373825
16618440
238599
130544006
31523473
4976127
14946447
19145223
19633232
4918793
29855562
31522449
3927666
6291007
14647735
14421505
2716745
119767111
121369551
5771857
1578104
20976127
17232321
1698906
1343881
132219030
31400337
12612751
5017022
122392194
117642233
17268856
2163841
19369465
18654135
31751744
4428302
2489489
13107641
14745481
12350454
16823239
32280186
15461992
3841993
31815225
4784007
21201786
3477121
16512896
121401530
14712377
3958335
4538312
10784695
31679058
4526696
3677239
14879825
18932238
16610920
15402504
6058510
5973505
262273
117477322
1842632
12784695
14213634
133500280
18412618
5833912
9712
117641656
5894713
2375241
133664303
13077825
15036872
29385679
3903952
31655152
4762160
960
123497649
3960769
2563216
389368
5796169
204177
17141864
2621938
12824192
17363968
117943808
134020551
117648951
31956528
118455472
12575678
17249672
13181903
6093887
121729526
117768695
16715655
3996751
16547918
121434006
120299520
13352632
132320817
33514065
14913018
132349513
1519601
765575
61625
16724935
18877975
19595897
6291594
119061650
33299977
17051529
28694
132645831
16454154
1876073
31457914
13144007
119350782
2915342
17002681
2359872
2094025
2375175
117937208
32051218
6041544
119267840
257617
13107159
12939841
123703921
131890705
2716152
2334656
17069560
16994450
16982777
1037425
132644910
121082369
3732154
119702527
4006338
4657743
90953
6070897
16839153
117669954
33288640
3940410
8178
12026446
4882966
14492624
14718047
14717639
132181624
257080
16285057
11251857
6274631
5779031
4788279
2297362
133729969
15238009
16810582
320463
15692167
2646082
130081744
29695
11239487
2097544
130118334
16548030
785991
18680903
2094023
2337872
14778360
9290
12841922
31978033
6262394
10878345
12853319
6286983
20480889
13341647
3742791
17334239
121573946
121416774
20942798
267137
6353217
6037631
121313866
22863431
14648320
22807542
2391152
23384752
6065714
15211584
21728726
16454088
2555927
29430410
19570569
14712382
499322
121859649
121380345
14941360
16747966
4002362
14393286
14947318
6069193
4813426
14745593
263112
3706808
132457032
6094215
17572847
16744841
33328314
18641551
20708873
121569728
16288777
2596409
14659039
18612695
4427840
16714809
819386
2037191
119333489
119869041
4460665
6061168
13045272
15012273
1578239
119738961
119631759
5848695
204352
2110521
14902513
134050241
2064505
3994239
120262610
2363849
196664
3973673
121310785
18616897
117760441
2692089
117800968
132653193
56847
2167631
119279144
2327481
117940280
4096703
4464562
19622470
1025080
6554680
3975096
5566928
2620926
2162566
33030215
15405705
4415608
2825720
21296216
742065
31953414
117678065
117451904
1040382
120005113
29403081
32788664
434217
1805382
2089551
15295544
18886210
12856978
119767993
2371016
4689801
133947416
4023247
132120607
4199351
16260674
238734
122094257
31465866
14192585
17039223
117772856
2122313
120100346
6033335
3969550
14752824
4480023
2127042
4258362
134021642
1873297
123662920
15920
2822207
15141943
120157241
16520727
119018032
123667329
7680
13108175
2105423
2290177
5545038
18615801
1863634
6033280
15011784
2063936
119542393
19370433
295870
3958207
2658360
13099641
14738591
14881302
15208074
18587250
17502616
4023182
625790
2871423
15995337
117793336
16485825
29561231
33349647
121397838
4781495
6062079
2141841
117943295
117936826
4166615
12622409
10748545
4191055
3698760
12644926
15196169
2093568
4525649
120292233
18934742
3448825
62336
119276986
119045634
117637710
1925185
127064
13082118
15241311
3943519
4494833
32219018
118005136
234042
31796624
2688184
123503801
119824847
6382089
14647231
15040016
8192105
2338314
117478456
117728310
29860367
24110073
2621065
523841
130322434
31497742
2629169
2035833
2068984
121118425
4150320
516730
123497490
2137215
117903537
117768144
14983290
120001457
15668728
119759224
119333394
12680778
14912527
13368841
19374591
4231113
16577016
2452506
120029439
117706625
265815
2139206
130022911
18804801
2359327
29860815
16584760
816159
117704185
120888895
119239218
2858929
32186311
2331648
14917649
12877904
119279866
1835329
16617406
2625586
16545266
117710456
14159930
31847360
14979456
12815879
16576586
12874744
2076279
16720543
12590674
12946521
18611798
3729993
38392
31748217
119742134
16840138
2138647
299505
14647409
5992830
6004745
13312945
16773144
14724098
132906367
33058873
6259832
31527488
16833663
15011905
14491766
4517440
14426122
4259848
118222855
134196351
121990520
19476671
12787249
20483710
2126840
133987904
16752553
21229694
2420809
4988472
121431096
130029048
14242488
119766542
132408711
31758303
129831336
119475824
17273927
16310358
12906641
21959295
2593162
133991825
14627345
33387145
4469121
16277567
4164786
1875065
4166159
17572926
32072311
2679495
1840118
3908161
15433730
15175689
31917000
119481366
17048049
15205384
4161082
17002502
133513095
31789630
121421496
18842190
3677873
231039
123640760
10740230
3911288
4661375
18578527
2395655
119596034
4690890
130063993
119734665
29593478
16740759
202374
13048983
132427703
130055561
33320383
4550720
121606648
15263215
1847694
15270414
118230033
2301319
119573647
1908912
16942522
22881272
16524296
21004818
3960945
20934137
18361863
15204231
18923519
58711
132379727
1835215
14385144
31522874
3707287
21234626
2650558
2925689
265918
2100712
132882097
12284864
118976568
2191496
6333832
23630897
355526
132391873
14774968
121435585
12816504
5833136
121464263
15204336
1835600
2036214
2919754
4256770
4231158
769863
2368457
4194313
132152406
15195192
15106054
586817
6229390
234110
2101945
133857921
12230519
14880271
2879945
12837519
119839870
130510449
12852688
6037070
228815
32834681
33034760
2075650
130031639
10809919
29405175
1909833
130552775
16495159
2862608
120135561
1836114
121397774
4100111
6074815
14999623
15142424
2359927
133998200
132186234
19164681
33355321
4112
19373129
2354752
16515649
4194753
15445575
14480328
117931615
2723446
117505145
120910392
119316033
1868313
14708865
117764674
19340362
14684673
241335
6491193
2618887
1617865
2364408
15172017
2399870
132318102
20800439
31711753
1743991
18968561
18976263
14622265
295872
14749768
12787274
128446010
117939783
2196998
129528727
119544976
532414
3912313
8291727
12352592
2166793
117674494
4399728
14643263
13394353
20505098
19202498
5050425
232961
1795327
119336456
33525224
6263106
34113
13956558
16809928
20447754
21210135
844680
4701257
15237752
18817657
3990136
270527
2142168
2321936
8155146
14742023
2941007
16417239
117445560
119802951
15430144
20780041
4167174
16487313
16743614
2363896
117727752
15175353
132604336
4391895
13114831
6526583
4485182
14614919
22556546
12780118
33300968
18910858
14425480
4449241
2155064
120163337
12616663
10521687
17818552
262679
2339312
1850881
20508666
13044295
14687929
4288586
117637816
121332175
17281682
30142606
16457329
120098951
17047183
12912087
3415623
12607575
16712760
6275010
13348801
119476879
2044040
16520128
4264920
122414016
119829442
131891344
4685376
4194938
12555448
14163510
12943239
4977679
119043529
549440
8101385
20388945
10777487
5988417
131923647
500695
14774911
14709698
21437616
117972546
119180874
2133559
33260614
4230743
132095054
120120248
119016582
4747136
5775310
20685367
328313
134032527
232455
117706743
1843151
23067711
121175040
10788801
2364496
3708472
4198408
3961465
790089
3964922
21204040
5770305
356478
18653647
18866696
29862857
2604616
32083593
19866111
12616825
12882618
491592
117570511
331832
903
14445702
13344136
230864
14386687
32973838
12414478
21732993
121372806
33390072
15244918
3678846
119860840
117976529
117740680
14953986
132194224
12615742
2301558
18944377
16770062
2850950
132451898
29584440
20717120
17305599
122252824
12644799
18670743
2137674
14721034
29404238
3915329
10815400
14910495
311294
13078994
12885528
14746625
2875840
523697
197695
130536903
16605634
16815600
32051312
13340230
14934912
6058049
33492554
2305622
320377
16716985
16290703
3944001
132611977
6254657
119833679
22547472
130511879
25152
324174
2822607
131596354
117943929
1844288
16420434
3649934
33226872
6586490
16509775
14482896
13631041
29627575
564742
31818127
13104241
2592176
17327431
13272650
14447162
117710352
31497727
33199553
12848662
33500177
6353478
4193801
117482682
14651896
31945721
14954104
6394711
31823038
119311368
2327103
14930551
618624
31751695
1823743
2187455
15211711
12590991
13123457
66058
14918664
4812856
16777615
33352
14182343
14807472
29652431
21175815
15175818
117701616
15236545
33526166
11003314
120271344
134014103
14152590
16789050
4001746
22782568
1635384
6576654
1904562
259018
13107722
16293377
19230888
119512310
12611662
14942720
14933962
16781696
6226975
4130303
13104065
120094848
3899514
2297807
23134096
16592770
12820671
6386642
3935680
5771704
2133624
119607473
13377466
