67663
91793
82252
15128
-77660
9777
19021
-79588
53499
33729
-26846
51158
-24299
-16792
-59707
7952
6075
-14582
-34708
83449
-62856
-11501
55722
-56107
30839
-5672
-21534
22557
29085
36909
-13865
14611
29707
-66826
34099
6951
22180
37519
45063
15227
16318
-11875
15213
-5936
42138
1837
463
-52545
22658
-15760
55433
-42481
-17899
5249
-18982
-2822
-56304
2055
-1711
31158
-8493
14403
-19241
-79732
-71725
28969
-36900
64507
-51695
12445
106068
-24328
-30325
27096
57087
-8221
15667
-18306
54880
58526
19609
-10683
-15786
16722
28210
-7090
-95186
-2089
54085
-2995
76072
-77613
-66140
-75330
53403
-64506
92121
32731
40165
32722
91803
-52392
-2201
-72395
394
-107769
-30585
-44473
58451
-73787
-52867
12860
-49000
31608
44103
-84354
-26924
-90399
-72256
-14044
-41647
56831
-35000
-62259
-6602
-70648
29933
41193
-92839
31017
-40592
13471
88009
-13641
24890
-32608
45341
-103854
39023
-43438
-10290
-67997
20609
72478
-23510
3684
40084
-21625
-73179
-83015
-45184
-6012
-14098
24879
38938
21682
58451
-33253
-54005
-22327
41128
-71897
53579
-10541
62929
43542
-84137
-38380
-93836
2637
4531
-21325
90603
-29547
17901
54963
1061
-79282
32470
-6185
-34439
393
-23877
43028
15048
11482
9681
-16948
-29850
13270
-97180
50375
34141
-40140
-52288
-8610
-74708
4635
80506
-4833
-13611
-27531
-2590
-30159
61173
8800
-1781
-21619
26733
-9131
88405
44361
-33273
-92544
-17198
40546
-27365
-65725
-35963
1653
-40879
102501
-17663
59178
34928
-58248
-1689
-41350
-28003
-25784
-22417
22291
54817
27255
46625
54840
-40165
-23320
60271
-42869
35651
45022
-11981
-20355
-77450
-54589
-37454
76212
15931
-14746
-78287
-6084
14916
98965
-9676
-86511
58051
-26913
14185
-9315
22083
-38996
-92922
17619
-66762
-52621
-62165
-84693
9279
-33722
-30395
-74867
-25082
-77113
17285
-9768
-59670
55672
90350
26399
20510
28996
80292
17379
62590
-48411
-49548
-51264
23800
-19333
-17770
22494
-64538
-74154
-18501
84399
16977
28576
27783
31481
24691
8267
-29862
-71209
47841
53496
33709
68846
-63656
27782
5849
-49986
63827
69086
85241
-40304
-43585
-2566
-12071
-35348
61693
17270
-25537
56975
-38346
38863
30445
45365
13808
-46800
-48246
12121
-15079
44761
17436
-45500
-38017
-53843
55883
729
-63823
-79708
95911
-2152
83086
-330
45301
47861
35536
-7298
47491
73719
59779
-29234
-55020
23721
-59479
-43565
-65369
-44613
45169
-73022
-3578
34465
49698
-69341
-17703
10728
16677
-72830
2180
-99962
-18574
88850
-82821
-7224
52592
-21446
-27500
-22521
-13533
-49645
-15546
231
61939
-52115
40758
89279
101718
54588
50457
-32959
-71283
-84235
31389
-390
-110819
25350
-12737
-80005
-87147
-61921
76118
-19482
-24652
22539
-47169
60402
4373
79849
43786
-23692
-56207
-8272
21719
-14647
3951
-55536
-11836
68856
-59882
48718
79082
-22519
45755
1217
-82707
93813
-4684
5111
-91698
16621
17996
104127
-9908
13806
53458
-33125
39642
5922
-11845
-64527
46134
61295
-36069
-58090
-69913
-25391
-3491
-27428
108024
-55380
40732
-54600
-39430
-44399
-5979
-50984
-35817
25710
38408
52091
12439
-41078
-38232
-26305
15743
-28283
-46143
64262
-11507
9703
-79016
2661
32063
26208
-25674
-3303
-83473
19010
-5136
-26088
36522
78590
-47148
90315
-115898
-23032
-20983
-40546
17977
47883
60932
68428
68435
-79506
80209
-71535
4306
-77980
-54992
-46546
-14882
50086
1266
-43614
59872
432
2872
-67159
-60438
45531
80148
49847
-64723
6588
-27515
-26018
-79628
-40320
-14010
-10421
33471
51655
58819
58941
49118
208
46355
-38445
36821
12488
27451
-4786
-58942
10207
14856
6417
46100
18732
84113
-55779
40402
-98468
39765
553
-34385
23623
-46922
69047
42443
-10447
-8663
-47649
-77240
9684
10924
-42113
-6443
-86372
-69445
-53448
-49186
50114
-56999
-17963
-79769
16477
53096
35987
15025
-84257
27865
66201
-79886
-30637
1834
62865
31085
-67166
-90731
-80358
41317
58397
49804
-66265
-7915
-37504
-7488
29075
45491
-12242
31439
-3617
8639
-20773
-12620
20857
-2780
-96703
-46306
63983
-25073
-44876
644
-45253
17247
57910
-25007
111448
3189
77941
52613
748
-30623
-23743
41875
57297
-24314
-3958
-25165
-19198
92064
-1408
35563
-2124
-53323
36475
-10743
-45165
14280
-23056
-36223
-64391
37093
14373
-27842
42733
-45763
-26605
99587
12193
-42695
-23575
31155
67428
-77638
77617
61372
72258
33328
17076
-13898
-13172
39393
-5357
-54528
-26038
51872
-25766
-54798
24879
17440
36288
2116
-28287
39322
20103
-6509
-12254
-13414
-45020
-2150
54312
-816
-15984
-13166
45475
-22068
47866
63713
-4075
-30086
2109
-61960
48819
-631
12060
66012
-1924
-45948
23729
-62199
16100
-68862
-3521
-31021
-24695
-6210
18837
-51894
42479
41298
8228
-1852
60788
-88265
-64890
-26311
54140
-95292
24525
87941
-51806
-39794
-20520
17924
37786
-75839
-83119
-100898
15718
95520
-12707
10877
-89811
-70771
79640
14311
6323
24573
-6091
-73933
-11868
-62286
-71719
31676
54786
-675
-68821
-31298
-26833
-60931
-2688
-11435
-53508
62176
28778
-67270
-12704
29072
-61307
8036
-21422
15830
-50938
-21515
-7902
-10393
71068
-19591
-39561
97283
-10952
-62897
-25544
-42374
3858
-84626
-20684
-70046
8587
26543
-26908
-62689
-1493
18236
-10979
4958
-55503
80377
-44108
34965
71238
-53356
-31233
81858
40124
26001
-20557
-41212
74852
76953
-48338
-1793
-66106
83183
15825
97922
-51697
-102029
-2961
5008
-8008
105730
-4755
15107
92069
690
-35371
-11359
-17540
35625
22769
-89446
42177
-26032
17258
-20100
25795
96183
-2480
67231
-14781
-80250
-44865
-35805
20398
9372
-19068
26616
8893
-53465
-74127
32140
64487
-15329
16598
86862
-94674
-29169
-24399
78444
28954
-53604
54789
49360
8840
28447
4362
84466
-14928
-13903
-17284
7433
73724
3955
5195
-1699
-42543
30873
3597
-30993
-36590
-9808
-55311
26177
-38227
-65699
5686
90272
-10530
30690
-26343
-23746
91825
18471
-15984
22017
44596
-12351
-108831
20876
39241
-83960
-21811
59423
-52040
-78618
79109
52262
-29291
38978
39794
-11279
-9448
-13802
65248
32061
-41718
36153
25022
12091
-73886
-15724
63691
12163
92157
56878
882
-70479
27277
-33361
-114584
84522
-7683
-35326
3474
-45503
18466
-32107
35966
-42377
-58514
8993
40219
25261
322
-34326
43789
29772
-25071
32878
35394
-25969
-15797
84452
58346
73645
67556
8489
-89321
51123
49394
-9971
-103494
-97434
-65078
-26427
8635
17124
57272
-12008
17371
60182
100273
31222
-18893
-67664
21848
78787
-10045
-34792
49379
-19301
10144
66941
-71479
6278
54678
-63269
11397
10722
25438
-25037
-25897
38083
-67317
102660
58202
-46205
19986
46948
-22882
-64265
25768
41725
24294
64694
-14554
-20535
53950
41357
-28046
86075
-20144
-36612
-12494
1285
-81846
12109
-27842
-20695
-2947
26864
4434
-18404
-34369
13046
-1279
30133
-32459
-47894
25070
-71100
-89789
-67722
-20690
60942
31982
86258
-14758
18839
51908
-37971
-15918
-48166
37270
52996
35807
-31468
-9643
7533
34602
-78172
70272
26594
5840
-10925
-65450
75097
-30142
100484
-13369
-64795
-22434
-9068
-6516
-64180
47172
13651
-65683
-45690
-74771
4714
31448
-71760
2366
-26861
-19035
72558
-27834
89685
-15964
9263
93565
-48975
79169
-91884
54718
-52851
62122
4267
-26258
13409
-19841
-25615
-65999
-58102
45318
52985
24179
4598
-22291
-4860
26263
66783
19196
-94229
-1989
28137
-6043
19747
23325
41621
-30437
3006
63346
98330
-54323
32617
41720
-14272
53643
-23
-60953
56875
36397
4630
-48684
-89884
-98203
-37894
59113
32314
-9872
27365
78217
-75057
20291
-35945
-26379
-5063
-52302
-102862
-64251
-12215
-14682
-68427
40705
-39205
62436
-102377
20627
5759
-31472
28816
-59493
-18900
81074
-19930
1208
38755
11613
-2392
16571
86781
-84097
-27368
8465
10712
33108
32893
-13425
39225
-86406
-14576
-45311
55293
-57331
31657
-64081
-34432
19974
36085
-94089
930
57791
57746
73586
-4550
36269
-95674
9772
36592
-18982
88417
37567
-90546
-17247
56825
-103759
-11774
33251
20952
24140
-16052
70770
32850
-68427
-980
38491
83590
-72412
-5136
58537
11192
47841
-72948
-18778
16071
-5953
51459
-31764
-91503
-59322
78343
5170
-53780
16321
-17049
39508
76148
-38461
11610
-25250
11481
-9643
12350
-4510
-52318
-32352
36408
-102956
70191
-17511
14250
-78195
75419
-31637
14999
87932
36684
39457
-4175
-102933
55963
-46811
-13503
3763
-4044
-96505
-3712
-33832
104568
-90672
-67259
10991
14839
-83433
29257
64590
-28448
-47339
-90773
-17306
77846
100013
-40569
-48167
74259
-70448
26451
50386
-22725
13651
26359
-41137
22708
82875
11548
35499
-86045
88783
6329
49686
16394
-48320
-34997
-78595
-14310
-34010
25131
28582
-532
19257
33169
-66501
90636
-86281
-60588
27379
64073
31883
-23903
71975
-34249
-43726
-3151
3651
2303
19335
-61803
-36052
32587
-26870
-39423
4021
42251
43082
27140
37309
-49765
-27708
3774
-35480
-116203
-35992
-30808
22024
5482
5249
-66373
965
-47449
-1824
-29943
-29140
23055
-1108
-75583
16899
29293
5246
62115
54807
-38706
-82585
-50474
19161
-6468
-7791
-317
-9074
-79046
-21200
-65518
-77762
106259
-23452
12311
18576
19163
15322
11206
2864
14832
75979
46915
49605
2487
55148
67501
29281
51777
-34898
32221
17708
34953
10731
800
-31019
-80134
54560
11523
-27700
36370
-41091
-22553
-13600
-42563
-52871
-93816
10617
-9943
-45286
28411
-49557
-102972
-61128
36110
-36364
-27499
22262
-8209
30182
11371
-8461
-16366
-13621
6522
22109
-67990
603
-70199
-44467
-20018
24409
-31495
-10693
40915
7321
-10821
-31304
31643
27596
36084
43363
-3377
6740
25088
29477
-32149
-31266
-15004
-4824
12894
-71520
-13925
-5989
63833
-9503
-28295
-7922
-47974
-54621
107701
-2700
58996
-63341
-28930
-47279
79223
56656
20957
59609
-991
-12369
568
-9414
89035
54011
-63415
96372
-42512
-24863
-1450
-22932
23636
57221
736
-58614
64788
35050
49771
56056
44260
6982
-38559
-7250
22659
-14822
-59466
-23314
22419
-39506
31455
-52192
-76167
39894
-101623
-38217
-3157
67421
-99894
-29998
29822
-14015
30660
34443
22927
35054
9578
-97470
-66781
-17382
-33564
-62613
10014
77142
29972
923
42131
-44538
77011
-69191
-38181
-80209
60188
-2196
-80923
-34865
4093
8304
-37426
-6531
35571
50891
-88768
9353
-52033
-31349
68608
-7113
103107
14775
32441
-30168
-29474
-39637
-4923
-13706
8897
87636
44848
-48890
-56065
32112
69205
64584
-84759
74866
72023
3322
-25915
23736
-8341
-48865
72817
24706
-15924
-64610
-28866
17985
59434
31907
67850
79073
-1587
-57524
35807
-80408
-95792
-33670
-62958
-31203
21989
76875
100433
53378
-71697
28354
-17019
-13721
37942
15044
-32660
-94901
38392
46461
-42495
44822
101316
65521
-15344
-22331
104805
-17379
19200
52296
36913
-18279
98428
-97478
12404
61892
-34726
11410
-17849
56607
39744
41957
53794
50586
-39819
-19584
83685
-19953
-96262
46575
55122
13858
-2889
112148
-25158
-17094
13914
-17246
27344
-23646
34879
7492
-42162
4803
22409
-49177
-39649
-34276
28979
35862
-2410
-67518
-52468
87508
-7567
76938
66978
-26968
-52260
-15462
-24961
14534
-66009
-19061
62538
53990
-110247
52115
16795
48148
51137
70761
26448
-64876
-59586
-27656
-2032
-61297
63207
-84080
60180
-56638
-46115
-37419
40750
37864
62671
2206
-77177
27457
36383
34797
-35757
-8869
101698
70543
6413
28435
64887
32851
22920
29785
-53368
-70712
18021
65087
19974
43304
13056
22183
19226
-70406
-8895
-65758
10083
58192
-40163
13176
33316
37988
-64998
64203
-50415
-81259
-67500
30912
69650
87411
32121
44878
5046
-50896
-53563
-18578
70165
-49110
61048
-52657
-13321
67789
-51856
-26792
-39840
21469
-89133
568
-502
-5638
31057
-34534
-116381
-21531
13194
40803
5770
37688
79334
46765
108747
48645
56918
15167
-6455
38838
12782
-33153
-10012
-63186
-4668
-77547
10948
69070
10917
-46335
87465
-14493
-9335
-42009
-40644
11425
37245
-10905
42469
-26277
-45873
-603
103018
-15926
87560
-13438
-82992
-51707
33237
-23768
-18034
-24616
-24672
49772
99398
-43119
609
-44126
2246
-92917
18793
44829
-51199
-26687
53030
-79956
-12998
39200
-6790
41936
-29044
-33442
52802
57694
30317
59707
-9144
-43299
-46729
-3213
25673
12423
4431
-47298
-25904
66030
-28796
2701
-29451
29840
-56944
-24706
-18615
-26760
102083
39507
-76602
93804
9662
47174
-84312
37932
-878
66612
38881
-67632
-52544
81657
62389
18296
68773
96257
-30607
-23570
-85116
113643
3502
31998
-86904
-43993
14775
43880
68653
-51856
16782
-9429
36049
37129
45092
63835
-26434
11300
35433
68860
-69663
-43755
74601
-59043
-32082
64896
-86785
13728
72896
-31299
30097
-7158
8620
-23378
-43425
23399
28020
29516
-91493
14977
11314
-32034
-7633
-6695
34109
15082
-41620
53237
-106214
79057
-93162
-8445
34444
-27534
-3285
-24595
479
3044
46716
-47866
-78564
-56888
-21578
-40081
-24405
-16418
-43736
-27808
-37791
-10303
66474
-14770
42330
1579
48118
11112
14662
41236
-11558
16796
-8097
-1758
-6776
-67276
-46696
91539
-86100
48838
-60931
53909
-17600
-29739
-80817
37222
15294
61542
60036
-65013
16841
434
26114
-46397
-1291
45747
-72645
60289
27687
-41052
-21369
48788
618
-80204
4724
82141
76469
-81791
-87356
11887
33723
63404
-25240
-74753
46668
9477
-16661
-102602
37674
26783
42337
-95954
-7656
33061
-41062
44334
-14600
-24776
30232
48200
-46737
-21562
77255
-31906
26982
-77061
24644
44340
37665
-18828
13003
-8203
-19561
12848
-24870
55728
46897
44250
-59132
52511
55489
15000
13444
75418
-73686
-93601
56220
-29582
5066
-7858
-10284
20468
41356
-867
-71583
-89662
57296
-44448
8001
-46636
-25189
-70867
22731
-96934
26488
-32116
40636
51055
11193
-4051
28290
31268
-60090
-50568
18430
60949
18431
-14559
5724
-93275
-16633
13740
-74968
34340
-27259
-4552
30273
-67393
14618
3852
-76566
