1665460146522820613327941162141453144641224481530759035921
3079889149803047709533924436694355955222324735441969082999
4066708495587164737767482423522516367622456716437278130573
2550426090360241843991922801478048890931948120903367651801
616290460486266814125004937300353212775049140901433321326
3118222468071395178098841393124061205339642995249645120942
5866076801155166708319161548186199623103932217595275689297
4993256269766941180843350705783022501814492325474320850642
6045841681469146007240963846539640239961160895074024816840
2302019838944369705880127952540300584134777570646398600015
5654596217156796950200182056494847886449088332565299365533
199566150168819752210842068359843982988264008541860105145
4454036521279652097286404034585592388394672351725289114712
4716103118114680117190446251251680272137076409402411880267
4135388756475099463933579708620224176195011207764180822983
4973504764240419392631209270724414132331190350376299864590
784400378730913964780151699082425245363490323611431327319
4460171667421077394707708551436058345440055718379245625758
676845159728736291035748563458008656968930972863522342769
692235048137772760032560176837013573852967882377092078683
1941641443120390231423059633820330892056803399962114177783
2963512528796602507030803252450430268930079021395017662169
4054864137876184991961747287198133896283046836187136834299
5201413402410071147535849301471760342850820641916022444085
5798177100886586791219443631816139111027129654013662657258
3008162445678177886591425327217087366150982301098454921455
4447934847546190649105154915882886571736388669842127298703
1908116658229674996600518160741011280861804251144941272232
174923787579202746540192409967388541978114577309861620617
1115266952255809296329006446471939381320445697453728947705
5688471257357367167480245515831388048128457691344395778565
2193034731489877346690959814396171346422781359413696308874
93992234448793557118608525338590415799464261129199385814
857651772406593792621110190448457147437059230096505631096
2105338116582524889556252470702528999626563294836893362695
4973504379196132507725504161748702264801860046252288824507
317755280999910508520536697659897497537252584604540099451
1892709802349113297470625352252012966090092260465251426813
4036172123717053648218038996049940942923578489951419425349
2190082090278371429061509433051239931473896626896251347551
379059922077258005869817789899571388793743902061602088603
1805357954191021775204365907036568848059993666987810063950
858773227316411870909170503530981092821718855140717598248
5995514741124342667660943261618234273223707355305783076168
2390704728042055420917777016453688229397806071776615957416
4989287995391870320643889500791005772639815090266390919033
4141529448799333675258846392754135362935117380804844104758
2936162967165405971214355337270355352050333415372413330967
5789414010567591948697264287251498722638193332036349553593
16327795275967165772044827542555987010487831576485811711
2635832356952790843376319474587960177550194241101312354192
3126168326679246975604009273801029494955187651055660528656
4133196962306963104350486409286831048175340486641331790775
5654507528175664847541070599222149971982315766266423106571
2085349546660976780402618683285628004920397154974836479043
4840350829330028573958853668435256648540641343891730634360
4485186438395932810038929562699090271838095109291459703797
5810977522038470722328246860720203879802390535062871954031
2849253933625139665166940026882304541994692604174986469493
6154500357259660054159521401461092805302562559395656212026
261955311927762320642058735489354178744110443577625842354
320815904337602032260470082076613068249206698485436916981
1694879752890148482956490951497252633893973165559284596378
41196019828549388510409617045592505912102303022340284105
5775575421677487060286824322461804760309732070312602972271
812629021647638796867518096414914697711903835930890677609
84700417639084988480613402007823753190611436891511759193
2940467399936024274708519642690492908373133514293205769456
1402163613216894245302010294318225285218202972187963623375
5086194860367452483854528945421940163009905102894567601289
811722676963202994207165978407792585260543640659769531970
5779770003009196444082069141421333007824370834867468742611
2297792903919817429595993478138098292128984660542477340121
4848460987777781391846125017761408614057971774677065191890
4004500517198967665717795007398611606783261172850031589011
5786188287785395853295895484410965623332336732113184280957
925585692888917071840701057671138318761113940252591150459
2977492637036783592765596890193279529947433309899621366669
1961261624133749272935529080011016847421121420334009996243
1709495699727666161799299615637315872748727316387624380059
2580196333052486623550170335757794453809184610056234899184
5341835758093128182226052578115050985593221285564551125570
1812949584346314461954326455720271068462676440691665859449
2587211745733810713455483119831439168760955964330192884139
2295376660677181656007543334200003856662129431860338286837
6154134544288650043612764092261498657304433210233568367279
5290013810726000019358864664304115816416005063788848917176
4728149042884203776180883806345114085432773355245946551982
1163892260666581265101559631335450032683693801760299129389
4234613813530923422599925673799664724922060591365289890882
1114828259794906414720107073547928389869520824756268967295
4238399217213587410076305141621609924005963639438644515841
2143050505977872520769525019635388776348889155963675906240
195987087668467000736517894462865850759232691976300878942
1856265916860364581250744061635985009158528521233676574187
4894306158611806897961196695824322843958030818306912090075
6049083037091312818508658469523481198576114573909256219585
115984164618565548460916108494377175810724308044219077817
725568515417227653625691708532337694623140997307668659258
2286414308326690052264609206938740207219456799137415409286
2475584107750299861548899927782414360236803366187087884904
1581153029454988838767183914604849609416510844905505519062
1107190197240319801289963358905278551553300012070057237461
1496262604858204511565212871819726396656470864084014472413
916059005440365905674312523897650307218077535950354945645
798580660920745892684332508160666203264049896656813457542
5728856385331873897669205933401306443603096356878296560195
1374895831844959809699421369552409840767666906362986297299
2162679957943371755249556813593182988008770178764279475146
1410907012419185827877227517308711919877063166150077377536
5335178116853166987906689861880812476229970780024409545538
5320042800818295270039887047377891803872747378838614392051
2096785480550798294811020514124053401019834353732776386694
5334901413069452525209363310557345290760496495798473760664
319079948756148370615136385161252527747101615476681036475
3938663439886823936152600872543670567515173878124058086935
898572476264008996199125681487372179936201665534067583991
3923323373802242103163178915223341024732879898695602484143
4869248235466529454110338104323009023569841956627580563986
2269392143535388447257051056815077661392986169921464762821
6081211378289867942882087751686860031249919881326780670121
6256371661856121370538871803217874306263441161980567605647
2361798329072348186068152087356808308121384838137656357977
783766988056419452510590172573035121083344966041395335037
2129737379824941076994946394548656269455105348498782514115
5639168983905408884878588336738512794799820139121051559322
4539497595259956553576914481998887968353251124165921005128
4459136988852184106316856208187931433497327698000872304593
6004487252153467932347663374595555683155937374119604543982
1945741008429378743985715680277320585734026523760905478578
4873150497833693113554640734119456326027475722573858999913
1116092921179265979625612043253534040830491432808749200808
5509692230446418913279896966099084929792971287121696478024
195639738500574094873275194498079232187128996249328603779
2150361792585027259175627933079473953863756543411215136075
4538725626505829088790719281507175354709717505637403435551
5593541241784507500311386315760518193699266308324563605151
5870107118441814886725021377871613093124138439239927422079
6258490686231850944785641872506759129485779038760738455896
726202449003708491353361351885400473369511396347824073979
6089923802126319235078611846071729461207868130022608119235
5733202883856576692170264564825673188646534305387062803034
5506028343986698040979454884258208136993388280645704921007
2098538129670655141465547899615691545262770429626528787531
5592588886869865898038060961747561452210301219233066875609
1562624538430851456337264044538198758620752078584389236081
1885683919115137362789485024545577998827875499071846035486
1729018554702912908080127504548490025752431585789707016856
5383098488399893942288906926943167464081749153987038020184
4974324554803175706954530977854607138076811367980569731166
4556469280152168260152336089770194366363322382491747463567
4872892425660750385774846263449650758565347173656502952634
1580556156260239394976868222540001603609862601435043043968
1093198747712147142490906024788940513744140467495335600757
4632707502456687345936345688934383225624196622320947096201
5770514593871450658879039826182335101081736087483447226182
1799622425310252566991506681957704092097469616419111698328
5826624074906266651743479418119020172177127978589994713110
6081272856851616923837360205714378142017883737663564644985
2639383012327078727732593518556024990886573371175994855602
2529575453081226683807077982847472237705828301225374733640
857374418299369281944589233228488376108477312816949974878
2097058858635571430897316759574397523484734997054420647608
5097055136852668114622238162764271196757174637661438600064
1450115944963319423918625041436826228658513065456218779646
4833715873204241005243661829024423223184920701801227477615
5535367425855222835634637394495179663266414831744573415762
190952786317894829653896385012244504422215038394987659
2561927691520752677643402683924235143203963283855743663066
660712135529491588059764727093357512670344360979831672862
5834387969574178623798334245679093032730091345720729696219
6083837688643864990587513648162926835027570258556839490221
2879778131243706218149191064978655878974925979868074800190
4826052467235121804361202748701610355259210999668850848278
577634006255390249713847931030322363765479828886239572599
5199329362139353325758840796840723529542431444039426110515
2232462013166872330483756947004254295413765358847665086325
6248546251894822364815598926499195361277144605778585652215
4454592408962027143417962679941311343492288873612840725057
2959653809352374876288443808900666285755348581894733948794
513718344691449403800928867269036747205668677641471301139
2635575840630803964513997377825127075726028124454811048946
114707896039067438495541089199841497889908046487086178411
3953413151658053115411674327279869697300968491000482256475
1911113042836190331812879722897917033756879283882662056178
4055023312213295552894951609900460106190333394084968395240
1106878972932363153531849361506127279881196221628762848680
1847034021529387743898605450025685489420244496706795899950
1687326879875976401403332685019226783593086708333507489102
4059344138603881709669078434169757295339328367974345063547
5486160922456806303024316862029893881094769354796798813096
1095494209787130721544355228584897061683111719376289107006
6262331541141132363960449134078593228771857768174422580330
733615749414867828271816132651852677247418120558700995517
5522579614767199453745140378083053954025526740176466837611
868577425157831253576004692875962859332565230409982337683
5765206818188320943684063878621916702619032119763669868650
4294659079279407836475487942613668427289899006118873587146
3053768730755038432964355426297345243304817529813345673216
33885972311096776986874507477538736132810892728288148885
2542930535001023957894794328767267600776365127685625171977
5092749552339772064563376314418401201876859022070973775809
134358948416117472859240210521285402439714289998355830458
5233912399455396057022995668319150042177963964429171535248
1849900884288295788112420526732249647101730230641422163198
851185818656552955675704477472578254644584453090616994311
2480032131157840011076638357444904942336434896136171019641
1731314371424717821783724890324485127657546149936115737015
1644957989429256139179254414966824929951095595380490700161
2977213774119228498231697934439585540485422023519200672385
6172668734840834542066001700201605482235740302969967132414
3086845316975139032533976357554411991453982838975298240190
1406014453147848594645647700455180793456749761322327137849
5319861173097261270184967509762706757840856089581773351495
1008384301424410668347630305589140264518103641648429491866
5458313298553329352053888282751438252038664857189546578626
2375817818128899093801564791069348168295513674824995375857
3944826766494358234492404601274244574948419501070696602357
993274535909215479712058784581540581217958266321401113787
4131066981028603745390717303121695714327404050831297073389
4141538923250833525441196060176555218101239767102268909311
5660988118893700371239709609046138332709574791101152746647
5318216408783577230589929739576819270074725047563929987058
536161054504433891208092067678367066446521854085878876079
1614685950512835990246518894013659336350812282520327646850
6060859667070101173630842474006054484018417100694297006594
1156052102021649893674141275648347988084330599456399250346
5829223101074572578628016052304746797155439493436674841807
4897473776487469200491522364336630696785077324455807083861
519914441516792495177237974971397117542998179545237469835
986792002476447515455689046514451361461807827138965453917
749000461718105977673693654769039838832972746473742896459
2727839614666278494666205155971620333292962182312770381023
906840502939006897823306076379295024302758720452872852909
5427787971690585356943966340225707340252712893976289998286
5675433142890200774108698709772292048262410173097701932183
5481943929214306152269404044078302645287051002982486861369
732389631733066209386450302750534869880967053972312379721
77024891130153641618994896580683896649862972521447419563
5067704510514899083685045364837944343027237443113256031211
322443928875362901604851676346314241373008062553193516095
519895282170004974779451135577530634686680948008145059286
5615343961495811832225752191446912444311450268628463047287
662117836466626764304162520369968197660056038998984943003
2734520506069190376448320247532493749815327259790604416119
1665519864593995024171441290559239302816761170712109705154
1750580205254261786255081169018698773972812042035142430233
2573397455554603505772745062130373414762643770213053439583
2723035797124336491802427043118120727752381642587131656746
4167833897307277756409994470415058012904698261059088903175
2129275271023476933422526986116995907619002476563613561976
1569421038761598302122200799872754721288695787212024059546
888451648669911944439411523283167923971456146692499805683
5858797522418756748002578713135518526229545675278145725384
4280039989545258373860822175943986833597282541331608480425
