4060345057247886803690643619042703120254441988779837412605
6078524008556580201606739465497612952267002813421627090478
4007506071455395035043364358716514110560994777352603948982
1877507334731460555947230848523987606886977555252811231647
6009906874365373592588457553148388707021643198760113959946
3957092231210253704813638688099492016952463414997223315312
2286078787462177628822135800477048550654304128517148346930
76595926388494276901118885230115380499832307562970075314
2877891847572189377394201621424609606040321685531465537258
2466153248615502098365115178877128342841707184399311142002
1935904928680995270517462219650823662477269576927392266931
1669631121131210369621990121699777482435748136367983500990
5737297329707143016735381487855582436614869086548958481578
683198734193697922766079919339179256129072356608306864221
4206159987390470537164046243695555975750132213333277777870
628101197766479692608323779663939345024523973865964895242
4537360417316833844077338302845434208928830629970197183488
1874523443452992702885695111977608660981337710488030865305
4160752051416779004737457245242549599570872952275080963085
4107445136653753869642668580787434633527671058410349652562
5539159614844626885908491729973711637428755686442956946071
3018996362455735313462478113669488698092063972900838522399
5873167898434932877658727828323674354627017335347211400399
4681294216650126180450350573162314550297522633781568542201
5861797359974113846390569830894907040258649369048677799477
5595104240145853269121159088437202827112938850366203341974
2081114407045149357066315773439718737639376898469621326535
6031372091315677429253949747819094210290309531246763418731
2165739225436762038888728588182637692037284729870082897751
4896080064402740113359498785199268125401593059726120958888
1156165918393536630505615616944887485421113025441038703976
2738121744501094474542047480978054339815692095608412409263
866282909818100019708155591793650695896810282938274238519
756031025129402896478038831074347398640098517672829759675
1276559845159945989310066454585099948741596428916994010306
2249568308276285825414754913765491584924251181398032918511
5629048324494470354644582561999955305084461890771519111106
674532812630271796139529325626154322480842751521489957357
4657789057890888602247466973023282091675007484279176688202
2449522640688208636116225733207366306549480605744811570542
4755692761573812194340438885194920688582197858370845211511
4752529015256854958848560470079443949610643589860665588875
2713121736656159071656740587303353543998146546076883826499
1486302238756709967283960294321509074979441045833996823581
1103208636528835865096944633485478138909093347223543942195
2263871529437500516582558840141447924583975069193324490194
4161778234863211008255814253967888174885776130928180268662
4847055910882021518779715567070872520201914874295328467966
1283749354115415409967715076650440975513012806252430065649
1566453604117879022083758611901622416198201294889167364681
2553093147073845666692281049194560069207886141067546310089
66183803420932731751249936534770127915746013408230310424
4486022887402754743109530178255816990939242748506313098305
765919338440094217393554377380171850402025460991164462073
4033222256528004482282612649285167226730196418760093726576
390624060505170695216155843167910580004423775162879358914
4220518628598800249466413535167325226807946596892987339213
831845112591737518817433137525789219002100550989257057375
610293452828155961284194880084031379015856780487938142199
1160296058129911395376349350001584953226718261088659903731
2889118573669410430357766352762407763341747995177203719801
4283348419985397653816950243150392134193310095395038818986
6249748112937144966608960177388424529852670062932825337205
1099927979319835568022758489553048748498018231175524691465
93696157437576284649286541806957847559723019247811514434
588573680645477958387764851487015084915394742793178452442
1957187340383194328482292636660150455981303696497027003263
4995593632400229769959633459535212572432718087855502736202
32786456469732022370929752511357589581100274845540443525
4930641953153313795338262995907896607131827076246550732523
1167592174642703317405126481405260740373999184264699569793
4501679596477862231005687979757099314006404659694996611023
4623617327312397080770049540105256165586781010630885613938
199168731565291598268662906231672653115554736748495451162
5091924372941372174681428660112998157770176581293170417643
11440506966547408614960270408309000883710091733900567106
1089767850181126571011348926685480765144486518390974273493
146158539453598445976317762771950241899536211332942263746
2346762018491370508415627053765406256701027722239771468895
4313550182589610475025660543498675716196631409912619670142
6007413251086357717116984755229435951859092626967621775419
389766101731871923125903786160237570745075872714676516743
4090936736275234951159709300132542404729340915307532780593
238857107617373347999543283658687804222372163672003158221
6118226283655400590800677519196709094978718128010720568450
4528595394459073151649756520707530937315427152060514685983
1057983594307151970970655906500317419376165039279203878109
1546856418853692528887474648537953097695394240899092906169
4023968879700672173809522669416864688873395774844171792310
2132320682746933925718850202911052960538126610316011345480
4456113634392379405160067132967213506921847929984163489490
1830071245033072314777991008313751988421035769585764658192
2636245015581427770159373895876238213741346857620391836874
1934169435310380620624002513808028661956922249464644130137
5855716741510426879358034477281914843038523148542045122179
2437774353617585789818614934701141440337104105954479666051
5851691403239746376302524764897447014285134334654887499441
2546502982035548586992229246133077883833508145984165206640
280456178255231346990992230412023645086276296930791694487
3134605920335738424898347861835130696068641343080600707121
2181892632545526403994557936933938314246631917232337115769
1163618474910476626435886663762884388484597706388797744536
2615907670707453347027826312031944379373301202583961405434
5311278538099930922782998917348333601958693988911669811859
2420522822159690097932472649654017571696908861571103686578
5098611950369091877150795439473135995077699523938783191807
1508255160934466084853006514567336463751579589972870934470
2073346003824815008139539923453869549040176002559056047675
4201954149090875018908760635091190539593268829138638532559
1589957194797434657820558197101464987518063168703359716922
3087001905713604225047448621503326973238163367236745256091
6085178412382082056378607760774337234905727418123090986902
2185845138109307526728561751200967143104148078715158959753
3044762365693705146161729381098416728919487622756648845747
2688568952965032504658837996819569620912679824458419809479
4833388316812196416479569521815001979479437564956797352889
2488991389452688775107948231162093024073938960083760180784
6166399142993512712752485908234402961116107382236776276970
4809412954368376085314404541113298080019749597241663222657
2557803534871196992889978572295388624120041280765812102555
6191482949170819289918395294307263351731051351140173153872
2625773329292976757693392813888813031391042385346707668050
899068236415811626735776807194390575605467544348114154693
882708609025598961671811567584676922337165923991068365675
612024874355214573639248695323293508596653160777371712633
2162159992058765586085237401881705162906508138519082598635
1937314698130770699488733894722313768132497257161223847253
2932992157463306083831600183090918462177184764139231896553
2060875182799150413336014857531953529579509827186065194638
2466164761281860953044218483513429083862245729774060830353
4832097434238695588920164988722774681979334112221277263869
5699500101430322187792635781302936523760665090102456439424
3024280697075225129341986221473419510349692373464170826899
988476926392707497135131808174107068963945385498122062867
5407069352625122300601891815701575198163047389146155356295
2470125507026961817529368803741286033581897742648626114190
5706203096185539451030053611166172376599984066516742553478
1912121499432577475905160238259701354236070765460957996379
2203241364076486800342651094040990979506992076244104213326
5679976320646269555187181052012944970156312891681762309078
5996498643762155552179688811701150455484388881116707919390
280441871108634731988770337877673129679653344164214317469
4968749023716440894205276115991099892440436006078843130904
1339375256288329945237854858052704279292232241651793428609
3129950555407613275466093906748852763193960428466331356138
1153950061822839343288108246638399596860595068767283163283
766023695877091076988441364897090888666100252249489784383
2640810221404615082062774417432150734033647330259050521536
6115255895727775097216014095771659978777246256353370928338
1092497713335095702971934096962745501454490968663665649085
702579605461077302068116971789807315953780422135298523135
2448022935453210149348761469261447596497299840128127566935
4050427957502115942703821953437783970687805244994854753305
6177918457780652394081161967011898031505600736032670793283
4485214396863703301018742375733575993175963170431221544669
2524405202209320760697047239812359935335158399816521079485
2919432095613509308578422877465410481532435650236440027119
4112253364159818009362260606002616786550877220119117393877
5625471657809047432036622916303070914281754573851379740881
3074789655497752129174030606919801258090189701883698556018
5676349709415615914710045947289400751787783735309361837072
1336905285242621085068337001127998894593266084714500190070
4736983301921185725171127860985210663459274479765305089738
2200337674611378509032189327324801741171487833070322084750
5514246036510858174423327194987957486408690267009166372733
4168076699358933371982589738486753425002970862528645106319
2337338939487151778513566228999758550222477546133770417027
5307366653715147438830284511949573316379550754380801970567
5427576171533310610111042694845856475653899200194739678416
4294792518836642315834740302742511598196257166345483653006
5391110113585979764530277220576762647078830657112312293255
6096488871969624790025702390949812527763114711407715148248
5676773171606144414722750464902839577642066468874856371206
5531739148992506542807080650749108338520726019102616189510
846206863090491285700707574826370031964690676155141871614
1678639270133627245867322627021891413737860896374891685015
1483432254938859644353436034874214367117307261685156549791
1382761919604042226243337299267349769783194285501648216089
2571425042958705559981652316500980162807676482467119226622
701707165266966491055972615395155498226626599019013070224
2277106170405188469895313104956768013365438418237915038294
30481352892014110760676712137044334903271740862898150771
6215251688172627568462700900098059400764037978992903503746
209562094531974648853169740154744498188568283036646126920
3948723054403366473176656305137697718318499542878484714731
2881651617057368947113614676720696479327420105774979944605
5762117917139164477844493960768347166234128066330699846296
2942996045730991736451458170397811073537129010391056203386
518504465315733521409241408598994746399277894033596659009
6078410436359569773635905257911263555351424876723664778317
4141057556130027770307387171704306542361510058300547593323
2694528309001675906533917158583624793104496449152274834986
3038911093775912246670703932024125202134059635642608968363
2735593629863520720169544460515467317750349521891360280969
5798013710517619578018644839061254743771514213902128017480
3018505053405601919188551598164880528758517146576006407671
5663683910695098000206709613043245724814095769157449891145
2662372292516393348900082691541527861100193698939158853033
2076770860096258048914925517083529536014070784449687620283
4537864122295624809905930191213932408317185043237253626447
5558244910177291772069600443468702615032011880286933188473
5001683326119309503125049887022599096620561422809636572251
332244545897871374744427744764080442444529514604649676974
5506827757152997037325384329363904630511928550931315033710
1310554251471627549327815254470234163155595466568127993481
3119346046980876698624279003046470005266165325853074521166
213096156582284012377142170840647298023183332070027720258
5780568404767870146582900431966900074542371876270078810989
5505131812930593203786291962526732695496198089566345044931
1540858295931384338785179659113682199119697034906017158743
3005817871607768755027357560428733516401738165886708364678
5800339136559340906519972111877518183640445909766721418371
2107540847642822423384496711189359826798542886179233763759
1575044659778678797133137534023736885948829421824622365589
1591311844350286207432805395593057781427162789665006349549
5809779280894274053330470169461604157587679017123495407594
4711282730016064527078250939127522272866181047068698126858
2401657847497643790226088577595856272606252963161202077295
2959987695133400117193557215754793332552889053721853869406
5794966299013526273211340281682636667644283258218167630762
1894023531613168208974674909356095402976927077793744643418
1844605942539275199915304895709528381788579508633465527445
798518985582099727111429138899604580835029015244283552631
6016928002818284892190815441408914249145156217284156283861
4252998184911348822334515084488966739976222942850941711755
114500641244753732941329098499835792906524831111648240157
583906715501720592917797931186693522865137350738799034963
5301320643191961894503562707620700494399237438196602669017
6024368192998854661068380653307619331607690412318056077979
1157105222599091532747852104166108382891825155622004586203
2108453224887610422408957071901474541091558293098190602251
3925945092777682928486006492248222013162859178438376225921
391897909024046349498886302066504470172033172173383591471
4715657302780359741640522459755280656992401464630826571474
160432887975656758806148976629763188490042224757537201549
4136325600057735775337136899272098421561340297375713776587
1103023541057904188581606298191505061704503997453298230642
4928929929705447448120015623101009573761778239388418521968
907895428864588158394511127183331230489457880262538437103
552940286193843798103231438723916476099452790475988426870
1871593485646134030954728285638248883727455221387756333939
2990597343706678875588529662311368071659743049936057325209
6226737373345913943273788371531048096865203813054072598074
2663732579336869513656789024692034562213481840989700592527
5015545651810217123727584774018894589922396350000064909911
6158019379686371700588749554434085077174843081295185689118
2634527351265924711143576858152461449166914435158276348653
802792251494965960910290489446022202023784191786931410576
6019831583297281921915874232865813514687903855134319262941
1096079997694214856879051943140666547303375160867232058096
192961621203962057311837721449436996106425722490133116106
4023779052450820432404082888792884311102070083826300845009
2954883842187497842413089589270974049170713401416621399752
2473114015156928355568992323407238517133920333242105412206
3935017693412604807686523608711942139359930329620271518358
