284484723136463767892446475700549303527793352232937895873
1125963604916350638031380592060123316604725475722248232454
383438183393864359457901772581200294241268789061857502703
5040997571290464229258678689020098478537009644175911747435
1826740804812704921694298654078444699258420916003275078639
5881620416771049083564777501740112543932167723759510609424
1287323430368128288161989701109459678994547548837292127792
1299609451924705163224561181710787740621741780350834120402
2450297017568604018024005622681793507665912064387300566598
903233518087062260748221080778895876575164374588123214999
2384245215305829711136703426911188803531030940402216981451
1444736650647418915183664359566227613615033377327108875790
243157475049015517690178886588100412736074193644010660985
2248117803372256575146696893232002310003593321650023007057
4220517466753194654372611109644435525262550671845581421075
6102464164046821415701010102631345515107211720250914772976
4496471361669239173613131012232624180665470935917976630869
327038088900112431605744156311023103940787568453622504845
5620858040080051278056401813931012160774373925879463326357
4296111023372270188855405724962232174785959150323886678344
2130257724156439613121455623371137289560005713299071378681
1500355504527431622348965790684749078946526350668421947290
5226932836580155076801244735007442523206826863826028106285
4526971666662067021562691667457668134143688625439333131287
4165953751984740267734738162459877626170827488632867821533
2418039430974153246394174495846489929302478295617098575857
674054092631457826553482021940608107208275402465283887707
4004991986752103401730267165149011086118298579392360952205
4833297278083898168357493008470750521037555039954411495088
5289112479813131606394039703409664224702683519522794990666
1766075066828385876578710253026569536241057758720635665945
1116121598413971536313020613760733116478731872164050167357
4047060728021342574337251781777607354172247424827685990224
5358933010944518745924016505497344988502630229294244150259
2394718481335691442675957719931926822399252951118448518811
3999866634248094303225906845660094414831499238090384253495
920455759141426240399537227719823491971472710636528729080
5392306807311236713652097344851295122188113582074480234168
5312101686404277705871904550429049099271990801354034503
1631746043134311995118388638204965597688444662798093949447
1384486254563403810688323259040076488515305282099347242941
3961495840098257309111506076132783244145860395728866611930
4111294544035474625056530633272262302780420381757992721974
2354314417073830871942367979555767437718422629586764806726
670300484538346315098797955032859645016090493155151742485
2530093757932131006829338661694030702615261027212265869482
3116160532714790127533259215471390534300501651488857403592
1474672886771853134673714826089170950848409172914533588509
5762536362518213859744672759746653191201939510612038504448
1730017994603396825422664442207558641374590946482332175288
4159091821017342529893329211416229309511535565322722927304
5704645918555470538902096050308811794627302933388582300215
2181773337379005500643448492771688283117243315220700483926
340621881123453233887259729134649509688137855371654274515
4937554640110531593909411324937642232883905467934048281930
565235367162261714019670689615155474765591069272711857561
5298110714331421819881310525298031366924373740686797569471
4771072189143706040200233213094343911082492222148138556432
1175408048735998782535187742093706564640579677329504661327
4135115752567941451698285146438430407291197893811638213719
2393719679375290948420666319194633670502851790971420130226
1155684998560641389652052612347728729536701157156698815093
5588058396671875194149036142661243806381319372661711250291
715158100094120043063853701690025079970557813615824565942
6155868193082109794114190869205865332166717260015255387352
377500584470686605457451598617648936638740180921586806834
1766726332424942807327992103454875595087193539380965908304
5984018329839905364615444774144410933705376799120152319041
5036427496656072068785504782205300964771411693193658160326
1876173433197437733335494613747841893756211548312456401861
2462489911761153251191135718890372382891705060094785158602
4649859223031024813156997564160259782392703473787433685407
4293160956007257834351009040828487435578099918151097187445
5273261495499353437027928114717276980521943929929026417003
797451136892972400024738834362702116361172523950946330161
1398025883374776181301016121382471295224170987793247148929
6213191082053426224188438304510464400569859734345477813210
1549784373784969080607946543816983774111876373265956925007
1709830320412490517892880577068996199946172016936709758315
111088221812759426959066026374803901490214038293386846071
729291750276863745002976035470382664803857460625631088106
5814427793722842440721818108635650384282862637062220774857
1112164821770969302708834182187878453426242146505903160526
1954117374134098449765604997448682027735918822668174392765
244174889098098950800769724668730264508365074494708903423
312409966732100454923212185491931612217538276822054199903
199864899873915201732969057482274717638316748421503919337
566786649449662927226770990422462393709023054196855767758
1010084691294873861965819205044616622860430678700366323312
1648142244624558585853136979319049172097174914427208396424
5661105398329775678919021306679986416733772466434964203214
5282209346205191022407569265482006829964097939937740799561
3036387386644860002784261621448336916452126643627879950026
2321427589699856808417144013294887894480094102825631476653
3927716513808394625846889417199050548939455434968644248152
4489954506660810125171602485123255611926888403129767585773
1349627678617718176163409554832844808831641668408334661160
6181568320426658906835410444136672994615265657667469356528
41743187709816914131511516356119923254913767637695585419
1945973518272347710398796389586491378247783588909554081686
1597379601990797179685189532666548439543349468478374403833
33325828265258696354892233687593524913580646469925621873
880871812271125323339229477674212152640981868639255588208
1546753016554579200588878629841896409599925069866500101627
707837033333748864662105931578836602271721416728518276824
5861726973906765186033933604625566107619903948403059842131
3027019812660112208636270182407873519070358389544401795904
567046300294548933882903314068049533016176835961530278103
870218390187315910718742271281560178498728174022411636816
1566827308748561252335794239597575280333536630565555930799
2333599329529056394207931037035134912565146978546392572822
2283301639390854415598777196314679445666927801948007525318
5414744454027838419339494302391166008363492507836212573395
4952917638077955378077500995288292177967535843737920615640
1704593709835467762877932821570201400179451669360118914198
5399370118527440883781715192197948115649172797678423679659
765105088260587172558253019872277163887742174448535271243
5771906391490810954284853459122621863069042801591380377307
502450267697288642704261728864702709343452487641094204801
3039490066579082825245860870613208311278263073065812794606
1066261545598603806757641168353757456040635346981823024637
5700817227456217709054928185167754227119356952860564695629
1344411617036513653911986328178255184412662056922802198046
6216955576353297728726908364954874627624481479639107709848
906841762394392520548155047167041806456402914790381369179
680268786878087524510573359136404585112291923564619921983
366294591463533545622716350112093594294185266958459282379
600804355077577301596645518930959076777965118939772951559
1697601689307492406782268420457754378832926833506232739209
2244224473932865460601961733575799758604790423465199111765
5604664736977711524093712461103256875408875116252594367811
847934646506925581948232956929022036295157456310292537216
2244609619502930045735331576778726566567715778383198005062
1072627495586957196156032422980166996974450746949212437146
1854540135630207735675136559140397296979880630651865309169
5865374224560010942606398296587640828740114268321709317363
5210955760636269493924648587517185463745449568145064103409
4110018736016380365587545494481577920325705705940968538830
6218882339170268908273592104581407021068259297491080395799
670687539097811239554923027409603042996814305200898921681
1757629827049464020453419162249059261585152238856598925462
159937481281461897012690986409667787754384090269553747821
1025412050709040183614455712659748733078792903870313485243
5212572371016840863959016519139099228175498739403161576142
5513506136548474798789760297523001786656793475292972294768
5403047524227165154540519603360481926235430723571118829123
81398819229041480129796980687610964935605325520662143693
2541914382407163083820319946925262121574446916585746403010
5497490803445833017178499762749997965369513178886578603459
1078735220277851954749382925139067555025896492064404435029
5497412973603388785089477033456965567277166706107802788702
4869455160344060590472659100775353579383144596053200008583
2957497619245428007552891911957607969810983866556672064744
1774321911329891052126409134457194181860978259477745349105
372269645726785345127253603532064755083548234286339730647
5436456721670649397451540558647298765591009416255494722769
6118844896896519064058363197468063385242510535515941990407
1954441177691655018981602055613262287101860155141617443154
1572223383979966776284108916852729218859622577652815461301
6105535952144977995423490012151708688173967699538895087069
6110027989167863523019251550421129138931309651022798883712
2338148452745390605978018984557365306011863709427732750990
312437486741856345506090578502152744661615473290262461251
1297072607071753557724371099189952922566255083122752019571
5697654466364079088856250057115655747491861781582505057469
2535088445595141562979514959033526979223044949618169600728
764472824206545876641348400363681870889305809252003677928
2721489779553869323266356066397788819914451751047297406381
824718860533498258644930017262537410345278556928319531726
4118252383111040735055332516018937521166171173935299504655
1746061098559026068392696524912591501452604469342765633683
5014610893710173829712607024556090048731625279546849563822
3960345801496185238808766495912923410259784960320748561225
4005401945804746396021116064863854105365476762253401205642
5988057673641617704146397114466379948909811721776751137338
2460109691544946366534253518207596524759757900588513344155
907094076528667222143373253679940612680524640311562672064
5076102076941389315782309207495626874563620086183941865805
163861525872882402244450541209019664779238039675667647441
1512324747566948331024682411908493980510309743565004858271
491933306116003621458269407866210917250638555285654072426
888447465067895115290407222994709527000135781489578444536
78498404064662921892905338655369090805233385271927705679
5282293693133751908465365989530147631970227545786166460109
4153620506690166500601615997061038332855606271314893397239
3053281206898140384661244553109175944371076998200933997727
2294840417030898789976878711615127293223476914404955615984
4700484125286595344723944539932225428583550174102444127174
6252802196625451103597920526690528001753543171459159915482
685632918886651316403072639092617777674553412397178108585
198149751849963063045461798176700228661907485008771055745
1291736365981624748568942513869581539931869374326975437318
2662458778344867053601742949156780465661762343794305425257
822158177975092313471297018096697543630816880834516836425
5325063924547434944588633460914958913963146536367642569241
6151878015434884596895201114192852994000022392704489536493
5343895564962834672960990525406473929650729028946562747741
4217367621995751672217706346209108011034769899601177435632
4220340462610564156018238583330641073070988225714388400643
5097105014300327903423335625514945382884525855773218790801
2736843526075984045844195740644726966964771444730366230466
1482950310166227005460137077541969214294582977220725484667
5520314906207527946549360015738461101764022484474573659330
15581493783479924429097656026190684742142459250222936390
1877274460225939091720963590403631572524091514078764267229
2402539273998208679154434363101718481503668827569780897682
2959132990871702381978746268027346449050689001545460310136
5555511873332928633363364451003357393842619429383850553000
5296287354041885178052213202898705867283540918291914035416
364223035276495423058476299904926780206955541593361415366
4680031529295646438175949529327426017776431636324569767658
2080037867834039356965743358340514810496976385005837021307
1153822763948116778947152907778163930936762746022003147798
2082283617091888826684894713101932162415925842044690210985
4712133778666532060406337920662426607640621599450141472150
4479191010477836294587728325330180466940531597031915254189
5374838585902362326329691217525309968081185994531972015536
4631672577993415088156756060573448370107756348677977902825
3962907166005267855476667759355052502049900436315257551998
5694688988118228990713528293781408913567548599430431902795
1148360312194604662648217277490409710290320943886333410486
2267638453790346952786174410411205108241782694702452503883
1850301919795139740997995606595542098491312150105645121722
5693579753062546760373190525291924365873267961894074253739
1582687424640980711656362188814636433679684486376092011129
1410919215483730827419315032492905702067615281765590772331
3043889373825902808518155974138727229738521998172533515178
2381375339269616768558198955034478482423047862574546425594
622406633049616148597877055766146194003521697884177920890
4479951014722862895904415288894583812015430392707114626570
2524756462607050525861057478159257172824160722726016264730
4528916587008603414906088494505289467300448490622234144367
2597044691499730069795985046421455891409050577238587265353
4551768461595898730699433601139109035999232576962714333906
5342800207425244177660135605622060479032470199039848394141
5594200757010067848913093632979408967837146187871213086150
4113171218682388048329377771887788366820015292366042002175
2326190437666717443649475246977277326052691288933424139999
1791449123884652785766949048316783482984020204049510460159
6206975008735921190732017038921644583842802973498683465713
6015412196988188887955725364189235772668454643886786590061
4734209861705526739828374159692234765527339989381218246777
4030426627765461936274641265855426822724218645491585609930
5078278025364715562904236825043472903696337290633354585650
222183921915753316161392516944608744820361072174438917161
4576288698800469632812658581206798401300168516669548692936
2448537730383807764989740944496093167017885597521655224285
4906702506435449679620298754299450235341217401311012191818
5201221782177493089787100985996144332714343214963027546120
2940795630659813351797825785383539807707927434232477996623
2067575220870884606018209855932477576822318915667894502743
1082112149849771501265299948763229731197777709869769535928
769819533074116652255528957984825818111264068462632861561
2320096918509645511672407435290845830757424940270022366335
2971399148520239511909601140287286574601915147096811197902
