4537807128706972292105152126371070966723612462965635528574
4908323504729212483871204643457251128950007997838326157897
4202320799766423590213545522223079466077299368425146027894
721888874765696888806107332907740604340818790387657694121
286715737549642461718827426312671394116081339316744447989
340112599607009180130559084051428875920601278335254757816
4648278700514156550283098890671979389267193922589261800538
5072349095123377858888847670881590558866293306865934000360
984888800561429956923258098897145073940642180802314941774
5809881860601488611302434922115058474433275672742298662123
2088495471816812418231718792485823979728170594107153644190
4532354036486247139373059299969006130346997965118341231697
6194275404078040544404728652130425854717191304528479249866
1111344047413814004744897799571120914796126222146415907352
4973664833088888615272179193894875022655657352220506666095
886332896309059486636540030767989020918607352239418281921
5814928367386668986310918706717112334816674667293009424211
4978839249873204284954098439403537522950296516526281685873
6055521339386187525725167264285926147542233183007048660341
627343350712448103128200217265790568655375167623744117495
5305621506053131458207002899853729774194808935359107607751
5015495809984091004902784213142716553654949727092917203888
1494709678050990069027178198363449939971344761520735035441
2947375476009657668075381126624978084212411691423923564907
297208255974711417043831454629469451931528141568807859934
1402212128569670388223685030231215377442165356613175185534
4712297768054164915499863565155410596567113979226355106943
5074721831613771782327634245258221109940360192761447954285
1549909972023887963098225820596710705281472055454073975449
724538944170435929504121665512150600939144000981162179403
5861559631388420136937399306099671274850872976320210737744
4557352813150130400444587965571159046867196955824322846462
6252280897326284084594147544906334641832914878854936729518
909366322581587934269818723866431192896547742305855451757
490777931515596743552052977313972546357553856396257457262
4038385188806963928308192626042989217770485072669205100187
112633336800623688189522718555244306765676453044501618397
4502086488659785685991978072829695876625510843446700104949
2538459868789196733457452042351626825085359707798392010735
4282350111916799643737826747730091349217453609978788861529
6010689817252914712924759146837116054354989021377532434137
4017870476796213302924140871891810608450551955244801566376
5673916238354783455338347555663520299417681273227976863881
2648300846388789519128956677204774640429254674680765999062
675510950200363111312279710832773799774999736487971423109
6125663497317448673075021879785520603099273592978129789482
5271280102548307144259723199811190691033960256078149533593
86859277433246117993832136692503125322494497875969041141
2905850238283124986823049180772874502721801967759725763761
2076702444042280714502189440311312429590013028368265323574
3963793439498195343033539188641253096014182761033900359555
685535788641014922036934717181388286213965038415598074707
4221668222058433832132618764160397172221668481788612689489
1340448197312821846975548121271858389468006602201618953024
1885617105838245972459909634282641887785252786542860350575
6170041535414623405683042548121474270616724841192012962993
1346644465056966371051642555184389926047568366210729169393
1762241342788782456565071765884399664042138961099724518745
2861308305249899533093970378266312724868354516408123052546
2246833287109237287698615999370180663011296968616637570666
3124726125718145957856669401273721448796824674713276645288
1458165576642475975394115427194144274050153222672103447363
3128160958599411191643567038116449292654553788323663246686
5703774041586045851452111863304147149001876758314411933578
4213296610851697872097484086512087603705159240409785112298
5512980601740387790672416421520015642796634028696787777229
4712056467990382113026267091580636699266388429760425695759
4720509670995594408534716038303350124128775149307700393802
2592771024752599446439742857339354468107051080730728369397
562745857351928543948746159242926598742361630193755730590
4111194184403811412540782505794019943544167676081179564655
4204713687147511108189767749377406191901113816616227143050
46566546925408221542028424350601357514867641924831677074
6070842829427874049078089819658388395936822466871424023483
2853959550512943667058119766520929646880552804159118904202
4525225396465509443534957600045198743180346719519115336937
1474242514226732090565955379231682167693863014030210930651
2435409707138214898276511810930579432672465964279006001083
508338790545995632250251511201249890227569402308215290910
1149246480567709453245748200665157651511638763379166836245
4301648661546469658555797870514061281949148154270517116055
6125762439326274451635823270520269066673029959275167610525
282009204813039837864550721210051653200246745634742856659
1773140374890834488335064760249317744675958258352235489897
573343784117950136431333134706964791726520040651602015434
2954828704656286638211130734412478271652065986354208414831
2547364658041082445878494059439451006880423338366521093577
4263980710191310928575340217297670010751185485880879529859
4806174915573402001572253566966284348647374798307983801459
5359196136525571794268693635267010979513793691647356112383
887115606431830791044091756809688411339000915304348472640
4499840315621843368650082764751686752931409853977474094491
5502167326399854689683727963624535264211058407627171081681
6145778171563213741739167213392649534264173791434256211097
1464734713683233973178016224308705862353021034425653229136
5282894977819494146988536754421520519986578412394840060945
2367905826030532657346335874542194601429183079034508812357
4441771767988681384885819456080044242056740753728077675853
4210342193953175499112551320973148122826991960324205993674
2673635422442421607423133864632872256275971089869663223371
342099280861116767639676313906083209745998096154210079918
2881029106740394996718592206137806389642012740142885987799
4060753590956821367874293792219181068744844584153135390899
2922615993636178988247912990538774854733177365508085732979
1688493794412332049324649192429680339961623237848181873678
4211183032769707689464092680210967451206977244643871010241
2154288706375306218639723133801998685772742076217362442845
4246703909924728846159373867689384306535921506249456412393
3026426700375574214521626280684055894312522241323856996182
2088913289334412307584478957703139438451802086029177981488
47488442457991168035035423617684515151862166067808888717
1893200220733936932772214496924476379164512017847099513786
4912634021630610225585516828615809171278453544393464566151
1682419382852561232581124435262567659378787159900235290446
2146542534508577708827854546162077321589455342178916303914
5279717048230148209392442482171347117276123299712446404590
4635849575179400015229340024789970812705262899726406511941
1307291590255731626610780326848159927316552279304812564167
4099975287516589159480983402231408273016399271170578060981
6067395837419205698522343266143605635849297594016363020334
321513421290540645475180789319713030575814460280279721726
4552689131696518629817732716850805789108173921646669996021
4041403313904023351381480035311895220180156502749919406973
2063481265637243931849818156925961151247164090462728208112
4708434337354427023152547180570372476827279632872885564574
2694019392152605795677496996981948735830148335255645187078
1050127312548573980049747662306804018184951408964374043595
3136819063377606504551604919598968695478278847449781776722
2343835438389515948067625546740174132278802287613206916331
1633650285676658802004175545328123210013897595746802258550
801438582685109432428220210024550183729475935840103528403
1323742209636046004872168894264629172758316731985327668882
864072448022167890235101533640378259514569402955254923597
4110392503873979804121480438092675994605649955860264084047
4642391169246347024650821910928489306074901546792698532791
6251288906094701667346128492401867918986700182908074469958
1370800555506469016029018478018435714846632600328604704313
2220329920573609986440883867189913355308640027935269966422
4483516642643277643900327449771083882683624115788239988421
5864819803896434390014357313652317732228450704301350259423
3080195625833051602009123860330158769580023959748531763763
5580541363949501032527609209687147582452751025963477193065
1353531188016097576295246598512985604399328662469080812377
97098590478982551148796398279202851932684664072024091288
4155802704602909500680830902062736416565722497178291310613
2646805707443280317795541698620402140414052074683242554866
20957374759090304473476091794065408363443880523271169040
322561123622809296243084813862196308059704547920743006870
1323201122988990828738927468546979623520656882615430657418
5627304974265480758804082572967090070207675677936640820787
6157193101301163828581481262473781202325619341026179085999
6170832743314635221961360643254427690226510379472730728026
1351356863092027932233106192175452069052744665804940188653
4117656979603916328275532208810612262847210150699955114871
4535238016156452607330823734530320579355557906672813711743
1883458213071965637136754384879556658610547234733183245275
87322798915505403774813624973729439311857508052185023640
5013026895277994974852330816484585320170325145984681309321
4110566255505984795321210357193659738417776056108025186007
6046133390397845950977408781438386960254213463278004968014
5228476639306922067667898575983702605644747721774330452713
5778088217674459682030185241796359650537188519195199172499
2280767457732465436272457088957873509067755289155455409517
2131279302712240195924225512534811780668772521604513097391
2966715814633032512173217271949465853540140327948827983478
4891947999087557384968401375900237868625232986531419193498
5753535494182698111277999001812944166337852847117052904274
4019203917496976763582477300495066790591262939962165091192
5512428496115993098061141215118607979830807018606474667679
5528811208435270640800587856688772266094711570459791208895
5030067833771636493839774926581052547716960090965172802039
5443121151252411594560735323145784605448654255523679400769
762402016778852297907014627488536483841518867645090215112
2516098067491184395963114076044698139238160431411678840195
5693160664196375372359876905602580755552128322538113957485
1358366408176107510480261940261059754914821038997639804485
2873644313301719622757057003883266320290603340018315520851
6007189187558807044365492161476444857532236110634757771592
3079478397389452776731100369069597972052522196492721971096
526966620150805129990114871404555520709008092305110644614
778147497421300923695707400698798248501064253024519049241
528183498988501758396417914485857793205197187807779234414
223688871727089355985393809954548142662424332867735873025
4313876120268473187665495306739976371955169983172376733504
4950999486551410378843125266198741202044878590039701765661
3964969641142545495076614557654967814385539602690678320367
2318896759089444455691274742984300656074364703224393085253
4717338618731740113660230430930508385615357192860566843866
628653559569228936067638893012009154650199795874766960368
2277528610285051534035168765499089778699442147274943618302
2267545086535656636341436846797727860909827952715688109272
2227277927972104955672276604306283341358744264174859007327
5506608939124535876914558555294377283089411343221401768184
1395595691459059465396858707384354159068856354527501910043
6190108587966895084318437655100897978993666766956106363246
617242436681731908227650685735893653566179643775132922938
4128672761939671576179246985991848413096905084187862216714
903960996299715936249629458860956868759187276924534110773
4429248490484066791139804861666947144107286915165851320537
4608953077712404866007980701090902656851646400215688784875
1938822773877091168965333375929320956790414902223439655104
5704181824265856177946384160637645848476217654730830741576
5459978317378850676472491102909038473955822194576851014591
4017874035747896379237148843951250614392066025736088325013
1118918902302048866095806314854520008128058608719564846010
280327490414705763771839145233339469155805298143966071957
262587287282627234326471946671235327754009855008623480983
3111397110010546704965090255668972592726011117470561808005
2379465589204444924379775587438771755903959441430164400696
4525199723060711136884834167189073309255867916265938703251
5606020835030205346157547571856206157035097535138010041755
4257277061900513278075290686979683060661651733461562321937
1687403638971533824085510016674128279161533945805135076815
6190931097710563089993278625976048845239185000665156476354
4708215425076814706489932171106794307779786554925004797663
5297672856834936454306312725711205470683588957039781151049
5521808295946642768845689090768478065477723462063165742226
920809355733128628984420416970044847873158473771564884014
1701158290797542862181730376337458238396570292348046566120
971797980663641527602193373866764119223567697944021876610
1276985905272909089593827123851364819592291828668044137656
5565883612861492467657215317330684813811544116522488802643
4498884390709325489348037972636296721100587447808807855707
826767230542950544940957954419375388518900617521552513776
4186756883449059724590305023871400329609149169526551456339
4988446339687045277922823620934268722229180189616035936938
1488263446514444084193788745144587097144744550103252573033
960818956192495331702771864890840367425659903638696158379
1568022554259118161478537973997329008299496290572359949242
2266746724921184401005575574343388243013747988434850843353
2431711538757670873885512136521257176951173266049976729842
5012927997573256552209186431674132306402066134774737386001
1310474129359186151813203877874927245092523363679691449946
1163501741647752778148951799039773375495139303184005931998
6215262735849204601275360981813348220301917866132051440641
2734047004900544699139814269002470921621041142987749781935
2166886821190787466683740552840301223448241016972811640714
4671576090850231084610597140670567614115944834483262858299
5982915765096366642826540034070913129188888551979458621181
4504334306048932913786497476601000267194240919065380855946
1664637145543988182008856611926987294625815830844134700042
979084218836917968175896920564977699540203410532921582990
531293934618379493462649041442142647757706261932948236893
1786075419549171554190278792479120982995471704609196268690
5230820681187716942261825252895545570344891246191055143489
5639012409158203694034658420770036123333335708766109993487
1635510500967542507598321193302327937478603674825895906286
5496242875258940010339668506390049406970583117867512560895
5489847810017163522411844783827356371629710125695118512050
792300354228013395278030841660583772041065336354492708306
291416628950177050721039315511911519150017786690820237975
3053168387185593376329907099913178111030236726139586128729
4652100020231634690409537067472417703283382174341587266197
5988816998706810489766032598527287912986574399095619769599
1149946582620782081578406657687298609825796785191598202864
