44944814131025434371084018452671914276514385301069210320407
11797151656545391399638543964682376440621709228059014433801
6170212504868694379611883099472064605001686717187508178545
45003078495145256270782384658548247239192752371988856266814
2918848167391497554017174228926498874120815846880875126
686605805003616258927554222806571565917653393936232940032
186943917596394149381473243318035002907814806580384756680
7135321451647873439518112683709156748512311349016079658945
714002295707970568628636810085383629867316769051459687423
4731029913505155703045162071440816268031966192527353570814
890380247841855390404239099409604112875554557659322192320
4828947753542982490243075008861425154584535122267032806015
2269387181001238550739502493244095075507267075819210072526
127005940061418323502575810852995143559255885840015201791
5699547857366671865092641236439903521353164866538501542871
3054628736973932699657483470884902687835282287337151388782
1572861197453751748915507671450533672280873918718584012338
672721259499658049289254437376697971267191557619760234642
5601250577153737930337714451766908345613776012697032221641
614917541420880364800681327573991984163676133237706776767
5002620208731703014965480893295846603342763043746090652553
12529920345734834342534840266560175701667086870452983627343
11795479744886304872729515742446807766938055022133761054200
898396416168843899331820445678600319540777091839679005770
860094871912054847632724750537932625126651057786758651415
7049482539708611780121385416300107419067976210316835164208
45628886895846384683211093445457446107091504967377480005104
6954301223776572539405936237684827764816285996960985902841
6980690752297300614686018081225827372933824106351022084672
44904802320671217973788409375335255038183505059031242456591
5624660082439825346885170752319213210525912115364155333768
2351300086059369241956398834108154928643854069160464256079
686576705328525823416721840187652599332505994657035481559
4010492986354300489003601642799671598120644649174307828234
48742739093245750558880277118157947893462128060945016651718
1057045224253478424427826391990616387407239047302049177210
6341341592022164631951586682509780519631497390628364660103
5527782158623002847763193076675247826336767472505207103430
44946543106016769140386282694617301225498857705704409817655
6868671297244358662926437987546334226503176702969847746751
1644202401316151785513176935712295031756749031480407882817
1684191700045043377912636279008903363974998341965144487414
1803795137162271561234850133157066165683846899816335244809
21985862593205524245521863768150148064819776649261946361
102581134541875091189455397932442733690985961052545293438
44799086469968643589003134869254647885633667277824720407102
774171068027266653325586437324307539728984755409646580103
699177280499100863652856416088443197997724684425610395783
2235842514663766010694890896168084962739152886275951267334
809117998623042343654807656233704670579769308213741088136
2328073328389510149383228603054052985995218275719983150137
11006747725755980313364533121069157962309345322713149374538
811217737463241214488395045223746479444805588050514079352
4930014641677490528777616930134911879582718538614794908088
896940536303146786974118835765964018166829204846877609856
7294494005674127593211945915257457232197349097528262758935
1583288961946529429085616370866527703373005833712575979392
99657398541162583802156859680274482519823303727869289863
173534542976209025438657171616856403944530657254913929342
172959124101403481067808491106457711166179262800475582983
44626302333733542282654133504483398069368692869193774982272
7098465901214882023113300027350012968812551845655867524593
44225157407624825937123233908364159727464553416792813888511
4055174721982757387876586848046384987529411154437958333319
4047345327829909080788440968639925096686317003960318390904
6889936262188201057783227823255875186876311452744002507799
1471776066163055294463333995939559070837116925110557290098
11660782895863245547657032891171763235680048315345523507079
7957130279985347867878563550226612548535994934535957246097
6485500307569111021031028846946285169633373961370563190271
6409447221462413826600854967450148592760945505036098052593
2172722170104242220494520795425869240320914254459051905658
1578300462949275626916649690113873616638552055924244948033
1373337825649470362370047415238678154566275461913676058839
5699902323497180554492471322836161348952858325883904107193
44747672628501083709585803853229593144528880633253662852224
5504727410174317956999259169137979431373932750585253036095
2280595400362219660063960299179408888525365255029068599823
5706795132159757180385095425105113263381768778258932531280
5504918496498096097822221182860996458298788298991790460431
700924838063876212622262910857194544998611245934184993737
1383484331033027610664770862178443752881858178769402700785
5311823773390432065644492439780706945365427387656619099536
2252791642769015990941962299271373980941291283084508197254
6188551543430246483789079913042238071484980407895103992334
45522603953216612067072511480316001870955831946315833565184
6377102862753456947401169196752108276107065923922410641993
7274564034864671826559524061158229126240406455645844507697
1506589395478475950710490490840914894706689717563694604294
5325473314838685543959744990314963185684453786612025000952
5679670588922024038014830542515645945578755985395560509073
45400249257716618971839341562439670074945793905886631530064
5305862195482244165232593189239014468635884981777533177993
49467462762638730865475846032793459924050803161775819186198
5015520007630128049186651304845835084881393324352817951808
7089919695772259094796718121436169237050917487121552117873
5700907064484183053536934623922541743052490107586472612166
48659624383781920561020250259875390883335137600272014602768
44615788916304705089673707304326008632341634588015900193095
11008267949251355211425733849064915573680358045256352245128
78132631578065582450262025558880523137775837152037630471
685367392410385107470894262467236301910072559507528316393
49924301890737103766417363275873127797256439170239457198593
12369158037527479148513800612566249230486537843089623460874
49037985843810999580635338970897698773593979725882910576264
8534321530243724738122802694098223064380602846773017088087
45389097912429522960681591481386483905409249020715412214287
1852571934863047368260086414265943203882661475826058923015
4879466234115409514067519471171983889642233046705641418695
45302101770974801765155152919959980195151657260644946972562
48929727664000895041969403052667375778434150139874538222262
921407698617530381933487536592496161495427704696167202880
5004914549387601924998374944448584436719267749785096450690
7245473652879657766568189663245384681606036980087070957624
6865942520962909761994007103068056133476063117446772957120
6287681501183520213869485798748273551563914670657530732025
44955403435516967607930866097054950751180225086882859457584
5701248664744247171454449168423393832219062429827095899152
6265039401877881816477346314779007884353274000460691861646
7199523006112577660719847777160398052668851771352262577618
2898490972225074045950715100511602495446307814961287049
50141743307254260815351243195334125466762782521685198009465
5305716158302343779535532779186439190014299642729846244746
208487535351201687974495388514817438312391836867473961937
47939531116317531587334301279559331388840023347599461609474
783296124168167715104376693529750754965583611050040816063
1483477710400296573670398429698873011659129848549804668872
196249592234434298629889748379555599550495779788252811793
124109000146507115274961284148721967365274838870394477634
1371584672434428392126967248681566241256473171026635689904
4891890432187915049152312799152350959490618915693543652929
23132181208360389630751755164870426926227570660829658695
5484631775000827190127385180037480463285034230725745545161
3301878484702430936654332810373476181027206782894269943
44553237984689742090677368423144209070371287604174774669134
5383639585046691045110077810459366427806029917400157984338
1590951209602913959118052957710606332156555039882365109369
44718174277940461313491406566882638030830915171586952922295
7870939383708003576901441144592843493634096112143790743104
604958281740783543424349526081945613830006129654977729102
110383455314153164272476026524338814571108614579189982607
5590926487967644437878594425671657047726551499899731186121
1657968982955721876866812131057890570625131537242077500111
48808208823284868690667275876149168141360822621579241055671
46209933402124799965620530552837343280120038965389586919895
44552540876544136614055313300950515916411771172033320715791
5689031177421101881155867745974586350532747302606141911096
44836194734418973771960857719961036751004220213323362967119
12457722906577578557067471191483022669006588885734220829383
47965443340109033448146844912095856976050685263209415077880
7136491204490451855269109492522969078419536236093042422775
284807477523720866837712738447944737761987358530383900617
6389141942185918395187129811757790456367818574254787296816
688123422090957111182731552623144210945845417409438547593
50108995284267844767770773616793370049803323717803579833802
6180578881712279166178174871889417449297636963554710757015
8338502383830162029731830867433307703837049996779614371902
597690478971135071905162672134095693589955119182717620567
85867302530585698452483723257184494805144853140560211582
1801900283287846336288225290966995362298961663061469142650
8548449484318899110778266388875616558613078646467475021321
2260497480761889230944664208379871509878521489624708091208
89624143813163509924521684696595375609914315423889760177
4707470454551903113681611494842066202753018202231227933248
4818045980409169361748357405734939339677833778248779015055
797089574378773109315888796083842204559870696604366544921
12433106402271286268769175794829358477523665061442882307070
4108959426541443173421635527013185564873135202224339429114
194603497792954328333324709757710418972457488634066575831
2293734640225023384044093825112444970646729591675017994768
5491080392040390097138552435235646694267848139497707699962
2330936977085428563918482188144309878081326665228626399888
5575455619124434937054945098006122688961588605139349643279
6298841906756186435281179252288293253157659149653629738490
44821258594731307538602514382975371659266239102420170670024
1562996301070932363022726269175292017316276156142423445568
50095962248292292961899285061576233792518005564969980527154
1644373254291738759992504452639374116369861926998409412559
48899149045675996221919220448932738257451121733563059727
5483122439328516500891734398515564703082293479373200130050
44323455627938932735204436468402846323037906097685508711033
134713224253549100959766706980709278772433708639624597824
11090892471033450265567566080700111243777821904265942048753
44832729371065530049090265390066704008026709197267584774286
5492469631302245200155973659551255198875576627656851808722
905545542978870348390212274026623061158234767293251584535
43971966898500498277045229837266377165846623553390165136775
46198988413785831011140079906559230662520541276855953224647
1585265198650287005512778428045318504152365188404339350735
4920912078383686698648524652441034651360999191365319401082
44157685836006236697403052561971427761218646523226527428584
1754707523174969740745233945124924989065264510070429098510
46278444068431028930754225222623700850688331068813084689975
6179396216627338214592431655935571341404034858149308629514
44703240344212531703633562591291254213132021357844678053391
2903037950582098479586556384747123527678042836972834825
2353574268161977753722608427415138725175167701799534137920
125640367509158234915757608339780812932030547242876933056
195803951234623069518306602541357915367992912747199758481
664914408318367432291229723613690293870278324968830788690
11012465773645000652799640075816438570129639073213858189831
186946122247036251759236494991330952751991497789401730054
45486186105444686268901210611700854516325930414582230412346
6091164019490214973638018872454059493151489520414706828465
6494747067768403342035708430449507154200624223806212248576
2363281811040674598474524875471279164106160578749362666673
1584402969738167622939093150663476752721956380167122985081
44555419884313731755934215990121199441893765561655733715449
11858212176440911871799171638139968924638235092726201770953
5556488302019219862925844855766609490032912198013179954257
2527229569555260934331753192095260231388988946802980450295
45426805268423843116661553301622853190205548057761344195081
49959171973183553601588767114049241627665649381260866328008
774056912725632995408304023089278136175590889165888492618
1581753441967669515016863229585471778520693018454267764408
4044277608855154876080280849885658335595593165367222178303
284898160204101147240988297355173595253183367318847119752
772381867361499246064505999395729966245317903416618738118
5873513360475755649790684745816588864441778399831245259440
45530616070172835045444168727356596987654415772350595764610
50042132922341509682903110473268418801153582848449370485311
910129548377634390255648310351066914262154212737215409721
44653663833825313317938068348681112981494353835306934075449
6007550148119213961367953286708269441648949884959512603649
8645956747914927126679782178492651637661957667080658162760
47958626190452575295494734600556150498613669915758469578
2180340546761802936521226883904251968725180477845113605633
49702066003640923227324257574620663067882004551835307515935
1544806807554090517689892664491215371130864139999965085758
773336602889029782652221234103253838515473903218472280193
44615375491187252430319227091605338985839056291367735759433
6993181891266640651356704159495316988427954836787306098936
1581900480442020566812814513180186378687520768584368788496
44027591897625547148026810143775876859880870827275541869128
6214291160343469181523592046278947409793583715019894824455
11683748271699191339167179896792222708173454926205134836761
49614393571963482814765150009185371949661941033201742119311
44047226657753924490605727327283424202758514861823811133335
1604191707993925230565191687963218350145778084230574690953
44641588494513015966404769163928678126914379842312674243568
45314378518399225352766685869750506978525637003402768526791
1558170086345478477722254168400838846917236100571976499272
2547202488293461134038368109510677756697390792159147365560
233305205504070189921428168545124413812038054906280508527
6289308233609050216755038106030331636586841266803594825737
49625088535117914961698019585554906628024637210821142455344
3924738764895556892529317601119371208651009825452785933824
4830354857541115085752416003257181678384505664335033172992
2255474736953734242768740169214403095769863608043522557002
297695999503616721617355031941833882872117379805829170248
1399339744104386817102917145388214989459702976143025279040
45496557007449713366581993331291958320748762632575732685905
49543046008394156065247395492093998973685140686483661034584
872403788962286229996657415110568504034827073130386887295
49614982474733145968550925748214339360593927092387340522711
