-209431662369976762637923170883982640441
268510644385389144906269312142064315269
-129609050235247679687097999178020559927
-227587767221887174935370147011182209542
1068710116116837127059536035499808070
-21213252834120682886040768995092219840
16889752432431472116181836123378027316
414716058213079283659255835217816706481
-9448767518367409167805454401880408789
-165734924281255997624884000562203178390
102349528429615664335485875286056655088
-144671369442580480952142500163731616181
153362993768287412468167268975997821426
34225764906420647330740302657763005803
-43517989465155084503103940156597064393
240853667265891029156700364652651747458
173146395230996564231915409847144300218
-56303687023822312845478398525486464982
-66857312440768719925611514177016119755
-29882725412628178007573676012141997541
-105728175125699566975914952739340506843
223704192141609726531818178451812397779
265689891507379110354362145742187566444
114449675205908667390571059253396254870
76031558488746781941416982568230345927
313720545263565808505743001011814060280
-145959135455496921915825283781929104536
293540374148479249453401463741792930285
328251029544012166844601569976536241488
-249222112097971921186903214397443073341
-55206203981036262508369685538711692124
141681337006933324573265172642962699155
-21305412461513722582876775064118239497
-261027496934124400106903290534264194234
-518524284970585847572584441557753665874
117685692895876940375208759489614778574
325464150547001084490178145372762035551
-75637115513261483015457030923267461970
-202444854076523848929355381676933558729
300479119474973743885807528132243198235
159249276608846046960939987453788396177
198991234571001397432872824611187677030
230012056537319176051616961424985093829
3194206160927755320906657009406105965
23818012584757041572274604239074343050
-266398928961763123744788886557223984326
-24772704002653142727439195520823213345
-15699144200195905866865274452259151841
119067788201011382673514003548778793918
88591607991224655497944898008805747044
131906104285520128921073859509967565693
173058342207770749145175841573019837462
97544129554642658540853821391469478348
-117380719346741792073299633169388364068
113706012862978576112194060344809131936
476914428009330171323906719022914608455
177210342519000248938846086833050603680
22656799483490159258363375868966581855
12238366535645882253360564703035622154
9881424272039781528300827111805291327
-361435402912935850486770036661528014176
434041650304257279728020397262136867945
-299782141206471954280430662101576901077
-226079211869134342453856361359197510881
-221895554223816322006420980959370660020
301520103657529380822489575685162797447
64816871983504844340435261616891075018
123706811488596039056139887219071992479
537802783585164881479874813962216119081
381095883279588757017229560496349186155
370108921598343839504904139513476107753
133666936527054190040388094330268932430
165803153300926488651837876660280801937
42990929847161204540821182449134554423
-43280178714231486508860492316009167267
-251055577418838354813910928600627469152
-79725597906543809687868560357006447621
159994284222729480292322727613121902915
-34086299649380017522914244193612932072
-79427908596803494165322434369606697021
-14064110599416297149042933962634736331
39294672596116125020336652732870450729
-204372546266202118203368886372316321688
119599452061617358407306698801943778014
-108942936201257387628857549111707310270
-165211836216110676968418020714191356416
363562587502670288117289274272397108309
475085548761586421855949894312136604537
72929062281091646791447730010362271230
-197861656038229302040706490521818378196
-65968316314379996890803654575157449239
-301588761200325088645940983462237156392
-215059149787860741531884415320403879643
-416029680745254481472999975925721478650
-101624748170630923661126232427539171440
439597546691509480440202659849908097289
-37244071819697621595661470246474025778
-512161134277770244098609507304844138680
-386253625011045207206136802909482367281
174221701284644085249439298366793793124
-8503783056465341469898471407449255105
-48970846478984134109771090439552510107
-487470519004725769849699742984065198015
212037310833280229458375306930199113094
-455229129040704830075534058572404170780
488895817009584580791805985616234738967
-307597268595627596293689587396314846909
206610476925188940866394761046424444799
-159500596033565654893588232340121374289
-322992672973397184242391448602384165974
-472907034470923415615574776355779935402
123828978157071125865640887641431322640
-105872533064814212383335207289747792030
434401416684337067221192987209199166972
298013996217124595939776355465904054448
337318460356429351296303841057816427629
-205270531677974345560988772887744724872
-36926646791296680881438102974009068152
-111280683019071802174043627386494770398
463729747514608345579303554372042999674
1088762143765325145439613949179812773
-442643372300554397756070284034870906995
-214909772730385620700055907259368530842
47967816978611142103207001529581873977
-603460792959812961522681516198193737982
-28026991573951948745143366882877193509
69106350310035505638294114458085753780
42741379381999161580867771390846068041
31497979830827353492903311879642917010
14636762750195022437482548969549562776
-154377680934919151781593851724976326959
3830724490992641850528820078619924175
-194407151143067668995415864593810826315
3059947564376019960706521029902983783
-371674526146983693795726481801781958766
-218362863345400018834938807900587214374
173226315709319303673981593426273349773
-363388404200375883627679451586223255401
521104630370848715976404668288211094736
-35207100772669545300199586109956638382
26610690769698066919483922502572794467
-63579747297658557683380569839841382155
165819637153787389170946434854939413875
-506031682149254681962236816310930728361
-183809766109937617554260622879896358153
-379174392330682982399758160122825776957
-41784684560740927388905500716419028228
-229171983358502209501409619937736418093
235409830850859314353018125691702913391
-571669501101831328069816926434127352404
414097970750246096074259447778734675751
37715562608609318261650826584650181045
368117906640343350955940013895511584440
-19820665752735381240258520868166120731
-472735091152729274900829522375007056266
-104921267690064747491465414225278526233
448271127053570081999949410516615258106
-45265961200501587661285530002355966761
-5260343200497311342709569979836739126
221439506242695363190541373161184181454
497037098503966195208646108118142865605
152990078409305559548292623497433540436
-1847528650542581935350880973040074599
-283687374466147120409173760513042912688
-150391862169246253077551350592108745181
90718270964578640651377321494692205069
201502777905037859540303141161308264490
-237742277803889066262148944944535178514
12884445725762483276004116994048756215
163604117975035657048612642130101071432
-198216939873653291032142688002509844754
139620214006108865745475672256342211944
-97962604783181331829268544543846392317
343514294007519095220395483671801544814
-261618543253674461667757372589476366668
62189932117101029086844194495398840592
-476777599843252909050787888362364657606
160845561020016726139253304537354879667
14449432209459358865900528179570294723
-195664538994624835324427171511251842046
-278077987987411754227187818892400606643
30299632356246899016348019772385217744
187888456612776145068563230518662538409
-237745636580830837693663043327504472286
-85055025641453742874785716748724308486
108780546283040582005500354586700722247
-333379505984569476829904349676128123553
-188540549819204642577187698748080859345
179320018296472015637669622646943840435
-118154114200275731464509074967540530994
-294835189790852619732016635148618255964
187423127879426026454612246335644669506
-204865594894465793215356818641547170633
-106150121314491042749459286106558493626
-369280690797268103728522699250186006589
1096734517844003142824992588083211525
141594756521496431261270373828695353680
32707478179069098040710639293189845296
14064986266728359219246870545769243689
-52179677081764233573869276749465638246
181610013251364744010464963699437027647
16873251252795053051908258966756929406
-285903051233791197630438951026309842562
-131114882813606169465106919897354864487
385608445888619237291400331375180885376
252512563138330280325191929052770030233
176000068957938050601203924055242715661
-371410776985912146146980786200401156115
250409177161794493691090195759970615861
-100313251837438963629719952240588594023
267019275058778832107081607017985170855
-267932982522923962855714220282554067131
-480149286091555081212807300742057857676
-25428418038670937852652903534179542634
175860756825841841380880838565395471580
-229963498152704338002194401297806050069
38278545029452465188599505683755302372
-26555237893593234557170225167879449106
-27461510866986136633886240538508101544
-167553163126219810265867837702081796894
-465261953130498620677240794969035634885
117938955068527020054871300057078654397
-349922327392094078789068977642637897731
-138322509659902392477272923866343951999
601474809534353486963953825019778308500
15399996021418028554068426134964200950
129234064574529709073446622409756116929
-393513063570558606366839458539675404789
53360667080191050958432699348841570298
-27573472337196261338513956623033778655
-388377440475733937743350446490494018219
334283190335270758878201930704077144876
175720421922987744479423812643352011144
-343767311933898828053104218548178119852
-97044245577937916407844343847852138305
154180904372346952445481017452910829965
-417665780245130090828354602560585265181
-321176284547919906045604495963119873881
177647676839599834590276211437271335269
-355390209628142626380676686540976304344
-296488008303445992944202344097439273617
57832178692817573798090502898094360596
268856421082941720886062442959529739676
58781261097618198568042459220195927683
338334766090207354441865551217832036613
-413652537419055295118331912309744543112
-253947164477671565195155685854636707648
-145456988592922223435043476575223892864
120386638194519984267041430240400697494
67164725369851823094456038130693129364
54439727619521603444181241405846394128
-288795564280683841766749851438799142759
-398243996855442284552921340616128981604
81883297257623355157866464102855899467
-415183813305121932434264371115227081289
