48665766478244194173477474983420832924277215773071807615535
45496922547233918920316030002052825114741809904121353863287
48833218053848420357470710356000551019438938614234246747064
1949722741773258510120074479144144655115550186172225417216
6214611023782550209159463939637078107328881245911840629759
45521083010678640986056635733818832133674875974200286326152
6204695057526921338876302885404748216580261119911851535952
6174448492485243775890347613895548654569910990461743460922
6997572106733628022316837506993327545517840144699599032880
2378774210076555366354891147817416474770413313962878903233
6365861641982080252231074968584036836454123765684551015945
6202537085307251770227438925358386763247907560788552910287
4914713526680479407987362881627721960443908103308535488632
891939003474186839935652755373495599048922275271888335497
44713775426667963577945954952041996597460495622644351435305
796895430560250489862301529879971616031412958482359739351
44139468987198440101671818980589044056731981418100060553311
968388132694911672209049179763732227666822189308966805450
44631043854307227580800760226026411808176746605730357554806
45439687107575511423703062287305202070145376481217047948801
45487340756765095003567837891384218271183236203149207994454
968897113786151574188201077852207172309807780258602525071
196537375017140850028037067379813363315247853191759927288
5506426344224677689586450815824559124553838358122456712136
272972487979048644196989671693087617928133705604320368583
724361644122007456169808956988810226013706733546329210816
5614704630144057761051220757868418484819589674863746641982
44733904120364385140743212377101996346858407500672709796720
11159279306375941065950860888092275581793487797150939934728
4734067329679690688206210746356506020114494692369249115135
886016251293497455861601905125592091654544357388387655608
133142327107273395124468249514632287317611138764352029241
662233044547831395207796092798752206492886063042620325745
881214576642481470359241728633446005290473622429426099584
588616675098734532879267709254613480546944324164839445448
6194562203509199333197506262629606928204817324749101212738
5791491873118420237200193680981262636764080050855598951679
44702685534900516901322470703684219083894700271540218170486
24744411103026590094948985236333195476409062183214608433
1375010637686567201560784667239128558079038359334482383751
44150070324578499129130121476254956905707233428651131731976
49453646533273482408041420077367917215221363426711775941695
3128260070991282899610483442862265831886836711837319315408
6488032865568291022489052174676289623947335144278807446023
892170799908939072387405225190813600221245776550372020144
279342220622889216980649151557871994303672270800525168576
50121649606957305726404320931127557623303874013753285082575
4833353734703134827388371197662063843021433410102147353671
12263005606711892783079608669462122782843614258074665644546
10986683120010780449125363309618737035977180090051057524351
305200816800014377961567456630974321559875604074000097360
496342892660719309273764426150498679298819130132955134615
49347939790618688758141591045967923950606893589707634832018
686603269672279509920428088385803615535058543410599993913
1966743382635570366913249425250516512116152605717312383
5664148775159159738805471008826011119957937620945689576063
5417581599278942599286393511115210768742792656716291637694
11889510181044745943078048046009602169551882071547918426576
11697559433211842323464391499839544827710181322329352827377
11792944827954504033971943973499097645519771029952808887745
7073852694457828266995826564005166332512743808983253093761
4799728271483132093149869337912413681920242947656488357265
2070931346086604423462034842101500564897933086478102404999
915082426325154102556601017643922843981840731603549920671
44992710609207570426123327939878241192043338311637967860176
6084154611394446843928861155127447949690698588508535660231
1569036308876152687141010353752133948307738356414310550086
44158901628258885580004766324252821031047603638959139762072
12076262544824450026368183714780691089675345624935662936174
5481922177204829400808952004513835954664572764442973241921
5587844562432346241937395299781886566799054064835075339144
49249785959660544274098232504774638668748968780403921088593
44724541069249633264718142933836295676756338650838037140424
6268476215796507138818363247028052193923844991017929158553
871825718559640060478574709380643762329870620606479470201
45336006738089296154654393470349863635467807022503233581527
1766626251430854951311380354350307159432653976857837565384
11870567529109958954910606312437682267355181026280838000705
801300237170806293067263080481975296245170340998318657673
5685558831478946449766907929891252918751080109961363783751
43950436948601218454268862095297717527673615746579279719562
5603956524155576801400016441760987949418926116949649765488
46187862491960298424834448024857093141155261604069403258824
2538964887769680967333986817631211472483226642138647262262
5416051903042350972758616663919624056062312414048164487760
5540003800698212971324379977321751424369664421409252270150
7665189788154908447926958377277495557736228628374344933574
4916622931497610675521949897160716216051617519845993905664
49630059360699339657957246351337510018372759108768252035969
6156203009762559049783680340562927178868423631445195788807
5395846175253801235999121518140036795851815184715097342482
6085569434155255703965042384236472475987959825930297209303
1863316982703283487263342652956361761689907738966298755271
858602695287514573749564662146376637890704918090988150802
1350099567225216506097288480594149994357051485357545439
88355369392215582829429341059595667271631792838766034840
3126345865352042613526714310174436670316385376537642828278
611825284666716531890602917765418973016126918737021960113
46213789206828636596126371011736171664133652187616777138361
8044284590877401385301967645824550548900773884211539746368
1776092741662369901119475012816473372617866041667176161671
6286664269624473649167025640550413407585402505085504167567
1492682879350973434349054275757880910954244705817154305553
687725343340489213313148411557205860793776122156197929930
7233735168513426004793018141073549743062904547141580551096
44114102720577154293802447743248358711760584610095640415928
10999918495541515297599663163840391326688033870439658352759
5602782136783867391176880119661808589447933316531607570312
781911028404758233260679982593480772884861328296336884337
12054396994635071843023011626116413772198079410384816107978
11782166327782925363481692732059584327579034779076706136640
921176198434261107808313136969372580177799138838895861256
36743513534687370083328481339078107207983065115530624520
7095454738598486366688704112761803901364513191752358407673
7090697908264335113517603787744316617715049129042952266633
44537648099745338877453209892245678770606283067339059727879
112426240895131409633673517766627002809974270249589076073
6266368596713958068878975822221823892904172219243652423753
49717226306529902967873016458614861991767486305906799710262
2317517085207675817767562557316343128746600080900616623489
5874077430936780283939366871837671773955489004414849512974
35513793207643084533243996346359070019699163922440516103
4940407189675972931602009098502851950935047545331116678710
11170554323673080806521024351505114906501811396772889592263
5308783089067944624431240634593433190359657277827171001303
7355810892575797234481985344655376621333268668553118379913
6352608106521886523569608659262433481573852358345744710776
7144637981111308260880384638120527327357265810989607784455
11857331844978435266079501648048286525264003956141615285361
7256728931383915073267836724264658949063050945171317294023
5700622719589729034703487571287749922858419951678483862920
96167831602463699401977745865694486487577351063832134162
6767713103937326709506315838440267826466554542167820864568
6275790077757516450698030401523285609271145361859072519866
50195553542941483892844219890821091859579841770298301014582
1647415190516193495944941413305666272737542098480225579968
689863230463213138198610341491173473505858993461202292159
6385675837054283083402178114903928705425492363792971468745
5489376163591566035907522722447320518132196054926891163655
6203547983987172749147803279497353368304033569130743921857
885764132555478762461163154917595480150872613847635361801
5613750097765770150549337940327365873992015008852640595910
6085470991381257266256597371901643657380969887917238885521
26239010950249317262413688335690692100693219262616697
112117377997509897831405530689528178390372623352389108735
7086230152324277148037650957527256968711960947394002850889
784490767593352729742305672294857106700480736495623213583
6404278375298245121905081760619145496529039963739371594838
5496146683182829072532886727801578776495978259782718238848
980599968222098599288913238236432712475431649781332521800
4816699809601478685120613103753971099909220281061665170438
2242421165669957273682125803828322084553162943992961413833
5309906604577964769270382173413817914437253724551205334982
44689349158172020402573674395838487047806022347006592418226
48612295116241487054751044238685062254154749627192031096328
7908078734305587724218743648788383047638343560382376074320
11000229182269275283259554992943492021418317095666991436359
44031661148759750763115450250007055929570249165418449277630
44148513134899236672036082368077311641310353746283076845760
870861632356301790450598614856626974117391551563418136248
45314532345066149696714020190033573429832032506011772748281
593455921874158640416416180919022544376347448790862465985
23420745712261183450956959582910364529743732924959412791
12457494978827049659323016371079382719490926285525216690217
2172884445481138513019202391752216784581119541688404712775
44661523963371128477891774360243048368387647037474905027649
871821657514567696431350197160118799612388288038138639321
50097019335905115112061395669373324600700781700527480361471
44806144675945559059753682004656479118971213467776341607567
45413969959792227743061909865250081720008029054878446386233
44060811478362201644252361725337535102046335134287160151158
44137430682973640684571945706238458099351885559078240129145
6194583442294005688931336068345431627777926677993619264462
1670069624125597381418777287755447939630308107778755428289
113449655170614117271059034463455623354852512054028568063
12422773715057126810359925232958789095367329315868069045704
11797339986369646195969150111316760081096842816171651464714
6180557883689331136696921311573278470247007237903008923265
8052287988161367984824671723772258958898043659979429833814
5687473702627786351356723587562794909530616823405603192854
2168681037349203399708168746587532229955021791640416129679
5722377623079862615322917151160770251870482109482555506553
5699476664161217446274009028840127531995905516461929764239
45614772384846739406547625916544732127840736986139298603400
49747732060520082119989056013690089082245578211124070352320
5725575827381013581301375301981882422587041457055861898872
858363402580372774769879250528587883382066369924370825777
1384034667952777529202269460919237117438917809771064143384
5519788550664276741239297334536335163942648468019558986289
88700242785262756399724617468853254702572055181074858559
5593566580047948084243006050660381480413030683936034955791
7245807242112412830534324476137786940156557891245421895745
2170007838408256867294201405368695047324765565969506432015
6384780838472502836621246852740914610927890132169289699784
4914857345821019112512123462449483049779473856842660585910
11006571232982395339576463942446158513704166102953999147401
45312834149015069741534225240447108393518094922254502668895
7095475363934690114553673052965255738818641148247642222462
5335189711851966237782367931015948738115652612687107748952
47877861282121924894770556162813841901874286180848321498162
2168676399343850760327618331408027041575028198015808368185
45511864091706648769466841318177406373242054561541567286479
4905803037892341959350392688201915567918452417711133135865
43948949731705723521054497877619591096833313458765487669751
1681743661209394377254057740461694298846658587091619581967
11771502336431691290768573190194825469848527957178041557559
873954191643974256916509237891800047013956370569285865937
1571044400271239697009405042928559981585148830282837713286
1753175033210292078270551016347872191803348577623876865479
4084251019017155122648913635876851174057840082990370385922
2343137883746864191350328503446337462689315955191413341817
45023045495373692307963107756838371515093748725528956014744
7049488193337823529435540678325200858036248288202680134262
1472755538369108436546624065431687870843316672817687858263
23203747859765860966201252880923499382887332747763717304
44845437274136739612132389115276440004695881998856703765567
44765584228969192908507311696793501941420416212536798506688
6509999492481898342717139648242962397627153056402640244265
7151986453328972222019283376935706665534423240690687319558
870484827357438652861236173525233109171042019035239129040
11806750101425256306445091766894111347912011863344770449874
970308391753409048582962957740100120724270686170839015424
4118240979142576846273275966939592711161960167084100686218
5705314060296171974968317823549576031670532937393665465529
49620505839577114761410935692716932557610741146702544182786
6264863139947822194712310120228123341257432638940279774343
236189547342365541225574258933852634625135346117025152
6266712447317914071762961646263307959882260990587167928904
5520262149933583527983906575961392642462670660409787178009
12042354877620284022551657012646379405128519921181490967256
6387587710658438324180265648765130783119112106277559043009
44627590833605911080727902565726880637802634219900868501138
804593043688767697948516348168979650396118109768122373185
747882285185510312226509556391115444441202843808346964168
5588823095499148832076410740622680412026992608580208460174
905708321208731245979386054820403214181241690479797370994
11878429814981873007783183032990298608893233950494021120448
49617754785497150621709589459140255527336595736961933876247
614599874416207397313280939521336547341774989067618324088
44454606797651569025442019196067013463225089405377312785400
7823204580751582541637592136637230240418651519790912674881
6977694316480569005500499335372282639953619289716957086279
4833464431445026114353737791794792846742655874988163002455
7969121284888343393781626318154510503344681684019518664313
44113243841954102327262274285929721141770150282348139287696
5409566009443388749331623596816267568112851913222501493881
7248722102346986008982486861956653163496168424510406495343
26220104571425034648857801681510256767554154094029112399
43973810647270567395158116351865737985231033359250450833999
3053093067968874909047189635394394213163040071194889125506
1543460181257105640646984790339517718290512636081758015673
15183481963102928253956185318908772346480648944867314250
5712778586167036101537475939651875038910879087730900886193
2180962934629558822313561409421607440338276766328031773177
6082618521543297577407561101238535436697729586856722391110
