-501352045250910978619731576948121611981
-281437970208911914704550064300769656825
-492619970100572434670765265406296102628
229303432171873359125134006935850117888
-96820098265781802400944550377916856789
-171697912273095083923547746341893322396
-96344576381300481258165449856202602024
-136826688989001486833780270994211208386
327336104911610267555362975768354085176
266024592375925375527614079305891265073
336099436128991534255266275160629426373
-101840717073519876582171769808678008717
-128938175982857712276402509596108102132
103756606886932658448257101428859358053
-365636451928801332028497161186309695435
83308783784340554544704650621518435895
-294574363287494532920693387054894900197
94085695294955888099114216979927197878
-357615704883462840769200891070372340282
-263788225375988209483216659620826433087
-286556229232364583655015389894003845098
101280761650091499395397154552806084067
42755481291497279735869449431732789676
-78518168193095117436946866630857919436
34430706901823799562497055252043457967
-6188121838337339191225112230770816336
-60392480357229046805231167799655657734
-257618247671971380116999593891964383736
181537542835828321699526014768997266180
-158282630110674328978869266479113624533
109368619339734923457514936037717980316
28962474701278962813317441128502445117
-52811202524255813361137632766756655479
78523817486339128220172710675465244256
-42822093131836777584801411699429976780
-98053846803018756341528105428102806894
-17389601138974602429228411680682096725
-371558790387521417365038360529292953722
11084106594521068530427607036066035449
44107981495400739490316145715020465439
-290473189877282492165494791637962668028
-422750541520170372884160790984030246533
230802326834867952540127448619471962808
388454123903708887345646524879106597951
104143374728998348214747318199043779480
29970176586822207252844790266349259696
-445579314198419315828095974555159043469
-137026781405743365766385520128069322865
192318807625900991799814087032429928258
171937499087194374664459951451708771531
62850865429586293900066519756544760344
-60134175352119693016402822468485334425
-524885653178604958177321942165956283542
-21206740085086912084863597624573036995
2177149059727286337377650814403482379
-74376595050913717295480053491732273077
-187130770881477087309140691932015153190
279880844348423753469127027837526741496
160816794476029252407707205040499407593
259892593564367437255011018505225118321
423724616408800196612073701140887313249
-171967308396684476512101264691709344919
105528904723192010387725473197591678111
112839347891795059457521301155591879787
-229991378190315551156703876020956856584
-125091890734384282554202235280100892433
56324734525960344993536586288308626254
-293713232082812479130949969303424440916
324707740117816039136927652138801758722
-195519909341406989385110354707251849135
-92752621614995990749064969789962029276
-548053125535474797936180706449245636839
-255320239866849952344947734166985257676
-108445984713700531105078605471630347859
79530350761466942844992729134960340941
-293874682286072018107078330439764768009
212057021078087163178189556426129169268
277645598169368265685258532450419198737
92244563196230887477010578020968067365
-71773143611373096983618131957028071409
-343380151820335410512828642546117584474
-59123684262285687976631036217947705464
-215730627622345551952561484022288668236
270490183900615415751626301746818301814
-188434565083415106238239060574331220392
-70338696712213541778496283720928614898
388921040930598779970701496103960776238
-122078752474681542398701862804857925952
-381596794601921913252046074692381708255
-136981682280366767004141112473992899265
-191973658355221466398590149148274719670
-123518755415356603878153607990045728009
205213858403301576162829197841927283759
75088939275810558413020287279778610698
-266499591699267303299405344974218821
-4917371553308725218246530894132735316
228844086266119439215521992364757181414
-38292921055973803229259858034180431207
-182374763816245235069123362757039328483
554592531377224195864956381602372284624
209426083138768438637303269704452157919
337908304769695742722216167123052481763
66575218471128405207544883289242563273
-21973589485358114222168455010722741706
436131286332733863712913178883139167004
-328840499350538904119705993222581909540
176292105878479609609153899879580181255
-65555737269443243147889508201093721948
-29055770034346825865361229426392266679
292999931089444035555428858991230952182
260707245671848260736070133859133298512
123447881430380434014958684015807506628
8855818544130824983570830296998673092
433333689150000737541001776775731060077
438433587896343318405565880031875508773
-385009072873203662131407312079294153793
28514727568632554913140829328774628101
-112115239735545049989001513958698451435
-385462699744710650719618596399753161482
133591432133504404436850003369276629345
-25268545002219823817630594408207520830
9906696975042364770551005080008264511
-118879107116190654177076164991646043978
187751976389049863528162597809972177903
-206924042916093947811596154480679156169
460881644105075160047456948947987877285
331774721962315892543054879285277674124
411897014945240901208838657306134813951
252023358930203222546105956333598926985
440242777223217495967637004057316027439
-44783073729444003880488562330154987164
-8615564848041709458757517677658647478
276788473039332684695654938330282401660
-112557843655135657808560161230446342690
-454243155625345370295593358151439842762
161799284902549942130548693818580794160
-18100953696145487879463580902971526309
358107682089564609204528818103782383541
-201119816932444667506584993308043820545
-95661412421966982224036843559935057231
107267446151736533320258833908502934533
-59372460437035117620892343222373285202
-125508492822109689332669257743547298647
74139073381120759867661824030801293
28429922098928998483357339322689419307
428804608925136624665488003547333326229
-28208552746445521652197588795916304061
374453880471381719555061030378599910038
-81364113110922403161732456659776415968
98901376781192594807038432651958233876
-150069840386624888818383630321870143874
115873284007634040881157698549153300341
-207683013098312245384783912128797258322
-375613980874061356534587652951386124326
-631355010367450743917923123951106730556
495098814298810159200551144930014137496
176374180532608246606101798812648941903
-342057569086065810173896980195112421030
-292186699972132119088853996559919724496
80398663344756682761567165019267806684
-296470844587142427950525698194460914707
-38318578505339242028914047372597893327
4809778911895536610014756395439806775
233734257666390112198291599325824082933
133480788961515621159775919863734031439
-352196835267346133867737909340399566959
79392212000606644365659393035175339837
-478078365882564429409028009191492011797
-269258830658361155867173590914255565661
-275583687320277763600696696455255692675
-314912496496109033310669118241019293818
-296340319915203374482957765097667038963
-97967814088730579341492168480549881550
192194426744997527205105539829689556657
29306333502667695613934099977949189227
199651159319498165571107865930758143604
268403960967423318885865923170510599878
-104983062214853389839912340584932201759
550899398777415310094713648344312209814
-70225731082198201857839387714785271802
126641782073614516257718426461562547555
-34541097528365341397342480067650541939
-44072869971906249627975498216327725725
-152815856892615687755040649222989967900
-360379695373780701994303203769348889488
-26662061183358036605166549762092809524
74270156019690174209692167868416046137
41097455031741740440913448714319940044
-74000031012296031018459879174569894087
-4269300206636035132172223774907016133
-62954790729174388077803922182736902589
441224935209098127246614267876062327313
125821845943384072060344097618958328707
359534796577111686720058087700991580404
-129093113532784431798003023517573324330
172671734306703469746904190598132513253
-297705364508303132805192925927791933093
433308997797528661386674570250183078282
-194827202776187045165175094275267997796
-589543504777240541210233338101118564486
126630502775457017109362373253846167997
-169122511744541561021954502170073534541
-125710162344845898900328887421006885587
-342895564249385829325771102150615101465
199035540240009254374226952924686349571
257185118565557021154833286668994568759
83247350951714026364117025406666916089
171865247717510327766720908071662387678
186094192180092542810626538534458278767
-248686386792371876316218294790178030846
143058990591086539992831456732600015565
-188920071364265935329752787592739236564
313737058443861356784727338409611466054
65241475602898050361836659835202261911
4415477014458384666314649952480913820
-230006800104527310619050560824140828293
-236766090241352014296128853544068563472
391664257802795925511528745270651392949
422339681934698223507403523852797559998
79864123895915897137067335574022016184
271811407677118391221461892606863937530
102734954947427610240760293469802765824
-239876960278234359765909697617710223130
-34799647114146409100095179738458482531
-406994023768617857044087276081759778622
-111670856494283447823503861416516922209
371395910664624822199493157884331104
-110166130205925506552893703624916494508
-71464377653453392856605335852789924723
289778632980351083408017389738797162364
366695912418835699086977973961296337969
-362273077783760481524140750308515225366
86518398939993149456371570456933548433
-37126064860526722474069962294882896844
-93351112382300100428182615201663634462
110353048823974184340057708148715185162
275379089649429711752428489879559314160
-408245930773233475448370888154154697593
-30430399737137622392164666248637412404
-400512132827452291045565670505832576980
393165501158924360737350027150802916497
326155397276397891609762488460723477583
-137422542656400993912740613287518735593
542170888530474225591372290492219334093
-328061172849682210018699016247942220376
-184922272882121247153958241141364825715
443916758395372371070025129398188075907
11881860727264018600135406879419930771
-331634239547963690501860692992328364461
239509741503374985559035923501255079650
46921619323308814830546606011867828509
6461389626191513680248158505252698966
-39248624378749304056934896149209964967
132048234030607028562600104369295477741
-126441342250364355437180116521165085170
