618805
677752
857751
36411
992292
641099
68846
648674
383550
325314
350709
169972
854902
798447
438015
656675
1042658
943978
914663
41535
810637
186829
130994
823243
1017409
681105
699478
825944
220108
113421
722577
671377
305470
426860
46417
610966
77263
276236
584910
248834
986426
1037056
774375
334459
71580
390937
173820
103222
233820
447820
782918
435061
262130
829491
1040137
358408
166991
661227
21061
954741
678338
393559
694520
1035299
694107
513234
775795
769765
96204
806843
408669
694770
166484
312333
523566
167007
580027
886694
773994
1015943
259818
674891
709536
621235
998206
828850
432858
186355
615243
651450
687105
212122
929108
848754
1045793
234802
268634
730816
308734
806436
477314
316812
761454
765834
675113
685207
1030757
564693
742312
994034
345184
168928
284481
849906
287730
571559
393643
647990
816849
995161
50330
968844
163836
384300
364743
699981
152381
841703
754306
690220
910474
465665
54363
369383
20458
482141
742072
973223
293321
944529
748446
801816
871202
402830
591416
559384
566619
614553
184722
459678
47242
840963
42978
655392
668094
602526
1002664
175487
812086
259345
873484
833657
346974
629535
736524
216159
472299
191754
670934
794737
97299
233178
122890
1036633
405512
642641
673877
677067
169457
427464
387453
466710
763078
242298
104754
113656
165954
15673
442042
134816
689463
1012819
721521
793475
44788
134125
9656
608454
726964
239301
445073
23092
584814
20850
160787
811813
80868
280621
337253
259469
44037
1038463
53713
445123
40721
839104
478495
1023192
185286
1024886
358368
975816
595411
670645
480705
977762
137259
512089
488658
1022242
984002
119409
52895
245042
877750
425047
557752
495840
792352
701626
159213
589381
863261
839800
741025
489459
637691
1045956
434682
182513
769098
284395
804734
102433
1011860
1034470
904783
970455
1048563
674762
1039712
913848
885536
385058
957494
1004487
365544
170393
858016
986877
699051
594662
40375
654490
1033535
985385
132489
44617
257866
892886
148697
137836
58307
243810
772110
667557
719026
45033
819704
22926
263625
124798
709412
12535
959305
468993
460617
795558
26304
900586
73253
495384
799211
158677
433138
616457
104926
39629
373137
196186
599272
615116
176930
908313
1046845
133821
345408
234555
1026073
944330
483358
790497
385225
283282
779017
1028168
52910
844514
320766
473315
374395
315433
684206
499996
998974
1007859
114572
48845
509394
1041314
487931
218171
790559
201337
318818
463528
371127
476989
995612
81339
838949
227558
784060
208255
256737
233292
857545
673412
262080
892363
580008
425996
60296
383311
252895
455560
25684
390918
920218
1038131
401535
827494
47815
361272
158933
586086
323203
357479
225568
273757
871575
828154
626574
2755
974494
662225
803876
891347
833527
646226
145445
859524
457781
704399
231267
411756
1040762
668236
680265
190308
463136
41535
665513
913772
286474
167140
413862
680686
725897
785203
348626
331684
479713
334035
427385
636296
482665
117634
404216
581884
146118
217940
366705
918830
937389
855706
483268
874528
479145
1043482
839763
470268
874589
339689
856788
820438
231764
280059
805600
437873
276540
272770
132139
128694
769612
831963
925459
449796
313975
310508
359244
449879
483618
236904
827000
397678
414086
943823
140154
97535
491755
349865
319757
1024490
602520
153380
899771
162216
681913
486154
162583
126534
41268
145208
966241
729753
571977
286172
384114
77227
813938
557896
254205
482022
659571
498481
222146
904762
26732
23075
943233
506828
295171
571233
481998
640123
161818
130606
1047881
948971
1042321
1044675
952743
174176
861130
573330
989742
503704
622516
519544
697900
274055
322636
368823
199023
425026
676643
624739
331732
1012320
331105
991137
849579
608436
63797
842424
519871
843245
103389
168488
997119
453395
817185
746300
444869
562389
677222
32910
968805
927658
54531
1009853
133017
717826
104926
241959
890354
461756
320467
576717
892850
267438
128740
249714
300722
418835
110737
423303
67048
35525
139693
636863
596966
195386
596572
382257
198401
3634
1020964
278304
889046
576235
455555
389089
229490
110888
624455
397566
892089
417460
319435
433632
583532
501477
386795
254026
557508
288480
698221
646295
454373
457842
352111
360084
260248
94835
557633
614462
5152
81917
710700
570379
756427
459047
446254
501721
522406
1038499
498500
931404
791127
78112
119415
431924
1038524
631372
221738
416646
130144
892702
808105
964340
610049
501581
638504
422666
495996
564007
479812
341138
181502
915390
511458
356439
214501
67903
471302
817586
365054
220665
429220
236345
468544
380497
990368
622522
353877
361302
958302
660530
2889
705931
988815
760128
721575
715386
872691
319343
40499
697568
522268
693370
48525
76549
849070
10248
910405
415575
836649
135038
517778
1022397
275923
747533
113139
54824
996282
805859
38946
874770
825675
338940
978840
847923
958295
650495
153177
477314
77585
37194
984538
429062
983893
102333
922554
175786
618517
733612
596371
297798
720506
306556
176082
348180
609182
939401
227390
390188
1004616
402415
438692
478570
271767
991567
675103
739267
577878
15573
376123
690005
612761
143445
220967
1017465
518280
130012
994500
954483
571766
371644
436452
339682
47136
1039966
563571
468209
134389
282421
711815
959974
698043
238468
10519
451044
310079
503620
11563
300768
680180
590373
191478
832033
239075
413507
204713
884221
61915
824736
400941
447436
418291
860537
1020079
830251
459700
217346
100531
11460
453475
65747
484094
1041881
989162
519416
758354
338424
131675
710373
938697
518856
1007909
482853
586838
421094
776483
1013908
414747
743473
144750
311004
765790
648001
232275
1035443
130438
131361
922332
335484
403596
794614
840841
604301
408053
398234
856410
568422
9709
469489
925783
917594
584281
214432
669405
922844
364739
1019785
31988
487612
804480
735579
281637
56429
193182
971831
693175
618428
990876
888260
216698
113103
208664
482757
657114
887067
172670
660883
874031
285889
342187
523493
917617
120645
17768
193222
982511
412793
930701
378676
841365
463418
900651
395003
396558
755569
563754
908178
752545
153737
76286
855906
431400
963231
419324
13214
338195
796439
747226
621038
476807
47904
140364
625795
827224
502176
96542
1021831
352876
920484
886732
132708
38557
106991
975195
709243
993951
54182
350870
206148
1025182
906392
870798
979891
360823
1015979
846122
304625
631535
288773
34939
187630
364907
333994
756004
437411
172674
766833
464478
341378
24035
604147
280962
963970
188960
240539
997057
165991
969894
396914
758405
985070
579645
557697
448697
819479
236953
697768
480629
488028
719873
955729
317607
681635
594056
321500
108107
470131
425612
371380
850261
805070
509073
947336
702116
978893
441039
880795
309341
3534
946190
140379
755389
585959
517607
635875
690127
674514
235085
1039142
616167
40131
800205
98333
941149
787577
328541
941861
954009
209865
380727
141131
563116
997810
563260
1122
286461
130714
1046270
740500
958156
83807
568234
1033916
757380
762535
184265
53175
214169
1002587
807092
958052
973346
236311
403652
385114
1030770
575976
451349
627159
613846
480323
813095
955260
166950
9297
141997
976942
103709
381275
369074
702085
129218
1006750
387391
890661
316103
407097
704408
212977
615494
215466
516497
755397
594123
594297
787805
644604
761756
286879
222494
798510
779913
514346
588418
403359
171707
1005096
196303
349912
97065
422796
989423
999330
30035
569110
371129
80966
187153
150933
186149
99907
261068
769678
584600
200695
33621
496948
230085
359804
295701
66360
351360
904207
907274
926914
200102
761967
757088
353340
828581
121866
591580
92149
1025396
488136
219763
369932
943806
715723
1046744
681604
576143
78942
123046
709697
386667
193812
468059
101325
790666
716142
244910
919427
230116
364256
1030161
199367
195899
717559
864072
322621
673373
61269
179136
808956
277785
810604
797947
156275
572011
566326
7789
347847
575325
418483
286779
2921
130805
853871
430003
799437
633152
794772
181960
632458
670556
103836
740375
940798
952197
154401
154342
975489
761519
231207
451524
885839
814430
980859
793304
641233
72871
908736
907562
741671
265471
437518
784663
355382
45383
607291
439018
883477
824886
366587
877106
178809
413976
740506
706144
796672
243772
79333
1022584
852091
437463
823404
883338
596026
576819
168808
56989
647354
844527
351653
501545
612373
772926
355791
613117
810183
187864
1048126
692958
186974
32712
343479
652680
334616
69395
141103
136751
657567
489961
347179
697181
519378
61041
587648
1010363
266948
131926
124828
617702
1027489
860246
558434
856799
790531
680903
463204
284413
226413
876598
592354
847045
479718
579207
893282
201869
983311
866432
670575
364187
121319
240288
870690
97022
570542
585781
427274
612351
1012426
106790
70099
586692
740256
232594
1030593
866676
70996
232311
100611
301474
521458
1037797
452150
463690
467185
838895
899185
722771
390008
11002
348172
730854
923299
105569
857539
257408
669891
459766
937227
166270
357590
128407
370945
851162
287998
620115
825257
17447
390082
983535
630472
352969
948917
343616
618953
427311
719437
397632
351232
830436
722569
839140
679878
736678
370083
449940
708946
656755
899835
183111
277250
801662
384875
243620
57608
615701
411843
766676
155417
726236
232582
600401
9493
1037996
223373
912150
691282
783044
237037
35737
232105
416902
898738
716562
591000
86040
72598
32227
306300
510759
868051
57948
406293
294764
990127
398509
256916
458835
104389
871089
1039177
357964
423897
615130
846481
452411
140787
568831
887158
431202
128466
440655
125086
841066
369581
822357
360264
398022
870482
1017809
740327
969948
317353
761380
182965
809911
756539
29729
445793
614125
714122
668677
809557
755752
713681
938951
147357
874707
1034851
1036996
489149
483933
823085
911134
504433
30880
944182
64351
340153
270394
792959
757588
941722
205202
31865
701544
211915
390191
261462
686235
678001
965950
823251
801950
378927
787391
51485
366688
328497
785355
124402
1019961
404495
879365
794092
315290
578210
686308
971067
419495
581810
645811
51581
900981
73805
907641
70228
369658
578686
185561
853708
598215
726063
845218
297625
766049
112932
610349
713329
430517
652654
436598
635897
978939
317987
714420
859996
393042
155288
513209
607942
7665
522675
183146
954407
6484
945495
219608
500332
689251
11573
715591
479380
924559
106206
1046874
589571
421573
736977
233029
766061
429118
197423
649550
166084
1025122
77600
462229
577404
214456
663433
841694
622588
47477
266737
501823
870720
158148
185080
992934
34035
224174
927979
562198
855476
203539
884877
791092
382764
303946
719170
1047032
842934
997276
204010
569690
96273
403529
680746
294151
888646
823390
691603
33182
896478
221963
823453
1026988
387916
795601
59262
876411
37249
561733
785739
500482
857277
892681
400306
234875
621889
812878
379934
926703
334974
808141
203101
997014
397951
352632
722138
822066
251013
942306
196372
436947
760217
869483
849510
569691
623647
944633
198006
63827
940145
988980
624460
38642
165002
123357
322838
935967
637580
59057
716473
607846
394107
921621
458079
57205
62863
730021
835356
463906
384448
268210
219928
849693
844985
1007991
295100
608906
873921
587980
568377
817445
70892
484843
266030
618884
78897
308562
141212
200328
296260
357756
91811
324370
316424
78046
745428
194966
816505
816527
678673
884679
904829
729765
483478
480825
845779
150367
767986
817581
329256
484636
890929
44771
192046
149050
908507
1023612
347799
886106
387348
129993
835245
483581
504553
155935
659497
617368
396947
872108
326357
633145
185173
690446
521106
579108
72102
302060
383583
980321
458609
152501
144104
186476
276512
1034491
89632
159875
775844
147041
593099
660318
950735
593066
105289
780046
1010528
939748
884950
449639
197631
158815
20783
676790
432859
149628
87103
184215
998120
130122
30529
42565
752293
304443
589064
959803
434420
710774
951739
321509
933307
162783
292992
119382
894735
976318
92145
440012
79569
1010231
734654
293812
58103
945169
969536
821524
902262
772020
219551
146261
274474
507176
107259
783672
206273
477847
59626
914009
157751
978293
351223
278205
201260
853158
587511
873976
125108
423476
881579
585590
890068
629003
210241
415610
843578
971019
748921
462296
662827
73593
569815
858791
15798
41793
93585
433160
916704
438632
1033982
502477
63111
387473
834538
1045686
955171
79090
722226
430419
929990
657653
888793
158265
351655
614950
1025646
151484
258084
647180
40715
80941
936338
1046331
1020474
992506
79432
447099
869619
674518
218168
28835
3930
783334
166717
282279
100111
492212
903961
507580
490151
1037113
870091
994156
766191
832098
445410
626900
187755
439197
175690
264458
859188
440290
152366
182196
732535
997312
742341
876356
843957
1036095
305442
212041
443949
660616
369882
237263
127846
430801
176487
239287
773804
47940
730843
363551
236710
637694
379238
250168
193353
835168
184138
143074
358543
632224
244163
35062
160856
1014247
872565
962995
73683
143382
238893
909486
811452
643119
1003303
485425
112377
589612
31670
588835
356530
258680
782650
957558
51033
1041798
820588
439328
700716
832759
862857
673956
920115
156013
931665
415586
913513
31367
54657
971494
494291
666217
235366
374193
453594
916943
513069
869432
773255
454902
392825
22398
199062
88518
601895
134222
798528
568218
711021
570049
1042748
439621
209937
14174
577509
474990
947556
301225
37764
363341
780365
736084
260918
870798
681948
34161
607565
572186
881985
355612
221809
936904
85151
393674
290245
11746
483616
862769
1015928
351494
147313
1021821
44896
415776
159038
940418
170393
753242
878171
445341
451310
229101
643451
696806
698330
709288
760544
774723
720273
746455
739065
873463
616290
884845
625696
460569
369187
187597
949255
973282
414104
61226
236583
489870
36789
146412
637150
502429
85876
363738
751662
809817
741544
594377
840437
385167
465722
666557
831053
122794
969565
8743
156568
775783
859427
179318
362594
877775
842862
458995
899947
637011
1044379
908749
162685
43741
910522
373348
973029
733485
683315
1020642
483810
630804
558465
354432
954537
586694
462650
174125
866970
738627
416346
1005283
229107
601599
351639
595637
729518
722872
708404
1047715
937469
571153
863357
926949
240341
472115
650806
403656
740667
874083
184620
742440
96925
250030
239829
442232
346683
337653
1002644
145336
36039
735456
744996
892449
1031725
492657
154253
768043
435746
596181
52271
778235
660227
36869
597735
962217
1015196
386161
178509
404280
949693
320168
728863
476485
885404
694259
