601224
872566
395098
717770
794082
726379
781229
277054
35960
224254
378941
983142
351114
340394
415943
474577
508980
148869
225678
827241
198061
994889
390612
933225
682428
24047
717094
897679
25886
433045
390428
387550
174895
1013115
963290
513693
399182
355799
920290
51614
833549
222634
654743
424190
561940
395771
601864
713793
375064
842559
430038
783181
957151
502914
765850
124999
340286
614947
151908
58036
686857
598478
392284
202530
79635
720826
59976
744219
871385
274671
887264
773970
888817
257465
428270
910548
1002578
626591
248163
736460
1046660
441740
662546
889768
929101
298780
404214
879414
500873
661709
596801
702874
782386
86167
199857
119410
844341
857206
391367
498491
999330
385587
642066
927671
169075
801467
46311
387875
507825
692109
76651
166787
968417
624551
576093
290206
864149
877918
42959
737142
643279
393610
230042
982470
367249
199722
591971
867110
19110
498367
1039215
899441
36567
885792
1030038
797052
971114
133781
938270
926941
792520
209067
896777
271397
9022
643645
126593
960702
1012330
619410
187194
62458
849800
744798
319466
187509
279781
581725
374542
262317
171685
596141
804978
71007
1030744
114638
564300
574575
36582
320574
319620
322933
631275
810762
862281
362506
330043
68037
220636
949134
612036
236408
420787
778329
112332
247398
867697
231690
728822
51526
446085
217186
488119
1674
924237
1017320
624115
336059
885745
1009692
449316
832045
921670
1000753
487209
487915
104643
820837
892068
231804
613622
259841
427863
718521
881727
623475
360863
576443
800351
367420
170691
607439
819320
816042
808219
468219
812974
718083
643387
972166
173171
848731
518903
631170
969983
232476
35917
612947
778915
1033952
122355
914510
103006
1004527
631698
478053
278411
720171
435053
794912
275832
357222
498356
1041660
807645
852736
641459
338340
994617
676125
203529
89549
746392
127844
27892
422385
771419
278348
731810
53928
591196
636966
306219
260422
975641
678447
80964
945048
93468
602684
657876
262037
267569
77259
497329
277205
597035
632544
796309
189310
215246
435234
252354
449796
456908
298679
451041
644437
796693
503530
980316
399865
171714
21697
876318
294154
804644
481166
755761
331886
962714
412979
404125
633491
341155
484247
184360
420749
364845
328467
960867
1015955
989588
647543
759890
500220
906791
440505
184491
389630
70361
888651
612644
415765
520458
782975
171941
629130
137425
1010667
143975
566622
988806
855129
821715
674459
481403
928346
708728
499495
778531
135823
353527
430803
112267
717110
931817
847812
287725
795326
591999
496819
193887
744615
30136
976631
504476
364891
599142
771948
191949
644776
402519
105662
839973
105976
509622
1019864
271478
710293
363636
478183
822180
1034359
651689
495744
89416
268289
972842
296408
437821
1039701
102
956814
884936
223508
458921
1029169
40213
1031320
1038681
498157
599780
742120
783941
520247
456701
1025135
641123
3553
752282
372710
832845
255133
514261
133435
436074
1048413
779548
41823
612833
931507
157759
1035180
940638
36391
716328
1005521
768314
636846
183375
78941
433612
517956
291895
70406
701138
60670
709002
343353
319749
1021074
1027009
352463
347278
434447
110380
730518
242494
936103
953425
740639
874913
350117
160733
1036005
254724
701534
175875
361033
387287
660979
594228
126863
247804
924233
484199
821146
457608
605297
689731
773434
743342
590259
686413
124569
584571
185443
179052
181934
257581
119000
245123
391861
685312
931589
402050
472553
661557
930420
228685
712011
61947
795249
416706
808396
232951
336684
518870
411527
628837
486665
303763
754305
782458
279828
590151
584769
894915
1048552
612116
1017300
346788
215122
1040448
1011667
323921
401255
249253
93326
105541
569911
58976
913224
604785
95047
628780
839645
499553
581491
302
730944
235762
368166
178877
586097
43037
172007
478567
223737
834834
745306
661754
876395
347463
288140
968483
198846
389853
753938
89228
305477
196877
276310
236817
404004
739913
1005275
617237
826822
777025
179485
98930
435091
744563
489078
961913
578668
701512
762574
145215
270310
418009
924590
645484
346158
862354
305110
738506
818382
807746
927889
650931
86326
166823
565017
19880
920046
632922
868289
46957
684250
728119
258745
97609
39178
71633
744265
933095
177627
229406
932391
603299
328916
258940
524066
466424
348805
562408
620287
597673
736648
140490
31028
888370
982695
1038084
620472
466312
1041607
36582
443598
579762
94871
846
572417
469663
252186
287541
289095
176925
275155
869856
346748
651671
448591
598007
569010
840038
473463
85566
704456
565307
48066
97899
272819
316255
581244
917173
612363
846861
276872
370723
1047392
786735
184013
1031279
774191
862871
65002
917576
479917
195279
365387
24270
429150
4153
1038185
515970
818679
58213
573140
282240
625938
818170
42530
698469
34700
961474
439407
699134
809155
777139
300812
823158
575269
950156
967698
295969
258092
565358
765319
930784
314234
354062
110148
156558
250495
279578
713591
414794
652903
830889
249799
610522
492443
164350
7794
568473
696435
135479
1043232
225531
109553
63914
167328
756832
95186
418174
911254
394441
220926
425604
58447
812718
1033223
268231
651288
940076
611836
580951
783958
628125
923801
30692
597793
288992
890204
972847
640103
164011
603554
349875
600567
505709
48017
25604
583352
81054
432330
575446
167612
790380
126367
332839
214426
473049
839126
652413
396383
390468
337126
681415
99469
853707
345979
921878
966646
185658
832295
933681
97163
521698
333553
710291
294090
67997
244899
11210
923325
908622
827388
9407
466147
218129
1002955
632416
196609
1022056
198683
861797
376401
790813
275169
769263
268627
749792
524202
503699
824683
668868
198973
14447
12686
625757
593601
1871
886397
386140
81902
963444
920913
921852
784759
411398
494471
796054
866722
119431
189649
793753
589702
873329
990991
418601
1012597
500793
391816
973558
93380
808789
106536
401257
21654
229498
683691
900860
113185
996492
471116
799537
738582
462392
91370
747192
888313
415788
712034
449796
123196
310002
709949
231090
85037
230496
610891
137582
888428
951081
599494
105265
484774
401814
51818
66625
920828
509882
601710
387642
926897
602257
954687
816445
371242
945437
832904
810932
380378
681120
718685
419740
356379
633672
465853
858319
501761
293278
1037948
252811
384070
100826
632526
1001939
603387
172731
993888
332386
320045
787722
8395
359020
632857
928643
584363
1040974
336815
657411
287875
195886
579293
727138
480167
1000870
330948
819291
475013
145207
780861
2956
623159
75193
608698
30913
853347
44192
503116
248762
952446
157661
243245
390444
826029
164821
159931
47395
631892
857411
412844
81880
25062
757147
592245
522732
403378
524054
1010984
1020692
128060
717549
66694
593525
648511
71595
403239
662954
296171
992205
59255
1021321
499859
753960
1041816
183345
397485
423181
49139
305314
42532
15987
771322
599218
590002
267230
514559
393940
994946
283592
854615
822978
294745
456649
250971
679087
842275
781741
332031
761555
969305
773329
962998
306545
678459
207803
357606
137640
858040
306489
564107
238474
19081
160195
130109
137030
865691
1042722
185394
120197
562763
956569
413221
225124
38354
410888
893816
380017
1027296
366175
80948
1009967
702445
40156
800311
391743
415933
27900
67243
23673
976878
47305
367737
1045209
520838
321118
343836
443564
973838
409373
932950
357508
663025
558764
72515
897766
192939
486221
242132
791389
557745
1029799
203484
208227
158486
749181
857484
907260
674514
986687
454196
595988
587627
791268
294345
35157
235944
520265
509361
661369
333430
1047239
456588
129063
674744
753117
913256
518009
1000551
219074
313115
336229
882489
924679
156985
467175
886900
971763
117573
763538
414473
298706
174645
449929
621354
76331
487770
831492
231249
643480
315398
188850
987285
857231
762492
816179
148664
430821
241627
315729
100907
26157
122476
965330
286856
15751
576397
343267
690840
708041
230310
663808
1016355
93106
36606
181263
455741
353030
756806
890272
320951
72810
323406
912421
385957
972872
423592
1015185
458106
817215
335716
266867
912428
712523
251875
356331
666338
166257
1040446
821939
657523
343097
520541
522308
380174
289028
860311
906376
862909
286138
418379
764542
107507
586917
559650
686054
325471
53892
783173
322578
638967
391434
416550
336921
714803
619608
61152
683183
292994
911289
760249
254270
492320
645263
111620
135283
703179
356296
408751
985532
107285
581511
949724
752434
1048553
806054
265241
875050
496078
414006
216370
962429
672822
447524
583580
343850
250250
673641
764604
326494
301909
127133
651561
642006
761541
719489
820666
5932
445458
231039
823251
797813
93677
428063
825123
42161
942694
711958
367490
438036
376451
881714
421615
29031
987223
665311
165128
345367
684489
72780
482260
146410
697524
1011659
602733
449802
451996
666696
582344
665378
393916
820013
1229
587497
697011
640899
900721
23106
572076
659891
80963
986330
750334
256063
817973
681587
376395
338846
143754
426821
858324
592810
126781
218327
648158
284370
735564
103281
283929
521365
248366
632398
261417
473119
958685
9093
813966
578471
826225
135599
939078
644164
111239
161758
978983
963348
722908
242104
742095
332181
46426
223412
492301
638835
421466
794203
249707
931044
902196
303309
777860
64299
67669
721890
521933
195059
439569
181350
786628
41340
193943
122877
364638
91757
748683
318582
978219
375657
289802
21739
480323
7925
595965
40322
710296
742191
653876
729229
907975
817765
1037707
259521
1021983
696879
439458
491770
974782
575121
635607
882606
107592
699804
477367
445514
585745
613076
825408
187141
768431
984030
844427
794760
812612
411327
410729
811905
844903
1003806
264470
1005999
632243
310018
701165
672843
394659
187200
254020
235443
496000
592140
30732
647973
394606
319983
762633
626214
880846
211416
312803
225379
883702
1033907
776628
264269
731405
856177
927125
34231
119034
77390
884355
725890
658873
719144
240232
679096
333383
269185
220140
634669
752750
118150
591958
192859
289603
263557
216616
717113
157288
589242
285174
860985
258086
1045244
145286
715044
819089
40242
339950
471092
1022778
645131
948189
171968
902774
863814
1048506
6893
978588
729911
728756
829492
237363
391091
371302
827175
119561
565702
63730
22441
586365
868150
34477
355197
381873
914312
893620
26673
790154
455911
337966
719797
384576
421183
725027
793064
236377
778171
337742
651749
973041
263825
332352
123889
882666
684803
379386
117495
307540
91521
557625
429631
697318
204813
954927
598052
741799
210190
607776
957779
229323
96490
1006595
732495
969632
754046
313746
6309
464314
428959
212931
486680
486105
994861
521201
739796
375289
197564
648309
671087
141038
519479
805242
809185
645622
987517
229626
1038382
1042225
828157
141109
364457
557613
669273
462134
305707
10155
847135
473444
22496
151661
98888
595685
766329
469439
322663
804054
503916
43684
228697
914778
224373
123579
970445
498286
123975
959890
416809
651469
848239
899218
111904
730679
398528
509074
713334
696372
252675
946053
354114
983747
895382
450579
87100
900919
9608
45034
572760
940794
330389
51833
36402
640152
892185
212662
1013297
228468
516662
809288
483270
177509
396974
13768
521004
142460
951410
843711
1021312
929971
35105
216841
747450
409190
749572
168298
112899
302971
571065
75924
866602
914052
785222
915806
183176
253102
496609
250961
696691
712527
355382
88356
902421
723287
666776
121317
648492
726581
912007
755932
739348
102815
1037256
1026347
503967
302248
680858
388397
939486
891644
41216
575199
811695
66877
730986
100309
212779
773432
263404
274398
726208
192247
97924
1015225
569790
187105
517116
853401
185459
384681
737017
694838
492067
586059
92782
412704
434298
239425
298154
223904
284061
1031287
323252
289487
511992
668220
625240
422517
1027111
271687
976751
565747
54349
216718
171471
510532
263566
1023710
491978
272010
183044
864631
336793
489331
310360
559301
446124
74749
794705
775612
831615
626412
137686
479278
215249
811922
57764
796803
281425
722616
336754
394675
207752
78162
262803
380018
1024310
88353
832734
788406
449160
682942
69226
288334
988938
193478
93864
206419
760264
864449
668566
979207
272853
587011
406012
464357
437059
580511
297882
952754
889591
47334
703966
16194
1029393
266598
200448
998524
136431
239339
918796
178803
114498
271506
668252
219858
62196
807298
438483
501158
164242
602225
423735
212771
424809
101068
289430
36335
602125
305375
349229
904883
911427
418819
191964
226012
11770
491991
190940
946342
477747
500157
438514
895255
255627
825942
91172
730010
401196
1037789
186660
76547
1038350
340781
370643
991957
1016724
468421
816469
474725
144682
661473
844203
33132
345549
612256
828215
920836
700295
899743
62485
772869
431130
406934
979445
75967
388809
62449
854903
870790
45527
399436
326869
342417
72251
759346
483135
159654
972497
198679
649442
837003
574568
253157
850848
798871
251204
638205
586657
897617
39735
746303
491188
505565
792173
929842
300805
710687
935364
793423
620668
227522
820915
514388
958741
160973
1044470
1012807
330498
602222
913054
217024
261790
287631
1035870
12925
68301
927553
388731
140849
396447
504995
1008556
376725
280548
678443
777438
649649
694528
465105
744795
353589
112489
403182
186669
636287
83361
1041448
392918
172724
589806
102363
364576
453031
904981
757642
733883
965114
509636
1029442
558866
947211
359352
557237
766831
439653
643487
503523
202034
974393
613753
471411
165422
117505
581450
788786
162983
991269
779765
771544
820677
885213
163225
877621
688313
236371
323391
438629
634852
166545
581664
708215
454517
984132
33960
840472
602429
921348
988370
50355
497937
729401
488366
112421
684626
76502
587192
1036364
137211
596141
879062
476172
29177
135087
391083
607790
824268
142052
117246
593153
108964
48694
604049
21084
594945
86442
951780
408905
777828
896714
389732
329655
895837
408649
345875
1033641
480429
962417
169800
665043
374429
829816
9236
222165
41322
611754
579870
892705
841568
872735
626174
582574
414504
145451
946269
503662
519562
441467
89066
730355
221871
321257
86774
574579
578598
576695
815294
487867
931009
623569
522152
18419
807034
136320
771801
434609
935102
37269
293974
1033460
178409
40484
796143
383720
14164
458947
46267
394938
138403
900329
776635
908943
295050
133160
322364
929709
289447
752576
250880
876148
249994
595496
518236
977784
159331
764907
32722
1023698
400587
566075
709754
107069
675572
317223
352255
938241
794942
191801
128098
73953
594268
