965718
25501
386693
500920
809467
185500
1039680
633046
485947
822165
837487
146502
631173
802721
831726
510201
831820
757766
848798
65406
935169
705786
748696
910228
94517
742521
282606
674564
227178
19478
61853
643498
253049
610201
464138
515646
364638
258693
700286
749784
566595
1036451
740388
954308
406792
627145
69315
506071
810281
133510
498393
320572
288106
617596
1018598
659727
492465
505336
260867
1009987
172185
33641
715572
1023470
357608
989485
135164
398400
195035
191231
1006861
761730
225171
577486
634542
943915
870277
1034483
941367
696998
296832
754033
411119
881638
584564
975342
997322
810144
268966
789143
190413
626152
979434
373371
701921
450968
801826
773281
175548
411195
868260
1039835
719801
108332
146717
729645
267456
1006486
190254
269951
915020
782774
468449
707766
710342
780096
611689
615050
827631
23712
729401
9411
1001275
802532
352763
450234
67956
502906
916062
915111
78044
331713
355357
618394
605612
236716
493212
405063
950376
730090
499018
1035272
797170
973110
167640
681119
948413
848012
374470
684002
813622
229645
773467
657778
765792
151272
632920
89940
927229
799210
1030165
193800
719510
620687
824217
255836
190323
937620
322546
390219
171315
895595
855256
928615
817382
986913
140041
289169
137121
899250
480148
862058
650945
744180
373653
252262
222542
695115
907647
905070
758447
581467
908253
522008
797989
731480
1011399
561984
587838
285086
271543
79194
983115
564296
142198
1009099
98368
433752
489362
645842
723876
255633
395735
499108
77259
989909
134008
903676
705725
830387
823378
724874
203887
833463
296716
373452
79917
405216
395465
503148
819037
296358
884173
869809
121838
44020
888562
275597
1045154
757092
421473
332561
384487
236770
561796
853910
591532
85746
897688
502233
126346
461016
191615
980415
66549
813545
765755
749983
1040521
192798
813361
677430
376543
637728
11434
826594
767826
1040024
634658
403375
1043878
196959
104287
522917
599723
1019044
21206
926684
655937
788226
223795
683515
683310
424028
777538
436952
64053
203700
372110
560244
487427
739004
325217
798139
472861
720914
722900
55119
72398
385443
746290
1045689
636302
156691
771885
958641
640402
358964
991303
887116
120066
37752
471220
420934
690027
688380
424252
736154
479573
303456
599150
219239
81766
62803
723841
563912
419254
126912
40150
841995
157883
1012646
921519
889530
467170
126461
972164
1043268
309114
407134
463226
374667
843467
429557
600842
776629
874658
633385
209547
252968
1022600
851098
1024335
428651
699110
980083
640759
878543
913466
860126
348294
269558
218183
637572
973719
590148
925450
371367
372525
80872
59550
565573
893331
153885
998248
916319
500679
1040050
730275
864550
240851
58962
816337
667978
287453
988777
189332
151099
58206
61791
42131
382652
134351
415542
236537
675695
302410
1001100
894378
582330
579714
402043
399311
924267
933629
464455
352829
823265
282740
863878
871013
829682
598651
220478
152623
303348
347431
651525
323574
871692
1038391
222158
315140
124922
33355
35215
181846
392298
348991
963501
573325
307980
498941
443421
435272
820479
804340
580547
736265
19576
956188
273311
696874
355315
990572
761093
211754
155323
841447
596085
1036988
63409
911489
78719
787655
752790
203769
306328
565356
785205
862214
265061
637773
397041
187692
46490
758904
192630
847642
343867
656775
71867
397169
53262
1003751
366038
382118
308350
658295
946850
636013
964994
230769
427852
880786
214611
493486
74964
615101
117633
897713
401261
1044556
452085
613542
943533
1045524
516482
513211
863097
903790
851227
783520
575439
968178
316221
619970
670346
776135
110411
849995
877466
605126
1010217
991522
696457
45107
566948
991297
740192
591604
447576
760916
957354
690879
584803
676249
647002
348065
239047
451456
50809
386031
128498
266701
1046974
894035
870692
151457
294050
106915
477222
871873
673752
56387
322467
816543
739990
634867
165718
239782
970060
960248
856856
155628
886045
204360
95104
670797
801859
42386
723392
244562
199466
663499
168581
946362
866670
375546
91284
353317
739193
902561
915777
950851
814558
784197
42712
519980
634447
609527
702660
674801
267530
456411
325736
5093
6632
314747
877230
630410
1034931
633907
290590
416767
352456
463838
386236
988935
783277
1046447
411594
22372
805920
94893
39686
946622
751872
225949
352223
489610
561886
942322
244833
366790
9924
250849
210872
236475
805836
512249
849888
105462
977689
753364
115933
806825
892668
74337
372387
355424
967859
906129
266212
995008
375606
443979
588525
889885
654937
594633
138633
334068
870273
341363
296602
658579
50834
1006690
284965
956237
332434
380774
794884
269163
510112
734600
947908
436311
85090
740031
629175
2396
181976
970978
647369
742567
141448
656788
1002852
176316
500777
960314
600886
617647
235444
241719
413556
912646
27257
993140
613855
176072
426579
1009024
654611
655278
856189
259930
797653
677743
38985
208198
26080
669511
208295
846371
9719
291040
485692
153908
608109
8277
481754
25239
983129
336909
744594
762477
898551
38721
150456
43687
942422
150469
167875
170029
103610
218211
627932
370711
86513
986510
231828
951662
608605
662654
368174
740842
230392
63570
781532
760360
730889
14914
131138
343269
102538
414350
467161
800424
1037686
862079
725820
99838
427200
946970
118359
659385
61577
819353
708361
997511
837619
100386
590154
86797
104479
829455
808793
267192
849404
670471
832162
353011
948454
961347
701900
419499
255203
805050
708662
400384
15976
230123
990399
3357
274670
523694
33834
360846
693039
656718
692157
993272
61244
504098
212613
813511
264933
405082
77138
787083
197922
299377
992820
430649
10735
857827
1023045
108607
900847
67065
793322
4318
452365
14287
876343
456410
477932
42528
328311
745694
986950
982495
15139
757998
435675
565457
575745
209152
1026080
296854
799070
327975
6158
1012041
1040739
795559
254852
931528
674730
396265
514312
1012147
840771
949401
647866
990943
906687
178515
462324
173752
470691
977150
267011
623094
70548
925984
1019302
1018306
652258
190083
397439
355113
1047238
402315
720831
627439
888877
1009341
17740
364229
366046
141788
758476
637113
884945
780883
673993
157569
751547
368838
1031386
515676
304139
194324
8532
364617
328859
26266
410831
972024
732819
514070
725053
857836
983434
978571
484165
188503
469570
750175
74932
1034719
696823
272892
515539
664376
820933
381802
434649
928162
464958
171286
802711
758599
917466
418694
652106
310328
977846
268907
881837
51843
862436
289229
479943
489339
835546
1026027
801839
713137
197250
329685
62205
706481
24684
466321
637916
160051
132917
60777
243565
37534
630724
793694
437657
679211
224462
438985
91602
149031
245544
364872
100070
455495
761955
940192
303654
477247
191099
23269
1009418
322442
289920
105406
1040794
562244
439357
1021960
972428
726781
235174
674614
79302
931752
98721
389967
927625
271147
1011986
437273
695871
820041
371162
725688
117762
195649
354296
243326
740391
872617
438239
992524
897689
835239
318857
905090
1029406
313316
795230
1008965
53233
429954
568386
114077
67780
509174
265940
327545
120053
759910
163718
815294
1031282
239287
371526
276859
322652
589244
239667
792055
666239
517186
62153
624981
860587
446136
500843
654147
947109
301502
672981
253325
638377
78178
427260
637115
955314
517710
1028123
343255
726257
559780
159290
158806
615368
613646
37965
102578
371425
40165
444132
935854
117509
366850
366428
263962
853428
970380
236160
269503
948774
950267
776609
914873
660653
318293
488100
252892
237408
560370
502136
463131
382653
262921
387703
303773
693793
70459
932337
723328
361786
175791
647863
1009038
11381
166271
657489
419508
766313
357538
227323
790278
375336
476810
849494
747548
102824
238254
853474
740631
1007821
986432
272098
241211
194899
755442
910190
955057
412330
202959
322035
417010
31444
1022241
495191
897384
363892
78537
250733
366534
65886
83569
926603
363482
348520
424590
248710
91933
700571
594913
908092
130277
413716
211095
155262
833859
478947
707114
869394
203603
713627
807035
684726
439387
227730
163853
1046112
305766
659520
413099
559956
678719
410732
687161
917738
1027835
923638
418948
516221
836769
652276
870520
431247
187774
488118
886115
480424
1016116
97457
922794
680907
362178
384315
391793
760180
1012731
523032
105106
511052
583907
677917
404338
227221
316712
231877
884271
299123
1034060
594904
716822
855289
886488
923877
428397
189920
857850
890880
920825
970617
381593
472964
38880
561109
305978
682829
715230
106500
82983
936652
510851
838552
977284
761883
408350
918639
922728
308312
715446
585984
157242
837870
376774
633339
897578
1006126
390216
171340
99177
411513
39986
788436
427182
1012871
401566
775195
895336
91518
59847
869999
779457
11265
478938
520163
862900
352387
123385
169953
613801
502328
369067
270613
250133
513028
359029
489240
568413
584150
210677
24742
513823
557880
304874
670473
502625
194602
361422
643981
126368
91290
968780
934944
201019
713336
465736
51493
735924
145550
706083
948246
257665
299817
925609
29777
843226
261023
64369
245204
996373
105146
914511
684685
439572
379836
96424
174526
877868
708924
914210
1029293
225597
496285
96964
924755
57844
379301
392488
439252
763976
59156
197992
873291
1002889
828864
94260
712801
697086
521155
717807
333715
175094
391351
706460
419557
645924
218840
301459
912140
780987
523057
564398
597918
85078
158375
223363
811770
831642
329850
1007191
839163
802543
289180
946247
1010412
315154
1005970
521834
725957
522375
658569
54742
239735
263721
878590
231759
503014
591528
54299
290571
827741
881116
73796
407886
1007010
157395
187561
645954
318146
85834
487480
624371
811466
267725
558770
928549
1024916
463597
670348
856263
900957
182450
218466
243073
742281
125751
625252
86506
492832
889850
422057
346967
1034279
90397
843366
139675
647540
493034
663705
718899
519566
980625
184269
735647
140655
724154
58040
65265
791647
420258
299075
59665
809175
614593
278095
179284
942049
614597
593817
238786
507544
295864
769841
708288
223929
42243
790274
218418
649563
825782
565795
971661
702230
408867
221765
597299
933210
863215
44477
829204
143993
122908
810071
682749
1023628
255836
730383
266611
119922
802503
254018
517742
491370
755747
978331
274151
221975
308565
750363
310354
1028767
1007818
890360
680856
306017
924354
70135
85419
106692
603498
804258
791847
304718
323567
156258
653890
14541
11541
299573
774333
859158
291143
854697
135202
634244
473599
237558
452159
272949
869563
883309
610592
647263
486332
1045383
372179
30934
338047
393077
607294
425123
173930
628422
45112
947833
765122
873649
135822
250602
436510
76695
693289
982222
94244
1013146
990319
1036842
287699
407420
447423
902655
561553
662882
334146
825532
383840
996349
743004
1037884
829131
146904
839259
432980
75321
316456
281809
848815
879553
264259
683205
731601
108628
665696
887416
572456
396889
801811
779730
296169
805032
974834
611473
251983
1029515
800321
164060
497242
252369
79869
999244
509677
87671
1008467
37448
341207
818521
172662
512399
987754
134104
152526
421781
831259
54733
787245
370956
450669
148919
663171
70929
1025216
328957
1037576
59068
878806
898051
494887
785417
500122
381803
575195
593758
593125
927623
944921
455834
143709
262860
867269
561887
595974
176008
945172
109990
32747
811418
696331
896594
730807
714976
230836
411862
473191
455911
334323
276508
756809
1001306
14276
63389
871867
183615
667526
768916
1008244
666961
101783
437176
95722
849944
624660
506630
502472
80668
976100
105022
378986
1016684
393140
521358
383629
366591
663127
510030
427052
506341
748932
747910
521082
134871
14299
932049
912608
657624
793148
576723
378174
839302
232490
451745
511456
606171
842895
318450
332058
1028732
723407
682884
688891
641787
265634
77250
364558
454912
204189
923437
227837
637630
748769
1013651
322300
453310
165110
831953
499008
88646
236807
56882
173275
277445
975813
442247
644718
834335
595327
320054
787123
598376
384307
294324
151002
302964
46817
732926
625300
962491
984753
141867
624685
836645
389878
488101
361646
577612
637373
161492
414419
952708
137082
123036
87044
1045463
143512
823806
420159
794311
414987
778242
941188
950084
192899
516332
385597
768546
1023271
1021812
467104
909906
745611
190207
714297
514397
562735
157421
355796
730444
634470
892403
581157
305243
78378
492293
677308
18213
650318
16242
798680
362215
405818
133739
162398
294489
974724
1047419
487720
989761
394620
791561
597216
492506
739672
24436
861766
486856
319509
154406
783605
363410
180056
106273
601212
998732
79208
283735
269064
676263
48232
613213
65304
427564
756001
186358
488140
296129
416140
776097
362671
356974
614809
200938
270505
96047
735687
734573
259654
936932
382347
209768
645197
935620
418459
308426
940521
777653
289390
1036762
560827
476402
355129
89305
592989
56233
586997
16173
788157
383629
613737
416384
26253
415971
636530
162522
756891
704297
426968
227297
409540
437279
924321
363663
487989
603518
506814
907980
745724
571964
725142
990042
495736
885312
437294
432175
811190
231576
765355
98565
727185
251012
972181
417859
769665
293969
296547
933797
686910
849269
416247
209976
504215
207582
847425
33830
725781
287172
497773
976086
453909
193151
310834
954138
520835
725689
522450
863862
714196
565304
342456
265406
675381
110513
688851
880584
774146
292724
73805
610036
401719
666331
72996
284666
360770
195735
313183
559335
851761
856722
776574
817308
220356
262858
176713
732106
54020
928780
565534
241567
781581
869781
969409
974797
680701
846257
403116
769431
317476
41063
832847
865023
85964
499497
673870
804342
972712
938009
676289
22474
906426
844414
162516
163907
97909
192675
469864
867667
759698
725056
911313
520142
461261
3819
210039
172673
1011848
144573
742298
916309
495449
266643
987116
239301
483515
742182
579776
966116
568497
629322
1045358
572155
803965
1039992
489418
100476
1026071
466065
787799
347500
1030324
468119
768862
429272
223161
111592
876337
368574
199165
198087
956804
759896
1021180
186038
882523
1032107
591581
976585
724781
235300
58012
260650
1044749
903854
101162
465270
462440
925929
21493
578189
808605
217973
316504
684218
809961
466644
416331
566050
792419
263597
624217
243138
752415
400824
729365
264599
777715
969194
886943
179367
581741
433746
274732
46810
575597
946540
719726
945625
16122
1044073
1013526
458655
903650
1042240
578825
727987
298080
92118
987362
375523
407177
452258
850764
57075
26353
333941
387441
657402
1039530
928452
