64324
33636
795903
843485
420926
259832
862893
163791
492479
599118
780911
320375
736000
838920
891869
130370
842304
790428
330294
272061
137895
212792
561215
187778
1040399
800003
944891
765238
316228
709358
838197
387332
939996
102594
55599
485118
468591
717172
723399
755318
978497
228312
832718
700652
201310
783438
209480
819885
793519
845099
45472
291567
469150
64113
1037224
302239
294088
111365
1034484
84
399477
793190
829374
147402
867914
34657
880475
515574
54101
894853
403538
154283
439966
929120
218072
711537
413120
824079
442189
167921
311266
687309
974013
629058
101587
312806
796036
193387
59864
820799
417408
257121
629821
967745
350260
780647
372068
767242
718638
940431
285578
577067
392297
795990
21230
302900
313524
348764
917874
612127
392086
6308
446914
640147
500014
844201
101925
331986
804837
725666
156535
7076
518697
603522
457494
504444
565802
74980
808903
786783
1036228
941916
598592
177068
954200
1036341
896352
1045517
903529
805185
419784
956891
323537
142232
652263
79325
450538
166483
509055
138249
627489
142127
464467
518754
981447
301059
909354
326011
137681
204614
497034
559130
184661
206034
264200
924456
669119
338980
149276
603901
198496
34439
99651
798460
654318
224415
742177
881531
341590
649000
280887
964095
196795
835295
656117
515013
829100
50920
292835
59865
895169
626900
628110
587643
667221
592063
735901
981163
786539
94837
478223
1041635
812838
804948
595230
248543
862443
41108
325677
311105
306859
938756
653569
595676
414324
900700
249527
125986
136441
649612
331797
759264
907988
448460
751857
345995
237746
273664
198130
18341
880404
690185
407168
704356
753983
811353
426625
460157
721550
262155
237113
429805
193835
106089
462972
781221
821272
697717
893774
215957
454547
339558
1022061
716041
450790
920495
453623
133166
819923
721332
391812
220942
76502
882606
157342
300068
570703
265380
1009263
572222
677124
670697
507182
980964
209018
640490
706044
897670
455733
214811
394707
245155
88798
15065
420822
968275
171948
474923
515098
735006
498119
288322
575658
634434
20066
585537
762943
135647
1008252
476390
401377
421342
1029705
761458
466022
662184
816988
897837
682710
707791
893215
914932
902885
360247
17471
338776
161248
102433
943530
46668
72577
360799
163317
326335
768648
933558
851360
1025261
593006
71206
703443
408835
569048
712709
983420
224433
54411
910189
497258
885061
261890
868113
309713
31743
288684
6381
946940
142609
880374
18798
651305
731605
1041472
270611
678272
484814
440579
740423
30467
123538
19928
890277
966515
109274
295182
940523
260827
818242
182235
856695
107898
373944
205635
522741
913560
478200
599492
270403
259200
831945
93462
155210
370530
832957
447177
1034465
775324
258124
96691
302731
161604
911111
98081
976636
189003
313138
294378
501780
60730
956498
45756
219604
932874
386339
392506
695954
654290
1034340
692927
659321
588323
847218
354069
231163
679295
332132
815900
557086
696926
394839
420461
562482
671187
725643
842682
152469
103283
229515
362303
860360
29831
315362
939187
921352
438400
35674
239925
385486
312828
129411
706314
185076
678173
91541
656840
825668
931048
310218
165811
1038572
1000735
196463
198614
665153
309607
44631
362485
478611
226017
157332
696128
894174
921186
577351
151084
518492
694354
497125
326002
720881
866428
640237
1045363
212652
306646
711897
874099
111222
468415
283693
112107
212636
765899
994295
963302
232908
150071
763756
1007785
572028
58613
277870
34908
33073
474819
222287
310190
1018687
107315
902513
385212
6501
688689
253854
87544
176152
497399
300862
208774
601953
684868
117127
316032
140178
986143
898694
917578
746034
173437
717662
102467
425350
954641
47397
138272
260386
110602
4200
272736
54461
905350
567113
76941
190847
430980
407718
226152
265962
1012034
269043
262514
238311
878374
28738
625806
198100
952471
232600
117582
791389
777615
736957
220197
679575
138133
807796
734015
408223
499027
876924
859510
35225
642109
192641
140437
574562
1040675
586466
419711
151909
352593
852617
170531
53274
739901
890171
420914
34260
184491
161432
911289
62209
1042547
228273
842067
39907
692825
367377
214423
908870
977401
278217
459691
488231
31759
218082
54713
436734
195951
65526
477421
379785
778017
327115
339439
277306
932232
119688
157820
673253
850493
760000
878841
347968
425253
715706
606084
604766
1043401
607829
232158
957251
200669
987138
448339
195390
19840
309327
774208
657234
656172
711840
340833
853204
801324
581761
642543
382656
235415
833945
479066
383861
1027353
497087
420751
620150
974121
562855
272250
711053
885111
949504
873133
930756
214180
585412
206019
773711
1035722
885086
467382
822016
223061
692583
98463
820401
423026
484032
826634
190712
1026018
19839
521142
478094
44821
644429
106835
798108
1017027
1027509
570869
102100
680065
4163
592154
207666
686070
616516
183980
880832
295018
575303
582314
292998
261487
731970
917301
888768
609251
1047221
268744
271148
658858
318517
98793
200859
981735
600445
620192
360914
1012015
1048544
12184
172855
762727
247506
758527
590784
1035641
101064
41014
785649
23640
277394
683468
138536
603086
140424
899679
157273
470324
204647
760940
241187
779223
183292
467235
173865
307098
731575
498349
448883
958167
1035264
140225
649485
782402
652708
889517
1030119
690233
585613
886508
685703
792435
449839
236708
905506
268647
641100
103523
52582
393006
722488
104897
943180
322845
120810
196504
779541
209142
138189
497762
890765
815359
751260
601027
176063
756863
1019443
787630
1008049
19075
21317
140861
667941
157414
912523
256478
182726
214509
76287
505026
682094
915007
1011354
815482
779426
42002
175347
891143
210583
323227
358153
240684
1029381
820607
635650
885195
263254
743867
795590
958787
262458
738496
271452
390445
269677
472002
811850
591342
754422
65221
88975
684508
103165
647415
166699
783229
648095
498162
600094
422903
150004
1042546
63078
90842
16007
932569
335159
318899
1002034
95578
909099
973633
153597
1019425
294150
955867
49022
693
404920
357967
419405
360902
1029427
308349
106290
677035
111972
1039778
995204
856153
138362
917876
222875
99625
949107
378746
864117
993160
855699
876129
464573
89415
398153
424610
495201
426624
784300
723884
9068
280904
564247
434993
970566
399480
163415
589792
378201
77044
79335
701602
651076
128910
783491
876019
478549
601830
325838
936686
952222
315622
350915
873975
415362
964809
384923
813458
90507
871629
834820
79075
284668
388547
875934
635653
707399
564523
1012374
658236
174105
224005
272510
602072
960110
1017579
1010751
405536
805087
696186
275916
200967
1000564
355889
323723
203389
342349
280140
489340
837870
674540
235615
37524
137710
102993
579164
828695
700346
199703
968168
914987
937806
269615
684087
1026036
815588
574677
580831
354851
983534
1014342
1010979
176219
157229
740961
667605
63123
922855
197271
650039
578499
402937
1017044
450364
6147
626605
270189
490569
871998
214202
214141
62727
586844
225663
819889
1030181
390218
146581
729251
1003671
37592
989459
44860
67501
184371
477758
1033252
514840
860926
646490
1040655
174153
974729
1002182
638430
187210
566837
139900
612850
114361
665144
857710
774354
915785
689537
781189
212131
241275
634318
455756
905354
831463
922442
904876
667327
743335
288888
434065
12550
975101
961514
716956
879277
303218
774104
998890
215481
146684
1003773
907752
28748
909162
258286
971893
152313
324068
9344
4359
965546
333079
314790
601978
664900
956467
78500
1038245
888460
480659
241083
255214
572457
728999
741108
421029
463720
313268
518740
270603
232668
720072
147005
651869
870051
944107
24423
702329
70333
703297
195438
773607
429764
830132
878179
723884
931892
497896
1012580
691304
158810
172271
34021
894874
226686
982678
152963
276171
454987
678715
141683
733983
768783
523179
16283
951702
23839
53689
1039833
372763
572839
252312
587213
859737
615159
169283
439016
19552
626765
367916
236025
51872
5429
1028704
488642
792980
879444
835580
569465
154199
889212
362829
372205
376665
919779
315739
578838
128921
193014
874600
906565
4126
711667
814011
189234
959549
138177
754779
739478
1013789
43146
129223
1022086
604462
174003
392468
102394
846208
755621
190357
713123
793338
327549
436941
241294
203387
21720
1041358
651182
473772
343009
259891
322806
326091
30341
334332
724521
809291
420298
980651
673175
670527
505876
710835
786662
742118
1009134
925431
859452
98348
706932
698237
787517
867108
926382
477311
41964
558764
745787
611244
103741
154604
477583
787454
937985
915415
885988
586994
1042425
34233
774988
955374
367667
507734
957278
609233
1008920
633428
798076
629324
905344
1018811
280630
566196
800454
332262
564971
4879
579445
991624
397662
609472
746408
995706
84822
179392
164283
305816
893504
890137
234231
959956
118745
746237
290003
62133
809385
331454
37335
1001957
42724
378904
332973
976786
690166
109234
468722
214139
37878
95669
501092
1005477
38328
163107
44331
1009544
947845
286968
171554
933204
493668
238222
952421
657607
1046238
670450
955590
99908
396381
951391
432718
626916
989007
670611
1002103
52637
491938
898934
234887
649478
402986
1035743
440659
37209
860008
323441
622277
649487
19641
458974
603291
564590
1008762
327392
376549
427374
140710
300150
701891
109169
915703
413151
299773
54701
163525
72669
401169
878029
158102
154471
157170
188962
205922
703535
402721
465646
652903
271128
394733
930602
37256
312723
719822
879002
140437
838590
88119
752681
986943
40986
719649
970236
316129
807031
583053
111077
503980
265701
264462
746065
571219
558049
978236
791785
806538
221470
480858
707132
1041400
728110
461412
70013
397261
256721
156277
676550
193641
789300
674933
830654
469838
469587
989643
437837
258819
900992
904612
486464
194854
778471
817409
907890
869942
571813
1006849
244133
4768
684225
879198
909813
836757
963210
224163
857635
234674
843612
161197
502246
282592
22863
856325
950859
949735
158163
728966
36515
964751
496416
404751
142829
839352
715481
1005279
604785
618780
31808
473575
886235
719900
315097
906668
42777
293756
926749
999349
163165
295612
106231
641884
380832
104101
228974
863512
54510
969433
178940
588448
632887
21251
176037
108625
878278
1039069
309698
146541
379489
323147
675115
829486
1330
250104
145593
327673
961410
267021
502587
322579
979045
370620
926005
879893
695499
161476
57140
463449
873682
877122
78946
924472
17557
6218
431307
706496
142156
959962
891548
159356
831402
517482
1029300
222430
306561
131801
503337
959646
1020810
287329
345766
280255
992510
107211
157998
465235
779038
287100
1012690
146750
429055
984896
484340
696983
447410
788641
658571
717446
2771
481238
485996
120462
230874
698368
825236
958204
95837
692694
576665
625292
11096
658463
635694
996345
683355
730597
501557
92260
261048
593251
646619
960601
897909
431532
172650
811141
985821
633671
308026
578333
20735
926951
1024216
670518
299383
880445
890076
992949
874274
1013304
938201
1025694
587425
655951
615030
689846
852307
762830
1017131
158923
35156
610147
682069
173064
215822
615971
189922
140471
711642
454405
78116
104024
798875
110316
683733
162377
120170
436565
714849
720996
483672
598665
156134
713665
780163
827508
776479
564781
383802
316458
4509
189083
906551
396059
439002
324470
749854
1018821
457367
755650
976312
662793
675307
656588
73060
651187
657716
866083
564384
1013554
223151
771724
326401
349154
498157
719871
838798
701048
982563
301000
889658
384896
267001
974236
85070
382977
795620
1022565
218015
370114
893517
123587
110643
93283
492855
240689
366855
412125
1047784
24777
866143
423690
515916
956517
20172
1008601
395730
738306
578237
398176
523575
76376
574727
471614
797535
566943
167673
397480
730903
82974
378538
427343
1046365
208650
728486
190617
937088
77973
718159
224804
951749
904160
18131
933573
158635
972046
393402
140274
521087
512316
188196
304356
713588
369942
144121
366077
416885
212842
741990
932589
578177
127733
701610
449596
601523
354485
817716
198797
491872
718376
964502
903072
777571
138717
221858
734943
397166
106865
950441
711439
522365
883109
173421
520794
664242
23646
619894
191589
374560
392958
233352
446043
851671
706528
380887
882725
724692
406340
364639
578483
936721
965855
124876
656104
618660
77586
953245
157116
891781
333999
846029
657326
141586
872635
757875
366171
569142
598932
139657
909030
155635
420938
141619
892
319903
39687
791195
893322
211592
820202
426294
953365
97937
40818
861206
409043
817305
823177
681938
918953
857409
800754
724653
84235
427753
119498
130838
412499
841843
161186
790188
447583
95688
334104
902973
21066
340565
45811
883189
191527
755125
1043027
794829
721474
926743
332643
110278
898802
452153
906176
963723
503542
389696
936548
23533
732370
952774
792881
63296
857828
108224
487777
222109
289724
581029
889310
411746
593970
390476
100540
780531
477934
12364
254206
138875
829025
875698
936884
716715
106962
771863
906440
393561
422701
658730
345419
238211
860900
281148
1013892
856933
777320
811570
130520
940261
111982
516484
855242
1001909
414859
987057
358505
715299
197852
690557
948665
187348
308971
90184
598130
1021630
996618
25342
742059
242143
951318
726695
181523
518562
323651
283331
66506
352505
30641
10110
75713
814103
625380
649211
965055
361124
162019
972827
320217
655363
848908
839318
1019886
450477
728204
138440
772530
417106
138167
591564
274821
845107
841330
391533
448800
107589
422304
270387
996364
334129
907558
801417
838067
636544
223611
199567
801195
881895
967880
501175
248936
487163
232071
35040
789394
820092
62514
32857
742217
340344
592883
729011
815464
656827
751750
55923
829361
302077
788796
11487
205210
518909
461179
466847
399962
13343
458115
346559
164578
627806
712402
187702
160987
982678
872893
630374
656847
727746
896885
646147
207958
500978
35501
490231
224178
408618
256113
83621
324238
117981
1021320
960826
399542
484792
150814
663021
725621
582111
195030
787729
776477
512998
267597
38915
428709
577365
990390
624782
238214
458179
1021162
500538
347362
97303
915253
683302
577439
695072
240521
129858
254496
871249
700824
171468
51941
194723
988059
969087
583331
976700
899577
221313
428714
50222
876730
418251
194762
72172
745610
1022961
678350
440789
927671
164845
336506
13107
861536
906388
259201
360773
266868
848426
132325
364501
789541
788086
763889
273685
812474
517964
558790
809049
859996
813996
973569
367100
968612
301326
616847
726479
814856
668384
223517
653764
9937
1025910
