-104995
-64652
-70482
-43157
37673
-86511
42751
1647
83010
93253
26454
23591
-2096
270
91001
-52475
-48612
5884
4084
-40544
-17303
65241
64889
-43069
41815
-17223
-73926
31549
71096
20290
12827
-13612
10285
67193
-10073
-529
44537
22853
-81812
-11272
-56778
-1595
-64014
-1769
22571
30018
-20958
-18629
-7895
-6303
-55862
-884
86298
-31641
56787
13252
6109
-24642
-47688
-7206
-106476
58368
-102161
28272
-86099
33431
-19676
-61136
20548
-60486
91132
-33897
16025
87144
93379
76226
-106566
-25659
-50267
-20707
15109
-4555
-59562
-31453
12797
-54812
116185
48242
-50907
-84355
-104505
60188
-67680
-66367
-61942
-29642
65583
24370
94371
-42231
72933
-6109
-97968
-10360
-57107
-79040
7252
-123227
-39624
-50469
62628
82682
10041
-44076
16627
-44634
22424
-81471
-40125
4879
4140
-39441
26277
25676
-8542
-41110
-15748
14454
-10351
-76392
30020
11235
10263
-7853
-12768
81636
-12567
-35482
72312
39044
-100833
-61346
-85459
91340
-42390
-81265
-55996
-60428
31348
111672
1061
-26802
28101
-111179
-79362
-100153
-17791
73142
-85915
10467
13322
-81745
14439
-116631
-74280
79003
89845
36071
-78471
30077
600
87553
-24999
-58976
111886
-104848
-111562
-71457
79000
81479
81202
51884
29814
60924
-19568
73321
-40521
15438
20135
43075
11842
-34104
386
-31559
-37970
-15083
56451
-38887
-98854
56510
17291
-15793
-21959
47570
58283
-66385
63271
-8735
102990
15699
50509
-68535
24766
52796
-51005
-13142
97354
-46407
64593
-51710
-15455
-43315
-7744
-75557
-928
6023
31032
73158
64470
50196
-47915
-31743
32896
-14737
-61317
105698
-59909
77193
-32070
-11723
80723
2022
-66717
-68733
-50957
82552
-18900
-22212
48926
-3961
14699
-23783
-43000
-9737
-57915
10290
-28268
-73966
16676
-2709
49422
41833
-70290
57311
-4452
1788
43240
21964
-56463
-68578
-59547
-89737
-56696
-76233
51402
-42133
39404
67338
36829
-22493
-38277
82718
-41434
45588
-20429
-6474
-93863
-21228
-62093
60538
56368
16706
-63523
-15059
-5227
100437
30044
-11759
-43562
-15311
24044
97761
-73454
63267
91065
-25522
14550
-54257
35628
1742
-91072
-41197
-20237
4812
-26688
-22535
79189
-16146
-44826
-4730
50702
-75508
-8545
-17091
4531
31454
-59269
5723
35285
43028
36613
37892
-56809
-598
13599
36336
-46699
-20529
116424
-17653
118820
71959
-66281
38356
41084
5204
58097
112960
6173
-6446
19664
-12139
-69831
-4915
-31484
17431
16856
-44701
50181
-4800
-68678
66880
25656
34676
57188
92556
-12607
63340
29766
-11262
102457
-29191
61558
-8343
51319
-59038
-14189
17724
41477
55748
-46845
-66493
-41779
47745
-40277
-84760
-40736
-162
8420
-21891
78205
-64027
35681
-99327
79394
65246
-23039
-59209
-23856
15858
102190
22030
-13245
-30072
43231
40200
19237
-30490
19378
-38783
51436
24550
18038
35016
70059
-49871
87365
62336
77508
-75302
17137
21542
-15763
30380
-24387
-27123
52541
-20681
45158
16467
-64839
93428
236
51804
35354
26027
31463
14313
-70517
60667
10824
47606
32777
30606
-22025
4134
-69125
8326
83826
41452
98486
36139
107413
70785
4219
45109
-11493
-19181
6320
18142
99129
6056
39946
8669
-17598
-45195
21063
42139
-113208
90529
-38987
-28294
68647
69045
30053
-92984
-47005
-19811
-9416
29473
-16326
-83127
6907
88510
-6180
77386
-41591
12572
56581
24495
34172
60088
-24042
-59595
97745
-56033
14235
35829
-2425
-30004
-32829
-17375
49823
-24906
-50243
-4991
-16498
123869
-35081
20050
-56358
-22290
8563
29843
72045
93355
7177
-90807
-1184
-35258
-10948
28283
-12756
-78816
-25649
-2560
73467
26018
10074
-36272
-1586
106010
26673
1677
113319
-264
-98104
-46251
-65723
40805
46792
-20783
63496
-42271
36432
39492
-23463
85378
8459
-10706
10201
63641
66836
38565
97887
18557
56052
5744
55205
12794
731
-85353
-103894
70292
-72069
77648
89766
-48117
12153
16113
-20597
-86995
48538
70946
60666
42624
-5011
78530
-77698
68441
-18579
113046
-53277
70489
73000
-12027
-66650
90833
-61760
-114723
-8719
7260
-24076
26534
46194
44017
-110305
-63935
-2636
941
-29217
-59677
-79070
8791
101065
124656
120947
-45662
93695
-46551
2932
64887
13334
52285
-11743
-78598
-4950
63332
-784
24203
-76971
-13593
-38132
110902
-78500
36472
91528
-1088
57512
-811
5460
-38859
10843
-14611
17936
19763
58227
-54305
14826
-19798
105695
-8498
28688
23521
-16223
-118762
25216
49960
23194
11716
-45550
-24
43601
-44886
-27142
-61591
-31926
54072
10336
-10842
1678
12741
65301
74986
-27254
35019
-79170
16221
13015
44623
68751
25610
-4076
13198
18972
-5713
25222
-17660
-41065
-70403
-54130
65183
14113
-54560
-69629
-85563
-7265
30301
34015
-50274
-9058
89626
26404
28227
-27758
18508
-96065
-61832
-38278
73085
-9864
89764
-17157
28724
-93271
8079
75740
95821
-67290
73582
82591
52830
9392
-59687
-63469
-40806
-75963
54026
30403
-52133
-81260
17723
51032
25353
77346
-27189
-46507
-26071
-87620
29020
106038
60273
839
3155
-80116
-4182
38569
-6115
-66170
37734
-73375
43848
-24805
62236
102271
74133
-57145
61511
-27912
-36961
16078
-7815
73257
92025
20267
9636
-8679
30755
76407
84659
41314
-63498
60323
15148
92371
82596
-40563
12239
20958
61708
13318
-24088
-34747
12288
-34495
40485
24978
-63587
-6831
33028
20393
75220
-40172
57516
3400
-54195
71502
7295
4465
-16413
-8159
-102051
88645
-40214
64869
-8749
-76365
73336
82874
-82275
2935
-103147
91796
-8483
-13323
-70524
9871
74939
45412
43007
-21247
25156
-13190
5426
83720
34157
45261
83709
15281
-23090
13751
23162
-44968
21124
18109
-103282
-10008
-54408
64345
39224
68831
59549
-99115
24910
19341
-17640
-57640
17621
22312
60432
-8194
45138
-34965
-42422
16839
-14494
18992
25779
-49016
61625
-9675
84024
102957
-56539
-85407
-61985
-21750
72182
-29545
-67834
28634
16272
2118
23997
19612
2245
-92051
-105494
-8607
54286
34564
-10439
-2557
67216
-33589
43188
76765
-33942
-78826
78641
70053
3470
-30992
-39213
-8606
61099
-19522
43265
-48251
-43480
-90147
52137
52899
40619
-36146
93528
-61912
-27406
-50664
-39751
-751
2995
-93534
64052
-2367
-81633
44360
-8509
55431
-49012
15619
-9743
-749
68745
27652
-28663
46126
58101
-86842
16906
-17083
-113569
111366
-48251
15661
-15083
52861
46388
-30141
-14003
79605
-68640
-50133
60151
-42361
11026
38445
8824
-13161
-35690
65393
35815
-68485
-15246
105168
-66045
-1424
-48778
47809
54005
-11127
-12796
-1284
-74676
-109112
-38311
49451
35916
-80808
22956
-32342
39865
-61937
-31416
2643
43649
16258
-19437
14957
12633
-38736
35719
-90553
23646
-4445
-51882
625
-25787
39982
29757
-124027
27614
10045
-84722
62514
-46165
54368
-26091
-37986
-771
44503
6339
-2115
90820
28402
-97376
34098
-57996
-43086
101645
-9849
32550
-29695
-56066
-12042
-36239
10280
13174
11806
758
-21810
6895
-12976
20413
-25400
75039
-64837
57796
-82815
10919
40021
2315
-80361
-54491
-55550
-91710
-50399
49367
60697
-35544
-36141
18550
-74888
27986
5923
-60975
15164
-664
29006
-9763
45312
-60214
45978
-38778
107161
-22968
78124
43515
45543
-30349
80372
-86180
-70540
-16649
8795
5223
47803
22683
15238
23970
6613
-84902
-78772
34040
22547
-54958
-70845
55816
-63800
28185
-110058
-46653
39100
-5017
3945
7873
-74667
-39144
-22156
-60557
-86705
-33489
-36443
-103445
61500
-30976
38093
-41367
-92168
-55014
96827
8262
-5459
84595
-58348
55246
18682
-40849
-79120
585
-83037
-22755
-24561
-87222
1900
-61478
-44371
33805
-16454
-100462
-818
-1853
-23809
54520
73781
-13074
-49487
5460
113067
-88061
-103105
16568
-22363
-71814
-34732
-27346
19138
-20579
-3134
53768
73517
44174
-94835
-21783
85355
-34546
-97009
-52847
5970
-77522
6188
-49038
11483
-23446
6175
48679
-55973
3466
5952
-35210
45477
-43215
-15281
4257
12365
-20961
23497
-72406
-781
1770
-7638
74223
-121
-82940
103302
-78238
-1702
-119381
-5800
-17916
33747
3309
-73692
41904
1177
-33405
-31701
28472
-34959
-15376
-2836
-40254
-53543
-28828
-21440
7562
-58935
48592
66958
-12283
1877
-45284
55484
78215
-27622
30896
55656
-112598
30795
44273
65733
-22079
-38850
40456
-74226
-9864
-27655
-84938
-83614
84842
-10436
-34039
-65696
-95409
22445
64695
-83389
11866
50494
-35550
21708
9562
38052
-24117
10229
-32826
17565
-118425
-74989
81903
-732
46286
-11508
-34588
-16480
-14987
52813
60715
14414
-12267
7482
-10617
68833
93248
-67532
-6770
10254
40669
-36463
-30943
-59785
94262
-3886
18905
-29996
-947
46233
-56178
21850
-95907
9240
-77377
83914
100284
41082
11482
-47886
67779
3030
19072
-10789
-3137
2797
-79682
-14031
-55394
-13005
-72204
4415
12046
29043
15199
-11536
-79910
-65418
-59311
-43534
79709
112201
-32510
-89646
-78523
-18663
1642
-1528
39311
37986
-3030
-117293
49292
-31783
-18350
-10078
36311
-32348
4842
18350
-23842
37724
-3736
-97360
18750
58267
88019
92240
-22339
-17358
-96297
19875
58620
33471
6098
41163
-68872
-50863
50912
75648
-27095
32719
-23030
49602
-39397
-25621
-35594
-5427
46946
-139
-95578
89904
-466
-85268
-19972
107881
44950
18665
-50759
1078
93012
-6634
15516
9369
-68981
-49194
-18110
-37518
-18593
-73347
67970
-2899
-9328
-54620
69624
-43389
-42408
-43141
-66358
-55789
11150
-45904
-7314
1335
49482
-24588
80918
47259
-5492
-8026
60276
32268
19802
26667
98541
-5816
-62600
-81871
-48369
58717
-5306
-35838
89421
99502
-18105
-5442
-55284
-1622
-48592
-48367
75662
-44213
-13456
28256
36085
-52166
-41016
27312
26461
-56191
-28296
94017
-4867
-77500
-49
-8427
-61245
9233
43348
3750
16536
-25062
140
81743
-61080
-37472
-56946
-88924
-29300
-72507
76350
-87618
-16395
-94390
1203
340
-64491
-4668
-64303
13879
41796
-43218
-79066
13748
-37641
49631
-35506
-18870
23994
-15330
-35371
-46009
38581
-32685
108372
-13226
5874
-85934
-10835
14857
7476
29985
-112950
41493
-102800
-22765
-24910
53494
36597
-84350
-16386
53245
-15141
57121
-116961
52781
3090
28840
-62085
5053
16674
89566
25358
18845
-26511
-28897
42793
59014
22742
-63231
-29024
-14961
25872
-46861
60392
-3329
-86701
20539
-35032
17609
16537
-27256
-6318
104634
-104056
23678
-78605
28604
7868
-9210
8053
77327
-88338
12949
25786
-36757
-19827
-52653
-45840
-110180
21006
98507
-20965
39663
100794
21155
-67123
-14008
70882
-78514
100593
-79028
62231
48996
2725
331
-935
15519
-34265
34019
-30862
48286
-5978
-63887
-3553
-29921
-58333
-11642
-31733
-11311
20046
35372
3811
37447
-26583
27755
-16933
-34309
-34124
14787
-79006
-71011
48289
-73718
73901
44193
22233
-98562
-42028
25180
8999
75673
-20548
-90384
-56615
-14099
-15566
-79914
11346
-118630
-101740
-51314
36100
70861
43154
-104385
-37603
16512
40593
20609
68291
-21789
13628
79623
15579
73773
-44664
-28003
-8090
-42934
-102162
-84534
3742
-50916
34667
64299
-52653
23337
-46205
-41263
98852
113994
26372
21391
-1719
-37199
-19859
37503
94973
-82819
11926
-34809
12529
-4827
31397
53315
11074
-102382
100410
15543
73686
-16288
23107
-3185
92965
-46174
20942
61005
23445
7413
-2625
13931
52990
18231
-2617
41386
57839
40447
-58473
5064
-46811
-1309
-6401
-29125
14105
-24246
31944
38161
-9174
111464
65973
14220
30074
-18321
31613
39980
-15893
-7989
16294
-32059
52275
17177
-18963
24981
-24493
13415
8734
-101095
2901
96335
-2798
-42696
48969
-20166
-14848
7928
2806
70027
28388
-5216
-31915
378
-18140
30081
-56305
12595
-25995
4183
-26001
-19176
91221
118201
34768
-98505
78183
88958
-59387
17815
37228
-30289
56008
95280
25857
-55649
-85152
-8777
50925
-3403
-14644
-112503
-4989
-97165
13040
13638
-26869
29641
-56372
-3842
-18678
21713
-39183
36388
32519
66940
-40480
66518
-39102
111963
7093
53758
55813
103790
-16482
39132
43737
-30294
-93405
48713
49751
-37952
33767
47091
36704
-67118
-10062
73778
4657
-116157
11906
-18469
-18993
-625
-17453
-62474
-20209
10601
-39643
-100092
-1301
41385
27748
-32927
-35761
73165
21829
33602
-18094
71065
115491
-15218
16888
-26442
1193
-56483
1053
-42410
-35239
67990
-2643
-16355
-40372
7678
-12776
10040
-97441
-53458
-32579
4440
-62399
-18766
66929
5704
84540
-68805
87662
-5816
49160
67008
-33452
61760
-97133
-44960
-32579
100803
62579
12945
95547
71799
-40013
-85841
23244
39766
19180
-31091
-17227
-15919
74421
-17980
-5816
22500
-48274
8725
68458
-43580
6749
-99798
38781
37088
-20468
-73746
6172
-87158
6918
-11068
-69183
-41375
1661
-12621
-77766
-5428
-52635
-64644
-58658
7614
-33241
-9595
46648
74057
-3121
-21680
24447
3292
80451
-99343
-24441
22749
59380
-46809
-6083
32340
-1693
18151
3278
47403
-5630
26108
-27112
6723
-4524
-107289
-32089
-85305
-27067
62491
-26241
-36389
-106870
40393
-36004
24629
49195
107430
-94239
-19585
64511
-75381
2954
44907
-13294
-3643
629
-18177
15201
-30395
-48610
-6205
-26061
-27795
85294
-37717
-28144
28776
-22817
-16516
43243
47147
23852
-26607
18725
-61606
-78615
98138
52069
62511
-30046
-93857
9040
-43605
26938
7658
-91354
-107732
-31909
-82197
-87585
-32645
-106636
17480
67013
75792
34972
28077
11513
-7130
19923
106633
-53928
30581
-87839
71345
-15691
11720
17795
-74678
-25064
-45318
-68833
50507
47540
-58526
-69650
-51022
3152
-61222
28804
-5189
3376
7052
82142
-13672
-92179
36684
-22850
-47528
-34547
-9375
37169
-45882
-72901
30540
5169
-72232
-13115
-63186
69319
-77394
-86045
44479
8952
-107097
94831
-28431
-74733
-78519
86631
-74693
-23803
-81672
2472
-110421
-6568
3424
-5573
-19314
-81426
-25406
-84438
-23527
81529
67230
-2608
49882
-65448
-82155
56632
-78169
-18697
85785
7099
80180
62126
70298
-41066
84094
59629
9973
-26146
11500
-44615
117555
31465
-67812
-5904
-19530
-8311
-90029
13767
-36437
-26181
-16215
-61976
27175
73505
52417
-14087
-10991
-37450
58623
-16905
-58762
