329956
86694
937643
1219606
33411223
490475
197878
888866
1054747
33433595
1045548
230789
33466436
100950
921797
297153
827426
26655
751620
591754
33483948
32565116
982717
287450
787445
33411229
873413
26241
388161
680533
798043
33515776
55957
33128127
1112224
1269723
333889
400247
33365874
10424
852223
838531
33316492
330475
1116319
742847
196580
1544958
27593
972042
1447615
424319
18661
31449
913384
726380
131898
398653
1182758
196517
820439
2095837
776157
321869
1191289
987240
351506
1314244
1169726
971386
974220
787394
28695
743787
823213
33490209
65880
96629
126134
33418935
916834
33458262
1174656
183661
33135519
981124
2759
122931
37889
135128
196841
660872
721190
1286758
33336598
255367
44088
127355
336135
1037346
859492
6196
629589
202436
856325
32512768
1215515
945952
466124
1146803
33508231
775132
35117
33359224
917601
33423328
714087
918300
757599
680917
33289446
358559
251638
961349
1144105
1035932
301152
203783
1039405
673794
371936
1375552
358162
33409818
923042
266027
1406695
1387361
697658
32508842
1541438
646105
32540001
877371
2070466
33389975
228148
33488229
298167
33423365
643746
39340
33485048
1027163
33465631
909417
33334042
982935
361473
33430975
231549
108381
928470
32567041
33405300
1087049
95315
100026
94073
5387
2096533
35715
920518
920321
892800
963642
991074
1275261
207868
32572377
255138
266276
819954
847747
463138
163821
291692
33290241
33455166
941157
33384301
695081
158397
1238930
164877
830620
380961
33249345
33298550
1043734
984774
107478
396221
33523900
1022103
257121
853249
488377
260479
32533595
168106
2093108
106741
7563
661949
459547
1078909
152864
739392
33461186
884438
100734
241958
33534267
997355
1120031
167936
1150696
256380
1383307
754683
72702
33426502
284640
1020936
827328
887742
1180108
611228
724194
2097132
262749
1085912
327073
32539371
168953
960235
971648
33469222
1381819
197725
136601
884384
351198
47522
820654
33336150
33464789
843136
917458
788731
33316666
104002
32509608
105862
169990
65723
70653
97472
1152869
204216
1134740
142089
1165246
33204097
382235
643933
688966
32538688
804988
458805
104833
33518477
307105
33516660
332551
282578
1084246
1211396
33260693
122872
587509
2086789
33334561
325434
816114
687187
751649
661289
1240493
33297243
680926
855242
294912
1040328
982364
32534683
97091
335943
840805
648069
725786
1513401
1307676
24512
692607
169116
952066
1375331
394205
833609
1051514
787063
387195
32772
33465307
1233183
447167
856922
615583
53603
889794
797356
32537316
1242379
1136884
843773
981643
1288509
1390630
1136767
493886
235425
385152
33495041
33460281
587015
852001
1189833
456738
395334
101377
469291
459566
33495103
351156
681846
819331
263933
33460391
88781
1057624
912458
33199719
379001
33352937
986119
103289
1353955
102440
291669
696297
734430
248071
761125
656225
468294
196498
108414
34029
1113209
969754
865019
33257663
127936
61154
386970
158366
985188
20601
425823
190171
1173480
1204150
337268
755973
1249449
32529312
926988
874112
32527397
224178
334478
33549065
767059
1016733
190430
839738
92983
304997
1043461
1028471
32754
781397
1176327
1211671
323906
61517
85012
684041
89236
164428
1175585
696070
845731
422279
904059
88995
1068123
400384
866469
269120
1254430
259461
1218764
123873
754039
816103
33392863
125990
818976
191509
13056
948545
431268
1023064
855104
856191
915592
33951
980960
647317
206836
358322
929005
33296374
1073465
161527
33465640
679809
693407
1037995
32544462
1225846
1009822
396284
145819
355351
60387
2069320
1045798
1019616
427996
60705
129852
1253696
162957
438079
991078
783966
33232206
400460
1233141
1092446
70782
224252
128801
1055713
33248095
88091
32581537
2911
913315
1018144
33417087
713804
141120
1270841
249913
201686
229216
957683
27847
947776
33517569
855257
962944
893768
918948
240525
33516704
874741
595693
657220
994252
73703
135897
951322
458014
33280778
33430528
1215869
33528893
652899
662538
33290889
941983
593179
190221
1140834
327757
654204
910670
1054941
359786
989321
35834
588136
98357
197637
340991
315103
222654
90388
1018877
855300
974045
33483770
854590
877534
226649
689125
831389
32514177
851877
994336
165510
1111002
591624
1029343
356503
690560
798652
63496
70053
830178
33546297
108705
459624
654683
937885
744633
621631
719994
340568
33368296
33516828
949074
390981
33269699
33550397
33292290
33546652
913796
369506
1016810
226646
91235
946433
983149
33522599
216826
1016245
368320
264424
1245928
294486
2092123
655299
940204
815373
1110178
32565897
33413375
100446
691839
955563
32562228
1132531
2089974
429505
33522399
3829
899506
1340781
334489
1176964
172863
2091935
33424460
1377351
748279
125978
195411
33429
380990
820228
33525766
73503
1379079
927134
22645
676831
1016633
358201
198426
423749
814056
189894
33173114
33153829
111623
200737
679584
1256820
1336918
1010971
779220
163903
1082338
390820
447521
1312653
99294
2091964
193664
985445
745415
2066619
2083659
584676
33431869
60309
55224
249924
652267
1020006
758891
33274839
1008608
1120291
1181607
786263
955384
649023
899317
490612
165461
336039
918498
32634
624853
1213184
171775
950386
663581
33348678
26419
424735
32544767
677095
786019
99291
616616
821285
927046
851905
1217
360926
1450869
1107325
1014719
955812
1347619
59494
973120
210377
33523701
32542437
275425
727030
327618
408383
778103
361113
1192366
865667
305541
56164
33317989
1309731
90133
196653
927103
679873
20762
813824
1271712
1040387
283475
203422
33415051
47082
168901
403304
1093755
1357891
161821
1339050
406869
32509034
32528628
33456397
721478
845013
100147
33482367
2089753
33528032
89506
1009312
33513478
163850
33422749
218504
812156
259141
353033
231755
677149
359613
176580
951913
33528700
123870
903591
1023656
33493353
1281128
163917
33348693
33522867
37275
330407
39134
304888
826261
826444
1300714
599743
1389793
845675
950471
32540033
5342
683605
298409
365250
33454149
174216
1407602
170263
112232
358722
302303
32705
1219227
273479
855753
75072
300318
990886
856099
209823
924565
295820
694275
625460
1277720
151562
453381
132888
688319
1018819
1038682
1061762
953156
1111334
33330422
684314
1118034
725626
76834
1025013
196636
753036
622586
186530
33436550
2066786
762885
33255422
390446
63295
32566326
33386958
309588
1047349
32545605
23694
793886
41343
897957
1387320
289810
992225
33403109
1113186
888997
200130
264554
33350072
165802
1288568
458663
679758
332423
79018
33325925
339432
654340
381001
164643
1031165
1059041
591462
33436028
299954
817173
644195
334518
717429
1410167
632641
1239874
523388
232536
395682
231046
2075773
653120
1302440
196819
32518934
353560
33322784
943873
359524
971532
1209375
1120128
333502
33382086
367479
944570
32535552
1253547
1281045
32569255
27771
294814
1414270
701412
1406368
728481
33430781
33303481
122109
1371103
33419390
1179990
67300
828044
45221
130079
262595
1018083
1444545
453508
660831
693160
33493260
664565
260190
76021
183924
118110
873198
1445914
730082
228630
456609
624869
265031
846911
631029
189226
1446331
725278
974601
233442
794623
195500
457798
300000
466816
1213177
133884
684850
178809
294670
968704
816226
826600
2082816
819399
1122954
412983
729898
1288153
983005
123943
33552211
427013
60381
211143
949319
1104982
1013353
32544901
78856
622617
240253
33528525
753357
1278141
24124
708672
140160
2061373
134026
32528526
1039469
243041
1042506
174687
33604
1264706
53285
790477
914246
750410
190621
166647
34884
33397922
306375
142487
484503
303223
209088
746528
138509
205792
744459
1019733
2630
435483
80007
917269
888946
102434
744628
595877
296843
459519
32562200
694337
98228
1251393
33215164
72954
417754
906580
2082952
33271904
790811
1417279
663519
32515165
1438402
687718
164256
32568758
598123
388006
878585
33287497
33420522
790732
926742
325365
69794
1174687
645248
361640
1082750
455608
15235
685147
33548968
65095
888774
33458818
341266
653578
749949
862980
70418
1189782
99467
896289
853401
1412251
193311
1341242
13249
1308403
157433
715589
965404
331992
993547
1029206
757568
32563320
742722
374678
380156
656093
985785
627709
943134
952448
32528025
235468
1428544
742141
653253
958663
1255395
866587
942456
203552
33526788
987928
822883
970175
733952
299659
33532511
26344
1124806
33049
1336129
477076
374903
1149850
71937
943090
64476
976675
338014
293029
181916
33552391
64466
1038337
97061
351365
978627
719876
33258659
257886
128066
358614
896953
296543
174474
1273974
912225
618172
1219519
1035094
978280
33319003
1256347
1070332
106433
136986
394207
786848
1144995
786466
656102
99746
753288
1027175
33641
613013
1283148
266302
1004385
821493
33484952
1192332
58674
1412856
303246
427178
436184
733979
333756
617353
480036
1339842
63158
32514524
656444
11044
1053661
1168803
33442894
813180
1277916
1239644
904130
1042722
710535
429053
122817
932052
1044837
720167
33531698
658907
1051980
822311
64519
236724
949342
29251
449433
1017869
310055
1012087
1220519
32540836
33418476
856993
281774
320383
453716
813150
196554
787810
984071
697570
32603277
335975
33322585
32535811
1080293
227397
337656
44359
33533858
159557
44097
330846
1099942
1003041
263289
1021111
280876
32536748
1410368
168126
33523787
106601
200152
949134
33476352
235165
1400449
258471
33465047
2088822
940445
265907
950475
295767
1376648
70046
23986
186140
292574
1439578
596383
817180
852831
29633
1077058
798642
917536
831589
138394
458654
252096
722596
352660
394678
620195
33479116
362814
3770
419839
739364
140001
473441
33508063
200798
1244867
1333096
330401
824438
754117
99160
64857
170268
109146
397023
873581
617312
12434
454981
753450
295122
756041
2175
77068
228718
978043
2065379
413422
915709
1036600
86429
166020
63516
957279
160833
53255
973772
33545379
994465
273396
805141
702258
110178
33554222
338872
2068504
294110
53309
1299254
850858
451253
918747
33458381
1011676
1054718
852011
33433318
451778
685670
856153
958276
33454195
1127849
758529
91484
33489676
189695
921441
1022793
428053
656436
1370062
33324094
1517258
954050
975232
100279
2088802
672824
298475
1054827
785477
424033
1046148
33431659
731475
651587
2071684
920926
1139611
1144550
56352
193721
709358
30680
601046
582748
1092929
33423165
765953
299607
397163
691942
653417
33530553
65916
2095425
463135
152677
1139580
32510645
412706
418121
288327
1091693
224409
785806
985151
712484
1085821
1035266
1073124
33260698
33419289
1377416
422593
875847
924981
1090029
33485508
296670
339769
891157
1044568
1093315
922720
621695
559011
238628
820674
816076
33547019
879588
260501
1095422
1075589
897047
625529
270209
367604
844674
1072128
787866
169177
33201820
34785
33370973
8116
131105
1046546
101757
660267
989604
167865
829465
127332
33449725
781131
9189
912149
631843
1253345
386995
792414
322239
257952
1312381
852180
983286
202881
1175383
995443
914425
1282454
992257
322572
798050
873191
295850
324385
263170
61701
65654
660868
32532814
33386654
2095146
65160
924635
33254989
763934
995351
198207
196383
660919
823647
32517824
406806
32511359
436339
160611
60095
1046108
847061
33527845
781772
692317
298328
958623
1346529
483068
1079948
917844
32560916
445255
407523
33268325
865138
950081
33494030
972600
1030978
1214278
144548
965213
792412
382432
829158
302392
847272
983747
983265
431861
1076267
1015169
33163262
33227909
204665
33432004
1396737
32538528
819831
19304
887559
797914
32529280
200704
756414
1300839
1243321
259809
1017696
1171270
33311173
884827
782360
792703
172730
924268
87954
138365
936320
176206
877701
32507829
878679
879842
629054
963242
1123457
1181622
815414
10241
733161
1134828
742213
203765
195365
1353915
906334
847858
63628
130083
1169565
985001
43101
43175
1007744
33346654
262979
1375909
975866
65310
26463
60313
1076420
977294
157542
283996
762498
1205125
861635
1358855
153279
33414186
33241892
33454405
303718
844986
73537
1178856
309224
176293
33422285
33360157
104364
960828
334018
2075914
945372
1047779
305121
912184
980266
133306
1206655
2065215
1140891
16353
401675
1040456
221046
733238
327817
219167
350331
5408
632690
32571164
33291547
2071486
1444829
1076357
826656
33351009
1248974
239430
1016673
33512578
732024
1102894
455562
1312634
1334475
1143719
362752
33289884
379051
1287594
1345823
32506180
86308
1246049
1056704
663702
232571
615816
8445
259900
949495
314423
884667
887587
290655
1167497
32519010
289518
188641
424800
233473
926015
615459
33307455
33343538
170182
28952
174729
481284
883858
919361
1220738
727807
33508456
32551255
1016754
1442706
831780
857499
1283100
156249
1259726
253940
1046270
1127133
713372
1087559
888587
592540
33336472
452160
1023998
33486182
1310844
199797
330168
140286
865164
32553098
33194969
425569
32509913
694241
708044
58536
1317817
1168480
288680
33160645
728178
57149
455513
822625
308820
158783
32488
950209
1154875
194756
1307648
923769
1372006
650004
63480
874370
1087657
285957
1312700
171039
32506081
787740
133858
728123
589897
198404
26198
164135
32535335
2071330
904370
33261991
42571
898463
33551259
1061640
238601
190594
32506183
187337
974051
34487
33497276
10944
1188864
746570
984038
1154104
32562925
664573
1452045
201685
1366078
33547644
33261312
417757
32526371
324638
330409
1042592
2092703
98285
915518
413693
755667
91098
858170
994594
457861
329345
1011434
1047589
37632
837674
441240
1144590
33369509
192195
256991
2088007
1310948
229319
366765
918254
1047676
886051
834242
65476
32515110
33433774
1073732
879627
355335
1120067
744709
33513606
2064035
1217350
34211
169978
85825
654729
874466
187425
1221630
625628
1041595
423622
33186873
308840
710812
1132584
22597
1236829
939970
1399806
862934
130664
751708
33396506
276244
389440
2882
1057193
700387
198760
136865
33171736
1118484
724074
682049
33324703
33521657
74371
1240442
928420
396866
394154
129093
814199
145535
1133896
619485
223
264183
1435452
829293
437850
988218
631511
33299254
41972
124930
370010
266403
461876
809603
917533
33527831
197955
1489706
319203
29659
1078013
239606
242649
1353820
908134
98304
959260
134306
33359865
1121248
1111010
873144
135103
112571
166126
25736
259990
862179
33226881
1211832
33420212
825641
267227
450687
2065061
944026
752068
33417241
847834
33458490
32538943
874376
1210240
761607
863943
126849
395370
3036
854182
32570273
644130
32537421
653483
32530335
33549590
495743
800153
289376
369636
823652
32511990
681961
1095560
1038121
33316034
1016796
33457433
844826
844482
89817
7097
947094
1154728
797334
358434
2068358
994453
823449
684125
641664
1413224
105
2097024
1018657
230286
32160
366418
33551267
949919
98085
963000
719656
1152872
2088834
31747
33227747
42241
32571155
634912
32559177
33101959
33414611
876485
1402952
1074500
921566
65972
61603
24640
101492
1193855
33396711
124702
267200
686123
717974
1140602
426108
247946
827642
33357498
752891
289723
264159
137833
33357849
364260
28324
198654
972470
10126
979874
288525
172908
1302936
461576
258143
355027
33096641
849854
124664
914015
33511451
784426
524250
1278666
33519361
596901
462184
693172
109988
875650
1305659
33339359
2085979
919929
253378
33476697
1048941
33353154
1302585
6278
662366
33548651
676039
945186
33519063
983680
990011
335781
1170143
944604
917665
936065
32552025
929690
131127
651105
1220354
370382
1177664
983148
648956
749206
202738
425152
33248896
363874
33525888
