33283037
32559892
33503102
746235
298105
33421345
334879
6399
1234562
1308341
253142
176247
1024928
1038
1250025
625717
706604
89116
33764
723776
947913
1079721
2077977
744835
381655
946585
33489562
291485
1135976
164482
100443
929748
73805
1105641
960375
31743
392169
174725
33423564
1004520
32573590
27573
580578
1025111
221307
283778
866418
893595
984137
1039553
646026
1029948
1213530
790775
490403
101764
41901
852846
711576
988122
33226836
2084864
33261567
261856
33391485
315223
889460
32539744
163972
611178
1249308
814423
163673
1265864
1259395
1174450
33258858
880005
683333
916525
158725
1048165
615078
840819
101357
650228
1448873
423698
681029
33446173
33283463
470108
33529152
32536449
32569354
848022
1048703
197218
1278275
748553
1144821
1040451
33295008
959240
591869
33483904
46756
33126773
775272
683995
1070964
1182746
123545
691668
132115
691014
171304
33475457
725683
35903
32892
775679
253765
249996
1014082
721610
968988
155878
1008417
33512232
283780
127987
122919
985763
981056
1212404
983033
758982
1091816
303412
33316447
32540382
33441869
1249676
700154
33427263
595076
32542740
289044
1413272
4165
875710
210357
33225621
33433630
33268151
944385
1144214
33392373
75763
151562
33423743
157431
33187529
33471400
1202011
1276389
324039
33436953
236317
52952
1218561
884393
615744
1414158
33283808
33222806
33546719
1151320
1161351
1209442
405372
233702
2095132
889632
1146617
722327
110782
196423
386739
129202
813496
2866
790889
783230
922661
487683
778281
33323994
440222
185147
921279
911465
419282
2085755
32536447
2071671
1014721
1345726
160931
398525
32528009
197022
458396
681907
979274
1339578
716697
1077409
628786
970049
694717
984448
33466331
28864
41783
238696
1145734
1078230
397396
709029
839681
263936
923903
32538907
1357810
32544795
1129273
790426
952469
1158307
9206
33534707
32525619
680979
1183512
892540
861340
375902
1016119
109259
904233
745528
1010663
619957
122978
822052
33520722
132212
21755
394302
331001
33502462
490975
1046876
56348
385480
170940
593121
32527966
32547525
33360663
592184
33511527
452490
699595
306124
1055754
295853
861763
782107
1182766
753222
362580
884835
989590
33326297
865316
32568595
2093290
487520
132226
32564189
922749
1043749
1320613
236252
952353
695254
921697
228348
1342401
33489954
1072243
1248665
882366
156070
602175
273532
8126
33386624
752675
885779
84412
877440
860185
1201317
919550
688582
1045766
448574
33514508
1015647
948893
35683
241582
616171
39083
322469
335956
326709
348164
591911
31610
105055
326624
666405
885695
1497528
945211
1474676
1139799
32537175
302036
327964
38564
462817
1467520
41053
989602
192928
952101
33553561
1044877
791604
184359
132520
740035
397365
1045632
32525674
1104512
200808
318692
2032372
1305404
982913
2073292
284342
954418
1345177
849945
493286
983801
401687
615618
927523
187036
329733
435588
713731
33534083
702349
421633
724811
33396728
722880
1031390
65988
911645
1149677
32511429
324289
33271809
1153090
1081262
907265
32548711
855968
162786
1375310
170046
931459
846088
387039
308232
191557
845766
144226
780033
452604
197622
186598
272312
1084283
636001
1266821
1069824
1179524
33516458
135137
218742
919805
237388
852333
876093
457373
916583
360646
132771
32557465
1259492
2044
403628
323162
252795
241655
155081
33552187
472091
77448
371686
262153
287550
863207
32886
33523739
65846
1237778
330700
1312614
324731
1428773
1085697
34587
360549
953435
889891
42848
139230
1363049
90952
356362
66989
896178
688869
166023
332075
33217464
1297217
729957
821994
1060983
1112933
236277
33331128
665283
936285
1012376
232513
919194
33452729
93211
1272734
992220
1179322
752393
150108
2061317
197503
267548
470888
854054
32545893
1342369
644191
105819
324581
22791
847804
787379
897089
395615
883046
635757
997121
918286
1512413
760855
194722
32576426
862206
117475
235347
1090765
1308539
94265
33340041
29376
761478
1004700
261867
982652
33484864
881599
22528
1145883
251202
74458
757408
1027006
1407066
204897
7997
1468791
1031192
33292728
717477
32537733
328389
416136
915873
2072584
698817
325792
305284
856281
1194802
66619
1005694
74713
2074409
1102884
352117
1343199
188701
437268
88288
433477
150506
2475
33392983
33286266
1134372
33496811
1178784
1277814
661051
130281
163809
916795
33420925
423258
1137218
2094106
334080
995581
1150898
33456414
1110745
941309
1467686
623555
1086169
1145416
951301
32533878
1249185
32571264
33162205
1014753
94428
904164
205686
366306
390113
33195103
32561281
23396
4989
849375
32546755
33483842
67751
1372041
1515488
1532131
718146
1308703
665673
13076
1078503
151638
407197
952385
33486826
1046346
1072324
1030112
229179
33508517
929783
781372
1411686
33487580
327400
1250616
1028992
2033528
1028565
87204
729237
125099
925693
186400
144531
462051
603103
107978
936314
1405407
1015742
229408
226241
919361
33128486
200448
397944
175914
128436
718882
968
388769
688506
825370
32539337
789690
430696
124608
955766
7998
101253
2079781
1120202
875274
270731
33483166
131805
149927
392895
1111871
200714
1015892
101694
141404
1043327
198966
945156
752935
33551389
651582
1081183
154689
602048
33521667
33392005
1037151
286429
268255
683310
1012062
1277530
203892
260227
822610
140988
33350047
32569576
780570
1094941
961256
1276228
898075
229524
33377609
97599
1172444
1285821
32531526
1114830
1182047
456878
69984
32545193
32563235
721194
33512629
429114
237443
626907
33425748
136347
451240
199737
1177666
875403
665765
831097
33368988
232156
1407078
2093793
3255
63187
33430588
1047930
301433
1042013
32535814
298182
33491649
388232
883803
1068124
1375519
1116965
591751
2064519
822296
754527
162238
985881
1144905
1303321
164475
70980
1013849
237635
1126119
1239395
328946
32514070
470339
158796
1304483
1182068
723773
130495
166878
2065468
151558
904184
763525
98304
813697
358469
199506
582445
1037473
263172
164681
1170340
724004
459132
62600
603837
1139390
96031
34017
918515
984641
33260717
1222837
774138
2077893
1013203
33463139
1146600
1183082
33455965
62183
33240101
1251668
1015773
930789
33501444
71999
1118619
361668
335903
914433
198788
980714
37986
1186872
316621
362429
1235997
160609
857534
152983
223466
738984
166196
137629
33288510
1009608
601368
1077929
304232
1112031
2089261
33273765
197822
193293
945240
622504
135589
171080
2093088
983070
362146
810187
747706
132487
975602
141408
251747
706360
493465
962149
1237144
1345613
593013
33394369
32570335
912394
1141734
848167
33528838
261594
131872
8326
228253
145244
10165
33384189
33279434
1015489
430094
269316
1006697
1021955
1055008
767883
337764
1176493
766714
33484838
1150049
1084229
62734
794592
778195
1015490
2097019
938910
336897
658741
743544
33358765
404857
407875
358731
757646
1307864
32570952
874466
682072
726889
1029153
60771
33327426
2074724
1023873
33424479
391864
1014147
483639
655676
160771
961505
29731
1111865
208948
819257
413822
461845
33372038
182282
948917
33167071
1412102
707845
111741
922661
456989
367252
796803
926909
1204197
32527296
634955
2093031
749319
76834
302669
69400
931671
808742
1049313
275399
33527531
921826
1355680
32536579
1027808
656614
372609
430053
956217
980996
28652
33470140
33250184
782041
394315
323724
33478312
173436
787786
355737
587839
791688
10403
387329
131842
888867
157949
99497
729440
273719
33390215
226990
1048435
678566
3809
879797
307278
282781
33123589
259038
123549
33395726
1070690
717691
479424
878629
783198
1030125
392151
42883
1023389
1296772
261138
33344832
268946
32552212
695650
1373197
959751
262726
798721
594974
952294
757473
122952
150806
79966
3094
911806
94207
980128
164765
882568
1120863
32509851
460212
33452289
125255
356565
58379
33429543
601205
597042
33383858
635457
393639
2094169
758856
757667
188646
33518312
211618
90691
609185
160364
31480
232126
1010605
361472
32544650
414554
730934
1378649
859784
1198716
387099
412663
797411
1207268
33391276
33550612
949271
69339
37111
372587
172379
111414
228162
91605
33444010
33486476
268264
221219
648354
33549443
2058296
32512392
260137
33245222
715651
303516
1046215
33529
47489
33519269
728104
912100
32543459
33422015
767103
756549
33289211
1066652
793600
299453
753353
33383400
599082
1288299
65718
995197
1191651
32552532
484238
190442
722687
33484768
51385
33452915
859229
852031
33418378
7420
32539562
692093
266301
918378
33268562
1030030
26499
904223
431128
1114261
931838
687969
87204
1420155
33366019
33240223
133016
911173
33497834
762068
824446
192386
885597
21378
428040
1114701
390974
33356557
864201
1242363
812046
33346623
674593
90786
33457278
41084
655586
128939
905418
41055
374855
595163
64314
40064
810726
363333
746081
923327
34625
100029
917087
224697
33543290
29715
8186
985210
1117183
775
33452084
1348406
33488578
1026730
33158523
1041624
894980
316323
63485
33488964
380256
5929
817923
841339
261224
811745
922592
22524
724914
655273
819908
865920
46394
32549817
424864
1104702
950277
58021
719916
434588
1148167
824922
237920
436984
33171018
288443
341985
1050549
912257
729198
309256
33470526
1008920
823321
33396326
33450690
1240266
1006700
764937
32537792
33352895
220493
1077607
33450115
129242
398446
758850
168332
72362
300916
853435
74725
787382
186205
33131207
33467475
1180671
29764
415630
953404
763892
949568
972005
407741
472139
106686
950357
46234
1007415
1110465
1257600
32530532
1039166
73742
360413
756513
793665
612631
1279638
1017762
189865
847780
1029773
366377
32575758
169130
33301677
69720
33457567
1187258
1318300
327962
79834
709650
1057203
62422
143104
1006555
21407
59853
33433454
977505
598878
981651
33494500
33951
130062
230627
158943
954336
33481690
32506086
616097
695266
1154269
1415353
787506
33359314
33436805
941145
6394
1026104
355135
300738
1020026
33183187
393532
791513
943778
960370
275879
789364
36858
189262
854446
348892
1017080
33346400
140446
463707
1221539
1302688
862109
947858
33349079
193859
463900
264607
40402
329659
33524760
682657
401344
1170688
826953
263103
859706
394626
727131
881659
808934
1044365
367810
741
33353590
1277024
1030270
33393100
886812
1432265
392534
141257
682905
53350
1307300
990806
112476
71465
32524603
656342
943234
783586
941279
33491693
1108738
22397
963360
601924
1081368
745219
747688
697067
32536506
645155
127806
718688
986366
54423
445066
852964
1208358
419627
1044236
984950
2093844
292876
195290
204875
1312765
992392
32517400
33424993
707647
464093
1045126
757762
1225869
1315150
894135
995230
647228
1025354
657504
658465
1172238
692875
978144
261824
275477
677482
753080
207200
205485
644865
820456
1278593
1045533
33457284
32191
1014821
32540595
69665
386212
65398
131368
882778
1852
1211583
609016
785216
641854
33363780
801548
33493429
1126046
33367454
918501
33356938
55187
1188
32509989
998324
32511905
106087
381620
744574
33485382
105364
784359
396255
809614
891066
177562
972382
809893
667831
350565
786643
1385124
931494
40930
33392290
1004925
108553
95380
234561
33218490
378917
33292000
908323
884578
427030
327653
33396994
918510
426989
923611
490561
33186399
456829
61474
229752
32520987
37789
132210
1226206
248846
140589
878305
851039
384121
2088710
173990
32564225
801088
973631
201760
713747
2094024
1018911
33420499
163995
760952
137097
132905
824632
990418
1352042
33286920
176366
33486819
261532
98204
1011766
97509
1177663
33415166
100645
251754
755451
936253
674003
669664
33196844
165950
1312699
866347
356351
1371034
166211
32531901
977544
1136626
33485966
1370081
33483916
494631
393924
12149
1211
28841
161631
813175
317427
795410
374622
991558
32561377
1017951
797791
32552563
1001782
790587
1002913
196286
321660
65475
297143
876617
258299
949211
813083
765796
158643
33485506
33550173
374593
33488954
1116029
390977
170409
33324062
701348
200364
117831
1123161
885660
33390560
593881
976893
969874
33481638
127186
33128746
33261860
679230
324612
1085885
336162
33235103
735837
131328
360225
165633
1108355
913395
152684
1203255
160171
1114237
689464
821597
983238
696458
33261566
33396154
65374
681004
320251
1077883
624851
224329
666931
752033
1363524
1471626
252980
168767
27273
786273
936189
298783
1330205
33452317
130902
811015
100321
1045573
241477
426115
127618
33259554
1369754
161639
1115094
917696
224899
19775
1307253
717634
165310
523965
226085
95253
23455
155387
457758
187495
1022903
379722
461823
358431
619303
37768
664645
28659
990239
850075
105513
903818
292744
349217
1011834
1461496
1100693
154940
283882
943871
242461
356476
920571
1034171
131910
788869
454755
134185
941005
197925
852131
102647
67678
33264729
60629
1286335
1020962
698984
425097
936602
923648
97304
60438
1084171
262132
1045312
789669
2842
943220
236289
643135
99475
878821
32983
878847
889944
1249445
1457001
271264
33324135
1148103
1274654
614405
138023
297724
845183
2058680
1283680
201729
597855
33395392
1013143
450557
1019797
925580
33220409
995635
33296611
102368
154294
875579
283529
594876
1016862
891914
169889
729057
276548
293943
1053932
723904
1052070
728194
1414363
95125
428062
485381
1348862
918366
305116
389081
797562
33328243
374969
395479
783232
267207
418787
326848
32533410
960354
1115746
36449
33187971
130818
893867
940991
31551
898003
32519142
885823
125641
775285
33317940
28667
379769
209092
787137
807103
1145741
218245
316082
944850
1088345
1494083
972606
183272
829286
5961
32576173
53293
700118
809129
1058134
1022845
917549
724668
48110
981032
122008
33295583
623182
788333
84696
585857
941970
1053921
40584
1240684
33524843
1218814
992392
393272
1055616
816292
494208
33347363
689856
788381
1321907
497379
102177
1332331
1138919
725859
33392511
225212
357030
141772
792845
897381
918945
1165717
894340
1043128
173044
658686
67621
1109194
695172
92381
33318986
353053
295360
886332
33489918
41052
33418506
44086
1005444
33523073
753345
57117
981347
33456234
995212
624837
32509212
32550830
95598
818807
1009925
368280
1115321
19903
864928
228639
63452
1157299
33321953
853767
174045
467940
713799
1040493
293076
25795
139255
14270
420475
993282
202780
825384
92291
1046692
33208311
788807
33394615
874677
2068523
828703
756699
33257738
310153
756956
196709
394875
1379654
33326017
888095
2076703
33514763
62218
343291
978978
1018805
2325
893983
160449
844933
657454
1039747
878691
822477
1242238
735099
821280
229624
860127
949484
337867
417867
226380
876577
189557
557786
33486841
1342682
453829
2070143
846146
33326303
70304
744315
207466
97274
33385590
33254524
840411
33456123
33418207
788203
33227540
135304
1055669
1171488
321372
259453
128025
1036358
146339
1376521
604888
238309
33368001
1089377
970645
128440
185603
33517754
882728
720874
32525407
398475
420756
32551666
33522686
681826
61600
32540634
229684
1045403
62560
44348
1180078
977192
33383373
326844
860062
661720
764477
1010881
296033
718726
33492123
238220
86113
33494440
979381
32515150
1112455
33457534
33391603
390559
69608
33258359
1280255
819681
33468499
33485961
1216199
33519259
856629
33424408
58744
33195899
989352
15040
1044123
939838
33426430
833458
33396858
856153
1212185
1055070
1022880
395690
32506024
33423957
488552
33488711
941079
1244201
44443
1157732
1068926
1085274
752982
1189662
2089421
73701
879582
129020
691049
1454739
290761
33528876
1042400
888214
983817
33359523
105351
755019
830363
919369
32521160
256119
1096769
407425
927721
1004577
785254
2085919
949223
32550678
