33334729
33456157
144594
925726
663527
33381472
949919
1091288
1017722
792617
1168165
757476
1283719
1308682
484453
406844
485180
216506
846790
822938
233859
32550854
957911
32544043
33224703
96
880836
760577
2059348
1377380
2067847
32163
1159080
594240
952353
2087826
331811
197881
66760
656700
33493282
1166724
32536736
1247520
33470550
457715
33196191
33417946
490521
886461
165591
33388526
59075
390080
33498019
759779
398304
619331
1046763
61110
728995
657696
387041
920800
35762
33272981
283612
32567486
981845
273230
161955
62495
139705
436421
108326
815219
882494
33378556
384268
131464
422726
1028064
33270527
916322
196718
321117
1054397
1047524
1519593
687243
69511
658556
612960
875711
1312
218105
32568320
32539738
1151293
365784
731902
1397465
32558112
892294
778202
272215
367689
1382580
235291
949254
694238
780287
941083
629390
33523646
169149
163864
32532716
355566
32508063
658529
1246187
368670
157821
230039
365764
22573
699139
873317
264007
678507
665717
125695
764074
726169
33529153
616481
1050302
153789
698482
33496674
359744
63527
948254
197731
33249049
977929
896928
236451
33193308
810912
361480
32565977
33442150
195682
192894
1242045
850016
1226911
325063
46751
33131655
33445946
321705
44963
329125
885727
33448577
184324
907175
326719
1265779
44096
33449852
669312
1158380
209278
1021281
807137
780869
28378
351363
1180283
33522012
788045
884801
965502
1016909
896020
1009020
350187
871212
295046
928651
1020908
32550275
32534711
1354762
33446648
973046
231289
32514730
727037
880831
269321
184806
111647
32559812
209982
65798
850117
102437
457720
1047464
33392052
719093
1350948
717537
797500
1220189
1125121
33344390
32516062
838690
645287
37953
942957
686080
33358716
691530
787554
973794
415739
948479
33547682
982721
88424
26621
952159
255947
845971
190114
417401
251236
33482776
1078604
1053347
33359016
128619
692676
1094968
334179
302066
627712
851040
33452825
784570
1148159
33551262
945504
394470
1013095
1034292
264032
138683
1397087
842976
1251107
759521
351067
33424383
44698
435494
1157054
32545752
33441768
729461
979130
187562
32549471
33194146
1046869
1289177
338079
163807
2067508
859495
103017
33521472
780093
420100
1086332
844853
230596
152353
876309
189746
749700
722389
173890
263359
1376388
1151925
810188
32541639
1181697
807584
1039263
994388
1214183
63233
1270811
336478
33267450
1217674
33983
88095
19807
1022046
994172
364967
721020
462077
33286401
32545848
1209790
20550
207903
288069
1382551
863838
331333
33379278
330744
249003
4741
364808
33321320
1160061
324616
919558
991519
285440
798625
65725
584441
462216
796372
611540
1407597
949504
2068390
914906
277184
198574
596069
620968
718911
25887
695448
32516279
1509623
462254
788830
752608
820806
1381155
1245249
33172535
33378559
141603
33422083
167698
665005
33523917
1146162
1493859
603416
1118554
33510331
1343521
1034275
957153
477568
890849
362559
327691
61509
778240
318494
1354667
1019102
287712
650286
33437889
946233
2092841
329118
622838
824508
919540
1537386
33167496
623399
95018
426683
1301253
726056
941943
70
898088
1193559
33467657
1242369
1214914
249813
2254
795527
33350805
1054828
33155149
65499
1175711
1005375
886627
241274
33442433
457815
235457
725027
423813
73856
1013897
356032
468353
989316
627517
97311
611401
208794
1114218
784797
889612
1048325
1237257
1239847
370728
32570624
403365
256318
981981
787261
32569330
913308
350268
327618
335482
33457467
1085372
1297147
39256
1008058
33554400
450785
1134681
363499
396264
33437288
1419175
33426591
32534408
33551570
780073
33167732
602470
122661
1040990
1151356
788230
348225
248510
123618
1095949
1067999
32548853
885636
271328
231488
33291327
914399
943139
592128
781664
99959
352916
123337
63927
1312836
42776
1136415
23706
363747
995422
884741
917557
2064575
33300512
596237
924642
937188
33188545
1014067
422829
811071
424957
782516
1231157
1436384
57731
1049664
207099
687649
756794
862173
728660
195558
988103
1016933
37843
33259546
936225
33421889
469145
1161030
497395
33260566
459579
463579
1009865
778707
956252
687201
32541513
161130
1373284
199715
976862
360381
985861
864604
283657
140281
465353
1159141
108627
1215103
717633
219200
814944
203172
879826
370538
815133
1250133
685716
1443672
718784
33185511
33363615
32550757
790105
858088
985147
763935
33128546
54404
11041
1058684
33551296
837954
844938
1026842
814977
754652
731167
33298037
429154
11662
74358
591142
340846
33221444
32510753
67322
2089162
2092878
154615
33262395
202947
986325
1137778
1016647
33533912
142683
873624
1111303
2090135
220839
975996
724924
660165
764354
335008
827258
973793
61194
1047139
33213728
274829
396154
204718
1043584
941300
364511
33731
986470
111564
33696
237207
294979
925779
1284706
623765
1078291
783669
1145952
33261509
885498
29924
1453018
293908
36515
33405160
402870
731880
471069
1303689
684691
33554163
656582
98600
436602
1407202
134167
33380523
1107844
730214
131721
33458140
838979
598124
390820
251912
370595
444390
197894
920508
1041481
1413130
131104
257925
33493044
420507
713854
33414290
303998
687035
1039037
138463
1080971
696163
713800
1045503
1337124
65813
974886
74850
623607
489535
273480
625517
3487
12235
1078207
2070375
760423
791459
849947
128647
683256
1117257
33421259
107837
394338
23461
2072613
810069
426687
33274044
28340
943450
909210
288734
848217
131296
354770
591257
1009629
1287137
33484537
69836
99378
437056
653122
122892
818595
1080379
23967
33510696
32528833
684960
1014619
101285
25606
695075
950047
1080556
690522
852841
852091
3470
33306923
323292
756739
104288
33600
69511
971585
659516
1018087
33348703
875442
654309
1116442
458365
185305
1254010
34968
33456262
104398
1383317
427910
33226082
72102
1008448
972673
829337
67203
116999
229085
1029396
118894
186497
1243840
1037301
1134395
486412
362617
160577
288485
887072
655947
858190
1318877
446485
191904
32567047
950331
1040712
429153
33428550
986004
90047
1088384
140614
962622
65823
1307373
265151
112769
33492003
1203435
765701
235619
982113
33204884
328608
33504052
205074
735852
33552313
991544
716929
995451
98025
1093768
73882
33435032
1117114
881619
32507292
950303
647154
141407
444290
29656
1374371
963341
292731
1082808
717403
910660
1213255
912063
792926
33521405
13060
331337
363904
269476
33360606
837718
1076002
327106
846812
1024371
1247018
755083
365758
783688
1159127
33484800
1007233
915916
888095
33097416
266594
206500
654113
857535
1124180
103694
375125
230153
157085
44416
188691
625579
238400
822236
619996
779306
951583
1249283
596094
700462
723223
1011869
33418664
837857
133442
5091
33485672
1341429
32538656
406318
32920
457563
1013954
260573
349382
32512000
854068
853300
759749
718539
359168
1316900
842893
424940
1304203
978209
815072
33486530
87980
392334
93277
125985
2068935
975841
33528122
1073562
349289
1117418
752060
1154142
1123487
151169
31712
641915
651393
977092
654668
8610
897038
1079489
976660
235862
752927
333665
1308963
33386377
896159
788260
700664
984957
33502252
123719
793589
453965
33321153
1005526
121188
1223648
961
295305
323385
911063
33399746
667720
828434
33519804
929919
1385123
717088
950574
399712
483229
198787
360320
656384
649573
451709
1051779
30879
801111
1217563
828193
100377
100244
619391
689176
1048429
1178702
1116061
668415
484030
32508889
30740
1154198
613
355745
919811
717796
794598
1209354
728833
32566007
33322292
765283
952216
33516444
919144
381857
922860
667964
1146802
33103101
1178537
391131
2032759
240295
924439
32510408
254983
358201
782624
33290184
196609
1300214
164735
726105
354113
67935
1114226
592740
954067
957377
155713
695364
358432
898913
1238967
216082
2032730
981966
1017600
597475
134242
2074622
369407
104291
321596
10344
1049476
32565832
5876
597138
1115298
33497107
675691
985736
33525764
189510
28576
1185047
33687
33186874
437051
231007
965063
2067424
33318828
899308
33548551
33254168
612393
346844
691264
8298
235138
1171494
2096564
1212771
1155902
1336565
33483741
326309
873601
2086562
138635
33248199
747487
32538538
423811
820287
879967
98890
1276044
33489109
601368
1086905
330083
33443742
915809
1072065
633787
252005
1044214
1093471
189917
22274
1013669
99614
668957
416700
33453253
913247
390494
425266
72588
35730
1014209
479378
1411127
237412
359518
46698
2977
203686
898075
232573
831614
33315940
470155
703200
124095
360418
33426849
171686
1055417
943683
1068812
128948
2090790
1010306
32520164
859191
424800
338657
358657
197516
35035
1231844
956757
1068372
754716
1287224
951296
817155
640990
2084892
889538
33299269
143543
892250
824213
32563228
374815
403786
362307
324421
1080457
124978
917483
32552935
357341
1374090
850980
1051963
33099680
33528862
691818
1207166
683863
765019
225501
604053
1400860
975429
965524
33294558
1011640
97028
683948
892126
630171
922724
1052032
1498086
33523783
370905
795451
33527401
891708
1377381
439710
693298
33456361
1012841
33426266
120574
854123
24926
33540905
372099
1305690
812216
32511109
784380
2059210
32564189
1016827
854407
33548156
32572154
486008
98942
721022
692575
917886
33339293
42040
600296
637504
121778
158733
33514487
888670
656677
1381794
33456870
1044311
149435
615458
958595
1051264
43649
819323
2095237
156649
866177
33426275
775071
1035063
784520
949983
1468701
243843
829435
101733
922400
1408393
271265
33323618
33095737
725701
1052257
270348
669576
742147
165465
33545166
763515
20260
33365792
33283166
239870
753767
119562
222653
33465020
970680
503838
277334
436260
34756
232896
33454273
263142
259490
785146
1141691
719937
239253
915615
296128
917223
749352
73997
1255038
298013
625468
882687
741323
32541395
31946
88260
981180
466012
1133663
1028078
112344
31808
101375
33448705
1184093
692542
1179610
352014
32539643
1333982
102024
2065512
863468
908693
290886
755268
97219
418787
746561
151686
1010140
472286
91500
644573
461159
21661
69441
2073444
616487
33478340
2061954
775625
1087547
490661
1009895
2996
981182
33398373
1013853
914501
30788
1005493
33521444
683129
950998
356426
326632
664868
890561
11073
1133436
33514243
586804
33436824
33522350
66795
800131
1113909
414176
33255670
814232
263961
123693
659531
739961
99359
78507
784096
488443
1177634
33546201
658532
820343
484663
1011854
33551586
981979
794598
1045375
192702
948893
455659
1093690
1383584
854117
32568932
823269
1195301
1178956
787068
33301346
84134
854013
391492
814150
622725
617408
33509368
207148
33502381
130294
859297
669981
985078
927662
33482464
10211
952642
807820
78946
66843
975717
437981
1011906
33428074
1012641
61700
33312191
298341
1040359
281698
1170318
109757
787117
33471551
1046652
33468088
1256446
871158
961602
756736
897362
102196
34856
237406
365236
33323369
851819
728769
785048
730116
760149
987274
591991
32519925
164632
9441
954530
1014614
32827
90872
682848
32541085
163803
90756
32518048
112533
489096
157411
22590
787746
33462293
215736
256040
200096
946219
129024
297793
1105350
33455305
211196
1183031
29721
946253
33419309
683872
1278877
339625
62771
105343
33237991
449979
2095046
1287092
909505
33201111
372326
142507
887072
93090
1279
777280
104686
33358440
67676
1009510
1101858
21419
33460136
349540
33364971
132149
2467
130185
1070803
234551
1399966
85823
434149
74323
655579
503169
799684
32541535
32544226
817183
4477
131110
588979
33526209
187445
414851
948931
878719
235124
341687
297227
33109702
33258482
1169563
95178
858463
813088
1049742
678871
757225
797317
33487449
866340
1246414
1011705
33521950
427678
2655
1170593
32538997
861851
985010
970696
357247
919715
824607
1213217
951266
33458445
994419
793853
33494010
433215
1173248
687935
33423711
445082
715817
231039
989816
37087
454388
160966
163991
425091
957435
33263718
839397
438298
881268
735027
32534454
660829
1061818
420761
426648
1110775
945447
1088165
269701
1223397
230733
32011
395711
350616
943143
276830
754835
878042
1168415
33379522
472834
1011042
756223
767092
429152
33095685
855970
77823
30595
32526200
332023
259971
807071
424250
422233
748823
100102
1070294
921769
187862
1006653
993244
316771
805928
33262176
854915
786623
972372
792000
1040393
729957
2078913
435340
687680
250215
674069
228969
325811
1012671
33423242
41948
33431427
1036957
505822
55128
1263907
238658
107294
1180669
848919
397495
33292747
479283
62855
55506
720154
1364001
44707
756504
1427398
32540837
838254
422355
195196
198244
1268458
1112691
888946
1017975
1305239
881413
325460
665462
33522299
262815
199397
960545
860779
33390849
455850
850562
899116
1210266
1297611
1007445
1183998
2066184
392167
949720
137495
1482818
144286
821257
262086
963770
1047648
33387510
33492927
953346
1080416
1441094
128344
32534867
684352
698460
196218
189335
137121
342424
830466
271548
271290
2058297
261188
2056480
15479
165467
1409952
33269098
156488
258048
266973
260202
687935
7060
1039790
797838
993525
1002343
822258
33362119
6335
65793
334108
33484771
937150
420924
882838
853271
605251
364666
832378
121063
2009
263261
425095
794589
296043
1026010
861400
339166
5876
1042550
613051
679852
2079741
1118489
1084350
857
967743
960488
324710
252681
1047131
403685
797672
6200
252703
622644
120014
1331139
817607
862207
74076
458802
719168
791973
456278
1372507
307188
723034
1038311
62436
328738
853987
1390471
32533554
811014
659394
5599
1081164
1225793
334718
94907
1148161
33455159
1020642
404841
33350080
255362
397542
385101
948287
138306
812199
33395658
700029
398329
33315651
1277765
269334
32512224
722963
235484
186527
894966
165218
308160
195043
79603
884757
715736
108191
135013
229059
740311
1167828
33481153
249224
32536795
754018
1029151
169651
919549
659782
591807
33490901
135301
33552211
1416929
1248198
33364868
1025938
878294
32538177
32531512
32540610
33262907
66762
715798
2057397
33532886
2064512
32537405
337604
2092767
33431178
280435
1115133
1017444
1205024
151222
888662
985062
241783
1102676
762804
21235
1114111
37229
993059
884381
33258318
647255
33293714
33252607
261849
33480743
1249565
398561
433763
363849
33307008
717876
325026
1191928
263962
33367264
1016743
2067798
1297439
1007360
1006917
70782
988352
325403
729400
1027231
33531268
201028
33270907
665575
272295
19622
268986
1020852
33507328
32560437
1179063
8225
750533
619456
32529468
267582
991940
827459
125237
286791
293906
768101
33390689
33447040
211767
1277983
2096014
801045
263191
33227875
689793
124228
661484
249892
160700
33464549
1038116
790808
1068320
472434
691006
110499
238422
772083
879702
33521856
89130
918527
817247
1046626
1070185
938373
407780
1341796
26661
129710
2074206
1074431
819355
1122463
264058
33292244
23403
716555
480545
781341
1117284
33323816
298084
435227
293955
71553
235433
1039201
127108
1244039
828440
385037
32541913
1222488
797147
134611
1078593
852259
33260936
980768
1020683
33480768
32528544
33455328
917057
1430334
262623
623287
1285769
2093453
1017702
411752
890229
1240972
229435
718008
33387488
683973
645242
156699
1149184
922781
1018199
352451
674167
23667
67495
162550
466240
33547475
732317
1110013
257335
171035
375713
661472
97129
75005
1056106
1089
28481
171034
241535
32544819
880458
929855
852062
1211260
633866
1141608
995443
1174431
977790
33867
723943
1311361
664901
950190
825708
2086651
458678
65963
1013308
33381502
497694
1039133
1240000
267506
61274
856352
395232
907297
76916
824312
