19299
-17618
-10616
50553
44904
-131
-32862
-99707
-16011
97118
49586
48840
-89357
83001
-54582
-96312
26395
3847
37113
51835
8860
-63691
-11446
-10181
17615
-75281
-19884
6507
-8003
-124154
34037
-83649
-7248
-3258
-75938
-1180
100157
56745
-4124
-29258
-58032
-70874
20790
-9834
65869
42183
-29007
70162
26609
-60115
82138
-20754
46527
55274
23612
42705
37417
-84962
-25219
69257
-6456
2664
-14217
-60643
-99051
-48135
39648
76456
-93327
40706
-14714
-24385
66310
13125
-26957
-44822
50085
49557
-21204
-29540
-63588
79181
72781
30077
29599
45753
-1695
-6660
3707
39867
-66861
83760
37451
-96957
-82025
-8187
78846
-16944
27201
-16091
31824
276
-3192
-9200
-17564
-67308
-37940
36815
-25909
-65732
-29858
108962
-11763
36211
-52569
50003
120223
-2085
1526
11998
23634
-25269
5186
67760
-26306
-103320
109326
-84492
-21085
10926
33261
12349
57572
20487
95913
54748
-19979
-88186
17418
38928
81296
-39234
15835
-85328
56902
-39046
62411
-11722
38438
-21967
24468
-15679
-106034
25787
28734
6386
55445
-87947
-8665
-59284
-2015
-70878
-60551
7373
-8127
-47856
11633
77655
-35181
-53788
-1030
-38250
-13964
101306
4849
-105210
62511
-23849
-69762
62765
11506
-9439
-8963
-52856
-54320
4501
5014
40532
-10858
62125
-51046
33877
47931
-25541
14364
36568
-20113
-63729
-31505
52018
-65021
-99094
-51622
74502
-21444
-82181
-81084
-35588
-77415
4919
3903
-42186
-18579
-70639
69038
-27883
-5515
-56593
16062
-8988
-45569
84482
75692
10107
14157
-41214
24330
50309
-75455
99337
51364
87184
-28047
-27922
-38901
-15695
-83589
-79339
77098
5757
-4829
95275
23441
78442
45581
12890
-83675
-15689
-39577
31316
15021
-13364
-8910
-104056
-52623
-80874
-40787
45826
79419
-14320
98329
-121410
-39336
1847
62776
-48296
-6302
43214
3498
-1361
74871
17572
52811
-56845
31273
17533
3123
-18125
-14122
-17756
17188
65657
101009
15502
73212
-13746
13003
49296
-38287
11098
-19710
68185
-6447
-68906
10118
-8193
-1108
-4939
-13961
-84012
-29458
2333
88703
-23846
13140
35857
37808
-22014
68735
18595
-1565
-28540
-22240
1025
-53083
110237
-23525
59702
-22861
-56586
8364
-19762
-34186
35593
64326
45136
-3483
-91228
-100353
-78183
61903
-89244
46721
-31325
-14018
8478
21229
-24478
-115388
-34259
-21649
-19010
-80393
-50823
10392
36762
31147
-925
-5360
-97788
45508
-43013
17671
14339
-39946
-50821
-41611
-46847
66015
-20990
-20464
79751
1628
-57570
-27441
-33677
-80741
42110
40507
-26362
56987
25217
46075
67330
-56082
1396
-81850
-16978
50783
-36585
46825
-19700
103347
-47192
8436
-4481
-33438
-37241
-94844
42184
43671
91197
79670
78671
-1355
94265
-9730
28283
1174
-78692
8570
16561
-71247
-52302
18125
2187
66789
12007
35073
-81392
-36899
8948
-12872
71328
-40044
34107
-33363
-42545
-80016
6594
57113
-77167
-22578
-37966
4505
-36786
-15274
96912
88701
-6917
-9068
13426
-14718
-38161
-38340
20438
24734
54516
-55284
5234
-53155
-70507
15050
69230
4700
683
10029
7137
18097
48627
5670
-83448
50687
-1897
6484
-122638
110656
9953
-40966
-39115
18266
-16857
-68768
14720
-10034
31514
-34562
16919
-64502
98118
35831
30426
9188
-43123
-111215
23805
-43351
-63708
8095
90549
-35908
28870
-83401
-45183
-47917
-27663
-78352
-27966
-100261
57406
-52782
35679
-31958
-2298
-20100
48155
15433
76121
40891
-10904
-10699
-67768
-10599
-27882
109966
-8108
50794
-91387
58286
38159
-54428
-5640
-49287
4480
-23378
21163
-32416
-10187
-39413
-96517
25278
-31538
-28733
-5099
-48560
-80481
14146
11159
49718
49803
-108350
28707
14335
-85787
12815
20231
-11623
57552
-7995
58264
17334
-120092
-45978
51059
-29129
-32529
12772
11492
89513
44787
-64559
65092
18869
43839
31378
1301
86004
30741
56456
-27218
-17808
-44504
84079
-45031
46410
116378
42432
-9275
40220
8696
-34631
82444
-56467
-43074
-34605
-72728
65811
119272
-8385
-91177
-5027
47676
19832
-12319
102305
-41812
7130
-27192
-74789
88064
-884
-40234
83010
-53893
51334
27705
88130
-4782
-76070
50852
-16529
16945
77574
-56979
-57110
50552
65321
-33585
55265
-28626
-66809
10975
44332
-9846
58932
53923
25352
20299
12758
-966
310
-62223
3096
-87576
7866
13039
-91137
27810
-7746
-3757
52175
25825
-17972
41972
-71500
114520
53578
121130
79894
5220
8989
-50325
-102417
-34284
25979
-5015
108652
-42671
-8068
37955
-2667
-46634
60492
-27266
-37978
-7139
87902
-27524
-107773
8640
22463
87916
-5343
-7504
23372
-30078
-37388
-8565
-26764
-47677
58328
-17607
-63955
18968
-16733
10178
44955
14366
6418
-7949
19657
-84274
19692
-61479
-15016
29869
-28777
-67495
29326
-17408
-15319
55049
101847
-61941
-8809
-11654
32317
-76058
80681
-81228
99023
4442
11324
38354
-108470
-45671
-62572
-23098
35452
-64772
60429
72113
-2991
-102293
-80078
-23879
-45504
-8823
17276
56265
-68271
-57843
55307
-59663
72171
-43701
-23194
1827
-11920
-15773
-7008
-48488
-1241
26510
-3452
9487
48638
-11624
19972
-31171
-59974
20483
-81309
24113
48602
59158
26445
-51167
4276
-33522
-36134
-56153
26641
-46530
26598
-31001
-1481
559
-38027
19621
-50535
-5626
90972
-122051
-35275
-57062
-58060
13262
-72273
-5665
62053
84928
47627
-75083
45398
52024
1152
-23119
-73674
23612
68976
46122
-30512
4702
102244
-153
56858
16648
91510
-32890
-7586
-13050
68650
-33286
30230
-68002
-15672
-891
61510
115212
41456
11987
-38507
11994
27079
-19784
-28770
2631
-57074
-31232
-6933
24972
19862
-96139
22126
-50862
10067
-41933
-3397
96119
-109249
87421
-14302
6870
-106003
51516
-115336
-39269
-10490
-38355
-1203
54368
-18201
9792
69943
6057
-380
-565
-44029
41623
-4450
74043
-35575
-17930
-11560
-106237
-39142
97154
-111767
-10160
118323
46714
-24961
-31654
-110391
-1182
-107537
9117
-53448
-75485
55928
-38408
14904
-9930
-104407
31703
2158
51697
22676
99046
1257
-11733
-27002
-84441
-62532
33278
61967
45037
-38316
10387
-41085
-21094
62301
69055
-90568
-2449
-28134
-19148
-3508
-14727
8017
-47825
79030
21312
104473
21723
19066
26004
-22899
63272
-83400
72423
-4613
9843
-12794
-91809
69692
43142
-89693
44531
-80447
-82383
-77051
56882
-1018
76835
43571
106403
10679
53700
1510
40084
25338
109324
103566
48176
-1214
-3248
70509
-21687
54614
7730
-23175
-107920
-22082
32022
39838
23412
-57712
-39709
45335
8313
-22086
-71672
8253
-27391
228
-30333
-94889
-59518
62742
-4425
48848
68981
64273
-78274
-42556
113675
-12178
-26330
-29861
25988
-119249
18910
85715
110887
-72794
-3587
-63044
-50201
-19277
65241
-51833
-73171
-61858
8209
-3350
-15692
-33506
39237
4944
40755
43688
-27393
-14220
-90543
-35174
-34026
-44006
64191
-3275
-75765
25961
36193
-21830
66087
-4567
-96569
37953
-29431
39651
-5260
-12378
89108
-35720
16278
44905
82407
-98781
-19988
-28591
9185
33825
-8253
15027
-31993
-51159
-45675
1108
-49907
93099
-26157
-54845
-14920
-18786
18008
-47513
-47643
-91856
-21311
108305
29952
16067
25376
15403
8835
-32611
-79419
10227
14242
23919
32378
-3862
-55380
-6561
54067
-49417
90598
6769
-28520
31751
42063
1794
8050
-4801
4308
68910
-113
4794
-12186
220
-27328
-84989
107479
-58436
88280
23884
-46807
-54407
-79802
58441
13139
71532
75245
-18265
34367
30899
97588
48287
-68050
-10547
-21819
-61613
-43468
24014
-24875
95992
-26472
21472
-41485
35053
3977
1545
-2850
-21557
14878
51314
-67364
25124
-24507
-70443
-1663
-61210
-40533
-54836
29804
-41248
-64798
64990
33702
-57282
23882
-46626
-24829
-15811
-27846
5912
71148
54737
-28898
-36790
-16513
62828
13115
-75549
79048
10519
45940
11860
65883
-75834
-7209
35953
110775
-100087
-1290
-13878
-14421
-2244
45279
27997
-37092
45510
81577
-8550
-17391
-57010
-75865
61033
-38938
-24087
28790
21728
-10643
41466
38300
7362
47264
31338
31720
98058
-9364
3697
23386
-9667
47445
-55554
87614
19817
-31205
30579
84343
-63976
-11604
-12518
-8002
5946
51254
-41162
73045
5059
-45182
-20924
-79902
8035
44446
-5279
-84528
-94995
-91514
48713
33447
123304
-45225
21676
-13474
11943
-20181
1380
-47743
-13451
-25818
-2751
-10779
-78420
30976
-51730
33557
-27651
-30271
-33512
-38460
-32782
-24222
26017
-12425
-77095
28677
-31104
-22559
-31440
-2590
-66813
57443
74492
71175
-5169
-22573
-24893
-13347
66903
47707
-104478
14982
-3927
23195
-19099
-50562
-84679
15585
84773
-47629
33621
14094
86586
-24327
11089
29150
-79585
-11089
-30618
46045
22929
11178
90514
170
47750
-57684
-73201
101727
-73936
12144
-34892
64451
51714
63676
-75610
-72192
-4670
-61025
-42604
78828
85654
-25441
-19681
71630
-29028
12237
23305
-11464
-11796
-11598
61814
65710
89437
-10299
-92898
-73156
49833
750
-22006
32970
9862
14525
24140
-72956
51951
-17009
-17004
-29783
-93472
-48750
97404
-11485
-32756
35623
-51659
-60271
10644
-27747
-64239
-19152
-68121
24768
-21314
-51301
86161
-63598
30022
-43447
-41384
23481
55406
-90790
101807
-64898
54266
39510
-25718
17635
-33356
36601
-23103
30569
-94623
-25332
-59813
4749
48106
-2332
-88014
57457
-89246
20434
16872
35366
-40135
-101753
2274
13802
30713
80812
19235
37137
96643
12094
48563
54250
113913
33321
-46499
14844
-49472
-92984
26967
21129
-38833
8837
81881
91869
66245
-31465
1564
-17194
-95444
-15286
-79271
-23124
91749
-47018
-40763
11294
76882
14374
-51584
63267
-7237
45700
18956
20353
65436
-42544
-85468
-12186
-90194
-12099
-43396
29364
72150
19505
-42569
-17613
10856
26565
-34819
-34418
50355
-103107
66502
106061
466
86460
39098
-48785
-30659
70740
-34793
98930
14275
39234
87824
-26545
-36761
-43817
-13355
-105336
-2133
7504
32576
-56662
-3903
89844
-3331
77598
113070
-74102
-33291
-51044
-60110
-1285
-5901
86892
15311
32073
-26982
22849
95632
18059
-60773
-23618
99494
-15423
51836
37792
-111191
-69241
25530
75233
-81353
-45200
-38937
-80924
14396
28103
-46334
-51965
-75824
-44962
-19545
33646
29728
-72835
-62645
-42446
46059
-77825
89884
-91276
65629
28900
-29582
-99891
-8385
31061
35560
-25535
-45018
14956
-585
-85978
101475
89785
-56009
-11097
-15567
72413
-5651
-35623
79577
-47093
-25478
67508
9449
-11787
-48181
19276
-47558
-38360
-19574
8797
-2747
-2459
-57176
-82007
109680
-42944
-55392
12665
-68739
-60173
1416
-21290
81087
56226
-46830
58563
33164
-111092
69349
-11719
39462
2956
19891
50306
-7970
109857
93638
82027
52952
-32457
16750
1298
41965
-29690
-18450
38408
-60094
28262
-81232
-30264
5015
44343
41570
76263
-30215
11870
56271
-69501
-26651
81909
63505
64015
39715
-35896
121682
-5051
11658
1609
-87512
-14571
16588
-67027
-45669
50128
-15096
44865
-91540
88972
18056
110366
-26068
-7100
-92734
-36076
-88399
12107
-7352
35585
59692
13192
56570
52251
32298
13989
-23625
-22300
45416
-17883
89840
-11844
-114754
60322
10262
80576
50423
-46585
4209
-13640
68442
23556
-32505
-16202
102972
15193
-118068
61545
-26998
-9587
-33448
14213
39217
-44778
61987
-39442
39312
-62538
35290
-10764
100476
-48895
3831
4907
-73958
21614
-24414
11149
-2832
-16480
9385
11835
102560
-50933
-45578
13660
-42819
25850
-80210
-29898
17542
-64865
-207
-39536
-51668
49327
306
-33366
55954
17187
-29506
58952
74141
-30898
-17899
-8772
5606
11914
23773
-26228
95346
43456
32351
-84631
29121
58034
12125
22475
12518
68504
99344
-65370
52663
-48326
78284
-66428
-8398
7952
11711
17097
-14563
31881
-7789
43626
-78509
-72021
51932
3115
-97714
-8103
-45469
-25919
4626
52277
15975
31239
-53785
-3964
20944
-72683
-10624
16272
-71874
-78488
-50519
-31120
-40006
-40253
-4416
-74193
63209
-59274
8316
31961
41109
-58419
-8441
-57330
47930
-83598
-107833
49957
80214
-1654
-4973
56762
-10067
-86763
-75119
55206
-110495
4491
12771
21481
73971
-78186
116721
42234
-14040
65821
-64391
-40961
-56079
-28141
41480
-43525
-28078
-4840
40827
36372
70376
-17051
29247
-67411
53376
-23342
16169
72382
-66792
1106
-61672
-32417
57796
-91077
-75779
-51798
90302
70970
-59633
-37341
2186
117301
-61631
31559
-66221
25312
91904
57913
51618
-17848
-31620
-8277
30591
-48506
-87870
28727
-59759
12691
-5731
20984
97765
-18073
14006
-11612
-66432
-48632
31336
-55264
-99349
-70197
-86954
-78225
-1748
-87568
-97146
-55407
-30699
-43364
-29548
30113
-60979
-38708
20669
71872
-30958
-85050
-21210
-11886
60
-54566
-30200
-16537
96717
23845
23654
-40586
98203
-62955
16253
81493
-99988
-19107
-49580
-2646
5591
16166
113927
3262
-77603
76726
14142
-46632
-84462
30174
-84276
-10918
42201
-1167
-85014
30778
4876
-40826
-21649
-64057
-5999
-49753
-380
12057
-899
18102
79696
43612
22004
69706
-11423
-9331
-59586
-51994
43837
84845
17359
-31829
-7214
-62680
52574
-87391
61146
-40060
-4969
74723
-99574
21084
-10491
4834
55117
5090
-17570
-34166
-42787
-62815
-27304
48934
77886
-1218
-10206
24681
-63924
19868
79686
60150
-14131
-28932
-44857
-53914
84319
65511
-34330
60487
-39886
64134
-31020
-18507
-64163
50957
25239
88933
-21868
-64441
96166
55594
-53609
66416
-35197
-64637
39072
44515
25051
-11256
3687
-99152
-46290
-96497
-57019
83908
116714
92095
11260
-55300
28727
14801
-679
-7461
-104168
-28526
65913
-17734
66036
-20171
-46597
-72879
2758
-109624
-15889
-7951
-96495
64500
-60165
91145
4581
24334
-33991
84271
-53987
-91610
-22603
23970
-15843
16044
88812
2144
68053
36566
59696
-85072
51206
104884
4986
-41710
-115241
790
41439
-100604
41692
86662
37681
72423
-15423
-68979
-75692
-65754
-64669
12559
-41255
81656
80506
82330
-33769
63956
98469
41661
19952
9021
-48808
27210
-30116
45673
-63963
23658
53721
19658
11802
-85874
104542
44183
29769
23236
20414
45679
-18227
12565
2137
28219
79103
73271
-22188
41877
-2741
102112
53701
-75941
-5231
-71323
-29335
-33858
60966
30082
77
-25176
-60034
