193219
945278
958264
447769
361208
32029
787314
33271557
918757
1338590
396130
425864
33411043
1183897
649610
33301384
203819
64567
295961
452891
69468
32513125
953482
1009307
135615
33467391
888532
42235
984989
33123334
317413
33399967
988000
1019062
33514206
1028804
1317997
441209
1016820
850838
32602784
33549430
165014
1010470
1051325
333751
851809
1083426
254945
611453
1180122
917454
416671
435194
225436
384929
297081
33445470
883485
1112329
1040264
61176
925975
32541741
33322021
659481
356288
1175368
33379041
359426
974598
903071
1100806
101557
825747
690170
396613
394533
916092
849756
32562524
1153677
1144509
234781
234335
362905
25793
989212
14619
308123
32534435
1186912
346299
33297587
33424215
983093
1151006
900000
257665
918597
243360
50212
1019192
962592
946932
33530916
734140
295871
880523
32537756
799454
1387330
1001485
275683
625015
396451
1481567
1023451
6166
130990
177826
834235
86146
1107808
828574
33289976
1389118
33446884
914755
76110
314365
98461
460740
163895
1286009
433068
887781
33366838
135178
303136
1162016
728942
162731
33394528
440502
729882
495035
952422
301174
863841
228644
970625
33278862
251755
229534
91154
483669
33415397
1013879
614652
24641
33500226
32543465
96189
983169
709664
128225
1178791
760147
605124
29674
782118
928532
1322346
36833
33281078
2068607
856023
33522462
496765
128994
1010753
1012765
625464
652192
84821
37670
360100
1004838
2068349
681818
267989
373355
882283
155692
326056
936703
580671
792575
453778
32557059
33272266
678058
1167926
864364
33455131
33426612
807964
33458985
37479
15519
750230
893693
33501217
1062222
822357
1044197
643071
163742
1013748
718879
1239090
1121660
72987
154765
752690
179210
397621
33516161
1314873
452468
1216800
821473
872398
729147
919905
33450779
33482789
1176698
89837
997955
1282171
175393
1199818
362509
100570
33399925
919959
727751
288932
159613
979900
1012882
33285432
675553
33427494
722765
412674
1202283
974880
1310809
33102750
776360
7271
2069608
707800
990402
337806
15226
28543
1118439
137076
456843
591891
239737
135453
61587
943203
976806
944452
134260
1050345
1370401
110910
1144860
977086
149947
393504
780513
76970
887858
1109721
991137
33525670
122166
983071
29516
997221
976103
33398180
799182
9309
1273631
854442
101540
323617
299872
862210
1110303
141123
1027059
821044
861248
4097
624501
1441629
905259
469654
858467
642070
67404
888766
764182
322569
2075782
362144
20213
33338180
33267743
33488729
492991
33362628
366849
841027
975982
66606
217085
853698
33143428
764029
865023
891758
33430503
682777
124760
326954
288075
28867
1043488
33294388
361908
745499
136199
106499
725014
682731
752357
664577
1100767
915458
884768
1154311
7900
621662
872895
815379
33478491
333598
360091
828422
491307
200449
364571
1055746
595966
5396
33423542
898430
401119
754727
417785
938556
1348499
664440
66580
1046815
817858
786231
33305860
332168
339799
1298589
1154150
1151679
27029
1278057
1009694
261915
53590
33486636
66842
132961
33549153
675218
139197
9995
1054661
131063
320513
33425440
754605
68628
981912
1089344
774948
267419
817997
697791
33430752
91522
490537
33458465
908734
781666
84825
753854
921814
1337632
1224477
988187
962852
104210
973058
733183
731244
164822
196958
431124
32581180
37090
622813
33552165
159674
1112270
34988
3963
121981
93633
139105
424931
38982
33449992
399391
24871
91300
33096722
1409152
73665
721898
728165
139994
948343
33526464
109312
1009598
289834
813038
133159
32510010
1293446
274455
286634
119748
697101
33174817
177181
696185
32562244
66399
1246565
757148
231302
33400935
688897
710611
824289
33438688
870834
33318571
460398
674722
324319
789626
1022982
887532
421979
161465
1172649
328603
957176
1005669
32529544
1007401
873046
1438990
983204
399610
33385525
2085710
300095
650436
993304
656153
84736
907086
166219
787648
958565
727099
33299483
249710
841662
820099
1044517
708256
33428831
154754
127783
444566
395579
33251714
229443
155679
33391045
100415
195591
954201
460704
983429
462168
185190
33157060
718534
451347
850023
788479
99780
129012
1227593
344035
32560033
1079428
191333
339103
241490
55893
1212436
237653
440120
873854
945888
690248
1189631
688217
365754
1448282
333184
963461
308316
67608
811417
1232444
32574717
697198
813011
33543112
1049683
1526776
983711
33387431
995501
372332
195352
951233
1344321
751484
93610
873864
33518555
1220608
1028412
723366
1233026
654107
401670
259737
1269890
1047202
33464234
401268
918271
134753
1178678
641789
591866
398616
1080393
817087
433601
820862
33532935
77791
391804
1008954
2088596
428355
199736
164491
150486
28826
1126
32520161
63064
33418232
98154
150015
33337375
258370
984478
1016995
404927
202689
945036
331236
33548132
1442472
427194
1485434
1155110
87796
117853
634059
33260543
763940
201963
1046265
1384652
746657
1034012
299139
1021221
664998
471228
826142
783222
987229
1270446
823580
33254403
117632
171423
1219788
994369
985440
224396
796978
736228
1015563
828132
710019
462248
897641
32513661
141400
950083
74626
392491
155742
91170
984083
192905
33398718
194508
32539561
971992
233853
820007
32532137
233278
946176
970825
433209
1326039
32569403
963879
954090
292973
33464262
1158217
33427348
1313215
35546
127132
301986
33253002
719657
32517460
859062
321820
32508956
2093069
1092449
1021601
33259771
33479826
855961
669824
1014537
134428
2059657
33528481
620605
434235
614369
1141755
693387
906438
7235
951520
919795
988992
657704
27719
254782
1018164
70719
423966
954200
194612
792733
32545642
163843
33425603
227425
374234
465958
203965
630849
33124
766990
806874
643399
253985
714910
205766
843719
1026199
2175
732437
145221
683865
1042486
1297628
33148061
809061
590890
32553572
152510
33494399
992735
2068165
1191296
419899
33517413
363174
453784
5888
857441
33490582
226972
1111264
364618
796576
35038
1375476
31991
491098
132152
1301222
787206
1035998
979974
1110090
817178
235558
32530142
921528
30469
2064518
1443900
330720
80291
730453
129450
207751
887192
851246
61063
590910
841728
989131
197948
193830
33302245
220926
631970
72867
700563
1018267
1334551
33199263
1268461
974914
44966
33278925
451740
33191144
776539
1006646
732797
27837
431808
944071
120960
1082519
41801
30980
30091
741379
379223
1048366
1116827
807945
944150
954280
33227779
777258
1289474
33223417
958624
1505379
366826
882975
792282
33195913
1027266
33256447
70493
654488
33514563
487192
731160
157848
961126
33284217
291799
9982
404449
223060
1314758
55289
952395
827142
33398391
32568172
264222
2066495
361421
732836
124707
752899
916314
1068253
1112991
33390184
1023743
870442
890004
1018044
923929
97441
660607
1202070
168576
1351721
168363
141546
203604
858429
1073784
33402472
1142775
1047531
121059
980998
33385183
1081452
336134
33359171
343011
33479553
33405025
33508357
491106
1028150
1177155
388707
1408323
75111
428932
7110
356644
200682
1436684
1349390
374368
1027250
1019040
1086157
914105
432806
96402
906473
33204448
863134
242726
357214
226068
622368
776131
361511
65817
863130
33546296
65693
824321
2036
795907
33354919
32546050
2069542
1048423
425888
1111317
1076257
33437854
699316
1470475
950526
828534
848603
201988
33159295
189870
1245139
1460855
33543030
18461
32515436
684999
890723
1081257
678663
33540221
32569566
65569
1019850
919908
767070
304261
85152
359523
388984
824351
976612
33339553
760154
814166
692314
1077151
21093
33464379
203513
324801
862570
1050695
1048137
33349559
300673
848953
307187
994532
982342
1273892
759576
163110
361209
1182663
33324659
936956
819361
70593
266305
1015219
110435
789559
680009
719653
53412
635965
1305979
879523
599427
923032
940334
137384
710855
662469
33383520
864641
1383457
234496
163763
201280
159819
69427
786781
33432965
123875
107330
226559
294682
1017850
646524
989407
2051171
637975
1248246
92385
819544
290823
331967
7218
97506
1045663
34772
1062014
831
84330
952054
2012
825984
33443891
1428903
619420
1271768
226492
713849
601369
33431686
2086585
152227
1090300
1170429
942407
268447
239459
1291412
422239
33529470
958349
862645
588963
745060
228238
884645
1286120
827688
218048
751635
321533
33545
6153
22494
914363
108638
403218
32532444
247924
852149
33503189
27393
32540614
722299
650124
284364
752064
32559090
1080286
316230
589934
226442
715742
834611
968861
822378
39976
1137660
482209
850990
753802
918303
498428
103067
33466307
1151368
123943
412900
80036
1049819
33465222
1035687
325345
1410919
33317945
1027094
977850
926587
1023084
362463
259293
785500
361910
1210745
964906
946209
591038
33465159
2095305
779206
904185
229606
169920
958205
329754
301916
47026
419648
239818
242632
1342522
963276
65249
226010
1009821
418981
647150
1218718
144633
792619
236771
1238247
32512040
1003340
950874
984990
89242
450662
752742
1096357
37763
688898
866436
33481714
66243
391982
1045185
33397664
33355773
33337094
424073
315207
1508680
688855
217420
978094
130935
885883
5316
660737
979685
879734
1021057
957429
33486156
287744
629758
314453
824301
846721
816216
732036
818658
853234
251201
982247
33460185
229381
794368
910273
840800
1021378
33532931
460483
1166364
1136647
1045439
908707
884611
979933
1104599
420059
33235906
158006
1017721
225115
891589
633070
33397353
161729
1190981
711651
314581
105486
1216106
853017
127649
232414
33432671
1003903
844022
414685
174881
127866
1248034
1866
421638
622412
33492543
1324255
33489504
130272
811876
1078195
452610
1075052
33466230
33495040
1047426
558431
699172
1150412
1244966
882527
937055
1138062
851756
99261
175113
953496
953292
952674
2065686
1050446
1225949
1008517
33379422
33491100
395593
4094
911418
264074
121094
108445
229052
33541172
405503
898367
949028
847225
33329088
656674
1292060
953459
786492
273479
677989
612129
124196
824157
32511009
889952
32529351
198528
915358
680747
1214241
32564050
234630
695993
702680
177049
434430
33338586
1324415
32508142
430106
356006
830730
137203
818068
326681
908161
238281
33357505
881724
32546523
35085
373754
24564
33415266
458977
33410242
164770
183240
321606
724073
33312519
10226
154618
237593
1158524
143939
295969
1336627
130158
424851
431098
1421801
314953
716461
158700
637312
33380280
256727
167737
779967
67845
1211817
1253341
1051061
840791
56924
898982
33352780
970890
33482921
908156
1251525
663766
722821
127070
1126562
106566
630528
2073155
1037163
362804
190524
195841
1049436
697760
33392708
950470
33389950
950685
745244
233364
1092518
143457
697703
896099
126664
253365
761885
763198
448403
33289325
1052086
1407117
1442
1213804
354154
658175
796317
1134804
811047
1314530
155059
305794
1268768
876735
753911
743335
979925
33281848
1024843
95392
262784
641354
1017729
1277924
1018909
1178670
1469310
33519882
817173
681820
612962
27675
1041427
1264892
160703
293561
827226
222337
1284896
188171
610091
906142
1364342
920961
454428
348992
33224009
33524535
250778
1119681
33425511
720096
779207
33426884
108188
259511
666626
676867
33512864
688350
888183
265422
282688
33492253
32517307
700050
414715
33456159
1245788
33338084
1048797
231364
849634
33319821
1014943
238805
323576
880769
689782
110284
1029527
33392198
1324739
1227113
596583
956231
969825
1142749
1043405
808921
1204137
712763
880922
1057636
70089
953317
708027
142476
712298
780360
938762
67757
21637
1022149
591688
33455433
1390304
745600
646464
101097
33526509
32544739
56072
864678
1210271
2061170
664610
2086835
263484
33224764
1112517
1001577
305270
60684
195427
399106
985054
1389633
1309574
1179851
458664
787607
132350
5154
332749
847926
893902
350264
32545410
260294
33474912
846728
37719
390295
331458
1174471
796697
130782
439231
33521923
828405
1180645
2072609
1075263
355395
807864
1487522
995461
128266
6329
33418872
924709
131468
32534141
670507
445856
971832
361089
33384652
1273148
186680
1440862
829564
987316
33381298
756772
33364321
130235
1035448
322561
2091644
101688
439322
454747
292986
153973
856983
911300
363208
896629
1277920
951660
33162094
470338
122918
1208192
398359
714759
34529
977256
1109210
176132
787463
919446
1347180
160473
33181628
493257
876298
960829
817880
154885
305761
690774
2066547
777214
305952
32566630
322474
1005588
1368348
656385
65511
35915
33471578
218878
852290
127805
1021920
918336
120649
130715
1343808
631867
670694
103596
698269
201754
33480574
846950
135430
32508255
31841
726304
677964
395135
1170
818042
485666
184947
800670
2088584
1115485
795326
896597
1013100
89030
130874
225757
877884
1282274
387968
293087
33445113
230785
462738
130269
172987
100294
1109288
1364000
32507766
457575
658586
1199036
32534788
1014882
97312
79263
135097
975453
292665
984355
387322
33487523
33495419
453084
61563
33343678
984745
669891
831361
34850
454805
161991
239623
654327
1016068
166816
33493029
1007360
131872
33545374
33436920
634697
841952
725914
724915
1048448
33521279
1071561
614678
65820
292825
329509
617869
1014791
591422
420970
33400034
33253767
396357
1205462
1026874
995619
439658
1009533
33420325
33466657
484166
33244865
34107
101363
168905
1115155
33488726
1450977
382954
926840
1049645
32510233
720927
594401
821283
329784
744427
821410
996392
328475
325716
1085384
898293
231583
33531773
427776
907170
162937
1093534
33533016
53410
32570456
789215
461748
33338987
33464349
628090
1247134
1135722
32545855
784451
57658
1501285
557697
291463
33535187
199104
1252352
460905
451906
944264
792348
1015115
236831
659254
33415554
229527
32546593
99619
1041757
166888
1291717
943351
155494
954228
33534208
657464
239816
598080
33321979
33553339
33370278
33487103
1025148
33418208
33296694
647969
843813
745308
849700
285505
609213
729532
165741
1140608
842786
33395638
914550
953122
156
32583594
796680
918263
1289101
177221
227062
722150
1311531
32517717
131869
1210581
33268940
891565
686244
23418
88999
113734
1473079
63390
33458141
1125734
107166
715736
33396770
234974
33447868
1004714
333737
27873
33443274
288362
35900
722694
863487
32562055
1040673
686967
31028
130089
30493
137574
1204896
339676
220132
1083066
955073
1012541
32545950
628678
388253
1192653
183743
840523
988066
32566392
455854
33369921
473514
724228
1046359
1119171
33270794
166060
957493
36850
482493
36290
945374
814906
747485
32516417
824536
425030
1148526
29342
1007730
198393
32561292
146220
1154182
2093030
976781
850972
690055
654070
1190623
1049591
763334
2094727
726626
2076422
842196
892261
32560349
400445
198951
1273029
913188
32511623
1286982
436858
655191
1101024
761603
32509235
354112
392131
199643
1003576
63735
33273696
666750
33299519
32572597
1187204
1451002
1303455
127004
648172
229479
157089
1029289
1036251
33286744
821026
1049881
944538
1099796
885861
714779
33542817
12166
33248184
969727
1034209
33299489
1077268
32543771
1249289
35829
228366
814233
1190527
652381
33335414
908645
228162
919645
163708
1224700
57536
1107413
326054
469600
33394016
401462
1403748
86762
750626
33192919
52262
330719
33266740
380892
1265414
298081
1092039
922497
33524029
33464484
32537670
32510659
100927
752041
1212392
1206554
1181018
765991
1076132
1311045
379245
195552
68717
707288
207034
796892
413385
32561221
225482
427481
143754
129114
33392446
1401054
340311
233657
223668
164766
362751
894909
99365
8409
260203
1152031
1144983
912084
380197
1022651
1376192
428933
33465003
1045281
33499845
799993
816030
522310
234802
1725
883528
611614
