115545440466853818023967875191106256718
59325544531103768919894721408927075274
113278335739449906829657981351518505730
110989756179291650809380525514309666327
88503638568073214163420666583969127371
63512537601930139990407437332655657581
97003098659588156126053306017360343615
14274360472983681969095385629060846680
114683907184926135297695409278979644403
50347835312594731783629426997964325793
7234559556454998816155524890921441325
121861086288780007313614561456517811912
135969383935457787060425990027934701134
54306552511172564627470540255571745203
160396819766128160440849296763047875608
2321314781892932732797309835714673531
55567354902881334808856907014550166675
117998859457862037193922332082104756950
79806668842487057055956160642621940125
147879624076574404674587265959154260368
66482555771665066461204004613256303411
27649404661139683377702829100684812421
152520669249581396921917415914042637584
62255468935397039583108570174383516757
166289877055592302508925276236233658962
60509063269176095017639177185157503929
43171604730153665710317587451281574380
89913455140661578686667803661425134597
116023145981262745688558336312383200816
33922799219872983561312260844359790267
117526900094398588871897895298652977568
37854500785136550208487459123243780462
86172546107973962280683073873076274985
14555962379035263930213354187248678101
98499824761450994645234136100592068191
130404644859075352088292901936444678211
63873637042685148856970281026027328841
23235332246646389332062133089547687319
34788055887072161552310364456490916455
128437682530389461445922099109638826254
136656684069393358506762703313652813312
18795599770924101843622645002694047131
65247701331887384764717270988020471187
77663847641096601078636609371121652457
41552733417420504101405206032449493614
21153707861381836426841030640275053825
50850854293128915371620570057692052531
67552482700771082953041217670911009914
9453494538816008391628779899858700413
17322411881875928272229692994127144712
53706957200843483416026072930035612261
20013431217235018573429778534631401358
74585759135448086997551053852893605436
84458483599654177882640137585627500330
106793797678689622528410119359464197248
130267425551932725556953954682177809712
70102563368330959271513689219265872504
91003217149300905932064968619140528859
39465469450597429326154176586207515812
51847494193817652984016118822411856952
96071292244112378444328194589090901507
41321161430645645462102987979966801369
168897332022377857691257574539151638135
140663990185834145907259248096786989921
54715765133887592777828179350999968576
121185847304369181984273990098924761467
142591480054358472402089324579887546789
142189445355924935870337421465331485045
88227502941117652854944856893369310037
115158904440767964921296025686090821378
157298997326982714915728598640907741186
136904132342310286877324004023839057076
165645932099814485274207739193559930658
105550374052429144499823925286202243883
106032773418819278883885483097783917252
63354790429000530997469009922219819322
4294252991254387807045353532004035858
121452484694385311132329022541786468569
104327392666739542536032336184826044431
84494367125912296276188041725534436209
110829419249468885380403156605729560856
920149906174349650535479577971244330
138769481966644741575444623785708004562
93067501499103646422145402691383904014
99737641949413781892920495836112539785
151675854102569191822323844829132090096
57552934719231102163415480453053374823
13907090390582951191179542528901035752
80345012539092247586765330064427925142
142760313446286268010320113689061308001
140291559008606328480487447228969201495
44338770066404397132754910065729021825
31333433717829003796149663886718330937
55336505599467314001563354730749645392
38927928156135183387363302975777296790
150082663604810701811814314058438503896
102882263821089712897398945797519321994
32899738597870196153179166124196431827
153527807868767056115751036721490030911
57996702467254995151015798579074525318
27630579372580542270822895426309547028
59938835886823422092454595531778103428
26347087890084625464772678121996926282
136211053792957748634110434362033361499
148514965988935894292537848579604173122
168240574773535183330391404406392463642
67401420508860213614456625600567735491
106126704001003002930715035556736101412
116965276290745955434880773224175028726
149401219004926714323454386529613878966
64387102317634721682303323725953358033
101332537640371619985097568198633316950
3747321869287879106886439922157924
33093360052516159434139244148462669189
150293017807121189757053994266488973867
127744396453308493966870793320299771475
128428244031661570109198255396700762148
52972765662791458386183929383287705283
42922317791524617140004820691915877947
12566600939555943903159133748895499661
122053374315835450964934364202771010537
83786348511572818880132403915618500423
13851655852448075588607568360297494326
18797411951326365444977870963856149891
122866692093461258985336828847272964427
35850907666634157871401696965845985527
143354009482300854157153327289100466615
111662315330614785733739951807878251149
119928728348141650895572244134942885433
13417705014555893970109159369917590507
31329400271608445118194823310900659840
85325975626190678951894219231504358984
51635899854921464992936592143247622147
146225211814032010606414020277530063060
158986282097750183561273169475177802453
85746964341223476129969526313219240793
164358033759679929765156650249423705106
24605674501363548293025151630663258243
157190607996532025247005635462733050702
139944532184672248392046808288404989600
93828340791051388746819568718481347384
157709404442232929655763900848636287770
41453114494682953609931008723213355380
85601262463469776627629228295251030804
134213643761993885868718280950940622033
104022588108940719586770308416702159379
29101196542366007651000832788552093140
122100852088441976710181987589299432403
150995760422768718504340375631314751217
39001242694677086445873792964218282520
117326278346859871248372974934314950663
41101571008633158190589281774554416770
149984957473620056848430905523953505924
148840557107878504229894552988295103065
3625610624758818733465888709956743352
92345052498362752115973993079773529979
96551380459280299567128006324053261961
72356448246652716071122736186056446113
79854845218035712339086859712747109888
48128530316026383126427011334469405392
98726971206107983499449799949069253425
31536022076507807415447615113830252196
111865866335944694619799993501453524305
6797529691974168128336105092343312191
66986093242818139488388521581231278602
64928753027097320253885492491330719414
96588386712168989922068217795908287521
91782802521667296495127719711260825478
154631521604013491441332224638468920926
129053567582196968988783144995232585298
53535506504383035587147093819609009344
95541959185686834314018305819789324339
66522501557029852615692235607532664210
157021364650469556596238323707153907096
105542866136944237493985105737472848951
52517560802846581085452714263867853603
130283590996647542296049324833299948567
34856191614940562304334662351696863110
91655197190769599949625247285683653133
85047173071551825731606302639037791311
68496502888183048585974976457857242331
56852350663885256683236715683382369566
22021439041545846305895620612279453181
34815620904860082859655984031918087548
37912795354467998332680679021073855604
109391175077732175071365333237898446218
158178072497832133761512780174041182555
73717375409074644756598172005378676707
40087033312677119157267278485164072263
139617839282809157936699333821311070809
57621581199941697697694001309671499022
69030719981279094041336799832928727461
6026434658609337616727449992483860268
155637634282512326409066009805652856158
91182196523558318254215212512552636691
8476878532038986538160825886185327729
119300276306171695749080038958860536788
92138705201928301172023054819165835224
39091017405154425929787851631146841347
43537697780983510412467110514494079873
157585720185191337974082658477595647512
126546023968826618085691764197524107828
72858644294420646157311251746299901718
85336200031932830522589345174813593831
56010622036387315311829174475455309621
150556770291144085501947257725719142906
163827899376640404276619721670055069176
33103389302735657546507480620553161042
132687540002650191708091908019115625771
69012666219766604373313680094752446935
45221313411682561827975023226898620892
33850900646517670266088635173666923015
94924326398682267935780334911781446615
14695382051084348881319624648897342863
152510748410816087726381292237625724694
107323083813650992659911042309692509785
161846807369542904721652458921861282465
93421680966318442427673182084835356389
82375743256315043231089614751103020969
22234646011701099078113586644403940737
107809193425933167324205809087667011886
123196196308090289478136486562753777018
60460025377880334377021450896161160961
78827210176294774994408195792929629296
113785364846164973912842599056883655654
113751922221348038993546262662713186951
105593544438494866354028726894733772502
104532090120958050862519752116925679146
42580486721996589839070063636208801804
58662488176863834908834364382863733701
79377610799464225002826507115513476733
35786723309167176005685525576127212851
164512004018983644204419384531442496593
140507480661617394078952378062088453959
14340958716721830110510060932585689814
128803377839959109485765222468224536288
144365888733292593668884096025547935811
123320297740457941947509311985815015716
39147168212499057200559893216772285453
130085351542897810971193754681690586167
63828813541818767607703723474177822633
75843861342499437925150097795240379885
64269639546225311504291948244920172968
157069105419431564356609931327429996406
93504077134123641479277049093685768012
39353951150946859608052159759452020339
90081390595735260302452529618372600850
160378317274393430791637788040709984902
6951995836267488003332209020922170278
2191142186650398296663364560548457549
24049913373080578595713375683100468966
24083895387175427778631296817982180777
43836419752474397606658686398164250247
166676909220396086779554839325718566402
41555962631003082343205562386311028701
