65019989728317540937744183524142259255
16337379381307387137513862342689902009
29331296718834986052419995983350190970
146184751442143327514788092074001328847
76586689541412201365343353927569244250
136028060092482395017527171379855959789
94782985026209905310609040179269376424
24622950566373076308109462376108632415
9756618506055352589002472857889917866
92899457582399420649032305988094946505
87911203828805345928208738929018208614
98128762515274314874753802055649617809
96120713915344793892105517526155363867
32132378101163020133371253967035624484
79414429989951761293111596302244808450
148918469213998139272439029148887368743
45799055173123433387041469456719294984
113509085018273375186013909145013651157
6336825397824922239122783430226970925
21666910678770239982370274676218306611
56571618261539041009483956434162235706
34862696529906605381337066451689468932
163226190945176470437388937373459542533
34386215600887143854701061448252048498
40005356455083945936603592404568325097
29475103939059669495877991975063671979
55086568208723205097304849412228685260
147027175141018852582087835954671511957
129209745998810156137897290012802219003
83598717024114569534483023910047499652
44781419906836373793845501995353075600
136407708321628381609615140025770544089
96425709762418315209829970886361050580
49232886585305954697368759840337052952
36535885297024184003193515349106991984
69346647592542193822274849473358422833
70115396081367503454213081427348316148
113544901827525653389280140162052807780
157313662795344364372442683310040497570
119222212303590014710581995157694751719
18284644802104961920277482986713084590
92193809617695482948415232979996401123
82803556653517098511370683752022102009
120234631546810412832844307107065191788
156230902006765466550351428294568228542
118502711899607584637175429729917190567
38700060543588626756535324182473787332
50835941021786945977220070379097305770
49591605483667219292871424728182473717
162363031094305494687282409167945301562
19335665622318193615671759062315451727
74677927010751843353961457475034523263
7141620524077058039753286647919342663
147939646805713890042288824276333852368
16960885036111532821275955098077773966
134412638845744028014723772508234000063
136643851847839472128327300809378604957
93814443291002037585241717621709509676
3410470485858480596058507425632178394
146864240770199646166205020352541898459
96633822838732309010963209901508311446
61137645960539043935925620747617697698
50935310570508199829494242288333565620
57436420257060746837278037255781854812
9004643741934437538167087904667351496
111181134249248670550035566991657809037
163630271126112668663369872662255291778
29724174886482439538339488794163555803
20905298650812571032688296341588132833
155147479641733877363245031208721870909
130028528527367963924018365797762925897
85796234469310558730736062947874166478
134134364229071147948086652746571806400
56358624121979951518654176684119817349
18669227386168521516519562736003538360
158081098135651616656984891455229444263
113883245552442833930396315996722072836
75021978490504752890030368565736637705
29388348613412283028060467925787903608
121390705598114538275506467284420058837
111776513574297258496185605312508275747
25735509448651216925170797680097726844
12180114981874062337464001411540333264
141303723116437367355950643763129468720
41064367496366351017508962459999703425
512843784544502938168501802676593706
136225632118526243759908206500995846705
28828368563583106512964738715631392873
120295430714537772664130138703846290508
109230816880956069661849346039477562340
1620099940515412398072362864777965835
10930932853953177722700802917941380846
73624239885435810642386394453146927887
87059267964679632438052396220629804371
103926570854097973900565963681604629670
25641226953568342536151222396846599497
117810169376101567039496063194282190434
124261083342186850659368815795113146045
114837687498878598889195844549819168329
41930208798941130581501869661208917436
46758241049747962932403045607159735049
9203687321273121512398624495589129215
102696048924044269201857683185716953566
24008853250948101969427539526433592035
42441146440142327205600970079137885808
23580203641213816351768225939557181177
144331503216678704736125682244736326489
55489709710699476228966241782559386253
62284501479506525727356455671452913208
144163206187772419731153726066548055808
157523925013444670873619421305599456560
7093264071608773192042695368542433637
83022193880611767738130968788754553961
150189560977183905628433561578732859308
35409080267014078280377078723138588638
108349984777517326401085417196061111162
39319555829392564401318811071358010451
151336127280909648582511429655980417492
156458388996478891335725249394749192394
143978712701099552511551884527227000652
121163886129832925400992746692250808854
123495993923429123959521479973586826033
43393407304454586976956374411277724567
60576894538229597587805722352046878876
68209727503086248078392694501679412610
65258286392834071743873726467294887462
97331429315515987084948701382421888052
40416008678617726298801821161126297987
21919535368356177638224814938368635248
163863239860087450187604731469932943455
140134085038925821188540020462579224462
39108325782548641179421280002283968927
61200479824973227465894810795565966926
71074074251143031692347242882167201218
559492449348820230500611148598794033
47598906966555520530361998619660956098
31944092280444058173601585748371155512
165303774914909821422117571538521324392
104597721165713034048999182910136535700
149789850365292566532343172943123996160
51770580982083816886031977240236941803
10574612717212365058385911784406889573
130201545340119063702285274005877495583
4666044710972177287147914166031217814
29335665975514390062275700191964169000
33321278652682996760760175642952358674
91287041461314258905795373655377530784
111166072449930282185270853479171950577
84018475097953321126577186644606587526
53874500368213169928030393217928302542
469424221563854280418984810667821101
77531388129631298279534109128338176708
53490184828947012131035216987105913823
154494036982372180555550645656720734012
149916882717246507070645823165497880066
157740658494929370419778130833369034418
28368313494309934983088186633280093869
17742925362851213792378923976805056021
4591391465160691887796387123015680099
121308056649090812115196819610884052504
125373895929433791281169996771302984122
21200110095792284437223062914700916953
55730169126620739763910322049912627034
42673739905990420778723648435542289361
133235686288414365827789660833580824139
130968051532543501513034689810059217511
138034017747956021064934848029656894450
38260485804914761862265087940816389362
146071491023332496974893934050377227626
4949694852439335152769457743257647381
7562865052187426114424361867638983847
116388279537741432626346099683872628676
96994641929267327507944330109571068149
92127843623462691726074183527850175992
102585984377412259908354710657361358461
152044518681056710228844295755354976838
28336400361226198648015367829871517680
60011336616214805522759489661117633750
12002306354319433816685642171944576742
71198343759896897641276567788852054227
122407258848944444594739215966248621900
12925713970081237017726286442622155439
88652499767737230327329684065116886765
53078052623252970485025242827722990417
23899650766180510499918014061106180153
107864510986077837435387522187962460377
102083781740300255144508495334660186457
119771109403159126630096269808798176872
72737445547700799289382629031687472380
112091633687648233686505140934781730856
95486603205058600928864619529900815813
121400549720954862390820567641191459878
111178497578422589126034233497636675689
79901181895543102453428459363003459192
21704299660914307359889120499482613589
155341696572608493455879028510778463541
38525561821855373492930888927858374234
62455868067613760331057250620769226442
111497003667633442651771379939433440873
23923769193787865931912585753576691677
65293546923729041130998264887958851696
27992920660110718600048995586817836187
10662872379663750981583852164252012733
76663126363713998729470836369886188468
98478800122534731304136522894370000415
168462146510182682328763385624263357212
57949729983500448149945953504425392919
113523736799114177269052054122860339480
161139609547059975114293361275544762156
153289385167260000841550131959743772873
93774661350115926840289484202570478714
3142140985273453996657204167161737962
138768091905237643534531801296921479572
148665170046908631881427453808515387565
67325810371021851721084676818824271029
126080227259443986622493429845019149477
157145026808606246939400108398738938051
126574887820636975738145129194902117057
97911361739022349294637224520244160818
100298641709694347312786228306174399985
145537715919953809807472832379904925133
80247063956187622999873813350332809665
16957107950940277835635995607634632305
138352049662237257458948767857161301069
47344151187600885628449717532505561923
52099559609166359243232783072903499607
109446117356908394779287286071700982514
118517273925926806891884839078384901558
127254795529490664921991616060994757501
57771896182133692777013329211519308013
49311962514608858326237179858418313090
96410583955096172571549469763175412820
84356178096269519116349119580643577589
16097482845660078696938760379532139368
141130517895621336354059370147836937047
42099829422810424148808218845114753501
30584200464131792373129743618116535255
28142425290199246818733521907564781321
98588471925334845177170608313986718846
17135280207385404603677955379376700687
11960259956322325997302334345491593043
6954732118542825400858597607255868383
97456631236556995929506113657015035162
32384079644289569902146966261271970808
112639815577266648258095435728854977358
68484967505877652928880020180976941019
156179615997582946278758812709463699809
66211574529438343428965253367058459579
101944502156933825081143182558031299630
71696037732618409333646296188257574961
43970761182720234855610501405677820448
102902089740772120814790557546723286998
158998615393012108156651502373675552399
67162162378811039198572168390997715266
109077429224689193262474470653609265674
