60128728090093028044673266948109270477
76821688203771642110490252529967889975
129915606158314116507953955852199609096
91951358808679357520532223397214379586
50774043842962141901693240030434902132
33117641508803339422247507039586830860
65454922966357718924118955380909355749
21269850741428318794650198686835141925
79896096503188544992090303041097424989
8462114506713823490597444715478296465
102902035616790706115590957371428295668
154245397457520817285227810483641918222
39136402387129697862796575235158252436
41235619597315811735246243191069826966
24138095001622940189270884136985250818
87300336532257196251056239832880259614
131870327910991429462374607268568133663
147982668303300855386103775292569255451
123453482938291358132767188103756740799
125615359593712079501220938287688807496
88245092961379248381519927213952930124
89320521173993897639529998673239423354
104696530882096345827743444229216047547
69648196548333017558196171400717498591
57351020965699798055422959807338370565
27981237174060954715614261042135941504
146128602597990982265326043960538446472
70394935185370137465456888864977415597
19712402942557540547674746619089412520
55643436711325616585805161574185883274
85175785897531032016443163301163071033
85180394162188388136592953004636828874
152605334211886948534470940371058654338
35148358427193597963311512807370900532
160359345010193156033182062758928221944
109748897304390679941621752938010768490
56163257679893980792768192948621661897
37769308162047347903828822671657657710
58636533659924390416377907776768649490
9067080240859420240686760514814945805
27093671164894979664958854550543317552
122171309493473491920730519012797749192
117574134162780700143110884263431587514
166286661512509101424695946797017507778
134511307473146603971592943215566653476
116732213090557282731954582436437838478
57846049972058421947574130265309111076
93683166794526258631020629006169594029
135431328176001344898025760734374978396
4298765136761290422969960972467544963
112337343337634681475450073947452806464
2132441309115426558188262235404300827
10600445304438766110973384877785756166
133499505708600708766832189517253355373
9537281780826138128095049508454890020
74909938998691272426736833643652383056
75544038009317253806967249895333467581
114911847773101152010916910797111108802
46196955067111591467260865998607749280
28121244538089742389133432545196555736
50775174806221109959227961412227499373
161553845199573089531743177857578068826
143331312803600082033720572581998849173
69842640972048421428250363711206344781
98119563023313606387347363415451566868
16291068121631431777769963942291270170
71151580038140553566719034957850009919
76166661403766146461704408557226090530
129823297779440036391925778639257324128
1641822799527337592542120742176224216
100454732764623747148451459387910045492
84505033358080580645305694867980020990
83286080436361991602501970048708909951
53444401105883271360078719910578646958
9714403533545028035586922174210099039
131318623583536095849977123218591735229
548218685308300561131436267279048982
132079147211882125746484162147000591967
43320487971740897545058996689575872708
93907975262414442483477954524505817319
17002078516764140602877294681917458707
97764428200145048219487536294111712777
160562939364507982555831894045163362924
33954362781485888037917207205541658841
59979139611179251483426645964164464682
71912108587841635979593969600143691972
97022946031976972451485539951828085984
148935906370785758704070898251517579354
36195249685728284682606652387239923100
104676690393335257141385115136727958838
102986452046533278958465729690136467201
107773734930841271111080980791671573088
95033523269666129134352104646734841178
42514772392215991390865416645232548701
161271568451008824511864064726190418133
79830818913250375310695461376221020745
64786820084351768267764474979077241728
101497707653931108155622250680173398155
4416754878212003774878589817931042946
126314775093377024313791073441340586490
121059272808146956803107420524256112191
116916762689506723959571726378621699531
106916699009347150254961992874507395820
46175821131515211362175882201918821682
3871410684172912378283893755065958500
88572450623950729433934371392677211754
134175454079423191477552154417448464641
57621054746684790603152370372206261495
160266846812233810288778044844276589004
74071137155107774857166441405880559921
26336030131582728400114018840813275642
21974204033312807749924150945361400227
9943136755514529310698791185365766571
50901879957690572477438890342672644155
108347154227844549807412668017579979068
109831082634979557596259910724746453436
120060184390068270474126175233029939518
134299991507178297907954640514480079301
53185089224691722516216076068782548772
25769569814655004664450718194488242982
12894734627988390681260524459324625077
113178562951746743290205442738209608331
167543639326515721817812200839156489370
85464749304600125398611820123011965383
134724869574293111954749288756811199596
161180127809246961384699963869198434270
146717322051253138734809290491822289236
165875841075591244653563546838183112610
120888311393341190320211381849235180077
93999374491302610089888769342255640453
138162703999417366137559512395172211861
13350773329326887040138114579897264300
119780247227126054485585013970982009629
2676664930948179863442759663583422959
50594099332324016988518735092149219119
150535910829997293566123771470155574977
118262273076879674760547677801930855913
155711617524457206699498622831117658622
129694834315892768247493496899441036712
148643143163804643482011512849681176067
163214454669110734294474956283768479692
2862489316631699220449698455018350421
134503010234245107440905472386893327808
98491167098483731347258224724267280181
4380484364323636218818205447323443992
105104728294056073935517539381539894224
32028651344568264588583161930426490523
50554125197011883637710641088236335090
36307089934194251990886837435596988493
5956173112468497319210949684150176732
149682041903206248830158011934123194898
140599328662109512358753654300215278347
67207221920245294378149122302579595991
70239338240453233670267189661100690645
53812064873782140557790260039669019022
21631914672845016077175669134933457765
153523577115147296835669724788061897938
140001491835581976430579489726338396858
78748564000025167103327221643391065364
160714165042396558453054485729338678263
42897355691885889864515238041003550659
32541398224402230921790805231330107027
111869095977234625596473279891720343311
62710759307520049939612242855686280925
167868880993642455558435565941004549397
162646324573260473262476778127715141631
29669217214599011603347575098813389641
140730171450349042754501653254696814936
26335036738466143686062290718554605266
117645646118636665601355864915051583157
65690128119803316916988591772126419030
118642318913058004975176407734387913577
45757394147634327270295137638369079869
4818001021641867565640440260111107784
104385041334604588249209559273656823748
108430476512357487915694421081153663577
34399881836986507264479471580712130924
2976913408977916054550309162289639333
140573300366311412330280495614626616076
67520627017968907953054159141154709298
34328540579066948961948376895896196487
26706256730777777359947148197785197822
66251468463651241652168329128626693494
50443053653969254714548997819789811532
66321368401614388303068112040025238286
128692674949979552471705854737019881972
55156835248084151514302134370077127756
118134826099621888880300512148874421120
12434867503078491543316289447724945831
92532794103975757398643727358589079356
88902094533211621695018012496979352282
147540373643450736573281524514168222139
153205741174767274415657258730165859854
162824230807609833869681798502146847903
136421167625331393679500554514191484747
159944567351579448215305380230474620300
139998051922731075767472538603210882917
166202413245412623687792688158220139378
74073274032212933783975380462485191584
71792235209464187738379594086183108906
101630710526836162031955850216498167218
10752241006793997810327461835798214548
150203621952325415041054937571009378287
141686637844024764743805784520985694697
17016309575792156373718968956554571446
136617418824719941191867483599401484757
20476899862051825585516471538055999604
93380799640268969393752721525367801673
111734395458371345657771067409506643491
114102030377646511768240252026825663547
169530513462978146819690373551653367771
88335184715759294347022058770461978997
54457809462194219853736123752964204560
12400622169139288902195692113030070162
123627460230193134613763640752852672686
104214756030411496158444930006694623308
132302726696697160154514170537513232836
74502444736434983962307925246237123191
54843630188981443928286070439896646349
88841228569264664919624677377196382761
9035995273058521059851452872911054904
64356750619382408115227673528625307284
43821671047024306152154906598091296850
58470692725583705566549890312927932795
117262199051927272182779778568243897746
157776808450940417576178462193165787351
53671338380534678379819305757956361211
163259050805400935397004834949080920844
138077787586180008094634780124415127441
38901443465510544269573770446446890490
113955680282318357118699510612199124683
92370467722959738814840397198231919285
46596997468966893041195272221358991247
54054488150726297228056921801516991540
84888202319658062445273278896924985691
117519198760011000055787446421555298837
149940196558204365967974225302335326948
146144760392049820037473739498833828050
149892416517756884498705104680183050958
20721891923289753098117010935106318668
86230019893057313485907132292314743710
54423929523223532338325005308551545053
68689929285634583245520352214188751615
138058042623137974109983400555221069831
158385647335661548719801021961942012020
84176637066839198435429373800847877391
40498773428650089763039970991855611029
79030044607359374118141364148029301449
42673502121626568136644572114685407643
108548635032313425831773947415931082036
120351925240379990099214000965749296441
64411164438591137344986525883062372298
157062034243870495090892715144127875691
152998258873382774263772295477890555959
26224292719859257069747045864689188684
