152829267178719166792921598030802202350
146591262507859485834532755395587622015
93848372874033518549742118086666628909
155414061086738828407258366998778259810
74814689363635781174872058747786259108
12444327925340016221607508440971171015
60291929621514562562459634569119391024
137629434284534862847815827663553575518
4478433438291073538227287721925193398
116878687898067656146710643415661896531
88256573357975170445364532974270753993
138213935626607145442403987434376964528
100091849457226378086591040178591493877
8789466214245848124545659369110863541
116069864057152246999894415203729628307
77682566538595663823552428580076087199
79024362119705227392475037994174969351
101031665328953590979370056960987331380
161939604724807771448645646504109256224
81170056036543552743686263776303447576
34837680996574433438783151159725571188
26555078592377144925064454655268161585
162492753723006758026184753654481625816
53195391496108319670052280001764984595
127180474432549934335353760907704402439
64582614067698681379387510598774229970
19509152421736312800848532567858982482
129674918601896047141023865098657852672
88354403141434765686025414662170979408
23394244030740997886535893701068344086
71104108483424972481049813089763869123
79347772026421886607902820721242017509
57850021721537150464055055122112237381
138327130411951081964660342680700912603
138681281415035042820981827454893230506
101244975871847001092206456951510955558
159188108103893599237583620230584840445
9077128558160665715537191233805633224
166695382289497795036981057181941909196
106667354435707152951684413504086642278
97599569356552367907082224602093128259
4131036881818084169558051760338114749
156765774463453206622134771494853540889
162845081775117107488336240162722290968
167677562067541791889449731234207486760
103939141690372195075293417229652553045
118241031600531390041785931820050781846
132783324365447484082883463713090342390
105797317596500761591709225246043038035
140725810548329648364185517870438920347
163351852910320585561173747673182868042
92777888323992777343631507456515792818
17341996179132777059867358936550115410
75118958732009452864696296658976467807
36554391503511093278669951508681120071
154547221393097503627373129290470155407
43775193454602802471514786729650902558
161083442527318940078693389916300563116
67289472715828563880348395222182305098
40710343351018422069947108236674974715
117987172953490857249686391286699270118
60906284215160733846417426896925727061
108181918407248249989000004823354874756
45933334920692313360899269029953429417
129183135284145156701835659763733017725
96575924318815098333634678715720869283
61518709076737679602621478917846360739
100854028638179888050784725911943387095
72381122573370609115532763148927949132
52259030478486292500421022486312647698
165646926914439053697796216636901428225
26710606911944588590812695745016431085
79205911440933405188816406458981523748
99324075052140155529122057773281281649
25705674997891306923406251467737337130
20477603674770487963443400271840437494
131584712889593421834769308953790277338
53893383922519513797529289472707217244
35788125887928221650024982860512416665
71161192877095992152674851330721269358
136439623533905161882245044933263817098
45772197133603808867755230823689309295
46193063065864714400928736456381604797
58964397538455445299474909012279220575
69101920010246135970332533144324435866
79900838270532433824334369661392300423
41198727949460213531683397116765063830
95119685511406211098988787051191241554
5240668752923931403217075275300220209
109999960361129625619661768300610220144
12876220594808904719905827054139297123
112939584003253453477515149212103444967
33611670654184075039788034902374771746
21513005747829274159022746557753851149
63997294557990410689259050689610309668
53738153309110115223121948066726009810
152527168964166297577780514640602035581
159009951072316004952247213408001976644
35732661373461661641105053590893744792
47135730010692810265940122932977937705
146865906213135762287759339886243706423
160235528760669003445231051890339382335
79999568059000920978485859604421407112
140537148759317153394959196858002712608
130323374591050069876405291987163612691
111714789919264824126346970097926642420
151101412421763490319000032277333003633
45399091157589514229783937618695884664
39632784669678184384306103639265762813
166593434339886781802726432690357500934
53096283638123150193246700668369050568
68391927627900862128579444018746734715
92194779251885012130479670246561129096
72929879011852817730088027635459871280
159874016512173585937261868539305561318
12102641449992866879762783859586022532
104279382121226186087546843160670704349
8831440915222119767088268151213294474
77333255927567988441974546506834731494
1361340422785270126167850061937266215
49356869354988387949234766992728890426
11688231847540280336053214795233288074
53247377157001311917121275451258190543
24173121454634291078993764116587801502
152716702020590834721172033368768229057
144129059397756129257729899253211656527
27985062116697148768161707175845446858
49276835273960033837308389925155805568
51343677236205904083109964507564924863
114699156773187728213858102777277273216
52045415860663183926988115857957795254
88667512870442875740140205410719485722
57440264430399918860281492683187247487
81773227619298567104673623519923656392
71561395364256669417775212192290239278
127697867161613393336486743107024179095
18223361888874294199915775118596866118
100265509200598308921345096594880575807
48722485806157774831047392415317735953
146352148154112666278155276100327832337
90764623212269240130703331289186505412
118570326305985762014024688764512105122
67181905649076562057250349615990789955
96110153961317208031241250527410264390
157780845212409623168529910872100396645
113397776846805620174313518207532378901
30575173237153780909443420605143020179
40381492584550302698088524861023036738
213171951770798920999599539197528479
167646243074267483341450198266725289760
149960776416850290229526890053063344888
159726725175332578691268553722730570605
63411592394703115896234705102734357048
105294901915976136197407073307591288360
127571995527583478763055333065755113555
84466891648479795835921968016971664745
170124159330566380114513942409766094580
122305183023121183074734169887153628366
164219155918492780714115390309848502609
46381872304391806174966903579069373197
45449664189333011021077059186613309040
55894665629630285398550586035844014415
23422246310973104060450712041465531467
159559344240130269472142410976357924366
140209634068255942109682052707079853897
45660402308275889354848949035875507776
46866361775275102116022735043754430825
74292235491043394091692291796944253880
81302636699682154837877352079201096859
74026031319902564252099664592240704076
26527632360267534231393300113144544954
124527682593302886422079961255888176135
25725016393299791587271791565329796463
116246060033445634117669306176787320186
104440413197916926515753416260475967739
101610469860116794222571363758295639676
51008211200437844290526261047337911907
18114142903841711304621583986168650205
7543780399407567543011481444891905864
55006155650158574916033439358051219184
37571155749544658373096598892056828097
157765871684178685113651551713403246260
148430726029927426246595281544183046418
167413002660750538726515663126042059645
160553363532513142356813905941141507397
9180426068907058171120712751265945
90723565035441503781572967160093270388
134101074438219599193198588751782563246
94035001160465684674209051149770654219
125342920347013401838860452769095159443
84713760600078102812164698327584429142
106045272364216587962267374369560898484
95709201539542850901124460932143019797
65872696632917601813643979878818220933
168502891141834720200872294449192771307
159924931181501485693806530665335275274
129369720036683183042583947065069316489
29273837289435133082392295053181419532
131385002692736483547586252977406522067
148246814748553119032671922715738900571
134022808516530375544597075001579923892
102834998136609925379434724758082662128
98524638612795534582253813684384066719
62707487471781796612145491885626611
166788931399773130153894190862072841203
168405391515272469110510327471020822048
44748577428612639600853603560081475202
168086815084596538574830063100810970328
90211877339277651637611764531991891969
45943098540289837186723353744561752128
33156947387309013790896174655288484509
114954265218855086775294187747406793737
96044853316859907425322561254279092076
100962509603220592514161308016707645737
78556188410196844001919095489785981687
18572752387777768976249586148142859405
11489313119439948024434694061015721080
38288016459176940014222801535754405887
77192972822724928153432829393114394984
44685507880229328692432907974931260264
92201156449318418212436787466452557335
7684164196853819858607865861204095474
73334456373908055137297849564651543147
27438056891382778878018668024855444824
96233483843455115456766342636647470958
5693235067438731183156461914898339808
90480494725551223245662888024680020766
87970121770837978304594806163213463904
64796694099228760840535610266143186127
120869953459477528782243990322870301381
165694835803723389437339884692914296650
81633398615068075545499510968912958546
132701456013548981707622288142006804146
75641000210207541307159773128602281411
53445389488164603835424420656993268835
61409400719066743795573119641320519693
169411262376213043819342075302591203736
20155025230665781146141189002836746845
65758529205792377339597604571043123205
713090553775604326345016331714402746
108831660435086723657953509827341933041
51851646136060918088692864157901968969
155882838754006409484817286970698033191
133602538494126140409930222924737145956
17481994306309094731129064939081621173
95686190087819775924413798838747939309
117804807580621651952553477720620038154
65293053120407444391172679249850499782
105112772687244390079600459858347417907
37250326553321296457635867775823355896
18133805878026551965084308520807672273
119871962131573206912051729203723953107
110440188883502889216722273522476425735
74364977252722181016569525096459319039
2489630571249896947778474199214864381
