132978895586209101246275132270176531277
267655294388945343343775408231173652586
261868611609930754273697367151876299287
316418561845434181710848910378316337751
226630672796423750240511322662048444631
206643585335634308499719786719455709173
266971409811530162619683883414461913279
46067323819223848530704381149500679201
156737817338989373227495193621444345450
200830195751636062262213313217427490325
248701655947911275430447087992841633570
178846863623599552300975567516197099832
127948284238378177599537000309158657306
94972398486362787879573693282373751688
115809922414538201127315810951065575430
150106086527896146920379202089617396338
80943625687510540614111717617599822220
112073592101488389432275624018430370090
70889195016523443203693317110256875448
158409483563516983497071934032215240661
127424496528827355191592586785048095835
153151443015615813824690033164769550220
177799467821426469885764336371864257554
67753458056768908625136766128850078204
102033244973195795494711127067839277664
58650631951852880340057683421269289488
19892603297798771646382994005201955279
227620146153448424726945307766779323336
126366443517873089226912735899304360164
220815597599957683578789112743092132175
143973410523856964614520021155299026188
171796457873195457160191458348461199830
174797114767200626342210611011517594305
231337269594043069279408145913372371314
216781524452470262419104100661330914065
282235521399823717334093183134359640119
93768866986426665772804442365763168327
257059322460898938353453541152350854531
34075926331698353826366359289852995967
120826902869404811838760807095821664412
182958397513846778508614126769607223199
104078895619483380344931154296143461724
91232327841618336604323007427607539226
144107238676520392685081153206668607500
246579183975739712593075730314147904525
96544607502053505892581591308887376847
62306086736301808867271160324636025205
123167422984896826361463255459092789788
201418136379306656175677636105307040650
226673932762449284730484883083097706707
246465207136142071023412722550155534873
107433095976339384096798913259470036183
63729860140930026601363448874490641395
119410165926391393878090975939470986023
252415493248533746221970851232179340779
182612989700294897142823432814537007466
283927583602400399743345338368870375205
208529086068276108765191291768898104828
223702700303444267348034344007581144041
237577655458293133419817294054629708345
195395821357848798760787056978378480104
121413217229598478024780541376525020962
157059985734395190459991041918537497683
172417566533173184184876253918427981581
148671400699862681430233782313736722524
46095643425800327361591542663823814447
167133780119445031804185744851836054728
196018182163799378833426010860186957948
272204189853402309421878115540682671927
190852666473445784464769096038638068064
221759021440497793547257019474305181337
157288884546973372962019216751286577117
169176666150448897959603434530718814077
189748669780663323368592408216422513053
210643279635643434880021808082356056909
233389887565412463232223751603842013593
136543775968569590490849861906847421236
257035596015385285187717641597934828006
229796954899460712074814926633201225482
224771353605401621507195776761713183245
76902991034501853805613498955033497875
162098808971898697694838393901280559603
266158501434354481644504692129917619538
160375114701782604972771541811125240709
215743055512527666283523368170418301813
59585995096536562424725013557452821869
173323867347595735587207689033804781776
174362014369981677420150797996513877880
137360676121843811681708626443729819587
224645541564912340784022122926264591813
220958681457705238812431084050857612870
159469977179594420126644863900118889053
306357267756817362406638645351391217835
165447934449271621097105531468548586066
288585228393355722159454486636718374732
177436706678749204299789278754611216429
202128906591924587056724987762370844130
171210532521172959259152995453696754528
246471587421417190620729834397649296765
113312766696243398384587557164659063857
149956237532513567900278796977580277156
320278633963847808486686057278320987852
171807812433157996550744105096215781018
201037050963722858872454352282082422656
151710142313300205515607172321706198476
175688600979537004829281946239153121135
58757942869544504088286136364330631014
52069434586426423688583747626465545902
232226228221969590310406970644935922142
271115605157412529163036028462020128967
297602273998410321952929918931209240456
204109441250495951384474132663458195927
223827772085687663210012186537462297425
114360890894548912990572335384831254295
65021790498123597782479190508018261940
128675003151169460423719405974941409802
248698306674750683645870982733905455781
131157864772641260090527974047659241345
210332946875846779260069960622994620822
263487293725976661334784726834091116779
32829890285113899043837254565687580991
10978346332449212205116632548615755758
75600405758944200824730775396933858680
203980774735852036641183522755499437002
135404978578919717983863712338636761166
224347356054942867602516605878461039974
27606313896456461435390733538483249429
65795719265449704172612446285155975241
77512268894219648401636638448133254692
172600349369262594912243972999794817930
191532725041175041212551715605882297666
295092017314898216160154543497054316270
62374959184785842041162975583014405913
47762576610068341388844987995723936243
188628807563870000408834867877917318407
178179404453425367713052337069369521839
169068702709799621222593835951694623536
117003219046996061123386330368903606331
245985360908950399880447712337269493372
198089405253207698185661943998803626408
232779065583521790291572434448470697216
154595927699720406882121240244469701735
187014819567095550266403092498810309269
218692837737175105048564123438986172076
141299297755698168745911072559164175742
82503168505667804725453832654739543431
245457752501950737935246556019504049776
183224079368784591335203831544515138984
173655475408720880961365408042455311642
201663996890483534149600522830097619110
331490011569827621544661467369984397802
320600183685219395091708112165470878643
111442847061996889570824863439270572345
144834238893087752891661500170354123176
186433008992867706676810359963341582586
48641580969843732625273171341209234961
130462972157748389644712791150258154598
176053832953288459313220067671301111046
168946845082052517220414879994353291390
123512547456554418403547447411402512689
126654493133658111813970377867164126343
171077368071816385613661786994447846836
70469299689374339700773657456891727124
234701389123297415589624250653641501531
274396905176537010984595711977600843368
223032358540825412455783837033184838864
234623239467193796298822879644081410485
285319104682396140159587568235811909288
244306557885729414186327432226958112458
222582229103485361145233480026763818326
175190126247325348956842946739886323761
120857035009690242881494817302773786293
144060416659140311131085373399273751641
151528492780562029920263171700983932448
198717046758504697975208681697591644288
185657739424806136675422730561534359266
267183242447262408469087227987204401369
83758008012637367934645304999185777241
300081472461452671845003159442742999254
211416741072545228531796039149231445076
12299196667378399722411112419477672844
71035463776531592644738442154381979634
157054569492773597094549887606807216604
236413658806232136170155372750662263049
241922984862349252932801406508505171897
58242032931224964556229245202300707032
268913549503935215318324698151361619590
105571335505558528624174370202237062830
293291186766148607922924777836840839237
62136566995048138052762759552519215937
145402190318803612559082224128221099971
167673411306251948007879098786376837607
96211632981816087642972429928539216736
187321540012721921407209433808211133217
168088486598534381067867316763122739915
168850655438860723219475274892050469884
110968403912273181581593410409208457200
208620778903538809792295864151944731441
104882667152294934403389526791650723503
116529021306897688659168287352191891145
12377691787343092821497817882099541717
283021380985485109733042593526548388785
218230034170440260944705225473030597352
223264820300984045388457032277237949347
26573573369391814161336435968289625491
183663285159244616623312106928816152920
250850624622225498741788266852913995679
174898271672402363060126948348738917368
117477653438770345544383845586778797753
256525464508995855830641197013842487566
128736436029336079865287021145442063149
163943175263544190320613952945489006735
117571251337329564473449923167281975262
278597502875225580258242998850109922295
291195349956270364733027826331565227964
208422000007260886090247658357340274217
165357234468789608565840896112818573302
230113536236892819445186703989710166421
50869799777843112310103151673837322036
177427513057524005496575900903518593972
251246262622343834015131183192211804054
102745883794641011952170971718280226380
161388531456563727753512723935987853204
253541240208260328222295017618133032148
291990447557296600492784313152633487461
185303645916997093576322897235435997844
107777937067010441818765662741164546309
161138507822400398610233610371508149662
197927736309574967753174444722626665871
83093033131962989201131769923932201195
154006927621462716844478183877989475892
106110379409671685868592778035256567210
168790498551151239219090909270922428020
219387658629570053882222507084302700283
276597751099676292244455562041740877314
151960789801206181410504181543260834896
155108511361161227070025468773200074667
82928179040629478552234176575706302853
270595491942425311563239334327845487039
174829181787419079444753337485124256820
182465492019839845827759707686440105528
166837487720086889343448611266479596911
97392120575433572694555790382689910448
115404784269400746761804199671281526880
166122991802813145189555494833589123774
194484007747333716391075628861347263869
163108839584179986768745705674673049647
125797531855442629909770200626800075690
150935343811084870509007810793128995242
279738167899798287001786304631090299602
235386363086904994130787827188845207919
129604906345320739454637104341412426072
139609941305926505111239903131829823946
135115876500720087492493364823569297519
263443829570061368135020686009886298079
