175674168556946846068641142139215527195
136147232734875411030384973938894965249
243193941897764023337611937203718114826
202941114987971008329912748911524045913
139277682411035356065113906614404029503
96630179110733479412654944372242488441
162458021625945875050172261398269699364
35544211214412000763745584315895988605
194580003688114680289785712320077069392
58809949819308555274226871713442622258
110136595173245704931746482262349736993
276106483746300824598842371940159730134
175105786322587484923222565263092953570
95542172108488376362716783446641572169
184534914767751100630120180900033126426
89621651314150128983853549668594933145
187437682813872764271231514283118300338
265981527761162892580026107374674012401
203260151780778415188723348746378680924
273494983670286484175808204246843067864
154727648733044314842723931827209233535
116969925835133581017232827773924235775
257217200131677742749660860143258685131
131903665483730057141304741575101015348
223640898021292100564348236043572029527
88490300443237049733253438227293445433
189300207328144647975643631411820020852
160308390326031716152124692526402550194
135735548923820286236233082931472613336
89566235931198600147117422418545673541
202702685991929620888341058599816048601
123034894947324938345080412127880609336
238777880319860910815154014244134929323
49704320806228861893524866994619578633
258859169771644150678416198859520290135
240153542163466032029914654874455446701
120036894722579129649738473974648990738
61004640408693737235890955761205345029
93424589546996551968688272233259565945
137504762771248881686608859624453772059
163750355234288338171721557864196130864
140966909264397593764353164015491796323
182821835494668084907828155251452058701
243950509153605702503332556168139160235
176064040890567108072998149248016147090
137885920951939119158795613076712892303
108696904265187337319194700323001163607
161235649495297341584061846677080603943
144884822714817353289654540634233678809
21621177018637218695199653966594689675
166044300538478164891476146877488418725
22145872526350445131618040770035702185
85186204439886853108524438730679361602
217957989308254886649472327102880855703
116331079459515760656505168867919087268
205177364550623997983690788325830192768
145646601377648213078480939114599340085
205915064922402057942981879416251637661
85662424517709020793415042584815265092
79968738731907395373149551367608412688
146846467050333488403556156001318400880
202875006630218734993846165837544870195
312228644825977939724978147121150487308
210506631157882567335509611807993334702
152835328157201199165175542766451535444
137476915426000613762043954041216031637
213743060092499025968808359537737556708
218356106759691082332041830022557575575
218050800720557689246870635532626634165
116800727240295302513838146428267045594
257753730091606462064180058028817786678
221409165700390867522629698891819078066
248932012536176476876709709242268840609
158994775158312415859902645196780890841
115747176952364306919472405271994016291
194673414012536626847446133140811554551
4842471676562688368176789799283084840
253531631906267436878813184688787060536
147647880638480440081091332874401917139
178402342388326738759665996250040253528
127831497766233025983280451287647019563
98684578106319397870023015872082957107
299332421331152724131276517830871367486
127021864280589534460062609896925562855
159716781560593033376347141800277004467
223587962690410827801917814429275782068
154575880751208074614901020404881460807
162842996761368709895250440780418615106
116540262224820532269371982451667848242
247437003839621525151705228825789266839
243278011055139607438953176919105668696
152112504997245668243835890857400594913
126366956987495132930501768533453172115
97851277991683305392428771375982194093
200199496607144007899227367701967714923
229913482518061077122509775434659524641
167669083905441481165163420776596563722
134397446251801304308801416804369829982
157944562746979059890629626539421073857
184311477560632019464806872020415111808
148689852180727499073930315950565659219
176855598576330146052026321910399802959
133263786899431775719734670996504322102
182386874924472959996286316563952183181
152386376673108806670821742334670131622
256813025397485912764325775799069675396
201576874588283405092008780018016200132
163747758747687793533867405928942362907
277232123102979765723658818068451617730
223472356160034489180620827935494438887
90723132449217450082417342566766633675
123306741673684427735021719143994717177
9946884077383817189805677625287924495
83995240010206731911578134491135313344
258640172034965739564466662284068952935
237575479088288051563130704045046224911
248488428421729840583324430629730701666
187272757169969756294138569897767784584
96107407016216339656220896760698426719
38336170754210948567609851943383742643
134948108943823841646194888662095635614
196964911463319562170337846653828108754
181395295178963797406419769199453983696
104262161255926490843589691086868115274
257591561667754370940086117604084164023
197031035475881119256101660835044419797
290071331533553992891962617780922755851
277538156406206030387303498646061363759
240817039741482841215783625984178065510
107417079505858504059997928712173230960
169492104271025811255754335706072871701
98676748955517565992032333811401623284
171416147082047519478521606114229631776
148901876744980190469856779941113486019
209580381430074200549791904567327021572
236282875171220769696093297783374815770
282620306836559604525704328051354561019
180317292025820754992523774461780916865
286885442312424793494499132362174087414
288587675348476891874058321138086165667
257042795460162123041294525002249827076
160571893758864628876213599303654638191
175956124728928061050836481110106683188
184092429561953507974887453019518310985
138594128126317522087536486398264066025
209127316402996793522287847798242053603
61129847886934272239583994718978583663
172654977285453860347892628677535767493
187302850356962970495227213066911739710
44957415807145583765084742648368459252
267008320250066120078530986868438145561
181700899670742670549342936074769695117
217192179393865351226580027826533101915
219079895348331737900161742649395793710
57437675498540959291256148749625762374
113976967171207768193149662214706987744
250074957574427596402797731112115159899
212357940082234692501702225912394842971
158603409218060879442414081356138175252
208842695358422941579481497063808083655
141624326897993873363965037990072804084
64077420300910038337238420345160359223
223734962313179320216273273393173867616
69508288999494218067948347948029593116
234854974236460595046824087522235827999
227575077600357793516362270619045861045
126257603926768001525415792894721677162
232512973972016339249629372965957640414
180966558342479635127394515357023526192
246699213700833634590139009910284168455
119225634624186352504135685591735428374
214184278098744839289194713554177237916
112279895704664179885987373245901744079
161839365672111424161878763967265014880
209927907471548825743194665011129672699
160948037315204069001147135345021517180
164683472833634049560528796414012079491
37833105023918478358884971513986502443
232228497557081012279905742900310269209
152567800089520733684660461780192500609
102825043467249997547923353353753438818
83558607394663034043183863881167567388
88272907505197087958063949740906146675
85258674558829337574204981851707899080
104234163756082386635748791061099093890
238083850027711727543071187974918328190
213334907745916285275814914544118310311
191852201508696533636898684154253097827
52521900815755610700583567932889018094
232150633386784915335343061179900150165
146523675733153319392712013806650851304
216571093624729830614618324347096949600
159232175833376612032384708722649720122
318461865090122160278747808307799704061
227603364148889711933715767026744121438
168421445883618434753466206116659948029
259298328228902771516552577562071419705
258341118447340924859815742977385974602
113164291437367359713763232093632032931
115329932990447698150846704600677188779
259216430712027500006038508694093814730
137298264975620615896019226033322322376
223062266246746061198366189317309280005
227022837875957595266395129695799288528
73026931612179471685548143432009881067
287174189115864026693814741325120627663
184304799238692229862136193208111068780
126484188943004626940260202145920962715
244421935461021537365862975428622269262
183114696597413116141553932121578110482
214751826874660708647665396778551988663
122186085362276964613110693944128902012
149382135860876487789516458664745651175
27096004220223637783515316761927413025
276138208641009222340144932990478397380
211537839844062488818355972316387133093
294149534066240064876166629459374515301
167924125702753426389981107331072479580
137219373445296487159375685190999667318
111075874580965763997738264021600323498
116845188698991688384057261960578066790
187552946927472697593364160091379084302
104281696424904640529176357494252457811
137297902901878480560958086105857562091
231047563898092246095622377625127553400
271528730672288456569724724855878974302
159264882819029544733848032652690133713
267791140926358986259524587066006599990
180658274308176597933704843760623929245
97563931642374379178408134829310624191
193333291081782582121526017727712601416
128157191032126914820525922774359132136
211109001487950537245614656752801487840
194561968812343691307009299863605445499
99229161036379892555783339829510675505
246322576599970109541552668889779835125
294306085291496959636858321327883262759
269465058132507761984983051484648843766
189039584730255941699264997896955336411
150807243466187564069310765616796904835
150058833434876081093610855766492566343
130267790865722970263475103103791924938
132959568831859894749812300459108924583
295127148042569538466593331882651066237
251889724469785190199078071055627780032
123530588217786058043481533560299897730
130580164024385350065492500610228211879
239408361881752804909779152188739286351
49625497957894056139976781135607577921
110739777218963824128437311976479539585
144401838613460568694927376648849765407
88495059825766565123617822701044553075
200898453996344892697551401542292125938
319675168093778861043327134803609122361
67780255350862339412952608251000217385
