217849256907036707730665781554944461605
162928641889166872972046617738277524024
123179669592868504602162114070016819879
301598812528882155922046459072779588657
151401378905047982540215412675355503358
148472388017822411239134679820827130804
155074914647724467873068674748388767448
162252384850907939155925290039662207933
14235051944346426127229760579815111264
209778145480467076795742949403756843036
176167777186780516373573271903288962607
236342698141881460317157789490026582337
196212563372571171978696557704746857744
40921844315408868257916913336146488025
195484294047104008293006011505974436757
226601035752593803095991457728963455942
124823417292828660779516507450894264335
214540750347226966165383966106000982537
168276430122632693687768429934336227149
102836966715313792726056538452521754187
91409299258113474448267107593887806894
61417775122283750306401521106957630517
325718944668183228463573691027941168349
87581607096995463524753341450017033093
167185830887633880271957353312272727536
94057718006758350875265502573837901949
74595720630459517898153381980087667742
276702093742914899723111701053329364629
217564149140244921823922704674973198411
106992961054855567421018917611115843738
115885528390261346274895315085116944723
215755480348050268217517960747012561598
154275731483955465673885026008473287961
187560016997257036662029102521037965555
175217166712059226824175342804000222490
170591623464389194914481306424869378391
229303504185261102691796701657933156593
122622030385686319104817331395858441004
324009045084842159409423740491982406766
225889566739297167662266408661781393997
115884214158657329827359707588806212849
96324846499513567117973284740334515872
239569331116970305133505455246875642898
283079713321927520321180547269787482756
323908464074307258439801159528775715302
222441853589979779712468846959569743612
156941092144120016798321256002524569178
183619265387234430060103534092187648160
155388923080167980884580649974225511752
303088841642635143051467927038384221909
182687518532638779176845506735498319769
167455815334744620697592964931550316081
24483616703209835099620645584469458073
223058605537723342906985120935310320175
53515276539622626099945906606758894037
288959860238841531642096901798704155470
180419045302442274599842087539029507515
254897885818320977663935107538010072792
70699943201687044476406902647814483492
187574584121218068236152128589216873174
214620995792223166260649601188207581564
122043930175699777782343047644543424759
159117228977756449818494247111688440376
103369755177753060198177306285735284229
138187779026079594240002747668400369221
207757058568063768883670245707378678320
225148980202850348265991351580101652517
130578203524662327589124214706106942898
93286421224183180148221059490516081965
207406510120220169863666053695034518607
295675455441807017621814582434664354122
112506841381255147321548758692890597563
213340275670004553136903059205553330148
155682699174120107047776234457401098998
44374902384059828439925814203740875490
178558701810422104620428291727069881757
245467958442036255765165624950512350174
128915362413024266687559658038443854949
65176474501340504678085450786300320273
192551898475210530428181318615141328195
248216137108202420378430650245772092845
71507706582255025792926028503787036139
58373178047738776738392737867921938061
200268120654892812655425552775408689295
110166287506612486987841495604324139291
80413682055076936762502871464068894129
177424360067986457291591603617760910535
123948054074989317611953525766822634427
125536099467461704067347213979146510717
219230777242085695281511114340087782484
14496320535324317117978189918917262958
123870516857206631200215952130044825813
107235910539619885682174429355521699633
108572273712508906597075142778383655520
167923865412088384589825014371214939338
79379380262678457759273170463572609307
270337338340267864617276577834884226015
283271034414502855611616029203115122689
150570348872340260530300898140712913121
89065938809633940847441992594186855141
193624147262883725220162385493403441472
169439216081942124957629676385928511550
182695616983045190180343542790138360678
164546002010265255364386736384436304643
172764521031192397082006262066301498499
135294993560478640478115196037483823597
295432915638442195055125714522069330122
100888800868288990458750179401255270917
101917286149184710111662559310718676021
310756640527659201533880158756905556742
210620208651567821066866121973968507128
75485191699509635320622139387289168352
175216973132496779868610639035315683057
223119439989036723358521589214192730588
195283096779187664217638947262444149956
120452626227510193280848201055647133694
143598937950618750488865654232028714800
160167568196131768349599697807193711966
233791644924046879777699795901583923888
145340053123884822637719734589164266867
170520755484821313350227513684979699280
135184225770969404295574694768820114107
96640784461455898894077649862535915110
84750015992863888666799486468634680378
220926429523677082799564727870447641667
209387345790590201001603625720506543989
125316491432213135853110408558267334910
89692843952577760136110211086282103555
73263212604562081721334779445933560111
278562396633275178401462834247210216671
192179500899589005115528136320537019716
127775838652991516919561485413003454649
118640744255373146326176303478753214413
152847301870441598797020866402090857610
72120887813605489648275823340889033311
175296774128168913866848741726685135193
50167454169318352373517360866968021630
265569284115508130343462668133401900199
153320206971870808880046575325454271653
296141998519405232810498449043451828497
142535204194353057016735308529423447215
129144939023198127072410600548918994695
197383450989195625759535623621868285538
100776198672289385318389164693441482204
187116511187924013230805611064064565645
146719055499488616935073693850484737575
121862214698468039815238794260520550963
151547565034480584883359378340194987315
84231647049724120047576786183804116005
221520743442480653269480591484653592302
150430200638414144509945874863731165989
237258113304963876970802662851068747313
116901777223650128027269922089840270871
259788938898348316752957718964312022372
277488878244829985833701156231252993621
242207550143409166255700098850340699163
198492472824876315097602129043046188449
140048108385972396867113093863958684387
168810547383653472601911777432864182708
167689928953482618290163723189953425701
170823560118766802302247055957916293162
77094775725422569835773648950544931368
79152415437593843824361034091378158501
202233084146120690250866059411900213727
273445320356670307937471713540660678036
176628453840819390867883638845934725287
184900379523231123180957583073411325275
112552721295958155953957379737760643242
227374127723014651812771286129578324485
78975726172341899404869122335498351457
34090497412454960345817661980783528801
240915962131044319048426060939760804811
122719658322567119095216121674900864612
208373903656908325843743489704637496178
207026397575329186424108126917837326200
253654988541173504451415659513650616514
79344611561664042938541628877209429587
78125479520056516827381073647286283955
19546086753727001359697123616836482606
126204499410055472557310007146903273411
159978414598489102967835814858305449997
170691585654259922131377838156025401699
237083225797664656573924965609299933183
220491055284003509211540905953765050062
184453014298693652856731920002247687550
107873691412146744493558642900713726322
192807346775741758926081462494753456845
253872183841378725823294858560580740118
166772446708166483963591680181458126599
237434554034661635525365593703876890299
180200363805136703741029317857485244955
227445822085171450353087942010752358362
206887699117965440027158694429779695486
145773878528460704267072439241821680125
190207190802749027560761414948675384896
315266627754109979149685559176113738815
167895281858538556535514835992927690723
91729705357048893413449545673950645974
242882006360369926199357632916839962940
172170583942340984964584508469315592248
199316355440259416675595339889538775588
130827918796720643979483720344900498315
109187510992459285563837665848636079452
76725833851185780526082981861771815079
265267731522307861458030713756442841618
336867538025455151439273713095284179260
102698307412113087750799557064506868121
281610551883710715843882117223671309808
251351486886337626751905125807536654125
199232483707549838028273485704305525001
126931608737424940631185658857858963223
118096406204128540771951391914568531699
234812945222097550959854362551200571648
249627679650129224395588761825223033302
145881998781218695723003772308610252716
144652979647221755598743015993162008882
168634339928046194963834802459754659131
164862904279813915752367930730656522944
175104334561747277448070053913358555802
144984149589923676005219136281105660249
237738872369272228019909619846357482468
87931228153041442858481679211536905139
90291564324848332972933845172286175452
165790106553620036336967435882016745893
143577635031056001085216060169153032881
57792794676605090426389244987801839415
199926612082459618024950174096381003280
206487395696764785196479645241598365462
192051489628719425762527226327137943628
178641849641611221559257319534389609394
215006798318332247763577064551332609740
178043982570164248117048980732088371366
217057634109818500823971407722650381735
91738483055867620004098533508134420779
194575907383785940189483790804830205882
103509230141877167944381338486435273194
199995462840344836192471818920707738991
48297450520865027964874710910401528166
164347001131127222516768212885029842051
17848370761161008930022971711091103433
120791920391409049655255844172833526084
58806378254603743489551461765157837352
253339469990563405414323400627713068353
165986618138415710312077189186009116764
130121809883575742989224500667936598531
164171157593697428853293819019724880328
273984423578204598231312290430083737963
131504627649845787820137932616908959361
207057274844178215160743642416378717537
108946364285939705791282163964080930857
62104567060746786820694809926485492721
222774051872345327726842286750447240105
269438804276514997373373775896151978134
141527139631533220215141693487457034305
111567059795939090210252944852824130055
