733543
591591
646483
201461
1028947
205092
456414
671253
267569
471102
392151
104939
29820
1028810
645826
1037098
293799
850196
208384
737598
227798
1001761
938785
312544
895329
881827
130588
693063
757910
193135
32297
241987
957427
291397
919040
511689
658262
732151
667482
509659
87650
1034553
747216
1009990
439088
905425
628118
173302
16575
944622
621629
27196
923318
16559
681237
918687
813631
286803
1371
678653
712898
883969
954974
712675
789695
383794
440955
403793
765860
1004062
904721
303430
804410
793071
834170
320342
1020052
95502
176962
955845
791986
396610
958649
302681
681303
880430
360002
964284
388527
667565
840414
309770
665417
127102
43922
292189
72151
794357
1012204
422327
498619
644678
1042843
974585
893119
253904
318471
111794
458603
498835
391648
1041809
721060
1047246
138426
900077
824541
1014529
640985
263263
395124
446380
334250
699710
694249
113726
19325
696289
436741
899387
1044338
60082
825162
921578
271005
51460
184866
698853
866095
397532
615996
934209
270621
272179
238153
434130
159052
222928
663870
814789
863445
373061
894425
843756
55100
345232
28594
205870
475660
52827
826022
1046819
94187
1010153
701111
722442
240711
404175
697966
113362
343552
79740
5891
964420
963565
115885
203340
1034209
445599
959766
342802
727926
461651
744946
197383
353339
793302
416614
1011692
467643
501621
416783
684206
221610
1044658
808194
649557
811958
220076
656532
1015520
609187
828369
604020
83167
1020414
732143
999179
850834
804413
687257
330267
965618
181708
788329
611474
400466
889757
706249
889412
682667
517030
1042156
19935
465788
594944
522100
695834
855099
396791
783926
445754
758073
508126
612610
49746
708752
900476
711062
125457
226332
483397
994337
357659
738509
197637
793277
666006
16551
268591
93812
995285
77841
803169
735648
803268
727323
327483
808298
228450
618721
591060
379308
453099
983344
803858
182674
414356
648176
835861
787655
1013118
210803
970766
137588
312567
506537
814306
732358
988452
808298
344259
202273
785020
1807
1003858
720417
134518
435316
271509
21915
190989
431629
476880
983285
614042
75249
597570
96102
284105
1035534
939549
973885
380351
930865
661828
870155
778451
259491
51572
860704
741905
286791
376273
6087
617105
22259
197137
767947
482253
308993
829331
1039574
936705
844972
125353
304750
39947
936466
81119
643337
855350
669205
350469
796626
340448
422149
386540
799605
50258
19414
634941
862897
303676
790367
287066
274854
30206
1045609
899367
721886
119403
852349
605905
874947
20982
478944
253972
855283
86309
261991
191089
242000
354131
73324
143305
498157
410670
921744
991957
261878
722231
78748
260761
511013
992287
466720
989858
762124
204588
911724
862199
332114
590432
1046834
523733
181266
171551
251177
223203
501334
876581
367294
971554
338981
856773
510934
792219
377844
266062
611067
513180
797382
629404
323001
200205
11593
345605
874326
392770
497375
195172
826235
774350
844527
372519
56011
828338
160927
400939
938702
501437
316597
475477
787325
415435
468234
700241
998982
917726
726421
669106
412433
305810
748007
67251
259038
462107
19904
682847
943630
476663
703146
290735
1024554
842572
988499
699460
83104
168508
172133
402660
707306
475845
31089
489854
986677
762794
482240
976211
471323
384308
139357
237137
852863
664445
904569
279198
171964
394786
965141
31231
21686
864975
862930
229135
404626
521744
786190
1031927
371994
792467
196273
43964
910846
404993
425334
1024891
286765
207271
1035462
87262
225889
463948
721859
460618
307781
430092
327652
513993
54369
365932
796108
930722
595500
615198
930923
613381
390246
517027
644964
470474
59220
150093
920865
325456
433087
975760
304384
462790
287831
657215
869386
121306
956958
670052
811426
349333
658035
357627
969280
104016
104800
244337
656241
1006150
275862
125692
150609
177259
463424
239028
706097
42410
372589
650463
13716
1041244
855829
380394
840743
168061
386238
636436
696626
84377
662859
366869
82226
69903
808605
155963
102835
319974
746972
454179
897435
450377
704173
132899
371866
242621
277730
681980
343958
1034646
930799
248663
1029996
36913
1027255
812858
244473
156318
64175
461905
157184
720956
1046307
612164
792113
980117
273682
758366
657856
827166
109583
780068
836581
288146
871265
1012803
302794
478791
720379
969221
960064
603548
168092
380253
467950
355828
58027
783901
935136
112425
449684
922037
386362
63462
332087
517428
177639
774656
504582
330000
209221
853372
471502
406262
464750
719386
412692
905307
511786
386343
973665
1012828
983749
639937
57445
597457
768809
751383
655664
45719
905536
760412
854502
4857
523948
85150
608705
56012
265749
969275
180770
284393
369980
777030
721755
340245
291238
329589
357677
31037
13914
410349
661760
244480
1035797
273436
607861
485054
743923
391770
702310
176885
140214
121418
81808
808379
352938
87735
764438
446716
409169
619166
142708
394452
43596
189271
740013
68420
39234
974401
204787
107870
897840
479298
825606
139104
923588
38605
314953
906457
509164
517323
375932
121124
662724
773777
337456
244998
480293
929222
1043563
461213
442902
644058
926378
435201
108843
391081
222068
30687
692753
369950
744510
501361
968142
504380
764172
369815
194385
758477
499376
975264
218446
470098
287860
352959
464662
468164
29950
627986
1778
37406
1025827
922684
987618
814743
160881
131710
146946
40053
213313
85904
613157
715195
596464
845498
915408
928734
417915
726731
117087
19226
37343
1004112
894645
640659
744709
679493
323821
81377
1042423
62643
599847
618899
913984
904181
435034
139186
196610
327123
338713
151163
257787
133801
376981
828358
966
955053
873668
910564
825942
434614
314806
140294
1014534
1505
643005
668738
1041588
8541
121869
928185
965357
4123
879356
654801
938620
869871
523924
1040673
246443
461508
450627
173471
308752
613375
269841
310050
939134
1047764
627666
253418
445674
692860
693611
348375
136694
96188
856237
397852
845356
450985
454096
648978
1024870
958175
484846
487807
277499
48361
436738
315137
90643
76786
1041959
445295
345542
722270
742307
445942
327574
658832
22489
682825
708901
502576
320287
715455
617413
920371
360138
235328
714724
927012
681932
504069
40220
291927
927723
134672
200087
989567
484706
833840
154814
925962
986564
918334
351725
896667
317410
697038
407233
225577
1004272
461228
850240
977234
19452
768862
418961
833872
1012196
687202
872660
215569
457401
228698
336158
744484
861430
616906
19539
834857
928172
684743
966903
472753
475642
462865
482229
176665
687852
881571
334803
725817
945931
715477
124009
273206
649474
601792
212235
517885
20592
606557
78614
308409
774137
962650
639430
324842
405422
782658
628117
872923
470449
888938
110761
277854
171643
794895
400687
936294
308141
181553
884413
911099
406275
893177
228287
10779
440595
509654
468467
53143
727663
244562
25354
477822
847367
102607
593204
128628
90019
905297
873729
283948
204135
1024183
108044
922916
50466
597791
19040
109475
382071
346525
774845
803953
628390
299219
200449
671236
358043
13068
619801
836403
351778
838875
351069
729083
148322
270189
983230
208346
147347
864383
717378
863849
412283
809554
656586
745412
740394
386123
663055
457024
610005
294421
918828
146919
287152
158734
71667
1036575
37986
185130
898885
205357
370323
357749
832784
640685
699881
55799
906414
965890
85191
880345
204313
28919
59061
654423
984605
138567
71577
472218
258398
939390
307223
629045
278314
924439
614241
73582
800112
512317
62303
435217
471791
345974
792017
72206
439500
857011
609779
343811
314643
338631
220345
595717
770427
480748
293283
639997
1020842
913850
627753
269423
300746
213409
82663
791318
249290
1000114
147437
447734
615744
800439
877019
239263
665034
866900
372451
187392
979154
156127
909904
79395
380340
505404
414123
431722
590415
914419
212138
52895
591855
941333
254250
669483
267290
122149
384275
229107
23840
76307
700575
254039
784309
371757
388081
235949
791905
1071
593570
447417
408437
261785
176705
876864
802966
142379
44293
776689
802677
870731
871643
634449
713514
880306
979678
766243
1023600
1007783
508212
607338
353614
627163
834525
276193
244709
957541
324051
758101
66343
93585
912431
504217
418815
646729
892245
664309
713191
438138
3293
637906
373195
288306
890258
621899
140573
999405
343519
810557
237908
591564
668915
169251
376497
456481
242443
146128
150180
289441
730335
610900
1004076
504270
301821
94455
32220
355106
667902
934450
706130
311221
649574
502790
640275
633675
930234
642635
237555
666267
31453
179531
504852
106134
845033
1028961
246254
658626
175877
168045
698071
721506
204003
484186
646470
438558
670317
58479
763284
285045
320883
79833
330
945742
199719
696298
996050
478326
37280
46951
272996
460190
1035875
924528
268924
322373
133808
312415
143214
895678
772002
273094
210891
1042967
617828
995258
697895
462123
454217
677078
289985
283748
841999
187475
333470
154679
720947
909721
320740
1011936
908373
753505
173491
740014
598102
599210
113377
503263
425246
249607
423364
71472
237770
898713
936654
388596
880052
591552
778366
856654
261161
454183
253484
1043687
609135
88938
687305
757814
303292
733042
865620
727903
21166
315749
445053
654775
371930
882953
706255
120213
770930
502301
825092
191059
1021641
273123
134303
38338
847796
1026739
672224
523435
24982
246826
455408
663249
911941
659367
489854
912225
222051
260798
874069
437168
662698
56914
954617
171568
735892
169211
286078
991237
50145
749730
772413
222562
285264
248907
927180
506466
1041782
436549
741958
646342
714608
224784
645930
483927
815105
20247
449559
92011
334855
958073
849749
21255
331951
1043285
750833
441569
10761
127061
777586
304133
430341
497923
980227
996400
195545
652560
425680
836942
760889
344895
124681
118230
455143
894187
127456
807581
967327
202281
863440
128495
672704
8016
1004755
372137
917964
488801
29557
467839
791050
946250
179008
244379
898979
162291
204754
620519
877546
142559
975739
142926
413982
160781
808057
136896
961253
899578
725849
316183
88912
392864
21361
196268
436747
870245
453940
737069
672844
438954
675516
399312
659677
171193
1014050
345381
684629
125900
7057
942780
687786
934322
826158
740592
68176
290810
642643
858547
996975
957427
132475
745263
389079
470605
446446
134578
463959
209710
133520
186835
1024717
484185
216337
723703
220610
268189
139103
453034
380176
773419
509454
70971
640001
982892
620405
519946
766048
768882
596922
11437
1038679
676367
39493
520816
758512
521023
627394
503900
425274
971809
94245
13143
718389
310485
399826
284460
185
194020
841143
305787
346020
352857
369231
252410
753270
987936
983155
764226
107037
513756
681072
264047
945763
208586
854711
465959
418746
616028
250678
151018
182827
162464
883295
463633
408942
302485
487866
903702
309863
1031289
802530
619564
125713
504945
445973
939926
249521
767681
240127
214554
376162
840688
85696
775523
264159
879220
474556
25044
203527
184948
397098
73404
82338
730134
937394
265216
1020057
137850
475726
171957
38243
1002236
18267
745686
682361
874494
287610
272199
135824
334544
210688
454730
413042
649941
507591
263264
655002
857040
155146
743389
768502
916515
459748
306948
388351
803621
698037
1046068
359426
203075
731998
4721
764381
227686
716743
627637
67347
199483
839023
597237
191537
214339
475607
895413
325379
736447
823445
693956
839940
498201
183231
251337
352240
608891
674092
874339
1039546
485111
750575
671681
420309
457475
198378
85468
914807
717790
226838
78177
174837
390891
461991
791148
318096
27645
453941
1002969
967684
277152
707652
708005
799996
464368
260054
499212
307098
327238
254178
685296
214209
972010
646251
956070
423491
259570
883364
310757
81196
881186
196172
1002149
119716
257490
877155
143342
1046523
471518
715497
240097
908810
713063
214007
167973
89835
446501
778869
173161
590525
762486
80786
139372
667593
507728
933139
347499
277238
479487
54949
23982
309883
222223
944534
677439
127136
1024149
1024343
1021456
234111
245555
836621
749366
193600
286551
136820
127188
650918
1011715
975031
799529
648692
332597
498855
720169
803179
936241
486841
393434
344871
89554
305754
831172
217892
119014
1027782
778814
749842
662743
605767
483508
980650
48880
218926
275552
455370
742577
802301
1006854
487361
906326
399714
435900
115884
139286
785897
1001806
761895
31323
804697
104800
265888
841578
619076
238817
352176
242327
775779
357168
647037
500095
54034
767239
718126
614395
611524
631673
149495
39252
740474
646630
664926
991849
108053
941681
408809
141063
872272
502655
305786
315120
781462
301941
23883
833908
703498
309217
848170
139853
137705
704097
997221
615798
246498
380720
271270
401408
985685
314003
79578
647753
703942
601307
946027
960820
373306
897133
105948
903069
961195
372466
349019
596802
398078
827002
456100
801181
145009
770623
774384
519629
787724
21405
135943
125759
501479
110173
442672
666429
463697
766436
981625
514907
277717
605357
713949
771343
14650
74855
900357
97401
38561
261956
226982
85728
358106
848161
417681
385213
805853
1037037
438538
335929
204522
511526
499227
216886
707070
286055
1047905
344357
319473
642309
700336
949599
847625
1006422
210797
512670
1196
701278
1009584
738071
944710
774765
366141
354175
782178
83644
105713
672097
852487
171123
892729
981443
20842
869649
238131
105363
988407
110377
13106
220875
201161
83929
840135
364737
263283
687359
203296
469913
300778
339325
252769
1014324
5899
39885
812263
659893
824351
116715
865770
294731
424266
461657
674479
19755
877635
300870
523337
244894
509456
1032368
910927
510278
489294
12181
374229
1043125
474274
1027684
484063
216300
27661
1048342
1007285
1038993
200897
598418
214892
944486
195053
204044
77747
315990
48598
510874
284077
693687
890417
898508
671066
390636
930564
398941
442605
1004895
915442
20635
41082
849133
422347
65488
336693
450919
815741
309147
510834
378470
393958
204447
197695
807625
765728
927270
1035091
85186
131363
695613
930318
332001
894716
1044965
448961
705532
375646
522860
508411
652491
169076
842659
135767
135077
484111
486860
855078
380457
701733
95359
70935
941055
1030882
330688
905476
128813
984607
622129
158573
169597
659405
1003774
220005
845477
332107
190829
130405
261236
32030
459818
402277
253780
872764
965945
431546
319807
324124
479463
412422
85738
178928
191390
791547
991254
498941
262250
1012498
882220
396474
937028
259421
711375
943193
999173
935521
824426
131396
857367
844637
21807
678869
74843
181844
174768
143433
188189
937183
