177018
455646
436187
197231
332593
958325
174514
154958
828435
758477
1007764
937284
902546
439725
442706
95348
864630
196651
141827
889369
202745
121511
474045
989584
939078
992461
369868
173559
87220
922911
133780
612688
813585
269653
261857
988486
105651
382692
718377
1005500
341074
503925
630434
217450
128473
613919
199227
815625
335435
986825
173755
20124
136401
334923
662932
310353
359232
796462
621262
343191
966290
1029967
652188
766256
371297
481950
1038298
871497
55075
187158
203616
697776
789773
5328
1031431
715316
852593
254880
516190
326649
466255
332742
991904
1007366
223703
179426
950110
395076
189903
638833
647111
61946
7980
1031169
339500
1043554
928310
368745
891988
522526
786926
1003700
442269
736108
617625
18793
472864
378346
325044
896508
939172
294106
40764
813563
591230
637270
781731
470823
661818
602879
7953
692773
488431
720802
329375
890035
228066
424961
872164
129388
291883
236038
665461
859936
246018
302349
89847
159661
982775
509792
9444
9841
149285
214864
326163
77936
59872
641486
325556
818239
446561
1027436
481730
1022437
692485
654028
394950
1029234
389444
771658
854789
966828
877823
332860
421031
259030
673782
837392
467401
97607
880115
749946
102663
922116
889180
891667
854528
713445
786043
631987
417015
601979
646938
358241
127762
749334
906177
450283
592246
487137
113950
395997
175574
607280
596224
41155
419427
57101
656374
222587
665541
845695
37746
345309
674108
171460
853082
786754
766877
252753
320075
86059
213790
950258
154916
654498
1033165
655915
333582
392937
521586
763881
629709
177319
836876
22038
431222
29003
283985
761569
675623
655661
894480
859965
383642
482358
379868
421870
974699
744214
610864
97766
917796
248546
300364
263221
516178
876572
609641
735065
103713
648300
627321
1033997
515795
876017
662478
110122
853842
113530
932479
753247
851401
234719
199028
659419
800349
41934
285199
601068
938956
600676
994252
853974
382326
145094
446763
764861
1025203
445820
1021732
499891
147962
890448
1032299
511679
768285
182082
628340
600943
663023
273238
61262
140142
918693
128218
741603
1009135
1033850
343769
317927
81339
681750
49206
431558
522105
31232
786546
496281
355306
1026861
1019914
9563
378469
484609
157659
500115
435111
443674
841373
436037
844393
997296
127388
228253
1005531
913868
748299
651682
824573
321801
375092
434967
93034
619077
69460
320807
922789
840999
662119
115003
703645
406507
62388
467904
801775
1009483
961963
881119
278176
775786
599349
920620
116423
715584
24926
357220
935363
1010734
499684
806975
602988
670566
425262
180770
375324
881167
125967
1035169
967004
307785
106791
177988
303483
620323
31447
435552
228101
83300
1046219
325342
284639
4735
1015540
410393
659638
972470
209520
908642
794996
899942
765642
668900
881719
894935
663335
639317
484694
142027
916505
142037
997878
1038756
86509
632633
393495
719479
358366
108534
103601
405465
304214
621131
861601
1009210
4673
91049
848058
786081
190956
655603
39447
223988
463312
307758
488910
108523
25011
928211
435523
917167
86947
236468
628083
14785
662754
825786
729719
864836
80901
63088
922320
89232
511996
868438
30381
1006793
859350
462528
931807
685571
652307
1014691
20253
843386
74531
356609
727314
602220
143872
351263
791085
837344
750659
1027918
869564
652735
943734
1008803
996032
419454
611134
732879
106298
28196
883863
662591
631184
1002909
315919
9791
438607
236892
749546
836153
983161
98035
156672
341219
595618
826415
681925
1034535
808790
935523
844241
882605
389805
664049
982047
522194
835382
103850
1036016
807996
201590
1015703
70147
979377
272655
218644
869154
700195
775239
21755
749974
124271
1023712
84589
627470
152622
387502
267959
391517
283702
679694
289524
198250
974921
814882
917853
814394
390918
73337
85586
392199
490538
64478
849918
594487
659877
657693
899730
1033580
1028532
26550
317278
732069
630946
380031
376623
319795
393380
621310
1006679
191723
779578
425981
869041
423571
80559
311193
58077
339201
630316
945634
396057
913708
477747
105818
272237
300415
863726
199018
767722
70511
609598
307025
189533
841564
845661
910826
908197
79387
714418
653875
461820
840684
8507
868669
334745
390644
937117
244627
650286
622361
842799
628330
749081
924379
183122
109423
797898
862188
934116
763285
1007827
66129
225883
869093
472798
322323
388076
424227
521558
786092
471021
8230
223765
995663
715163
1010947
380729
515878
68609
1001163
13685
958234
969026
911735
635802
931650
641951
110795
322367
519934
275979
895441
522075
915429
19164
907033
340022
498209
278512
31481
504699
21553
829354
3527
332388
785831
46267
523813
200606
935269
28356
274522
914693
448220
995410
1005364
1002439
999579
289024
906551
937468
981580
32525
595549
274815
674721
804770
349633
844096
883114
855255
513021
271718
880476
882260
865268
13116
147814
1035722
839326
193809
67855
159694
829169
365209
694601
66974
273777
655508
79037
605651
128349
411042
521178
275878
48967
178111
897022
913645
509149
658302
20793
1024917
385954
130288
359147
502540
662138
443457
273771
192111
448891
671195
840938
848857
638306
1015311
497973
434012
373088
606809
503095
487897
8404
1003347
490049
483363
856213
414025
860287
852457
698944
119814
223969
515488
375872
836447
1032466
237553
519399
355033
289886
523677
497200
439325
771814
156867
699930
814665
10517
345773
674158
668231
920736
353385
926386
508924
40892
679019
32208
633575
113412
353006
928490
316115
152284
935353
956341
778657
243318
1009156
779987
81872
107883
647284
947868
865876
670021
141897
877083
293961
939641
289291
978619
958394
883562
453968
129505
715851
611159
864594
414383
656727
459468
1026617
58739
483949
819012
795125
425956
938219
597698
356954
900989
202339
238772
171724
957450
75543
675733
277198
198649
7751
523515
438278
964051
1011446
673274
268053
372719
1035734
760931
16944
68083
388254
935781
334755
303723
516409
443430
209213
900081
770285
500331
205556
997323
748996
1006058
838527
992442
403977
604973
265497
851792
966003
989115
417569
217070
226902
939692
998097
823759
723751
319477
770670
620924
613823
865058
126570
902801
520523
915222
481233
187280
196769
90303
50293
725095
672587
1012466
829294
218202
956305
89687
65097
87891
628310
826002
433069
514833
629543
1003075
815588
653929
152528
59383
300087
45467
512351
998945
975370
136518
473711
442972
26027
139522
29334
870238
457978
794365
810044
827343
777674
449563
482210
118709
21083
835100
611518
617662
795101
356870
52714
915990
460656
302539
450550
440146
1047821
849593
56474
661456
751458
988710
604483
274411
742419
401099
286757
621935
683013
196292
895977
200548
255681
903038
958106
729298
61585
774239
417234
789554
78898
889090
1023077
331046
407203
700006
957468
663455
110250
829267
975729
203775
471598
663058
119575
899342
136983
652267
371174
960500
974598
173774
981791
257093
218542
963440
661004
902256
761410
273761
660341
1042236
209074
511053
264722
777511
814413
444229
648034
654870
388915
1001979
928959
223794
643600
986047
29564
465215
773409
816993
400981
897133
682676
149102
654253
851239
179244
95936
271599
88987
42203
924879
337502
40971
62117
150837
436626
941569
159853
847701
791630
728445
318815
191038
614525
339712
1037647
431863
217122
956007
151364
1041604
618009
1110
955637
81914
447008
945062
894905
968373
1015283
617713
829766
203579
747094
88580
248871
935185
1000275
613153
851481
650718
245735
663510
608676
227194
234928
401554
130245
13561
329548
643239
155849
956721
206000
111026
636874
377090
358305
769943
1044048
769138
81599
175869
719365
926146
812539
982464
658403
385899
655818
925143
761301
715671
725919
179707
408364
65170
621328
914226
451926
995076
480092
505361
633523
898531
795701
224673
630677
385115
161389
669996
607667
795188
147979
597630
679343
330951
867351
637937
278272
744748
336892
906362
301889
777834
938828
370463
1027503
655520
744341
38215
149219
314393
409278
941139
883248
946148
1015193
111371
301597
393837
385451
28316
261138
655898
925373
1037678
1037039
394857
277302
892975
701018
489068
828849
285220
49859
482218
761151
684112
693316
693843
1043687
445129
523159
374750
970438
713119
348907
892117
202569
822
320087
445759
1012346
104043
20828
504270
430643
1039999
763510
463180
893618
1038816
667329
667426
828398
312355
986826
879551
806816
193609
771825
786658
206337
685919
203899
25559
228985
82286
734754
19153
965745
339415
160268
486367
1004986
449729
126176
1038081
510524
1027383
705957
918038
930994
468260
391116
1022316
233954
228986
184955
285972
606527
286547
920642
28197
95633
891429
207770
474777
893695
1035844
946705
893358
597087
651274
195309
325404
917097
764886
1003063
855164
460757
636310
355148
477555
607349
663850
857803
769914
11696
709677
897558
796980
636192
963854
204210
1028083
96179
407043
423429
275572
381346
353502
424375
999252
591226
299424
699252
1037235
201636
196304
758650
668720
846743
924948
929751
656334
122879
130266
379850
679709
512706
299639
967222
154859
1045059
589972
411453
401872
520853
815348
811057
594041
714100
249943
118995
8714
32383
256412
622112
343420
168630
58347
867663
810967
927253
998236
234345
596759
717504
153301
355824
142701
897216
261729
795356
279773
63190
481903
895806
853341
643066
851264
333498
703669
983036
514892
916555
240902
342345
967072
460753
74908
42902
410269
288441
273060
892907
866595
720027
160769
76114
293269
707245
453666
248294
749419
883636
193983
707333
489175
840925
113401
129502
593142
131174
72658
64301
55998
959394
69870
218107
129733
280898
57606
921661
419168
376057
813790
367815
25138
321273
118489
453246
128703
248863
515101
453601
463964
748193
130620
438523
809831
909116
382887
332522
341667
928211
699935
859757
934779
703585
641574
850981
318541
883153
496143
147725
649205
438471
1037971
667988
803117
365733
409655
1021553
943342
183556
770610
15893
971719
203362
305597
431474
42406
203253
498533
896467
288757
774292
746073
481129
651870
672598
142336
104105
904820
307530
922544
828771
103996
319421
436027
302556
287692
507347
851731
376446
378277
416884
905889
815582
78743
260886
314574
410903
614159
695215
832798
441134
434741
155634
862110
320741
17181
408723
980692
805821
329269
684308
897936
868529
1033737
229151
512435
831767
1009965
193749
471982
400362
76523
599068
593493
907171
706011
784211
457284
237369
62551
602938
116450
909922
216431
460075
20994
728293
938940
890825
514966
21438
522805
609767
171862
986741
678682
954961
877052
158050
467315
676721
446026
695501
516535
859382
461335
629789
94476
4640
264045
53347
154288
123134
68974
312596
973286
326176
19618
700165
798494
259402
305020
647108
771963
269840
364729
441334
153113
472330
137744
371551
909929
385248
744461
68638
125396
523796
446049
31351
239569
990578
1007362
205801
62321
115435
291423
126828
881558
150272
850337
311411
986262
995538
711651
1033648
617366
433918
839100
760957
117274
465682
57013
418765
941730
658960
967708
901083
512219
701429
61549
658084
973598
393545
241233
2883
226415
679315
193766
250986
958454
211573
389523
747031
446382
122426
52463
971073
411543
506819
50464
78805
674605
938193
52765
314783
711086
968479
180234
496785
300579
903979
62532
795070
771027
280416
12793
615702
1039739
667859
985053
50012
506487
942597
1031079
855886
629059
422646
253435
114682
710107
736976
614226
513301
722685
1022623
806613
515234
367575
941210
181068
693658
322358
832860
983478
835385
312826
871727
182017
973987
740429
871803
768487
806558
159255
659261
218874
76692
192251
516423
216173
782320
449497
89706
796930
402418
294190
245090
915050
737916
384366
764192
867449
621861
688042
609897
502256
186954
825865
865281
507393
641686
742693
523290
293872
287162
228806
89908
88337
959081
354171
672586
1033039
478316
26398
838233
471529
947757
306993
42265
124080
186297
44292
1002961
327166
657737
170822
48069
376357
445092
721566
310876
31455
384810
209991
593397
197485
204865
107501
800333
87502
949017
801236
126241
846703
957725
1028078
1032615
5483
217843
758652
970041
704761
851194
190796
334741
484282
438837
62560
651030
777548
978945
271914
792874
170606
990027
908759
487611
796148
1039700
152814
980396
314612
36956
112540
483297
5407
1004661
72879
306997
397223
647551
169552
291104
992380
970564
86350
12655
236570
662821
2467
950213
776041
185691
836451
409536
160930
996698
664898
31347
290668
932605
45346
260053
941124
1035111
238917
745849
347039
713230
600594
1040573
255813
482975
988702
855226
892795
654574
768774
158512
430615
717671
597983
666821
285141
254394
40818
698962
180170
995290
732140
265363
895851
503980
55855
257581
773975
811961
808349
331098
410195
132931
131003
54465
758100
384313
798745
759797
308057
718183
949260
245517
310175
795595
499700
23605
330256
817663
694797
311835
70447
300622
801085
666598
800009
935338
648826
1028215
106065
743989
1044717
687726
785669
330058
449041
178108
892509
1003699
357471
44971
793574
93597
1025311
308395
198067
70308
621314
204304
694581
98067
512039
316506
962662
129889
889315
120188
281086
978080
63333
449580
682322
605276
602877
54068
1029867
873721
162381
929568
909116
930802
868274
614690
894538
990535
954448
255787
774201
19265
269549
216817
983998
433936
444686
1043375
234851
357749
423449
768773
720535
478538
799904
856523
997903
304804
124063
1024711
905828
294753
4009
963623
1022261
934753
214505
1001917
107260
14671
727548
23003
891660
383433
656160
447316
369916
919061
376993
356772
92988
278483
705643
664703
388662
179407
77978
389814
404082
622449
727371
747121
746085
829111
1025567
118246
488450
666473
240315
782866
727467
504395
937169
403990
10869
290369
814618
123397
251333
448784
65257
489118
309806
184913
813850
111613
679738
236875
656688
139308
939506
9123
737686
277926
318114
942621
774867
611313
457931
458059
373600
104863
179255
982579
1009388
849297
435121
1028417
498727
992431
695118
349940
339996
187503
418510
329226
1026653
214270
505360
438768
217077
722507
152084
306848
192400
1117
1025170
94180
729210
64849
868592
729053
1035198
395888
1003042
249233
342282
69939
932293
845107
804572
213525
652661
1032203
749927
55597
697353
366487
210706
268202
124236
317893
827172
581
121941
406703
91322
294800
698675
437738
723981
68757
459434
308418
454321
865006
1014558
405294
737453
966835
656932
265771
798322
340427
724637
816315
922556
866894
286654
22451
14151
315758
631042
1012758
