360221
590690
380020
67253
978278
758863
168287
325401
155868
795826
441437
113572
135524
485846
123409
233901
39542
333018
480529
830167
251302
993823
433690
436176
138342
453527
446931
140414
399692
997319
72801
8909
378560
313833
1008255
1036825
1030058
1045793
901167
594170
141991
782577
591796
606675
837567
173024
789315
965166
458086
671551
928164
813837
943376
983678
891839
841163
169582
1047039
4116
901247
468796
596947
716655
284089
749252
250173
460639
945311
351942
947648
79606
244572
846204
176531
15739
923085
982697
360421
403239
838347
731685
9838
179826
779497
241529
20464
446670
346489
333056
441610
1028377
123333
1001834
191339
245014
946943
830178
485811
148153
818543
28930
501565
58279
309755
106874
461659
189903
416471
218989
674615
615741
347086
367628
687683
631591
835780
967606
203269
634156
475037
672079
256698
1041666
988207
245301
719277
123498
186784
871931
834582
9954
333755
212384
989760
144102
719983
74871
158679
630087
73248
358241
9590
798754
258149
932437
19719
11698
920521
450524
1035012
170927
497069
637590
783250
994237
173033
879933
899894
1025580
45671
1009263
701793
386707
11274
998412
793184
941648
1037332
119415
803668
83367
419756
801610
282861
986157
228389
849188
2003
1014605
1002271
412753
876609
354018
57391
373759
746222
1000779
90877
226649
326145
194173
671067
907118
381073
196626
394413
631394
380236
718623
455024
225228
86969
71214
135905
408153
914883
399657
917077
859997
187249
56880
280537
456278
590115
452544
750128
303331
626757
370151
609769
310319
485219
633168
752767
272812
435673
637922
517318
999323
431554
924919
1312
46828
1048403
474322
473579
131783
449614
253094
891497
1011638
771622
614220
380358
632161
929742
758217
435360
1047020
56566
891340
404797
621550
275858
18153
495653
694218
746329
799988
815763
672755
960999
80226
466940
805247
150532
725470
86719
138500
241972
226038
478209
629836
176370
869347
929904
654771
478240
838907
383897
181979
798463
630305
763103
1043205
638741
367396
889500
478521
131321
748266
956857
205078
466499
95677
673367
752756
769644
604647
695789
792109
947884
935010
114710
293985
652665
906316
25347
184858
125355
731813
115362
995392
891822
373191
327246
58897
392699
981478
449792
697235
926843
775106
149449
912470
872409
730691
97255
1022652
998390
324611
611690
651175
980734
406014
813525
917849
789969
797357
177902
764965
1041652
460475
73474
791505
845253
212211
719230
118206
160203
153124
923503
807802
46743
399940
596773
894325
25635
995058
857267
195066
830692
87601
83155
73399
408314
1034084
882354
275601
305754
104370
1038969
914003
949199
448301
251552
6841
988369
881707
458679
455683
480063
834228
736037
696340
865846
162516
462619
638545
62045
244462
1046244
13155
244530
784793
111905
1026590
438164
115217
970922
919039
1031941
809646
414188
25627
309868
785317
847891
753378
609980
299294
228273
998690
631862
327005
95753
38882
590745
851142
207856
693136
827474
854345
48876
998201
717862
982083
213740
394090
408559
243351
203984
200047
308991
669540
1003276
324825
414427
394192
1047463
982905
470530
984783
333094
668402
333325
719332
790837
356294
1043392
171006
65044
203874
905878
829696
675511
959889
344338
498704
913728
133051
706415
610221
243102
457814
616964
12349
480462
195278
871033
692511
7907
770108
990148
253716
57786
159803
10514
908460
121178
750160
463647
416091
957018
850271
505563
321825
919890
606540
189811
216736
147686
119882
223581
650453
507005
845047
50256
786845
389340
898289
336411
258491
197740
1000909
826891
1010777
514305
177734
847629
170426
355440
596963
759801
619091
392372
182874
504766
766202
88503
1028848
835764
994201
780075
224951
740061
747466
204448
958886
184810
599306
452148
224350
681404
390895
224237
122940
857623
640554
425314
346032
837294
618815
606869
939605
203791
423423
456427
276415
1010398
974269
447977
139946
895290
306150
136196
1125
773483
479677
941147
650612
841682
812035
59362
784967
187479
637586
1001817
193436
807293
614369
840960
107029
284150
763765
994708
947937
69376
182885
66032
1024809
960879
482124
813420
431549
962093
81098
631895
742938
300464
629770
769054
995253
898502
372772
1048557
778271
339291
448034
937440
243188
707991
415387
776642
179765
879429
794407
894908
879975
455974
377326
227758
407408
975741
49614
220827
267081
509
747833
303222
214479
268086
176629
136926
482497
457810
423137
389663
444717
913335
904097
1002956
643069
678903
139827
808573
802173
614057
373471
222138
511207
748875
792330
306708
421379
800062
629743
966916
637808
162735
335216
938698
933385
908977
73876
310499
5898
94363
780189
352764
955492
997147
861913
150867
783377
868705
304275
148060
1029667
254789
835788
640183
802027
678556
87712
513663
424528
276078
252523
675680
591778
713509
782033
497012
106242
146466
590225
106269
780646
338372
683838
810932
459887
67103
413177
939359
140394
114075
819117
32163
615282
742996
601744
28838
481661
1021934
453959
688030
304031
1029158
56242
712383
889879
656025
416206
468598
70807
920508
787029
469355
512076
236964
1723
115052
939974
246567
694014
239959
63751
1026407
340719
332020
4247
1003939
3790
670679
925461
79316
196400
1046108
919344
8155
185434
266958
109335
890556
618016
146079
271922
663333
69660
304183
763401
990499
1004463
872221
150691
393921
635311
612793
354767
137211
865601
608004
108023
221984
62754
152799
955196
1031193
185388
76333
116293
73267
718483
355035
202522
897115
1029814
347115
106035
280502
460367
281536
29486
792998
61746
41961
987629
598966
976224
650147
873242
605565
309062
1008066
766992
785694
161407
937597
115861
607916
818946
431101
618458
741154
234078
455549
810176
972294
818941
1020844
929001
327196
202205
946682
910783
933540
146549
272715
263004
420218
966241
758267
930468
390829
986971
593942
79447
141031
1033408
859828
411603
258778
1009052
335604
453184
253
920320
881018
280062
113118
97473
605215
661771
881625
636624
22988
789662
705185
117011
789533
641841
126165
3294
795045
481626
599670
737407
349797
21985
316831
680871
14774
200277
656053
1044092
74470
631198
815970
199362
1020617
320354
433410
926684
398998
119658
454802
4969
742004
1001086
974503
379138
985641
390294
1000371
143538
798251
944881
850918
81427
187356
763102
621493
913943
970816
772717
959247
808361
43275
22958
1025649
135767
1026516
481621
621460
523577
200698
875902
676906
1005202
233475
1006836
351301
91745
223988
326857
731710
151375
246730
670263
117370
516796
193581
441332
221294
594772
840132
330838
647526
489171
1010005
901323
1002699
461056
124597
681280
57914
879735
652491
307759
380820
764873
373719
632559
444007
976585
790307
439277
711463
662518
622185
769957
1003062
94221
287355
189902
521818
40091
358302
411358
145824
1042203
19969
406677
377154
52798
839916
234747
239908
175947
259707
774935
958995
407277
94965
188481
72752
61695
195511
228349
161743
88959
941680
447570
849246
483371
732590
915281
163789
169364
496036
969654
60087
634045
925284
290548
24770
437007
861216
292842
174374
312885
667332
48555
396277
207852
141296
292452
259104
365140
286473
871625
851942
181979
1003827
644013
276346
970747
269171
1027040
877237
116562
152939
274512
651193
421194
157657
1035286
640271
294812
476256
590796
24468
774095
520606
91109
14075
673593
257402
115874
352839
905556
860750
955408
401731
372390
939815
405452
162831
769305
974576
77590
971482
970353
46406
1023818
607212
914398
633108
49170
114796
159156
509675
684729
176598
837136
8176
397681
388698
97683
442094
732051
205907
805380
498979
29750
329651
664052
40533
459509
791899
769856
436937
692717
702122
989967
739236
205456
652413
647263
225892
328765
272874
269744
823997
510268
52818
983921
308624
867679
657197
441097
16931
676796
791141
320779
209835
1008430
744890
920476
1001737
84252
70158
50462
779858
711287
672485
708981
51875
864118
1022476
664491
700953
904956
96752
96220
775245
841331
410425
31578
449937
646780
857599
604427
812158
72651
611058
51473
78333
175803
868806
791791
988497
496961
657733
137593
185170
879002
108963
184578
903849
10225
117914
154906
898752
976614
1632
299045
990113
1013402
598304
401581
370387
894391
520041
255756
183129
249709
73390
465315
831393
719983
736933
173927
245660
766649
972466
934236
269886
626701
259748
449735
209714
898467
925867
82980
767681
928991
829417
255052
199390
737339
304834
879653
1038950
487836
857347
381291
975063
947522
454093
703447
384057
1041264
351591
982119
711060
704635
1034212
410878
757971
849086
678258
107792
606675
186945
511162
326147
500823
308593
516134
226483
339478
260879
899380
901391
345253
299627
979693
647769
277047
664810
790507
872337
874071
159853
919903
1035953
1001798
936908
358759
60417
209438
1022657
614147
488598
46641
292108
380927
135573
740945
72115
770326
635967
380929
501664
768714
331354
437853
705038
163269
455476
792321
880940
890827
735939
53972
609831
10975
928313
350477
84883
402641
995996
282837
477903
226778
121941
522063
448090
929798
868306
609036
944707
220794
102739
28727
111350
228871
653844
333177
914759
480215
500671
175774
660452
481193
90290
387801
772839
839252
102738
406909
835827
773105
708428
485918
521326
727927
505367
43982
676924
1032862
65698
154163
375415
208797
991917
130194
672348
39705
727727
663970
50754
981366
699450
370434
217306
1032863
730286
107877
184142
481822
735061
648450
30548
123331
138549
260583
78486
983955
1009927
748367
19652
678770
966221
837273
464070
668191
78288
381129
341010
650716
842708
52861
1000945
95846
997823
483858
1002965
892452
1042111
423635
840181
652564
14948
911213
939889
611433
392854
316937
409134
27936
304148
385978
13540
611698
7831
856230
293870
760311
998508
721988
652573
598946
711918
732167
293567
898646
631843
943345
390622
930330
54794
970427
336133
1002517
960043
823326
1039295
783830
470062
607711
987399
777159
788428
277959
169935
77494
339979
97527
752615
600884
793390
617472
44966
27211
655539
902270
775068
1038762
208431
606766
65732
910399
17788
752214
945342
409856
802051
244678
216650
636204
339122
728430
381761
632132
956999
432937
846567
986433
228633
108361
388061
116333
865540
318371
396593
837898
1023149
801222
10073
317072
681706
992419
272754
270994
600561
811370
610845
744535
324923
878041
629306
447851
908052
222819
800065
732175
840515
310589
109154
226487
990381
905274
152085
410163
800025
806699
218414
85740
397990
785522
81450
146334
467795
223194
226512
878431
706942
173233
666608
90285
340450
41156
228630
986821
849211
221546
10777
868310
678205
424944
599919
28737
411910
410
1040141
499703
947660
692962
930201
158331
319754
260426
710355
854484
91616
681649
68108
484254
54886
991866
462942
387031
590082
395747
876727
894190
391965
808720
633678
806139
157260
254986
115205
617081
82418
769854
726571
452883
782234
107161
334605
610571
939435
992955
765967
999936
1001296
841417
3221
435138
474333
726458
4261
469666
672848
338291
73328
969025
156446
944428
221522
877095
55291
855767
307462
891947
146660
783987
54784
960865
89939
934718
347359
900174
836735
642061
780702
590079
124826
949878
209686
177233
651981
860235
997998
817121
169759
905408
1024435
945155
223071
947041
393934
15851
619882
938364
1021663
266578
872706
425683
883203
330935
209443
380866
879106
200663
707551
482175
55974
916442
43692
718550
793275
884652
121804
219991
257203
138597
807088
644675
974354
383511
675494
109129
41211
130802
54249
460185
801211
705173
172844
860099
447358
1047503
385083
835929
881055
685062
224850
621523
469367
162741
982875
655162
87281
81668
1046953
421855
174511
844246
749680
900383
397914
954805
104990
700429
876334
415102
807263
853748
638789
651152
4962
969630
523870
115274
597267
262736
196531
638409
803108
461124
877493
138085
693077
279386
59970
159438
91835
679765
1014706
77782
172316
237991
788148
154217
258773
8915
343705
963309
173514
112027
986689
753492
205771
123993
798542
406496
84428
457623
270659
389044
499169
137668
1008400
264138
12539
430229
900884
945919
459485
916034
686483
748132
929727
244093
143596
104942
812367
924371
769694
388562
614342
258238
139348
446067
238489
639018
600800
832268
936911
781939
415220
144384
606003
905220
950038
97038
392487
316937
506897
316955
225738
276186
369527
315116
987351
132450
1031631
344618
448095
268083
318406
967868
1006206
859459
484081
766693
270876
741092
27175
405982
319955
42702
53744
288612
54068
327677
818501
675177
1027601
227093
643378
636921
273470
712405
737475
345034
802123
467315
722554
719772
739594
218742
801838
1015728
732476
959302
714190
731987
128690
128615
179675
284409
466161
991071
850771
279204
151881
456099
433495
894729
244414
229348
660990
435878
520208
368035
405699
115727
1035343
22822
629265
448854
222845
928733
876652
911024
958734
260731
168091
303716
294823
818734
80807
919081
278131
980043
803703
984366
68354
656156
299903
903679
674998
730935
1040864
597243
958528
769642
991506
306877
108121
718681
379854
1007943
218705
324012
693703
592342
679694
772956
179631
60089
377056
954784
956798
404556
466595
323418
728783
660537
718080
650081
222443
77111
791931
270282
233987
402322
781398
707265
375571
864880
880400
237264
764628
369734
239585
79481
459970
1041922
1025617
359175
126874
91305
511585
644354
659975
262948
47396
255644
982043
106910
649483
693509
1046
843718
145257
79220
758263
213358
408324
340759
410400
244246
192416
189518
849600
413377
483485
785278
709285
880090
736626
414620
324908
925859
464435
143789
68807
777295
738426
667699
836031
139383
520337
713003
290326
855634
291498
615708
435507
990901
304347
452394
843870
438342
687669
214586
749508
803744
220093
489440
463111
1006997
1036652
775193
70581
405348
41161
324916
254916
320608
341088
269229
76615
606650
442881
676049
241075
607809
1031378
17333
139716
859367
261063
88791
133407
391483
746548
9535
875210
369845
173008
146007
28750
505719
313309
111051
692724
207367
163810
146925
325599
1024842
248321
490219
963673
861236
881015
390835
601257
935922
646175
669252
281391
222986
834992
700762
521316
26126
844314
794540
89345
74282
927742
457822
420937
445767
67069
818204
752691
194267
308253
425465
965650
351195
681559
694141
3168
694039
968291
322521
382311
848187
144602
834157
505565
799733
890835
109123
1040482
268159
790770
920213
741570
826451
95549
1030893
484674
844487
260781
