119858
780257
331603
433103
763706
443730
213030
430642
1035050
942198
831164
453238
438773
373747
393139
91827
43316
238006
344095
861511
365131
826490
113166
368095
174007
77233
780107
787972
402914
236109
24985
180576
161657
700796
291007
440786
687119
131579
147242
517719
413930
939181
375769
640057
680164
646426
197834
273370
590179
348193
314033
789511
671044
258087
423327
356464
83509
223639
1000727
193938
751469
994835
136687
151744
75101
380461
650319
397471
695109
95330
26977
144757
799402
173884
459082
635876
784693
724643
329539
224823
1034087
710167
485995
93200
437446
112556
777568
287045
221657
1043682
878262
56002
956275
744365
439841
726875
955806
301565
483335
642876
818230
177052
853779
311873
777379
160077
241100
695751
412980
208476
369697
1005257
53280
336758
808812
376141
256734
19121
1036585
1026991
653621
409185
87260
153037
670491
480709
913125
197555
368070
643685
173289
964548
590559
229302
921450
800715
384863
739151
915222
78261
188705
386491
943509
794368
446539
861793
206178
706142
612094
938396
476524
963733
878510
602112
648654
155536
859841
613815
424446
108124
714683
603190
303855
272953
808686
708114
457134
958371
998635
108259
487149
257705
986198
193911
742032
857205
867365
264547
938351
908178
454544
64799
918763
758636
621104
122586
222761
725248
677059
348864
394533
985551
944018
373723
135418
54323
899391
218036
611773
97862
418212
218140
141151
480589
255845
964335
946962
1028106
944578
498225
378580
65744
3109
898615
340213
790826
708810
171245
1024086
1015103
60850
605881
655807
732225
244887
87457
447936
942117
500208
438498
781178
665427
377456
956789
399221
300893
1028
808669
961542
306778
700532
279485
769772
710081
458231
201717
631341
868567
455878
74765
1045351
205902
460463
852883
1023589
322730
6624
254903
1013482
748359
346476
682390
902969
878411
955084
914811
607007
227089
633135
175410
1007954
110346
842692
997837
668675
140626
670052
2538
328185
1006601
815314
802062
461521
713375
669215
765418
750592
129348
925409
949250
49099
989728
169443
138410
350880
942380
1041211
132340
813409
753639
918505
263174
76119
738013
52835
410845
508410
435725
619422
71638
159444
621456
521005
461534
44750
345856
918099
219875
237323
1032644
134617
60893
807264
621211
86604
981345
998779
238491
610719
906131
609595
451891
949473
758052
134320
368210
410142
407440
198098
834735
431405
704506
108307
272928
955124
260039
971785
835674
702966
627439
606323
651833
981412
1013138
731054
697543
313703
807506
970593
158106
759767
103805
956954
597415
302889
76835
972670
658577
893701
1045050
123325
515019
67335
107184
956990
91801
304800
269913
959568
110207
162503
5812
355873
942170
1021530
315040
644260
141671
382742
506384
134306
273711
311509
869674
55027
882967
906998
496447
268240
832847
259424
215870
160091
90266
855444
377623
794011
708262
988382
503186
80666
940473
839022
482812
445813
400950
748393
1043732
945605
861239
425569
206608
369310
6947
373331
132345
146911
655516
69035
852757
468337
409109
967056
814683
790833
508626
124446
869450
675067
72891
660128
962645
844857
695735
475310
287699
5204
971230
409782
773673
613946
252753
970044
969757
172297
920174
122055
251471
391625
972313
69627
956987
692947
709646
679887
445412
825920
319818
775369
410003
45393
239041
509435
331067
1033651
1026975
267606
10657
438862
852226
1014292
341695
337315
789473
205789
463669
116487
483033
797470
795305
444705
152301
444937
145129
385342
1006665
2405
77227
830865
804580
471521
1036870
838639
1046865
270574
1027702
1041103
323609
988877
742731
417379
933835
441799
183342
259341
753515
459505
630103
220386
1025536
826859
332790
881755
388719
629590
70716
95841
334795
1021433
900199
874876
511569
763261
469827
217628
46906
990380
385374
249058
862502
737132
910293
860369
472875
1032369
772463
681171
472669
799681
408679
966580
729763
246049
408180
50975
687077
848116
825714
774382
676724
314279
1000278
797842
184748
686773
858464
948791
446731
144300
731566
516722
171354
959039
627750
365652
143524
475345
895685
131820
302663
678448
120156
324705
168627
23386
68386
824619
901909
43854
510272
483668
25420
634878
935223
621631
404144
844055
598992
897439
233744
832363
659449
128492
925597
927708
385895
453938
718103
781607
358870
402862
375727
989653
44038
302097
4909
16704
372501
26980
752928
171082
658675
345684
72160
522198
761001
69484
299965
603727
317099
343798
900822
417955
490878
737461
391015
874070
480126
900971
375706
5685
975104
970542
153002
211354
829973
359995
611923
351674
906809
118361
371742
992458
175047
903638
113985
858532
676154
323313
185504
370521
802078
461792
703091
904263
707709
785862
224485
44503
13526
142687
300543
684862
299569
718234
618763
376529
116187
592212
283804
348922
1000371
91802
699956
854626
909165
662247
411143
188895
106932
17823
270953
753655
870034
935748
513861
804497
662475
1022399
267481
498999
81212
258125
383949
1027231
458748
956721
43446
105847
192079
654932
458048
14067
52419
981837
489285
273808
825234
376845
725179
396099
376879
694810
791787
1039653
842921
213739
866814
523020
1037392
762021
763153
109595
840796
221423
727923
921906
906644
668652
210942
968165
147898
353983
350550
218103
687092
813331
519975
632426
630754
959213
883626
244465
937795
260977
400478
453894
592731
445054
360427
454883
348005
827769
51456
766045
960117
1038247
368167
162135
912329
193937
147003
884050
692239
267647
27913
1031828
45856
742410
105722
271279
83555
244340
632343
375201
425257
131031
147479
913925
85541
969819
753055
440225
965894
5994
83660
456233
522210
423007
644017
676444
224805
319853
69938
16099
157988
311290
19476
454133
844533
489221
728819
667604
272754
763419
182201
811236
337500
502772
743257
223633
824365
57034
920238
823537
461940
500225
108804
140846
1039258
328519
324963
782816
782823
108973
707350
126761
962913
1040046
639070
411517
961445
694989
15702
197332
497575
721084
598972
482070
1042223
190940
631323
1037229
831457
681764
319060
775011
747865
850662
504905
773326
656153
186100
423348
740413
890464
7263
431805
683431
1002691
891223
508491
946339
788469
717264
661446
212581
694204
474915
106669
124581
24309
4679
439631
699751
846361
468467
742881
461438
714643
972219
618765
974902
949167
286988
1508
707561
125538
734995
216533
410793
413202
710209
274585
335280
288460
987357
1044668
1006818
947767
764251
1039760
289639
141828
1023582
465927
701411
1040610
966377
924252
111388
758830
881089
777408
899571
620305
7187
1012755
128204
744574
499907
898906
469949
392404
129981
32635
199390
315436
254884
247488
408749
465679
993003
470102
5577
813732
189335
648369
436727
913113
32277
133927
393493
676249
890749
769051
116603
375419
67258
941649
393365
1000289
168461
1010700
849599
447711
209093
24474
277360
124667
112551
679364
118044
706390
597839
266564
97542
704491
379956
720252
760901
111903
639421
830457
322514
646110
62706
406526
281290
312522
602045
470842
410238
949881
374524
385517
15390
910357
602384
228406
268179
1045158
282099
27475
810650
748132
946885
882294
1019947
32085
393017
996977
410090
8247
727995
194992
993249
707449
783551
785724
636173
155948
482000
695365
517122
258855
319791
491108
787381
638629
250692
879718
54736
91740
253026
400403
990838
1032305
161606
126451
813664
882445
847001
502534
1025689
78703
424271
214337
77791
616164
1021503
698033
1043531
372815
1011407
468546
82252
380796
648212
834316
181501
899674
125692
863319
269513
967088
1001113
801030
512580
880564
1045325
859924
156621
120085
512417
771995
211963
901949
247141
1025290
817501
990189
830919
823735
442082
445133
266818
500908
236306
1042834
746879
881101
671780
349695
640918
655933
883609
447247
839097
596839
153578
69787
306943
282545
464210
309118
307719
180437
502581
264970
253657
949875
804097
88481
666962
729062
294214
340022
294606
1039257
39225
929149
305092
656325
219722
775899
291357
906197
50114
113136
704081
248815
398181
175248
404278
380959
328157
223971
145155
189686
904925
62673
798469
479965
837022
109566
455881
294589
922146
319093
398749
120177
204924
627015
802338
780852
835426
872646
1022543
1043453
324908
881612
111887
895866
376723
14005
150437
243707
155101
751193
871438
63984
42755
486002
227314
335632
506718
160611
783892
994396
745034
654879
630687
793918
664868
997115
763477
906515
80684
120045
523479
312300
73541
685313
849051
909070
202147
965497
720386
610489
745330
415425
505327
725049
734154
931373
762301
600479
78923
278609
745308
192953
190453
72155
831969
242083
474016
1023904
5520
133649
855024
480462
774593
912171
802377
461801
250046
408898
327801
325555
994762
957223
846548
68349
801485
244492
161302
1005919
155358
891754
959562
341007
131729
69593
485029
961873
779039
448986
1004708
903729
439735
162651
708097
155947
48453
50979
226390
603890
381188
142228
129575
629411
339931
796431
617465
332114
830805
308405
309566
261167
519360
763885
892977
338507
1022234
499644
718326
717089
902145
19347
217100
785589
839098
849258
332291
911920
979881
763894
750445
414924
400211
654894
45353
63478
378261
813795
729534
826020
670678
155292
433767
523684
1036288
1035114
847041
750909
1031620
814677
381566
1383
895383
470338
334283
489419
890788
17263
683212
946432
314012
356387
666494
1043563
955488
206039
237174
655739
352298
388820
995006
326603
234607
921671
717620
161571
383973
788782
771891
189884
443102
161133
356658
732167
43508
193015
764678
653892
876651
706896
162976
717234
462077
663393
775538
321233
351988
373186
481731
85054
698896
794146
656497
1498
4281
864159
357221
915005
678192
460770
801956
459978
981292
700963
152902
350719
379765
454852
976467
114156
632599
308603
229031
685328
342994
394707
504336
84340
120121
942931
977778
434556
261374
148771
16690
454037
282005
353151
984723
1025510
40906
875897
809744
521447
884477
523755
517670
621587
522598
340977
239334
458263
696814
1003686
158751
341216
935361
236243
57269
672042
599505
764775
323805
680829
999463
997034
210718
894672
876139
790285
80485
889897
158519
967824
289632
612781
660139
670117
814013
465457
974437
79297
9761
917039
283058
256659
355886
470639
60697
266970
794634
643667
259654
683155
55014
49766
806083
963554
906018
350675
257505
978044
245536
758298
1020282
938948
287945
212087
600825
891828
767300
786359
124342
622067
168348
651435
112061
457401
277862
957457
520706
169281
487246
472261
189262
87778
393583
973895
781419
5136
391850
162062
119418
640573
78443
726900
842224
356000
814260
327387
140447
633273
808811
735900
803069
599846
37360
134202
1022391
134447
630754
218659
883733
996797
670771
699705
7481
824483
203345
337374
13910
744803
926421
845322
698363
204629
762705
197330
481874
726230
382827
672527
370461
865530
936859
67056
764381
858591
204695
328924
410262
836981
725289
258778
383568
697786
93235
695411
203235
816121
181758
605509
72148
13383
604560
394397
242754
870041
977391
969146
184855
867985
108224
357572
397851
487003
718547
907094
675477
337553
787011
596300
305850
257235
864738
830357
242524
356091
922116
121722
45426
910398
782498
840976
861684
1489
1003479
308799
42218
919358
168909
169573
235483
843382
834209
628275
183051
517402
916193
359022
349026
173859
50958
738770
24844
118391
771181
36927
455692
601150
254139
847823
43267
328452
696034
172221
686570
842477
786066
376599
1001793
342861
709919
122481
204700
838801
743698
398092
391129
416165
274682
738418
62481
473673
238550
139494
88988
816918
905216
503906
936661
457068
752035
408782
375376
499250
907779
391861
376630
350183
771307
513633
488822
56645
387654
117620
959341
278889
854624
464302
107809
10058
606565
322005
758161
1022426
514773
253533
192612
710253
234700
290451
987559
712746
203829
728339
208356
884589
133991
383722
872106
912323
96015
319632
82643
704918
744868
938966
661027
368532
177206
806157
901712
705267
1041359
294419
882187
717121
373674
900619
96783
302485
6625
812496
738639
123890
312897
344321
955915
250662
726534
423587
763105
112035
74164
855712
847568
969454
652292
711801
697109
192758
90066
1036260
590179
387744
591172
910592
749153
335663
217594
735199
1033074
931498
720438
739042
982016
864708
9629
11807
190353
935456
159234
488046
495920
289983
57113
174621
905503
935379
236207
699069
924921
277044
775603
38187
748891
450086
616225
771753
59083
12092
910293
491310
666276
832532
702245
391706
487658
241453
217106
701220
214447
651302
122130
291487
504487
963627
765526
481643
832560
416773
425114
289882
9313
971993
765286
318379
865294
250060
840209
824367
3859
236218
486518
600758
787568
701023
828637
1045109
57292
998686
943306
772674
996642
660997
456542
949419
725845
859440
851139
389168
184276
769223
1020228
148684
194900
807627
503276
58323
1039637
892869
111711
294082
197742
712471
628537
439154
25339
285787
519322
732654
709999
1012349
1047332
141899
241072
987894
389444
747265
370157
1014354
192537
642499
446653
105485
928467
62891
1020027
235182
123748
309575
934371
973137
400111
872718
642854
64743
39455
664027
130858
320233
765801
30993
999639
226927
74745
174636
463629
255996
834989
314467
383396
439828
775259
459378
41907
865061
817846
774404
53475
986625
345788
430380
247493
642608
325026
476271
713027
774191
472572
740068
909084
176757
258932
64337
381245
761940
425126
154817
398572
763156
463769
130227
234220
919307
1044726
435498
366483
78971
992018
11325
817923
955093
57623
136722
872858
899342
104226
1046037
413413
927662
499219
766487
869745
181290
398772
241558
225350
872880
365644
633137
658076
203273
273216
422445
591609
20738
201084
711065
452592
698102
53078
237671
844880
664327
1033234
880423
139715
728740
676016
1047488
615839
323482
394467
847742
966566
923966
1029968
778755
178787
723716
150266
64490
350768
209647
813430
629497
435236
445217
77043
986210
455236
668180
87313
970139
932937
653132
988577
253284
1022272
12347
771539
741759
590384
132986
609194
79662
730047
915262
744711
948146
806527
451081
226142
1022611
127831
630950
917710
445404
472635
613296
395804
742095
748293
455985
618160
808882
473979
738410
598419
1043662
720140
241580
491095
975223
141915
317302
737438
54416
703403
718042
910357
197477
792134
328381
316252
267434
502730
475913
812619
706487
934390
505727
607216
772753
110064
92711
789326
945523
173882
465818
129495
404143
342308
193110
840482
724384
214363
