-33408
39514
52255
26137
45715
-18090
-13384
-24477
-20942
49806
28671
18515
30583
-15501
-4226
-28104
55558
-5288
15790
17571
-42594
-31939
41461
51898
32936
-30930
18312
24102
15440
10535
30728
21994
-49257
-12873
-18387
-43440
21001
-26674
-22258
-43631
-453
7584
-20798
-15162
-15044
17557
-7168
13784
1293
-42666
46935
14065
48062
42965
-2339
16553
19824
-8066
907
-1989
-41238
21046
-25274
-1472
39710
-35385
651
3081
-8701
-36017
26504
-16362
44143
-12918
-25693
-16288
-13795
35644
1119
-56082
-33355
-17158
1509
-18360
7638
-26035
-20529
25424
13711
-43830
-3973
-1152
25964
-4857
1783
-31479
33573
1060
16028
-13777
-29576
5249
-13552
14183
8002
7012
-14986
2095
20916
-11397
-11805
-13795
17861
-10238
-11163
4740
-28998
39569
13784
-4176
30177
-34044
-6569
-36541
29724
3743
-16165
54189
5006
-35246
-21182
-33002
30186
7828
-7511
11408
982
6398
3246
40969
-31115
-34058
11635
455
-11700
-23569
-46565
-11273
14509
51320
-9125
-288
-17119
7272
14443
24927
-31954
33971
-4949
1262
3027
3895
24298
-30738
7011
56770
-18480
28914
-10584
49686
-37196
27832
29504
18922
-57347
17188
7413
-14352
17233
39755
35666
22299
-23342
-11780
24474
-7471
4937
-8914
-4368
-32992
35004
36505
-3001
25396
-2061
-15228
-8859
-22827
-6373
-27760
27284
6350
-38276
6477
-2772
-3422
-37819
5557
54705
12499
31204
2885
6155
-3011
-9450
-13751
-29492
-39
-19748
37819
-9692
-31607
637
36672
26386
-6735
-16901
42176
33845
15648
6795
3904
32405
-23895
6003
-43754
30740
18715
15674
14987
35431
-28152
4436
-6679
5741
28558
25168
-43481
35436
18158
-9201
3707
42288
23695
-34810
-6925
-2892
5155
-4999
18976
15914
17066
31175
7259
-27864
27412
5228
-19543
-45279
-6947
26852
10478
-43215
27861
-15082
39
-12277
15079
29678
7778
-12995
36583
51488
-4041
-54307
-7293
-3067
27129
-23205
11942
-8138
37895
-17991
-28087
20057
-6163
-46675
-28586
7598
17597
-35380
-35424
42512
-18980
-7635
-33505
-14738
-26740
28516
7285
-17619
14229
-50773
30927
27891
-13776
35315
39552
29242
47196
-8125
-5341
-5339
14063
-39175
-4964
43884
-1963
3565
-5013
-5230
-2269
-15255
-23579
-18641
39454
-30857
917
-40387
-7868
35002
-4768
-19610
-32544
-10933
-50389
8854
-26189
37743
-20439
29326
-20898
-8292
-41578
-1996
-37310
-9063
-23939
-31986
-11746
-7719
8271
-40332
35044
19051
9866
-21872
-42041
41457
5659
4820
6047
23592
-56563
36259
-25804
-23982
-6518
-2228
-8214
31761
22530
-5788
17420
1510
-14624
36231
8521
-8998
-6743
-30192
1646
18641
27336
-14257
-23538
9812
16847
-1532
21718
12002
-37701
-2964
36373
-9805
-36575
-115
10659
28369
20541
-7774
-9844
24658
-33431
24869
-51085
26917
30481
-24363
-16822
22570
3575
15547
17886
-37776
-4182
54017
26957
2599
-28633
-21681
-7202
36693
-26734
-8018
30095
16373
11448
-52229
1360
-54680
-17103
23788
-44866
32249
-14962
-25956
-9264
-12579
8806
-32900
12849
12279
22294
18233
41720
-25767
42114
-4020
-3334
-22446
-5446
-46469
4885
25984
-24930
-27598
-15491
7772
-14120
-43996
-4163
-4304
16057
-3849
27890
-19763
-23123
-27909
41718
-45208
7474
24687
26359
9474
20666
799
46866
4399
-41946
-30855
12199
-15879
46844
7273
-14733
-41708
-22870
5368
-6754
12927
-44543
-12590
22022
-45898
-6172
37592
-47805
-8253
15126
15337
30708
-23734
-23372
-35805
29017
-2574
-3458
26595
-45598
9264
-2078
35696
11411
17791
-8743
17021
27193
38044
-54635
5517
19838
-29862
7288
-2794
-38163
-18892
-28307
-9473
6454
-17725
30970
-8368
-39463
-30803
1793
-42785
5219
-12679
31445
-13412
-3206
2332
21429
-4605
10297
26988
15896
-38462
-17180
25605
23896
41956
-16051
-19354
-27376
-26777
7242
13606
1759
20516
7662
-5
35981
-4170
-20783
38741
-9578
6991
4991
10507
-17887
-7852
-37231
10017
12862
33402
59719
-18691
-14377
-38372
31266
21539
19909
-35536
-2746
-22646
5180
27230
-800
13667
53934
50487
22091
2506
-636
-12338
-26247
-24034
-7457
584
-21883
-5648
-27683
10451
14709
-15487
-57185
36825
6453
-10957
42136
-17858
-9494
8377
-5090
-550
9983
-15344
5507
3948
-44105
-26018
-35262
8603
-15605
-9991
11482
10692
-46783
-27900
32875
-27805
29355
51468
15937
30122
20607
-19898
-24607
21097
-261
-11974
13938
15958
4554
-28716
-14034
17788
-7016
34112
10315
7182
241
42680
-4818
26632
-15108
16740
39192
-9233
5368
-1845
2171
22172
11622
150
9875
-14297
-35571
-13236
-22922
-3901
12621
45320
-30901
-7632
50625
48658
-29148
-18261
-22719
18871
46638
-33208
55990
29316
53195
-1655
26769
-17453
-25530
17396
26167
-12365
37521
-15112
7534
3426
53373
-30349
-31605
-18553
6547
-4613
21778
-57746
-25662
-27450
-16550
1865
-31123
-13374
18043
-1021
19272
43771
-29428
-29581
10262
-13130
33220
40170
13065
31240
5121
-27095
-29554
-30545
-40759
125
17717
36934
-1325
6421
52155
51179
-21590
-23948
-31360
39180
-30688
-17162
-28630
-23713
3896
-6868
2567
-20766
-14123
20503
-15191
1097
-25014
-14883
-47792
31623
19259
-20544
-7486
-18141
12152
31320
15901
-54683
-42436
-27558
4949
-48655
-1529
4185
-10572
39371
-35874
9997
-34452
23658
-21108
4601
-16938
12115
-29707
-3435
-5088
3160
9774
9672
4734
13922
-23836
-16566
-16992
-4174
16703
9483
-28245
11013
-9109
20239
54332
-38667
41871
-9270
-29948
-51041
-11782
-5956
24094
-6737
15389
-39923
-41363
-5147
3933
20247
-31293
27205
-3278
-18975
-687
-13085
-54
-2751
3786
13820
-8365
9917
25385
14547
-12320
-12379
-37838
7913
-18636
-7238
-2057
-5001
41302
8785
18674
4889
-6970
-35233
15576
18802
22280
23396
-10746
75
28318
38504
9167
-20490
11108
-47401
38889
-25001
1633
24344
-41389
-4158
-4664
50441
2434
-505
46434
16404
-34368
6029
40539
-43288
15704
-47633
-842
3527
32474
-3132
-44840
-4973
13961
-47771
-15364
-40769
-6674
-5561
14648
28999
51067
-52702
7199
-47733
8106
10938
-33629
-33663
-2774
-25648
-8878
58
17756
-16663
-2817
28817
-7912
40991
8773
-41712
-2816
10610
-17551
-17970
34593
-1484
6914
12357
-21402
-27137
-8147
-29401
8046
-12007
266
-24792
-4503
5354
43931
42820
52982
-19273
-3811
14295
-26855
17931
34068
-526
6345
40021
-26591
-11853
5567
4511
-6192
56664
26360
-1817
-24715
24039
140
23740
-5469
3262
32215
42937
5050
27587
-19908
16711
-22421
-16394
-31929
9208
38620
2052
1924
9585
24759
26334
-36108
-28841
-5504
28233
-10274
-8052
5745
44265
123
44678
44759
-49759
-27635
-12406
43882
4390
-19386
38515
-21641
-2205
16458
20172
-25755
37924
12093
11444
-1090
-4923
12408
-32176
13572
35584
8960
26946
-45795
13131
-18727
-16223
3153
-33308
-37126
-29529
-53334
36160
-33853
-25338
-25251
-29128
-2506
43097
18715
29974
-37340
2096
-41823
-16398
376
-36160
405
6695
-8254
9777
35409
28252
32184
-28819
27043
-20411
-18380
-14705
-13564
54139
-10168
39255
39610
-39888
4541
10858
4715
-33878
-15351
-20063
20142
20272
-35968
50111
-52440
25863
4390
44847
-46488
18964
-27702
-18252
19818
15382
27056
49696
-54563
-1420
-6315
-36097
-5321
-22268
-22585
-19205
-41801
6968
39266
-91
3780
-5322
-6556
1455
-15977
1344
15339
-42010
2389
-4463
17829
-5319
13221
11224
13980
57608
43575
43581
45740
11698
37693
-30033
13358
25025
51101
33848
-9699
19457
-27575
5380
-1248
26587
-363
-14827
1532
-4057
-50193
16108
-16710
-8058
41023
17917
-10825
4043
4711
16110
-6726
-8432
-12847
2352
-4525
-26438
-9041
22817
-16297
-32875
-6426
34008
-40046
38566
-16432
46867
-4652
-33972
-14727
-7689
42027
-8229
-13173
59929
-31965
7468
-48307
-2503
-7863
124
38955
-30097
22761
-23417
-20659
-40703
46841
-8261
9685
-28787
-30777
10589
2320
-5606
4316
-20617
-3825
22157
-53726
-16926
-37383
-35586
33662
-15473
-25657
-8805
22300
21460
14929
-25952
-3350
20080
16246
-7267
-26321
22153
-7641
405
-10582
1786
34144
10268
43806
-36631
8768
4806
1746
50161
32392
-1615
-15819
-44902
13302
-34065
-10434
-5537
42621
-3696
-14061
-21487
-11455
-30221
-22274
31806
-24018
19165
7576
-9544
58271
-37241
-39097
47481
-3086
-10829
-28912
37384
-415
3046
-37612
-10672
1979
26364
-46579
14034
49945
27446
12153
3998
44936
6248
6841
10101
-53135
-32354
-13693
-8035
-10536
35427
-33782
-50242
-38875
-1917
-3195
24408
-47626
22281
41223
-37265
53658
6063
-30935
47354
37653
34507
33010
26167
-26741
-36713
5689
26877
-25875
531
3859
-14040
-11806
-14234
-3843
-50522
-7625
-45117
22118
26201
-48120
14801
20589
-2397
-16067
-18045
5342
17517
-44049
-18725
33760
2508
-19868
19841
-4884
39490
4544
42785
-4353
-14532
6404
-13251
-44798
25505
-36550
24819
-9812
-1761
-11484
18344
26307
-19604
17207
15526
-7251
29427
-25317
17426
51258
27164
-21342
17705
11506
-16346
-31593
-44321
-18655
-3419
50920
-20668
7852
36319
-13628
-36323
8934
43259
-24179
11861
-38012
-25317
29298
47330
20439
-5602
4209
40050
-431
-29322
-16069
-16103
49261
2051
-33961
-24295
26277
-10152
-863
-17946
-29783
24015
10350
33014
33675
7115
12703
33309
-43799
-5588
-1584
3841
-8102
-30040
26424
-47422
-37043
-13861
32277
14139
-1827
-1634
-39482
-46937
-9589
-527
-20612
45274
-24165
-6641
-29939
-13174
-8930
-15058
-24560
25631
-20405
-44291
-8630
-24616
1612
27029
4853
-12742
-36946
-168
37945
-14922
-21537
-17491
-26089
-21372
-39886
-10777
-4346
-2131
41484
7423
29957
-41691
-8342
-8858
4607
10904
39139
22880
17323
43829
-18923
40028
36648
-3165
6770
27211
-43225
4112
34794
-16807
-9749
-707
-1046
-17182
23432
-6364
-26992
-10953
37248
-21897
13917
2122
36620
-26383
20715
-19115
-10751
-19063
-15667
16536
14330
24630
-1565
-23801
26848
6371
-27977
1812
3997
13921
1131
24446
-25213
-34956
5307
-10340
8590
-7052
35880
-56541
765
-33964
29639
-3541
30935
-23489
40706
24317
-3262
54355
30500
4216
52029
-38893
17138
-10793
-10540
-2601
28689
24498
6745
-52185
-9331
-3540
1321
3833
11742
-26746
34297
-16447
4208
-25416
-42911
-10880
-24573
41097
35690
5270
-31483
-3946
30626
-12321
7981
14615
-731
-5842
9849
-312
-20299
28187
224
18998
-28857
-17119
-1209
-9314
716
-37947
-8276
-106
19518
44567
16746
20331
-31249
14415
22294
-1089
-44807
-8179
29791
21276
-1288
-39525
5093
-4423
43196
-3958
-41370
-17002
18764
1134
-6676
17136
-44523
-22772
-52935
-34557
9794
15204
27031
26775
40650
4604
14404
36770
16735
29193
25121
-21187
13754
-12476
13937
7586
23948
-33220
3029
2065
-31361
-29700
-44183
-8434
-10876
-1048
-35757
35416
-42255
8895
7481
28458
19371
44515
-26182
-12046
-32074
-15809
10610
3545
-25519
-18724
508
-25544
3968
17382
-20178
-9492
22831
-2639
38483
-56647
2818
18859
-15556
13980
-27289
23436
14203
26252
16324
-2905
9838
-1668
-38018
25033
-13832
7132
-42697
-12470
-27926
14152
8107
-3374
4846
-32695
-21624
23721
-20222
-4010
21373
-22681
-25005
-27296
-7902
-132
22140
-4283
15002
-14937
9829
-38488
14150
13126
42844
-8025
-8846
-38654
-10102
-19899
-12738
28680
-14100
-11668
3745
620
-37399
20716
11978
13591
-52770
14139
-8302
-20838
-12862
8489
-32152
3938
10378
-299
-29520
45657
-8242
12506
73
2532
-41473
4010
-8523
19295
27892
-8643
27662
-53734
-1149
39537
10393
-25002
543
-8109
31137
-2302
-45846
-553
20497
25546
29791
-21698
18915
16638
-5164
19457
-36899
33934
-27604
41733
-29082
-42800
27645
-13825
-4209
46081
13628
7606
-24764
25711
16626
-25798
-32647
-30862
-28240
23180
-3608
15030
-45196
-48538
-18240
-563
18595
-15166
14680
-19451
-34437
-39174
-5588
22381
-27356
-41997
-20160
-36930
-17163
-4449
54855
980
37
-30957
-12289
-427
-16169
9015
-25911
15848
15861
-28994
29651
19465
9836
-5858
-25437
-19774
5975
7254
-267
7140
20099
22719
-16227
-24587
-24943
23038
-44662
3842
-54090
6767
44090
-17319
-4739
18588
19306
-11717
-37433
15577
12214
-18637
-12213
-27963
38200
-1960
30385
-11875
-57950
17990
-40603
-10002
10938
35233
-39899
-11170
-7780
-10275
-29123
-4790
22720
-13380
14024
-8717
3372
35561
40570
-24873
-48792
9440
-12896
18622
-31462
-21867
5954
-20308
31305
-35549
20413
-14533
56982
-3902
-9476
-42743
5357
16166
46729
38096
14584
7644
-14834
-25601
-10098
-12717
18551
29017
-2815
1050
23292
6802
3166
-54953
-7094
-7086
-17863
-21135
19959
-8518
-17105
-3777
-31767
12966
-6757
2121
-27458
39630
-21455
-36101
-7657
-42138
33881
16746
7155
-17682
-31762
48878
24890
15190
9182
-40362
-1428
-6933
-34012
27918
-24220
22684
30382
-12238
249
8962
-13373
39336
-12464
17504
33675
25913
-42827
14342
-30180
-5031
-11351
16098
-48804
-18843
-38683
2277
-4514
1409
6448
-9069
27164
19578
20389
2972
-36449
22327
9694
-13608
16425
734
7475
-48282
15882
42027
4219
18386
9407
-1212
2746
-54491
-30173
23312
3634
-1933
17096
-9418
15305
46853
20338
39781
-38728
-3998
6198
9479
-6191
-14260
-28646
51283
9583
-5559
-15760
-13378
6743
-13505
-717
45442
10793
22772
1579
-33181
20616
-10050
-19024
-35906
18602
33599
9065
16501
12878
-30688
25672
577
26661
-19711
28978
58661
23082
-55988
710
6511
-5956
3669
-18460
-34755
-4310
-2558
-25531
8626
-14105
-24390
-34890
4791
-2047
31621
1492
10077
-1100
-13712
43359
-8249
-4869
-11631
-6332
32885
33655
22157
-34576
-35700
-1941
-8493
42310
14586
21489
-23716
-24441
8610
8036
23539
-8367
-42227
-13865
5003
24920
30852
-5030
37264
