15793664
1239730
1335375
405937
1250211
843046
913392
656067
782818
1321902
2031631
285371
472831
792291
986870
594416
1393694
1044144
321110
375771
16605134
15734261
1187685
1430514
1049552
642518
380432
454750
221856
155103
2048016
340202
16578111
819199
737773
16691488
331793
15814446
777262
16590369
61707
196160
783106
801566
802292
375357
925696
307376
15405
16696614
1357119
314593
1371918
1294525
996173
269265
392928
918262
11795
999691
16708434
430590
720134
1003776
1233998
16727839
4627
122897
978947
16717103
2084368
786854
1309423
917010
15822787
787136
905677
1070348
8527
16497902
15787621
845042
12509
737552
98110
708885
721071
398624
212527
16694034
989707
60928
409324
1041439
111871
15744017
1054173
106564
265140
807023
15852272
74241
906272
308959
193818
192220
796414
121327
335868
962291
856259
806965
278301
868378
860893
70172
652274
1135521
212784
987104
1097537
15782916
930111
16712963
2039884
127951
793779
1388525
71214
15780514
779522
15791166
2044114
193084
1027025
156192
8358
82958
123502
1179665
15741693
16739558
261859
7967
856364
15868143
16633907
860415
220117
1327856
975179
62272
844865
195280
311635
394575
15734254
1063907
1047531
107758
123043
69119
1969386
15748950
186051
1507098
839456
2038626
963536
1314878
16774140
418800
2036992
282834
16384013
267716
195837
806752
372001
1240747
1174842
439347
768802
954380
396850
922401
70929
878062
986336
15791168
1065740
1116721
991519
404988
49379
801284
976221
772925
1035315
15805984
2085412
82710
16667148
188077
992748
43994
16775837
81917
1490913
197411
2052292
21789
81939
991733
977982
905873
15858452
177
830644
1126155
970820
15737361
109301
1176832
2083874
933857
851827
1286912
1056869
327104
191019
68864
1110973
764881
79611
16688166
1098172
286131
222706
322067
1167711
593936
73380
933713
176877
2035630
397600
16592991
1069780
275286
974895
127731
1195488
352815
15777798
1031395
992228
74203
1040753
283072
323666
273362
1105695
90803
15805520
2092476
74092
726609
16583745
932661
410820
252758
16600545
418621
801854
95
852011
322399
1093486
133850
916749
1176799
1426496
983551
16507085
1027587
40989
2085105
15875379
199262
918014
1122335
843761
692497
389809
1032429
16539629
590142
196590
271117
15771436
15777728
1290272
737100
1020397
15793231
897750
708524
462532
189181
847341
314941
16572395
2048815
2095971
807392
1069283
1135104
463114
1261876
923907
1037403
1043909
216303
16659697
1040948
1201876
999717
130925
942443
946106
996419
893265
663749
740847
1232974
642815
11813
16650509
918788
1170418
943808
726750
15736000
861459
16569427
142270
712699
1224431
720977
463406
782670
921524
16606758
999524
16714010
981937
15864565
15739950
856142
1023793
131375
16657124
1170628
282963
143890
774688
16707359
1183969
176179
70436
85967
450640
16395693
1179203
15816188
659746
1034770
52524
917714
483361
442370
1039684
270356
12486
799552
1179167
138513
975666
927313
15847456
117486
285473
2091792
901423
663598
242364
270127
1003524
337086
199874
16776179
47828
1175589
876515
16719297
4013
155203
2034849
328181
925658
974380
393506
15793489
1973725
16466275
411101
1101217
662333
848146
350674
28927
221963
274638
16769376
987114
1387521
2088621
119263
15794271
683311
929590
1117477
708514
918102
2047919
262397
260720
16556043
15648
16503120
845281
457580
16581390
1110257
900630
715340
975008
914253
240326
15732236
201185
196863
347582
282097
1191152
716081
1188354
983340
994314
15876386
1043442
16542219
70717
409088
717366
15802850
896525
192844
901936
16588868
987125
986208
265201
984319
2090234
725781
671701
15799539
1185022
16643408
189946
400111
2077951
146842
334602
11343
1362978
67055
16703582
15742705
200671
790769
1356812
90833
897379
16704572
668266
81136
933838
207375
16584705
815906
339998
16540262
937796
1119024
16524547
921347
316478
323409
2048228
660754
670716
15770051
2039089
45306
987662
409795
16645978
139744
999642
1174880
260667
271887
982833
266997
414193
1123252
16503357
75285
392950
15750834
195312
42430
16771949
733692
15795541
873487
83430
846595
1105138
920864
16760625
15847381
117761
16603983
80603
854769
2053309
913356
995058
17484
438245
1044483
147953
2088276
324016
16670490
850780
401437
458416
1188060
787733
729822
697376
15813983
90386
212446
117583
328156
192726
11
1171989
987134
783137
1232189
977854
185647
71183
246803
839745
1023268
16773665
248897
200974
1053426
1459487
832757
803007
16667060
1102274
336323
392965
15770720
998686
767506
172300
2085198
58176
310979
1381358
1320447
2011411
24338
65028
915222
706289
659918
922831
4368
676381
938208
15806261
148259
318821
896513
16384975
1118001
83453
861691
1188400
840182
971602
132081
1040438
61618
144399
794656
75267
128748
16592895
708942
16724226
138827
896043
974065
254770
253724
16637185
15799324
1049299
15806171
1092203
1334700
323841
1097298
328207
725254
659265
332497
3315
859634
209250
324286
73490
593724
810478
272116
926256
1064192
246035
188462
7009
1297392
1048046
410000
795892
269660
1138096
978799
173296
1000235
16907
340532
255686
7102
143907
901215
16720941
909588
772838
989979
204077
1246224
15840531
922080
1326849
1372194
651716
738283
15873281
286719
1264110
15790352
1403902
463388
1380115
1007121
410145
745659
712990
270588
406015
856035
1118753
801648
195926
130778
1377013
15845091
15842219
734751
89659
1044491
343098
16445782
15822594
15809310
849226
19729
15846125
913178
275187
57371
290064
1201395
15754668
15858403
245822
916478
1154820
1139538
201745
1101840
73729
15806545
15858222
639983
16653457
525
376317
1114398
54051
83389
1339147
1327315
683602
659812
15744512
1229844
15843776
850790
15794258
667343
128496
1031660
20511
723778
908477
327743
795217
106769
717074
796469
16623264
1109535
382219
724736
1026818
744515
259824
1102128
324045
16509661
16699892
703178
71357
16519393
53279
66225
969724
1134763
16723790
150573
16729836
457450
785940
69873
848062
199995
15753445
987709
942144
129712
242134
147216
70158
314074
764764
849170
747072
987106
269583
244755
597971
158749
975571
330799
1384564
16762085
1191471
978730
644100
16565199
856074
934900
455118
1031791
319949
16654357
16707925
1040581
68941
390591
15744795
413957
988642
737089
65185
916699
3858
998657
127786
208908
920867
144141
398801
213795
852160
915013
16769506
134353
832612
923634
999679
1047295
1187134
135457
384226
71089
1024774
16724303
320304
384738
445456
2027228
962590
275
461390
1225424
143151
724838
159452
16632639
1134417
717119
19137
396720
16609595
986882
1048336
1319953
116226
61471
1359554
262588
16736000
79405
1241395
16594128
327344
16629615
58342
127135
1051442
995076
16581424
1047099
307729
16629469
892940
16646927
930030
1036575
312816
2032927
1324555
16453698
188495
16629267
194154
257010
15786563
15792641
998506
15822624
877882
498
376500
789713
992271
2032545
918960
1179727
233757
16606624
998400
149242
847585
745262
1166785
1004028
87066
196893
778974
700431
917973
15853023
134894
859569
1066
15862864
1044817
179410
1300019
1193244
1379558
834559
990285
315199
15814065
372755
1156132
61690
82705
1237285
15810625
859747
81679
73679
1036064
1506992
412912
56159
15863549
2027743
556
457716
938587
25358
1113919
1200113
77810
2092803
725492
263455
15876843
786686
15740191
139504
1231692
114716
19996
141025
1966719
406326
15772924
593599
1036800
2093329
970550
918444
176865
1309521
6667
1307166
1248447
16482241
696365
914962
1208042
66630
729374
1127139
775935
52547
262418
291604
716509
1122756
161269
261092
1011702
1041157
197360
15733024
205828
1168384
136192
2082050
16645581
208147
838449
787009
123169
15790300
16774154
15858271
16453610
1178880
16740123
15924254
15820469
651760
45542
1294641
279603
2041254
16773188
16864
16710593
790370
7920
16722688
8101
86111
921346
242145
1069345
520524
1114096
15856981
2088515
721157
737380
897967
912412
1388275
966928
1137983
1233674
16654432
73717
256722
70379
15790034
801169
728641
291798
330848
16723456
1421071
16460880
2073631
72798
1248751
16640720
282660
15806250
738276
392914
319934
2088928
1315264
16503629
1004284
1035581
16716815
1043967
771484
675615
828659
16710655
87536
1230530
4061
127772
1043966
1028444
114671
794559
113920
319699
16703686
122557
986017
278493
1037809
307141
153392
216012
1448976
1298943
1298701
1250284
262114
1224181
15848431
204886
401153
1331149
1057264
970805
286721
696593
173060
54336
407347
62013
897085
12532
983135
16572655
324436
789490
918022
1179919
274445
966271
65707
76511
324846
933642
881696
917281
17504
985763
15811186
981999
345153
787135
15732261
931014
1156272
16651834
1127006
790304
1356859
1048356
15789356
799473
925567
1188307
917707
916395
1462321
15740355
196076
16625325
995825
924945
6668
1228883
15854319
345297
664095
783661
16653313
1357041
921355
143549
15857173
15748895
253261
23968
938418
72908
724735
990255
438805
16511042
848090
16773361
16727286
1060366
896559
710431
982963
445516
333628
315681
709568
994514
389856
265982
1027661
712175
340881
921695
1597
864874
111858
1162944
147892
1201230
16712913
135424
70430
111394
1319137
2060816
57313
790629
16581578
303334
15783151
969998
1037007
1192461
991136
810403
778657
961793
15753059
678926
1106190
659926
387917
196528
971376
1453647
16773663
16758047
1269489
991482
966651
592928
1118224
62145
123102
16776636
864544
20235
406540
16535573
314554
1316273
421374
200433
69582
1249168
82640
87025
249597
16449889
15835086
807427
918477
865072
1174235
15786410
16478198
16760925
55835
988677
396592
16527614
341009
1180703
16714479
1384370
85999
15742033
1361138
1125821
1067819
1055994
2077183
15814163
16712255
78321
417013
15815893
102435
68643
908368
954586
901470
984309
16568926
922111
16584475
340318
2076977
16523280
315553
328045
996315
787725
837123
172878
271085
16592751
734387
1060672
122668
725340
392705
1041620
1134874
171776
1193025
986127
800244
181252
909813
16587778
405057
16713202
400635
974420
50639
857180
282576
406299
831188
371839
320070
1028077
2043131
713803
270754
1327602
2084940
778818
277585
255226
786526
15743551
16592079
838721
987741
1330000
783620
134124
1077455
912132
16715829
142150
1203211
663085
258725
16674716
719923
2036066
1366850
331583
938446
72417
1243874
61729
15859046
794099
793649
1311469
16411
15783615
760881
2077277
868656
57921
843590
650833
458543
246510
1049854
1060395
188587
204367
1052725
16596177
1036372
57120
128001
917810
15848016
407024
16632578
16774445
905395
1110077
216563
1006797
57294
16760582
16532447
879123
61665
783884
1252530
15867827
930223
15750165
916394
976334
802286
655392
401487
721579
16585589
880938
659248
117420
2082365
77053
913906
16715734
3760
1122801
802814
778447
847853
715199
779164
16654842
868191
986142
53229
1183764
189455
2040837
16606685
920914
878278
167951
152496
1131739
443712
274387
1201661
733221
1237324
1177040
45019
191202
2085139
16594399
65568
1068882
848177
974699
1008909
1011538
851162
454160
931292
701344
959999
1121792
774911
209613
22802
1177004
705761
328915
736933
864257
730641
791341
268848
213002
393318
53467
660511
2088128
88899
15805439
117796
69173
314049
8939
396814
15820315
16731492
74507
872396
138774
926052
1178064
16395355
109581
15789372
1093407
987627
1098559
663823
1242114
396533
994562
1391291
2051164
66288
1338869
16761275
273634
966463
969892
999231
2031649
397282
184625
16458207
874029
987220
15825
128241
258254
708126
1159409
790273
66272
713712
16597697
960000
655387
1180177
1175274
74302
637957
990118
1101786
852175
134637
214079
64989
1039854
143729
3216
721917
2093107
7360
283134
15797535
845249
60703
978510
4908
16674589
921580
4006
287222
1306687
270058
331475
638831
213295
347174
61199
16588017
917933
467663
339020
54512
16662091
73949
1045489
1295116
983570
16708318
851518
279828
8918
1032044
273632
16584741
15879212
16457201
15778843
241922
323292
411199
410559
1241898
69876
213252
1118170
270031
462865
397377
779381
212978
914692
314081
91714
353836
15790348
28477
114721
15842831
15851764
16592209
979990
966148
57552
16720163
1167664
16706785
142095
196081
2094162
389075
1306843
712690
859386
15739902
790799
155362
127153
712993
734388
4340
713200
69120
274270
728534
971604
345583
999393
1126715
16389105
21506
385003
792052
215628
703839
355884
216587
406036
265988
992223
144110
56844
16772622
395025
905456
192332
16604671
855722
15799506
314640
135147
988322
70486
15728913
775696
457681
721922
989862
339469
669407
717475
704192
918594
3828
340724
986373
316338
901087
150213
16768592
314654
208158
1199436
918111
982754
16768002
868906
725277
913910
2031632
810220
856404
127937
4460
16773329
328916
199442
212415
16451406
314867
921146
782922
818946
132177
15733456
68930
154130
2853
15754208
1249585
921366
197426
273
20676
16707599
69202
920573
284367
2095972
979445
2089390
16511026
54811
1233249
246321
717502
4175
917819
1105473
46082
16540906
65343
327713
401578
467663
781582
286531
269558
1044260
385025
16715597
1155630
15802476
1184773
651614
16696096
2089205
806927
1046063
1253377
212468
196606
658692
2073327
269538
716274
15735537
15748858
15802336
447020
991056
322558
16584420
16624350
836352
65301
285659
795418
318768
729093
15785715
16659698
938068
347861
15803460
16703739
728320
16715534
845029
986063
1388831
110372
477
15840291
851983
61733
892095
142847
709393
323792
323837
15856398
2039971
385041
242388
1039438
713283
725786
183999
188734
3325
90332
389659
344847
787381
15859965
15862305
446478
16588714
128026
16507494
185071
1308938
844465
1048309
377420
382290
856331
16773279
326449
200702
734307
858387
15799069
1228272
55984
1094625
860109
16449090
379166
16654021
869206
250482
1171009
16654813
965302
925620
970549
651765
1047826
344832
815092
209680
979195
25684
1168593
1182218
658239
16516816
146240
917440
279310
15744050
780861
183578
728044
2058897
15776835
331765
800011
1504166
983834
971788
16696337
81133
324702
1264145
1129248
220400
196404
798766
15818767
875054
854307
377599
2032945
992257
106570
447500
184866
129742
16506175
926378
925986
741873
786145
393087
979722
851055
984335
15839057
207838
927283
16657
15803382
1240238
778721
16717043
921663
16608606
1057457
270058
188643
846678
15737070
1313646
400882
317118
143182
16650534
60116
926547
15789508
2090006
662876
344628
1094254
858594
7409
142362
814851
1236944
914720
270656
1060371
2080241
16597989
213022
15847500
1041073
864209
265410
16522548
733509
16768197
17605
985806
114177
83424
981947
413772
391922
331717
120396
16719823
445951
241870
906032
262225
109390
196067
16625350
324010
1187923
66291
380730
140047
1010972
21106
16510045
15749211
447904
127482
56035
267408
972262
323345
1258525
331106
1142085
16761840
983746
180710
146463
937761
901396
15794226
1327395
147183
938257
791264
913166
86719
906511
64995
1252866
151633
351484
12395
15790403
328208
875278
737248
16723726
285650
1053967
143057
262501
201006
15843776
401680
4353
410077
732161
2038882
1451485
348650
16491820
4870
89839
1033204
127677
839516
16728565
1045970
45058
712965
237562
902367
662130
15781478
76799
999425
2059805
114468
145101
1011300
912096
1203919
921375
1047411
856609
931100
1048933
1060607
340909
15779040
16720404
999787
920379
1189150
318322
336097
667340
760351
138842
194268
450787
980257
16608277
909119
71187
2071856
1104412
1040690
1115680
