74228
16388433
852575
270514
790849
963939
2039597
927022
521485
218336
1285924
113423
198224
399888
703699
124095
326949
69102
1307409
16771845
412932
940848
319803
1176496
1027679
220866
2084847
835637
102866
78118
133898
250624
184755
1063726
881151
331978
15839984
659488
16769249
54973
323601
696618
16544772
15804961
66287
979889
16519393
1039892
408853
15794205
15732177
867617
852934
999965
16773316
712922
979229
213314
5487
16718444
73726
16773332
16773693
926492
16738803
1092719
1421898
392672
64754
942046
979999
2022674
15736862
969202
839773
131091
789949
484579
1106545
646656
16728047
402464
1039915
979498
853312
929310
1265152
261917
1241775
56479
656351
269263
15819035
252993
180400
229196
895937
323504
143885
224790
2034877
984819
1035186
131036
901393
1235499
438726
2034961
1132336
118738
941597
274399
990368
15814657
770001
15793057
650755
261382
16377069
1258476
20787
1151182
327340
15839581
836894
761307
77391
777985
253936
15785281
984404
389357
1033450
852266
414707
699747
259873
851140
16696422
2043644
1009181
943951
20799
2039840
122142
449761
199422
90113
61450
725457
1027828
1296098
16637679
16761342
1045201
2096865
937199
57172
454672
1044786
782341
15838980
410878
64987
15855283
16715882
129839
392915
655701
916774
521151
1058304
803405
139041
900874
274626
986976
1038004
339932
909349
1372003
15858767
1335605
736529
1095414
83457
745233
1064275
218157
1252540
1058402
127322
16736012
1061051
192708
156079
16321615
73970
869051
62724
220588
728540
901631
741717
1113616
722609
77040
798032
15796975
922158
674481
1130972
303440
771823
194065
16598722
1227829
16622546
979872
16703277
921290
1462801
16715580
794958
1256448
1032641
41558
62160
801726
1249985
15794741
442970
712461
442145
130516
2095933
840175
193082
892100
912890
218050
140915
15858541
1192657
16576814
74691
16755438
52406
991235
318741
978736
347138
732159
128755
851697
250353
16621773
1004540
15798622
28405
16528340
16756163
453134
1433807
740143
983062
907744
1057731
782580
979537
63173
471807
836671
983280
1006703
193663
40668
266242
16765105
319677
926509
93874
828482
16588363
1040900
15728767
979269
925442
1434157
402190
802541
1043374
1167123
1463315
128418
16520417
856421
16567598
729173
975518
774955
873633
790815
331205
205074
16453437
664383
738262
384957
104991
15748293
791731
266527
114687
384790
868575
17412
1113868
15835297
1380557
909588
709390
699936
66250
15843570
925674
1037601
131042
904398
24517
902412
16667408
16455108
217075
155840
137909
389726
123581
15752466
66096
777987
16716833
274412
373054
15733280
17951
2059297
683628
45327
994018
877042
1045066
15816031
15852528
219935
15821859
320341
214095
797413
943584
381009
917077
266241
471846
142355
1065387
380993
279248
148385
248879
198064
708640
927215
89280
1315650
131775
2036161
929267
15734047
1117907
253295
328230
117510
16530949
15728966
271123
278246
1056042
722170
221488
1167412
808465
380177
3668
3518
974822
384484
177327
328965
188368
16740330
328209
15854564
1043168
278972
2072657
721134
79392
15811904
933118
1228781
351509
766237
16512244
57148
398624
1040813
16623051
946133
1122587
15787230
181775
122366
2096945
737054
21217
332109
909629
340512
277437
971444
868354
1126896
2088705
16650323
17855
2097055
1400798
413456
15814390
808687
1467137
15843281
1242309
15848476
123185
15797839
16694785
467686
65020
244563
397824
904780
267235
789489
143141
893894
58556
1499088
775955
1130686
922899
749562
377839
258117
16518897
917022
1316316
258298
213275
16763684
131026
726242
805891
57830
217249
1121485
2039586
15780778
1048385
8042
209570
1064716
896510
15851085
1430748
1199919
896333
926033
331298
133606
267444
280363
1310209
16576032
1487919
988740
382044
65521
1367565
790610
1229039
988655
85774
15754193
16642305
921900
7430
2077492
246432
712734
1438010
15856207
905518
15790324
1172228
2084337
267726
972282
1068805
202335
16703459
814603
831725
123077
16706353
15753196
1073589
15772449
2049485
16772938
1967364
323134
859949
983376
208163
333250
978947
721915
1057357
1335792
979666
16469856
15859391
259634
843998
471299
385327
79556
270240
696788
2090318
2033088
16637774
904224
220189
660000
1036272
1118959
1011034
16593665
933901
914870
315600
16670483
1096450
16640685
327946
827553
942352
981755
921789
384527
1000674
54803
974258
864704
313967
62017
4385
905168
655617
1244461
1002490
331484
371710
266954
16557315
677181
914676
16622139
15835299
216287
16768788
1024484
659195
723998
1535
74015
205298
61525
15806946
1237965
134929
830240
728402
701823
16704432
1048051
1291251
1369292
1133842
401691
15852042
918958
263596
1241053
922274
20059
208740
1070838
1246322
255716
913630
1445855
1305954
1189158
131083
1440491
201141
315919
15806414
985857
16722754
1171805
82964
717150
15811309
307988
796155
2075732
16644636
16761371
988467
28467
851909
16641071
15784784
16690262
199680
1313564
7616
15790026
892925
339633
126494
188716
411116
988337
15410
15736895
290848
143103
2049360
28990
932638
320237
1115169
15847203
335429
659153
909507
16708176
147402
863763
1360177
8758
454739
392465
721450
669106
16662736
20475
1110835
762144
1051678
999394
655787
917346
1256480
717562
930323
151052
131411
446011
795664
340829
119505
15803101
1068517
16645376
878132
16725204
1507
1245230
783279
1417507
86721
1105675
986450
712438
16522176
180831
900639
1453539
344900
61682
392113
181363
64557
389854
1094053
110542
442621
148034
213750
16494607
2084453
736565
376928
200621
1360416
761875
324802
193823
16632852
372165
988660
345598
398126
160804
454666
1176416
1258754
73477
16626638
15819794
183469
251221
15737681
8702
726
861178
69649
131489
908290
396772
2048209
16387268
16460252
1043135
918941
668689
16736978
2032994
983531
114673
204753
893963
921169
918225
712880
791378
748800
976368
462780
132609
893966
15787493
998398
852467
66227
1421825
416242
324384
64769
334923
188748
196544
732383
239093
16518641
874192
16764698
70418
804262
16698982
7876
406309
25587
15907
15815181
16596671
57151
15745550
745983
257627
269342
720557
976401
15876305
16715773
917069
78843
1180385
872987
48858
339952
1056064
446170
1098092
11345
183794
969757
853522
319985
16716333
847344
2093617
835667
15786283
158995
1074385
291070
914593
1253376
180332
450574
315600
16670988
258132
966573
1135023
77326
933102
864170
970962
262349
880289
781331
44866
176380
917519
844067
745201
191779
1257696
16458502
798512
12846
665094
1241295
935606
658149
807202
15732208
285742
311590
16392178
729350
876558
377806
258558
1180001
807599
1053862
315633
389377
1048907
16714788
135724
851873
310982
855375
1196275
843982
400916
16695505
331954
1010703
65539
1166304
16653598
16731167
867587
15731742
77566
646239
804109
658797
921842
188674
1051648
134702
1440355
16596928
266543
807084
918081
16646459
982718
852690
859379
1377014
1130331
1309189
1261310
908351
867627
13805
998674
843291
344495
843506
1974109
1051668
16448598
16645636
1057105
57171
1066563
15805218
979921
262124
176353
923151
16459270
316940
264981
16573709
843700
139247
180218
115505
644592
1242165
1045548
15736866
1359884
15731989
970003
734234
15740114
795681
1057536
66140
352253
2035805
376238
1328356
1405889
192463
717562
254291
470559
1313840
830517
843947
725295
200736
261870
51020
15740960
134975
1131332
4788
132685
991572
46353
723654
273757
201186
401510
265997
108047
15745615
63169
1031409
63058
863681
2036399
2081952
16724175
830962
981727
711231
1188161
851901
1109601
78861
265728
376560
456144
16735795
700397
201054
1137999
1044802
983598
934884
57342
1127228
16734896
184358
722080
282448
16769201
418897
139435
516337
45779
799684
58420
274941
126997
786894
1246173
1074254
717094
16323500
924653
2039151
16707306
920342
788998
286431
389630
75490
669166
836161
53951
1110038
979181
284352
1390
390961
1105605
16769124
1203934
130838
16518650
1043806
873734
369663
963136
385391
442641
987730
15798447
699154
390366
971551
797375
1373678
933836
2087461
987825
15804149
119660
1323822
417206
979419
703933
5389
16637485
1282562
266992
1073108
746467
827763
1232831
749325
912941
1310399
16512557
16708561
916698
980147
876250
16658241
855602
347748
259087
461473
130816
905424
1310432
2028814
349212
1168378
16658462
16712208
1171355
178
16474395
679938
2082333
881342
266016
797407
245935
208892
134716
146449
652717
968497
16630068
1043970
1031270
182976
15807855
925227
16457933
984506
254305
286449
209181
15742477
15734289
1077068
95
105730
16584289
679482
16772558
16581455
786141
16724132
965615
844304
48171
860405
251155
15753787
1311503
16390672
965694
397619
3071
961808
443093
16767998
78368
135339
991521
261825
283093
15848721
44546
15809558
15822577
1032474
404474
905637
120306
1263131
983838
729356
386554
19467
1326578
15793630
794163
16528353
844642
312511
1044458
316883
128079
405518
776865
2056133
130838
853510
794575
381137
384529
796352
983467
66059
857146
84992
16582413
2085903
16662035
388724
13999
16691278
197133
16756242
66613
65216
662948
2028268
335876
453381
708672
15731957
786753
15844262
1106931
827440
16589061
16604244
307699
74797
757791
1375664
924768
1970486
975365
1253923
2056486
415215
261169
721138
52518
1036815
246845
343635
15791073
320038
937550
197601
790004
746079
461633
187668
114657
200213
27178
133909
762787
2055380
180236
15737122
86274
1037803
926499
1362970
1114078
16650815
453876
988674
16518462
2075732
1361086
917233
3853
135134
960226
159141
245777
15730274
988895
15782097
16538145
15857150
712720
2080686
331583
1048580
1064943
2048769
184782
67054
457485
1069774
925969
1295
112432
737860
11259
987427
73839
146001
711986
150545
732863
921157
793280
13675
668451
159270
2094301
393203
56657
17360
396044
150474
16515238
791537
775492
1429514
16772879
892228
15783421
1375473
1175805
761921
136659
965873
16586012
441761
90304
335453
1289343
867566
789730
785089
146506
847866
1047810
858832
861487
199718
16556236
324948
123067
53455
16670130
180560
400700
522771
721462
16536996
733441
280101
413701
437538
1011410
441845
937733
130308
794130
16457536
16717373
992401
61408
136294
926161
335824
1245233
672815
122851
908638
738374
151925
274654
413055
733638
182789
983200
2057776
16756351
794913
445297
258144
808436
15798529
2085103
905985
1387774
795246
962637
1189585
74733
660048
396806
701185
355534
16771588
917243
926317
16650733
667393
16523182
736111
281858
119807
16754159
418130
356419
349937
848124
802541
2088005
192160
714190
979201
190721
16544965
331760
745902
914930
909573
155866
467396
979744
209910
252640
925153
16715312
917075
876542
940704
61999
147679
43710
660563
110784
716991
877163
1045680
740848
197391
677169
917007
937424
1312293
16723808
199938
213467
16723904
6620
15818256
61039
16572724
920879
1243659
16617538
790260
206048
963132
2089008
792076
136419
1303008
1362975
966332
434420
1010916
139473
437987
15798431
466940
2055939
994065
913075
65775
745836
77297
1159755
15737580
1036320
2093838
16588565
87631
16659766
134129
16647203
971055
699676
270292
974324
16720417
191586
1389859
16769009
209498
851936
1113632
1380304
15843603
208463
159461
74256
2036655
1183138
149499
700703
204821
16707775
330240
1249030
328221
1056597
184255
16737313
259338
994060
15777824
785226
1393100
16520287
327712
335729
208588
836020
1485606
356334
16449598
66767
335693
437021
351210
16728098
269541
1053262
979654
1178542
273828
196949
974683
216624
943091
715795
1424724
208596
721652
1089998
16717265
769085
765
2036782
1036282
131269
16527452
348353
15729186
148431
412415
981265
193549
1251871
683951
5581
676545
15859121
216576
978897
974891
2051795
2076943
2081072
679838
28656
198912
16592433
258145
455274
188688
390574
322556
467026
217697
398445
16699572
1241045
4363
731646
15733059
140298
15855678
847953
737105
1331123
56130
106606
16584482
16518851
15791651
414236
192577
941668
182082
16456218
66081
15794469
16584982
140834
56315
716306
15785984
345088
147748
1393173
904464
881773
15863083
697828
966422
15802886
1437932
994738
1102064
1114387
979261
15735598
22082
15732465
1519974
740357
16722203
457457
57825
990989
998368
966707
871973
414417
216902
981669
971822
383681
126451
921526
130350
331040
15307
864237
1261217
16707071
16453314
978688
271539
1167940
389579
1052605
45087
20721
16609526
467475
16732093
61010
227
288286
844844
1002773
388337
7869
283121
200683
731651
803604
989921
324925
48915
983537
123355
16720383
1179231
15806273
16777059
848452
720821
90445
203699
184643
190235
16392128
1025350
207301
777501
16670957
1483028
790736
2048320
970067
1315633
45311
211692
331806
930644
936912
849157
135612
114884
769811
123361
328772
250118
127246
15798547
205066
328930
70965
814896
786657
21596
659445
157425
667312
1248980
1293810
1039581
253516
19189
475313
1187340
455442
2092287
49518
658611
1201649
969264
15797985
16665874
15864001
900420
749091
1105938
680913
962755
918972
1118514
999424
934895
941377
334849
1180122
16586224
994114
123296
986859
855825
82653
195918
16572258
871007
734831
195694
1178591
46427
11861
1966844
1134586
2097121
983650
1126684
15789892
1156945
917713
3873
54525
878126
863762
16711453
135525
892719
208491
16453587
941930
680013
65604
331599
1187260
185797
856128
1246035
261678
1097197
16728547
967006
1047388
991505
16387388
849626
7488
847890
868780
1044779
746784
67441
970844
1030860
1010848
1243126
733171
204995
807934
16647695
16453892
16531246
1004829
921635
2027517
67150
1085901
841452
593406
1175318
1058060
983269
1355589
15775467
1158866
8177
807791
61653
180224
1309152
144847
77340
122694
76885
1028096
2023459
1126445
15744522
390205
16723476
728303
1228350
445408
908801
938740
16724781
89297
996096
125952
1007916
844064
193634
389552
737788
1118513
15841808
72415
8164
732349
15789760
250186
57099
147452
1240275
2077788
866063
982204
278326
148530
1127105
910528
16432867
16580286
15802667
859280
994575
1052493
320190
859418
53274
521427
991841
15917061
16639758
922429
934736
934733
156643
893292
938027
988178
1097477
16776207
15772164
331261
720897
323
233699
704211
377711
254483
328748
1184779
13787
659232
1182672
385805
810752
1229057
65307
962785
1122577
195845
151744
918286
48091
16600546
16557762
729125
792225
1012795
402751
68145
1199407
126371
454706
278371
2015588
1170385
266460
246992
331249
280284
175412
86499
920559
57951
343233
1253838
904735
1507330
457969
86212
707413
725551
15796932
1036528
737553
1200125
15747841
413683
7006
397533
872290
381457
442575
1048800
984273
15791887
189698
16591887
1065742
15864528
156157
1120794
480319
266241
11424
979534
16765166
1049584
400948
377854
1234723
1004849
2040827
1372242
1167619
2043189
810673
1164848
16720154
904403
16741503
913189
134671
271103
16748820
77253
420544
1027851
322064
81397
716843
195840
1252881
1107147
732690
132402
131618
450852
245728
128243
1310659
64272
2096126
963828
8225
319264
409050
847419
143348
672515
456144
15737504
15742243
729340
841009
936684
217056
1044501
16592895
1312303
151403
905471
985872
150047
1058364
283219
1166370
278253
261104
1974943
23883
1011279
1132210
1244947
1063883
1039874
2043345
16712002
15843331
1966173
860401
869109
86509
1298705
671487
340255
16645164
336414
745986
779572
835373
123430
79110
15790927
942004
16656943
897326
214017
51997
1185291
963028
77308
