331533
1249018
1246266
2033150
352556
895810
773183
336933
15844534
893155
1003042
122399
16645871
1314320
1115904
1070179
709878
405611
942113
15858432
1049914
720307
1253792
15810741
864127
741582
1253329
325218
856575
701206
215826
16592143
15867407
1179940
1235727
320607
970469
258862
16560353
1000913
1048034
1428995
16711867
2052430
9408
16462043
179165
798810
2083521
793631
2077984
929469
935101
369905
774355
1170463
147730
811280
77029
1327859
15851442
53772
16353
717071
1241091
8624
443536
130350
860420
831973
2051690
16563942
16773278
327167
854642
15802321
16650013
196058
83779
1302557
128240
336419
200195
878065
998337
831743
7440
344675
938538
16624240
724966
175676
937918
270097
136957
8494
839749
1052926
16760672
450772
21760
15799814
2032607
16720416
16592671
851264
266484
1331180
311830
758050
89857
1261006
15848702
870913
16521067
642629
16768940
53267
851706
61840
175372
783950
1328035
779510
926353
16642230
328005
216678
61506
350748
467201
1175619
70704
936714
303718
1052337
200710
1007312
972213
1359
270417
217394
983603
271089
1253388
139555
60143
16591891
7957
802338
61729
767276
1305553
777456
1029072
712945
1172001
4129
1291550
787760
65044
711405
864688
1123358
1306822
356289
857567
778335
1250480
1056480
864179
15813439
314593
725200
1024623
192533
16662092
664037
184124
714031
1052070
16511985
848124
468575
212758
16665923
835294
1227504
995874
1260867
988225
1024191
986610
16412924
16412065
659430
91444
125999
1006660
406592
16717039
16772975
135502
1122271
929006
127426
725020
16643429
16454671
1969906
1164860
467648
918753
783600
1117106
16472566
15787252
15814717
197041
41935
1073173
60
16382474
775365
15800033
83121
372276
274684
852319
770550
124386
16335
987386
15741547
978352
2052610
1253790
1244159
16717100
201490
16572716
92673
15815345
249808
4186
1110576
1248065
16654557
16579119
872543
184622
794403
16761627
663484
1175264
72406
16646076
389152
1041708
2032174
15740178
15801105
139821
311247
852301
42719
995346
2031905
125791
15778060
85182
130655
768529
1038079
1225761
258287
144365
777424
970540
2035562
962658
1178623
992977
303626
835071
73726
973811
1050133
16507149
16517707
60495
979039
108002
2039627
812306
855534
791632
406515
852017
1104717
900626
463086
15798532
443633
265923
1307119
2046486
74576
1159919
1249472
328416
640736
389887
65905
1454907
861501
2027280
1380834
213835
929696
1421381
799258
856878
178913
1068255
792028
1037371
717280
591312
712203
2050796
392973
1236146
731697
934115
941103
320981
15732176
852209
737314
77566
974590
1106177
667572
282143
729588
17869
299202
678916
122864
16585550
15729968
971003
840515
16571708
1001020
261685
319471
15798802
119630
875573
527585
16514367
290309
450243
1108640
348125
72945
777492
914733
839920
920854
480
380411
934337
2035734
196656
193009
274767
676800
1253402
202466
397649
15810831
1114080
78358
15806640
1167444
840224
15801648
16698677
896992
664290
864822
62660
15840964
830000
1447268
981506
1040785
1122369
15859222
261044
1131428
651359
396757
16501302
1118749
329282
118986
290081
790863
15794417
815332
15750176
3899
155626
242109
16457426
1035245
69725
969302
1113365
1308181
2027098
1139419
52754
979918
994612
1226481
201213
672956
916464
848678
24090
16694843
134107
15799156
332048
1007601
767713
184573
217005
1365744
15793010
884238
203536
16723219
2048043
385507
90447
709042
789942
6132
15791163
204753
1064046
1039582
982797
24860
199619
254476
12523
806933
15770641
15860495
787138
202340
274463
332555
140789
914203
676549
262602
143360
990691
65285
16390838
69052
134977
74715
125546
2072592
67068
16634575
1030942
1130575
455772
1295792
15728868
970230
722642
199202
63263
126978
875734
32482
1011921
1044431
807458
144113
786195
49676
392963
942428
914752
15875267
437452
16764974
872125
460051
144576
56865
16773152
15798814
810709
1970702
978956
1072896
15781103
860497
1224435
1025524
381185
140497
16717216
1313587
1015580
1003551
15733005
683119
15796991
988882
322619
1048801
987747
1331164
700432
16723754
721169
904702
16470336
921294
905274
15802388
344067
440090
1030419
645917
1028126
118787
64867
129460
16650291
725045
233665
16762609
212384
776723
286630
999889
191245
4336
450894
835919
319649
320239
53251
274735
979997
201759
65604
15864126
65870
901630
1045334
728641
856594
988224
15737183
156734
16720559
911824
872812
828416
15843573
400413
16711405
774426
933359
277963
131632
742068
1031344
723723
859194
15858849
15770093
15728653
7216
2034992
708850
16702475
200915
393214
15802321
810948
175150
66571
150484
1179876
920588
80851
352336
1246769
921854
1178607
914739
274212
267089
16453550
279503
404702
114771
2076783
913906
401492
130348
188977
15785251
15852529
15738598
975532
327132
2042991
1969411
91213
15732165
1495841
791794
208330
1033211
1323249
2096927
11475
920640
197483
15816189
775342
2039076
338962
115380
315134
212339
326925
683812
463298
257
270342
2082046
265489
15820000
15851061
200449
323308
857602
15859949
15850529
938010
15783932
1070083
16596739
987323
131071
935215
872187
656165
1438238
917359
804193
149263
812625
737119
412675
15809997
855803
1028959
670754
72465
831795
378058
654577
94736
326666
807181
127231
16765375
798990
213968
1461019
925941
856655
8158
185685
15852324
1441854
16539472
400400
16776417
1302976
384003
24912
372991
15740925
2024997
323854
110864
1121105
879789
16713229
860139
16384797
656881
326914
1114624
1249890
15742699
1111167
1307626
413173
15789856
1457677
1195777
1047460
1255947
984592
15842331
16505965
721263
1003489
1330667
1236516
16712693
61693
1089958
315634
463083
860162
3041
312294
131921
189238
942336
16565296
740431
343526
1324492
16735779
15794548
335290
1389823
15757028
455235
113935
16642285
986388
764965
1090548
274945
671916
242417
910570
259022
15790879
1044737
894565
15803873
987407
863250
831793
16533342
90575
947507
15728958
457665
986881
1187839
16737085
278688
12045
380909
343292
201754
7613
15807199
16711682
266726
16602
119654
1297905
15728682
397872
1114688
76897
963284
2059057
16138
973846
356606
1037835
2074141
1045218
53152
315921
742129
1004996
335631
316192
828438
1453745
249878
1031709
811439
16507244
980559
1048773
15793620
16686640
90974
1039872
142762
931318
11504
845149
1053996
2077378
132639
970161
652290
1303391
1060783
202204
15748637
326479
851009
1002909
1044733
16657458
1130495
173059
963711
869087
189394
1253443
413510
996813
195498
64722
843043
455140
922618
16646176
16515520
163819
131071
16581347
1973276
16700741
1499644
979428
331284
1002764
713745
850774
974690
741937
841052
339932
41488
786416
200751
720981
770321
699840
113664
1430002
16642499
15869393
15731778
16658495
17338
725761
1044771
452048
135248
6
12491
244
1506348
66831
2096911
287989
728308
79438
267212
16604944
256
716064
69819
384541
1114319
304294
7389
658499
856010
16535981
16757679
62223
49
68405
1106957
1036237
1094467
189206
20927
1000458
49344
70922
15799539
726271
16710191
1033805
749919
178656
286688
16646465
855460
1109041
195597
1198917
201709
935680
1040640
15864252
798212
15801092
396288
880150
913503
15728966
391729
408159
463861
16581892
318894
16506630
270061
722016
331792
450832
282869
107884
1044500
235797
16565
836527
1235967
197407
53568
1119137
1040641
1110080
263373
324125
16774125
975089
787520
900428
16458259
139852
863521
391962
69362
48129
732925
1057902
16495467
15731393
2076131
855760
1002497
396064
16575457
340141
394736
1399626
639456
857679
384581
701170
81606
1036833
979187
787044
6895
795602
340194
1068477
15732752
113834
214031
202223
983039
351426
1051122
979137
856820
733732
711997
778746
254300
2088788
734756
2076926
201510
1249567
472769
42609
73294
65087
655594
724820
917998
458908
147739
270502
779994
999360
15810499
16395823
900607
52222
127985
134929
65510
15806560
1045516
15733021
872683
757760
2088211
16737269
675348
1201964
258561
1422813
257744
197451
74786
788005
480300
962113
262364
303360
15839002
857508
345297
16757154
15854929
16716032
771504
385066
15851312
390352
868161
237084
16642481
333053
852928
140017
983732
977413
62960
1094450
311553
15838196
25259
967201
151285
315428
212270
402797
41158
15773712
856037
1244080
15783348
855871
460367
16662211
16592566
843059
753452
779311
740860
1326115
790068
638398
11772
789788
1105939
144174
183260
15778540
914738
1103361
773588
733427
16530688
2077440
132038
1224256
1232674
389132
3903
15135
131231
176620
983457
1133888
306112
324033
1075965
861884
1007386
792108
843532
352557
34
990797
840701
1385807
655077
155876
659395
258732
16694266
15814963
61950
16716896
1043973
1294541
457635
2045196
307393
16714976
479457
712478
86250
321332
2096175
54481
935931
2077423
341729
1315009
131792
933485
16560181
311325
859163
392259
912925
15855811
636064
238816
78300
16715748
668660
1052432
783122
16723776
839676
9051
404991
15799057
1270298
81173
16721174
335102
51789
1108482
154717
69866
198062
1109984
1003763
15734447
1371346
192037
659458
77632
815563
196529
323600
846609
1236749
1191694
1111136
1244752
848593
1251059
859430
82275
2057645
850482
830636
1494203
656977
15782129
16716098
1028880
879918
668000
129775
1073681
832592
1043524
414244
670558
1123599
660145
188925
454224
16658691
716814
214222
16716381
938678
803022
843333
928514
975969
15738097
260635
711763
209636
1054038
339952
381245
1262786
1003803
1195973
668148
16704523
328202
16649717
134673
385282
131342
643583
16601140
195809
765698
1031648
16462291
712299
2092846
1240286
983282
135445
188464
192337
69857
116226
15752894
267231
1428662
1260526
16724402
198234
16708893
16757810
1055778
389167
794219
860987
182786
15817498
926575
1056705
704258
1036325
801505
333167
327217
123131
16523170
777203
799426
2052652
262430
904122
332362
16716330
1114687
15802896
1322721
975296
767200
16458429
257763
918255
900623
746428
2035997
827217
192223
1367104
900090
1308158
941774
782832
146947
942026
1051413
69069
916943
807392
399008
966173
335106
16453582
144323
323681
16776780
727809
213244
16580802
1401125
992930
778688
2047012
16514770
922975
786742
721438
981790
898224
261456
1249617
195538
983088
210434
697806
216626
41199
986096
237600
15867435
1138714
913680
1190720
845565
2019824
77372
1179634
2082048
983067
17742
922193
212033
303170
2073541
324256
140591
53452
712998
710160
907071
16526106
16572707
15806212
2039585
273908
1367069
1118372
853185
1309156
58597
741217
15734080
961539
1113446
15733297
279035
921519
827708
81198
275876
814131
73473
1308189
265685
245262
114528
248498
923232
16634349
88890
1311262
974619
15810833
787380
917258
708973
1123611
15790031
721455
774415
1134319
967533
122609
209393
109781
25116
191502
1301950
1051730
898335
15751986
733123
40290
446690
1183556
15864320
15790257
16639659
1048923
393167
12271
194241
336422
12026
65279
266289
15866365
249814
16663375
172258
16773600
1032609
224244
122370
176292
736330
220676
1474330
343516
904992
16576417
16667492
922876
16757954
987711
138546
254448
839649
721934
393021
1007420
348508
1445868
2057551
16650774
995487
132831
1100721
877070
249955
15744564
1045087
376882
11469
959839
852994
789598
340821
16731678
195568
645598
1194992
16761265
1502993
713200
466511
914101
340768
901197
4586
312346
327194
1029329
257025
1199842
397011
16770513
15806656
53295
70941
905890
710144
55996
1044187
1310943
279550
1101084
393286
1233446
13041
451379
84591
982946
924225
1060308
376175
154883
2035941
397078
212443
372769
136192
656863
1372961
61440
224257
2088799
974755
1035077
15789523
15805429
16501926
254975
999392
2075617
184591
110879
727744
441859
380145
1384210
322514
16733156
831518
1035552
1379826
696595
2079517
37059
41201
181999
2088737
2039650
935442
993972
192804
410719
913862
856131
1181189
15818995
1428416
860769
453120
921856
347862
180176
774721
1113585
712478
1003275
856544
2096849
65233
70494
863808
1290666
442177
68655
15852288
204256
16577538
2060812
134397
669185
307953
139011
673470
40993
379443
995298
200437
246751
16428588
1381823
1104957
656413
979905
15858898
15744565
1241158
1045534
897200
794080
196577
2096927
15737340
1131259
57564
340499
16581664
15742643
115789
389409
16712559
8671
920833
16727777
326716
982704
15851967
72515
16537310
262990
196289
4363
2094610
204512
988511
242077
77615
790214
89604
475179
724801
1045281
1040993
1159534
16452592
133678
8190
16593101
868688
188434
769889
16687179
286529
381010
789523
16715968
1114623
262066
867790
1254369
737552
125633
1032766
1127454
16773195
15731809
1432863
918160
16518367
466378
664571
52750
188640
786733
61872
254782
520752
142336
16526158
455206
53217
1364447
1190406
790703
326403
76561
967409
221456
52175
1175776
401679
123455
217392
811786
74219
16763823
1072357
16518930
839760
589852
123397
255594
393567
16690526
259153
15810380
802506
1157946
1318881
201713
376837
275711
859106
970234
327699
987839
16642049
1035565
15736815
700687
23550
15851601
15744578
787172
786874
1179489
986907
381693
1380421
315749
524084
122813
1174115
193535
16450645
394308
156899
401475
61222
457455
746085
1101214
16561102
68111
340400
135488
66367
176684
1395212
1073856
742911
4113
270869
144202
778238
1045718
1168688
61299
15769377
790368
15867227
522763
711917
15757041
443147
1111088
1066385
353968
678875
60427
16572413
846613
334875
134611
4932
16732593
16731919
6720
154593
15733862
784911
314923
858865
965650
1233084
16772608
2016688
15810337
830418
133987
1008093
15753980
1171471
16166
1013327
748286
53483
1027133
1106961
791853
648883
1183469
857362
789503
990013
1044708
16761345
195156
663855
1315236
65766
720812
270560
272114
70371
842978
786613
881357
16773885
16766257
650274
962570
15802660
934113
856879
113711
2047441
15979
340242
240449
355839
405838
1045264
15818065
324349
791622
1167007
931332
62482
1007363
2093349
826194
406035
196383
1056011
902437
351731
307457
61473
1100881
15846862
1974513
1417298
1043243
15748638
60522
984638
332972
16728112
458239
857542
914995
15780961
1032657
671244
975583
15847455
176177
1238015
15792845
1106187
1178881
1060543
798461
1095130
1367518
47568
315188
402496
356206
778674
958448
1183760
89836
188561
380950
1121987
1049345
394944
16711714
1131568
872671
143332
200516
138836
147435
806142
250174
405325
16644627
863499
765376
1223632
721168
1232657
1176607
135187
1241812
211395
805932
1230030
16721697
966723
858625
265457
867739
1002259
405821
1045056
16562971
16577617
1008143
646934
370140
773622
69540
15797037
442844
159615
15846320
1117196
73494
1371685
396054
979963
1047041
2048561
1056750
1294591
1036815
283072
1293744
1031951
326193
651747
16523712
2093341
1044051
131294
946192
879794
861941
3599
1052133
218256
16646307
16651180
987884
1196111
2077203
179904
127824
126182
13595
241932
1245724
16767743
2030081
15779535
912426
1192709
1006332
990508
347376
963777
15732270
127266
1485
2085072
204114
798530
413443
2080790
177409
2060100
458224
991411
714078
2085676
732123
16525838
57120
1298758
454931
1113855
343791
712467
847109
5200
254941
77582
15811110
790317
16773219
917967
15794464
2031793
1057857
341739
738382
129986
16688147
851202
61747
185851
17839
392662
15781886
2032383
64587
983024
1159665
1303282
1428704
187649
15859726
408909
64719
15842819
16700211
1134511
857406
391903
16773137
876545
336385
74034
1324259
409794
450803
72533
1779
422406
