189903
48915
1336316
2071550
1046028
1057588
450863
2026470
789003
668516
708800
311586
1305934
41260
181486
803573
830534
2043667
127302
159983
910928
192301
127285
1028379
271845
209644
15746316
922113
327940
319169
871083
392479
1004028
16757248
17381
1170190
82206
122801
131905
262661
1133537
791793
1028112
16572397
16543171
789499
1242049
350475
15377
2044251
1092622
16757300
810303
961781
1123013
140900
214303
16560
798642
413664
926058
744099
1241643
851988
1036398
932623
986123
1420529
16755518
2040566
138507
836133
4061
335
266544
16752657
773152
737564
74239
1064737
733729
934595
1527551
81890
204259
250369
133966
217122
286960
15781707
805
2025941
905570
66212
1056790
902444
16723938
257354
270629
16641843
69409
61404
967618
7139
16518626
998638
115200
16583458
193763
279875
57372
855851
329228
1319268
733920
388048
2039056
776731
848442
261810
990670
1249803
454973
795156
12063
1106464
667921
2073556
1372645
968437
114928
373185
893184
1121025
799472
16712972
1226241
16573686
16741840
459535
19967
1114130
15744735
185635
442623
988214
1130833
649023
656731
400653
1192703
258982
1011425
70654
856765
2093259
259302
675059
2034672
249694
1000224
16720431
1105071
1125645
852388
16711525
991233
16691461
335166
331765
2093297
920977
983124
377699
16649663
717894
1039360
409953
872763
910047
1131018
986079
326941
185105
937215
894459
987435
15752741
143568
1244653
1004528
663462
15750155
320254
322987
710144
15732062
1242801
914927
1008132
211921
1134531
1123857
1143312
65573
1040627
1003566
399888
802770
122445
2093553
48868
458214
15783471
123247
15843275
131004
954703
184912
343744
664079
994797
79379
66127
842768
9392
986641
265682
136144
1049631
777520
1009185
316945
179022
1331313
116043
441375
16716351
16691250
1303633
16700509
1246143
65483
728836
396065
44096
782143
258274
176352
393421
840260
2076978
69605
131569
632052
432
1047086
244996
803311
130095
1334093
15875568
70990
984834
369331
902689
929988
856544
16757071
708352
15877120
57899
44034
15920114
1032463
786481
130371
413425
258619
1003790
15733457
148321
216894
971523
852069
692282
16736191
204294
15844842
282156
400383
899873
971939
338176
397505
332508
979265
81904
15806514
16608453
259355
941378
1179411
15785692
1044303
352751
199518
2094545
799973
406486
20511
740046
290483
451057
925684
448252
812062
2051829
177837
969727
785594
307722
16725595
982286
27698
88878
704797
922287
991675
721094
16097
200981
789014
1043714
334334
2031630
1439141
1323181
138822
901597
49441
16567521
2024529
286267
318704
143379
790529
913722
847958
16565796
979552
971008
704182
422161
29099
16641764
318529
15872581
66061
417229
910079
4690
851806
970226
1092604
23599
934624
979199
728864
860369
736945
257761
226547
319258
130863
212925
189690
45295
331532
48638
926018
269
1315600
348190
172589
790534
16633827
387666
75009
1220021
896766
1113807
252687
857166
15803359
16736212
17087
2026533
917741
713558
1208637
1244981
406000
158954
970006
1184530
16674464
16722963
389626
385493
842272
85454
762154
476208
192030
142034
848154
871477
16716031
78117
1245682
1237729
110772
15863117
971055
852240
130588
16689629
1040366
87363
1360934
74148
774380
728159
830755
193347
2040162
263903
727890
344764
983277
132928
119310
850448
346849
78800
1000543
733250
1241604
15798751
16589835
453925
892930
839856
2096458
15835393
597782
401418
1055230
787966
402525
1044063
724545
16600794
867040
1248420
847633
2038591
15744446
274082
61454
786909
1434383
2050609
922831
901142
1069346
2079675
1035521
15819233
405839
1040398
1036573
16711184
58114
1249026
1061618
126750
191727
16775711
125444
285616
453614
398783
68461
393038
1036340
209872
712386
18147
1388346
795859
995410
61251
995829
184949
263649
906925
984241
127034
1453363
355089
1225235
1966831
1004273
676154
221396
912723
72544
16721243
839709
1272835
16413
390749
655616
438849
156972
66062
4028
839695
15855616
1229072
921668
1232958
326498
713985
192525
979442
1035533
802277
787194
856100
16716004
1402557
196846
15855156
864749
1061376
15782181
195622
57123
795085
308686
266593
15803870
859649
11808
191311
16518661
988661
1245123
409365
16706784
831178
856574
916739
16726787
1969408
196314
704240
1138465
1044044
188746
16713040
447219
1056497
353578
766196
1166818
1227270
73268
664094
407120
1045808
315967
962756
15844380
15789286
1047293
145957
1129557
327168
16502026
16736850
867123
2056239
714355
786958
592575
2027230
770815
75343
8730
729070
995037
2048837
1204002
16515923
16757782
261622
135603
392732
15817522
843599
311301
196081
123121
375774
872293
16604370
1052895
16456303
1335814
1067585
1077957
15851022
123228
1179856
16592928
349138
1317379
16765217
1063183
213564
85474
959778
988724
1327188
62043
2043311
271696
979037
775263
1121985
1199263
912095
146224
16708965
1043899
848362
697578
204317
15783391
990228
118275
729087
266174
16723742
56255
984026
136733
15751964
1297727
659508
1048575
864307
113942
994580
834068
122353
257870
193366
15860529
3679
16474045
732412
2040780
69425
16503009
476656
995371
934931
66731
642101
791037
122939
15794641
254193
1129984
1055696
864240
331551
1000725
139472
15799358
304945
197055
826399
389569
1111360
258017
913423
1027566
384512
394237
201918
855248
975071
970533
916756
24102
1109772
2056912
700851
897310
1262945
855777
16699570
929715
992528
1436934
974812
15781035
4525
68916
836593
934666
995825
281374
15856209
791310
709405
852490
799312
1072133
728690
732260
976354
15737793
1044655
660720
1194987
16411
1379396
810596
732435
16658909
1252710
15774001
16771806
655392
335101
983108
3110
89647
387642
61007
16596305
183360
987293
200479
1323028
719376
146177
705571
906561
206003
1039281
990035
15736314
810992
921455
991551
16715043
2048612
89402
376850
118465
730846
786143
1101002
975619
969571
50721
1171405
88667
3094
1118262
311233
793587
908896
1007088
2036251
711428
980748
328682
394239
1138651
13122
1044130
736817
128015
134973
222429
683887
1174479
904990
205183
1175653
914228
82002
16540164
15854655
1237248
1048382
62240
74719
1192799
3694
1004316
326075
15787802
257067
749296
193553
195920
331941
903844
984574
786321
943904
1261312
61493
16453647
2084803
16626116
804383
188238
385457
16455243
263259
971186
631044
856149
258257
369905
16572638
16630783
1134051
386785
380094
16452881
135841
15846320
16593377
7937
16621614
15867217
838437
194090
16634351
16511216
835862
1336260
61774
177216
66563
380891
61487
381202
52837
1184031
4865
16917
15855805
856304
786686
16630689
1127247
172286
664065
727812
849632
66572
16633935
16630000
265957
16663039
1171696
16712668
15729084
16475647
921107
15857950
1319905
2057251
974095
916511
15778781
123093
139966
1197420
304
1118910
126404
1130240
967152
112170
1007323
15823699
16507088
965866
23573
135254
767476
84997
16699684
378576
1035519
65021
381090
983147
15822079
15731725
769457
16462524
69393
984307
25356
66353
1375518
16704815
262315
244721
253923
8940
790225
900972
15889
1058261
412334
1121986
15757487
461890
184781
16661681
25316
778203
331365
794378
404949
20982
157266
15735792
16757028
109564
242160
187708
966942
61452
425941
259344
1049028
463355
17709
1044747
123090
475
909827
271178
913376
126950
55906
16642836
16600288
1170385
473908
988845
61716
793377
16580096
127466
16764116
130011
904447
920829
712240
1315838
1265339
2086063
986306
1451486
1306673
1007408
200622
1003471
13025
1000718
16593420
150275
1049634
921812
192019
146988
15733978
78402
74229
992323
771002
152594
377933
343837
1060394
202319
711114
15021
980255
904287
94922
16760175
16388576
208954
409109
643553
201042
118373
2052160
1375762
16641312
15765523
853509
933380
147381
328449
15651
11615
713475
204548
329009
85807
286518
738395
16666352
110755
447743
25376
397072
345058
195519
4413
15774517
16773906
662493
332875
876261
283125
455695
1160254
16646320
851054
774240
16748844
937710
965987
904958
990182
213934
15859904
1253121
57346
275200
252926
66211
898116
271279
700668
2042880
803309
176735
250876
16710939
1035537
1024485
766900
1044255
2043379
959775
1364973
2087969
380689
128293
93697
16765188
1267430
16715954
966881
921612
1315279
204746
860165
2032128
457932
262432
872734
1376060
45825
986175
857556
2092819
1163036
54490
938275
1045331
391952
15806827
15802303
2047487
934336
206075
11168
15777564
16737375
1234127
844818
995819
676122
1002799
16704214
7586
446934
1032223
1052624
1036064
331020
453971
1248516
959152
262398
140589
851747
723931
8413
15749105
278531
15730145
921840
1241824
203427
16753617
184626
1032126
1060682
344141
970498
860662
986660
16717150
1004484
241425
863665
2036974
1004250
1032706
58161
121522
980447
212980
917021
61199
800061
941120
682497
197106
1113091
918124
1004478
334914
139569
963076
707313
655952
724844
839939
16720626
15785744
283600
15799044
16764864
138257
2084845
2034527
1060303
770368
935664
132351
8126
984014
958191
716816
734506
741707
28416
319531
15733007
15742202
1003695
16518445
978349
152410
16874
195361
138155
73510
790238
16634070
1235969
1106369
1028270
15839953
912292
727579
1379754
16662238
192834
15794412
130586
265457
1163552
7214
1057776
245306
16767826
15752157
60927
921806
331069
933686
405521
1199363
322336
128606
1372464
5327
2092048
1078238
720926
925761
269279
200447
896496
1425589
261921
828731
998219
987684
987612
1184853
15778833
982782
1048303
380688
717029
1379855
996063
16604510
1060859
962308
1257201
179443
1029077
2055947
1044272
16766466
1314573
391728
111645
78383
16470115
54303
2096405
861151
978916
127451
982559
1176739
875200
860112
16621573
144477
1188026
285695
16765231
2024206
656161
73939
805838
676528
16706771
16522757
1195741
318704
1175757
1028294
265293
16515345
16655603
201414
16708646
61221
131078
172294
188917
52170
149247
15802145
671969
867610
15749071
343770
2039264
15858945
351567
200241
1200212
924193
15818783
330780
66048
15846131
920287
833009
659252
995359
733174
1174628
240212
909134
401886
126954
414751
995350
16642385
65571
786038
15781809
16457469
721725
896501
277921
16391906
1126938
16711216
849215
934127
1126943
1050130
1371682
331540
16563052
15843925
15859252
205758
664762
1036960
225284
992051
994250
1229372
208829
1504689
266449
16457478
455154
1376254
970836
2036434
267028
1967280
15844371
54623
940513
729659
1031694
394486
379852
131374
991485
717376
777473
1049907
65476
471506
265439
1051812
147118
82256
999938
40993
2094337
283370
1045002
1273940
794273
200382
1242434
15749299
106992
1377600
775456
1244097
16690434
935183
1188354
274512
15790869
1104877
2030113
16775867
15848725
790085
214780
16773939
723969
844988
1306869
62207
7422
15858351
265252
320506
466933
119247
918042
85245
16536816
53184
16596974
335919
16760143
1176050
15794715
241515
1123053
109536
475585
331825
987664
1245946
16608192
16638707
189954
806866
782358
967762
810735
1031174
655077
198933
65108
138317
1100885
16461664
455003
77760
988653
2084864
987072
302847
659038
1031861
136671
778333
2079473
1008332
860384
1166106
319216
708086
1400828
921854
1135183
1400833
249875
128220
241713
15813908
905502
798994
1003757
801840
912715
651792
840429
81
64102
216005
720592
894127
60576
16435883
16712750
16648877
216787
1004097
179281
834910
330785
655835
977394
983069
16727759
238
909777
16571904
446385
1043970
344304
353326
131076
733520
16712963
16692987
845338
132709
987423
267774
1059921
766131
331760
16725214
1107102
16774159
859340
737042
1036529
15747747
200630
7869
2047186
16658767
1027867
877547
1126219
844559
342869
16567073
77397
16731183
196660
16773476
986349
455217
24277
451332
373056
67069
213157
318719
853347
1040415
656650
349686
150578
418286
930860
787999
790738
1131442
205312
675315
790750
835516
247474
765680
193066
392287
831747
199215
906609
16664093
181516
705014
872292
254445
15801590
914449
642544
320810
376316
1052735
389169
110133
16522491
988419
997900
1434831
794059
1194773
2089555
450771
864239
16764932
925870
450163
861182
771168
1303726
667152
13040
198098
1027494
1110575
15733070
859921
921921
864316
16773552
1239620
330805
990202
16728225
914772
936445
839643
867902
394234
419291
1268212
313937
722013
659930
1118477
1229861
262675
139454
807889
909505
1310757
220355
327164
846620
339413
43851
114160
913773
126495
1242147
332208
590257
369674
2060368
454896
15141
2018592
326914
1047392
1047294
1359868
390410
114907
877073
2031700
16691114
191164
323618
150842
393761
16510733
781587
1245394
98004
14893
908878
728291
928575
800350
207714
961774
16712683
732899
12816
915171
381440
855813
15872210
393490
15737439
1170163
255734
14893
650774
16385360
115251
282801
221118
15729999
315808
180129
400881
113155
212800
729403
15791619
791824
1179483
1314102
897038
2094098
914625
1138399
840178
1089758
996609
1010205
196892
789536
24383
15732799
15859696
273921
86555
147442
15801152
1227457
16503861
971451
69877
1109985
135355
136913
1032780
671964
16732997
16519008
16756550
75248
74432
2043821
78319
132349
1072416
479251
1376307
990427
1048078
48335
123460
790287
384272
1047503
777455
64803
16699157
967616
15806002
1047136
16594175
656138
914674
389874
15791685
1321823
16645891
16638431
1033746
392767
483505
772080
1131315
16580883
877571
932789
2092530
1131430
56257
331822
16756819
64290
139596
3391
1072059
69088
2039075
202465
118004
69298
660410
49614
717662
66911
354049
2084879
2044767
815058
778350
15789873
132062
4881
256753
15801425
287439
53460
62528
16696050
1201423
15814334
16564818
1040651
15732175
188214
913634
974288
716655
7679
414196
16776976
245952
308448
334885
716803
202224
207611
91693
1048230
782398
1433659
15805229
393050
1371567
6673
15794739
28236
1043652
380174
2085121
447317
1969410
926561
266739
72494
248829
16714709
989906
118945
920545
242113
68592
378337
406576
68610
725039
719982
262627
879634
15789139
127075
892451
16568271
278302
180976
71213
405936
673254
1122352
1053151
1157726
398532
324191
110595
2040318
1326564
1093664
1032481
1068880
193295
1039714
803043
16516559
15785986
111935
1193226
1425659
1110774
16628586
50096
1513045
16650542
151149
74506
16772287
726064
864016
331838
205120
1052656
647490
413365
1126875
1388863
636149
1360652
692706
53004
216591
132085
2020030
267298
926316
978882
1044736
794576
16764671
864083
25108
781021
187118
111388
205072
347233
246206
1372403
184677
1000480
1164267
291092
311040
1070385
673055
196833
839007
16715804
1118714
60497
348433
15855949
283492
246033
908558
1056580
16437538
659746
1224239
16623346
16655922
779840
914501
1164192
732879
16715537
15731969
16716273
852127
263921
701728
249776
64340
15783676
723776
778769
65197
913888
241978
2055022
126989
1011471
15850671
1176356
380596
319670
975214
3869
845221
402146
15800592
736254
594267
349120
1171782
253436
140331
717107
16776806
983325
267517
785178
725573
967620
110603
909029
267247
266288
106576
872707
15838450
115761
782820
15844833
441580
402442
655838
457934
1003739
147055
355920
16601073
140847
286447
16643152
16387037
62416
589873
906177
1399649
16732501
1096764
1176675
131312
259570
15805435
995917
729631
1179892
15790132
408303
193757
74684
1498862
1262174
877089
16711942
667471
1254176
15791408
16628721
328018
1044800
990261
323840
2090737
130781
703394
1187070
135379
1056356
771011
16633073
151311
