20413
44914
45330
28982
23628
-15646
-22761
21781
-30498
-15373
-2158
2439
-45713
49032
37312
35635
-25858
26155
-5103
-29504
33106
-25317
46096
-26659
-11273
-17954
45481
16306
-11721
-26930
14026
-44225
-24193
41044
39103
15655
-10379
11982
-51727
-1751
-4814
51075
-36909
31326
1248
-51741
5285
-14814
26209
-16121
26448
-7339
-5931
17657
-22037
35079
10314
-13240
4853
51323
-30310
-1412
1457
-25025
40451
1048
22728
3406
-11196
-18891
30634
-51850
-37434
15671
-12614
-28247
-41019
7458
6627
44037
3832
21651
12163
-8903
-2911
-18953
328
22707
-5494
-48456
-20554
5012
-6250
16841
9077
1102
-17883
33270
-39440
23532
2880
-27770
28839
-35696
-44089
-17056
16892
51116
14478
-23982
6593
46366
-29962
-10623
-48149
-30811
-38516
-1525
-17038
-504
4924
-20578
51347
-21250
-7095
-45602
20581
14262
-478
22660
29761
36387
4888
-6470
13494
32601
12806
-1688
-9443
351
17449
14938
-3941
17529
46076
9299
-1425
-44277
461
-14958
-431
-22708
43689
-22280
-6488
-25607
35985
529
42822
-16040
-628
-26515
-10728
38150
44518
23457
-11481
-21465
45784
33136
-11365
-26921
14065
-19992
-6993
7693
-39524
-23499
6100
-25265
32534
-53575
-16908
30119
13774
-39069
-19098
38008
-2414
46435
-3295
-7209
-4294
-53772
-54511
-24650
7516
2831
-1756
26400
-36113
-37905
8798
37287
-7442
3618
-19964
-45195
-52481
24442
35220
29792
-7951
-20744
36506
-51138
-33540
-26091
12313
-2913
35853
20
-62342
-21787
-27791
6361
17308
17908
-12185
-22466
3378
1439
-3598
-31061
-9448
31362
46086
40119
-36020
13002
-50100
6785
-26023
10152
546
32408
44769
-39963
-50033
-9689
6734
-15917
-38717
-24172
35696
4206
-45676
19984
-4788
28814
-31926
-28471
9357
13727
-12195
-2713
-2550
28753
2791
-34756
5846
3495
-23415
-5257
38673
11759
9901
-22296
-10292
28650
-10702
36023
-2711
13434
-19145
4534
-10053
33165
-54211
-49509
-1249
-8665
1330
29147
-12982
-12498
-15576
26299
-12263
30941
-14966
29166
-28092
22777
16227
44591
29838
5352
34415
45536
20592
-30352
20087
4217
59091
-10923
23496
53810
14555
-7280
50725
-14718
-11570
5233
34535
-15580
-5357
-25040
-28376
-26245
30316
19901
39130
-19815
-6157
-5873
15661
-32984
-12295
-18414
4982
-9866
31809
-23652
18311
-19396
2333
12770
-22268
2488
-44322
-32424
-9741
-17693
-50860
-1644
11677
14767
-28022
2782
-9955
-16655
-53929
19333
22883
31312
22437
4345
-22196
-12467
-17928
-8370
48
18227
-6111
29198
12312
7737
18015
-21856
46082
13170
25193
-26561
32176
5774
-27176
35372
-17776
-28328
-43171
-15440
-23438
-10594
-284
-30876
-19816
58228
-9086
-5111
37921
-29298
11420
39060
-29145
24365
-55650
37509
20898
2522
19281
-15777
-28679
-12812
-29936
-45
10666
9749
-52886
-6483
4645
-10578
32077
44941
23458
40035
-2166
-8546
-3236
38777
12853
-22316
-13128
-16682
2434
-43629
7843
-27908
21064
-1607
-22671
6645
14221
47992
-33542
-8834
12488
-36021
30731
19507
7263
-26086
-16610
956
-33005
12713
34094
-5914
-8771
3140
11939
11388
1515
-13811
-35575
-24385
-16286
13236
17927
21179
9533
-12605
-21915
16410
9728
-3789
-571
-57250
3860
8161
5283
2730
25608
4404
-46497
-6970
38943
24356
43288
-32780
-10434
-20118
11922
-57
3586
-10002
3442
-535
-5217
-13678
9849
-21045
-1924
19907
-5020
-12448
-23325
21212
-38386
-10411
29003
9952
-1647
-37360
-28026
-13971
25214
-8708
35264
-35089
-11159
37755
-6852
19009
9449
-36080
48859
-572
-1529
-32195
-21713
-29065
-3222
15123
32753
-3405
51108
-27128
-35894
-20407
-14538
-50592
-8354
-13806
-27636
22531
22466
-7093
-30523
-6650
2563
-653
3100
-40421
-19939
8673
-38535
13584
-22389
18838
-2007
6845
504
23646
-18337
15313
15471
-1533
17999
-8443
13063
4132
-23978
4190
-14282
-4370
-20063
-11638
-3296
-31641
11542
-35761
-13784
-9620
-19200
-30723
24837
-41619
-21950
-6865
17691
8344
-17828
-6952
-20805
-12014
-29487
-35795
-32771
280
28504
-26118
-42757
12779
19894
-28247
-13916
4878
4347
9900
40948
-8452
5291
23592
45465
-7690
36015
-12453
17364
17129
-53362
18591
25318
2091
26159
-12742
25644
3404
7321
-34477
-29511
-31370
-9140
15652
29487
24387
7453
-32987
56017
-15622
13082
-5965
50681
28103
747
-8416
12523
-25803
-21810
29012
21258
2140
14198
13691
15677
-21548
29218
65
17414
26870
16201
-25360
-30307
12225
15212
-11390
-24595
-30447
-5630
-33868
35587
-43581
-3629
3511
-5809
-10381
-24363
52870
-12817
-13967
10687
-12887
-18969
26371
-27363
-12429
-6425
-23278
4297
-18853
18650
-29447
7816
15610
-13763
3575
-38377
-14786
14504
59075
-7171
-11617
422
7021
-29484
57366
-46616
24840
-37647
44064
18691
3176
17911
-31819
23957
15934
1608
37097
-9523
-36483
-11861
-57147
-24263
15682
36992
45746
-30869
32567
44714
26429
-33840
58749
42433
-4972
45691
-3704
-31485
-54995
-20369
-2127
50987
39316
-36675
-523
29718
14842
29163
-11262
-335
14518
8425
7390
-5056
-50920
-18657
21814
50972
-34413
-28548
20754
55031
-29836
24227
1343
-45587
-4276
-23787
29884
18049
-22580
9849
-13078
11934
-33081
-4543
-14923
-27343
-3521
-11510
-18855
-46618
7199
-4261
-32682
23713
-4159
41399
-33579
18384
957
18349
21748
13058
277
-27033
-36862
16950
2018
2806
42809
-32758
25240
37024
4913
-10644
31449
1466
-9970
24054
-5253
25989
-4494
-2160
14985
-17799
-1244
20927
15056
-19186
58201
10766
-6779
-13297
-54164
-8289
32741
-33492
-44648
7398
-5760
8970
-6338
760
-17051
33612
26210
8583
-10471
-28926
44263
33679
13092
-30843
15583
-17119
-2299
-4619
-40166
38327
5379
-10441
-10137
7338
46115
26598
-2275
7306
-790
-18093
24116
-7502
-40944
-49120
11691
3511
-44941
24836
-42139
56372
-8652
20364
-2244
-25335
-17170
-9742
-17767
-17564
21412
-2936
-21064
12815
-20435
-22455
-27872
1280
51770
-45533
-23255
-32990
-39401
2194
-19775
-4525
23848
8744
6
1499
-4
56588
4415
28095
19709
-20228
6046
17052
-42552
64
-25776
4563
18821
36831
13526
229
-24797
-12390
-46579
-39281
-321
25
3805
31997
-6243
30435
7374
2583
-1798
-2080
4922
-27909
-19721
-41841
-5731
-16793
5168
18864
-40863
-12524
31513
7421
42725
12973
-5696
-5056
-24044
-15484
-28476
24320
-9330
-12761
-32666
19609
25767
29373
-44732
14606
-54842
16749
-20176
21000
23624
18941
1388
-4596
8269
2013
-18289
39095
12487
-1440
37521
-5055
32288
16605
16005
-37203
-9223
-16096
-15012
-52085
9372
-11439
19650
3962
-2815
-19595
34094
-55573
-33183
25395
-12440
-2303
24272
-50511
21965
24888
55514
-30672
-11361
18853
-27014
5478
-5487
-8709
-16204
111
-15190
22002
34581
-32248
1226
14591
13103
-8777
22754
32314
-8735
-11652
-18796
-26283
-21454
11364
27116
-18540
26102
13014
45639
30561
-2631
4510
-617
-24598
-20500
-8146
28612
10307
17366
-21150
-2656
-27229
-56433
-15049
-2378
3769
8137
-586
-27088
-4356
-32187
-9749
-24064
26955
-33603
-22644
43980
11905
50981
11112
12507
5394
-15979
31500
-11359
16356
13376
-31806
-11500
22761
-39406
-29847
-36288
-22248
19466
-30248
20200
-10783
8580
-45543
21237
-12128
9337
-4004
-9595
-200
30426
14401
-32068
3147
-10095
10109
14868
13646
25965
-3098
-35320
-12363
40088
-34020
-12329
29087
-39581
-44194
-18085
-16948
-21233
-18636
50451
-16484
-31466
820
-16572
31755
9934
5796
-34708
-12454
31617
-22740
-18949
-47808
26304
8358
37792
38866
19964
-41
1223
8135
5676
-4079
38752
12960
15905
35445
-10924
-1598
-15476
-17988
23629
18
-3683
-17739
54623
-29323
11252
-24669
11852
-43854
-26021
-458
-36048
-5243
42973
23699
30524
13793
-37136
31217
-26170
6634
15836
27919
-1303
-5709
26223
22385
49633
8296
-6739
-51683
14341
-12029
19747
-13435
-29213
-31024
9456
5668
-36940
-22852
32712
-20790
-35872
-18508
1251
25399
-27959
48258
5453
-35506
20726
-2403
31362
10533
4586
12558
31664
-1541
-31921
47850
7061
-24062
5088
-12773
7577
15880
-17719
39357
41918
32560
40360
-16791
45947
-11946
6259
32013
-17254
-19764
54995
-24151
-34311
-36254
-6456
-9394
-22928
3183
35977
-18648
-5340
27284
-23322
38207
-23975
7221
23464
-39357
-25090
14558
-36187
-5538
-14370
-18011
-7486
-8911
-31495
11395
-26325
13940
33646
21432
19029
47330
-1469
42405
-22980
-41733
20602
-41155
8073
19522
8254
-30153
-42468
7409
-23614
-6864
-51669
-26197
27598
39654
-4102
8781
7192
7145
4593
2434
-30378
17063
50910
46254
-35302
12706
-41147
-39142
33042
19983
-15957
-11053
5762
-26430
-6929
33185
-27198
-5611
-15247
21359
15769
3059
-48750
-22341
-14750
31372
16454
-14702
21146
-36214
37015
-27512
50033
-9184
-22800
-52139
11123
-8081
-14977
-17260
29253
-19991
7015
47392
-15182
44854
-5794
-20936
9603
-5734
32461
3869
-13025
-13776
25424
-10875
20802
-53346
9891
15921
-37476
-20287
14324
-45086
56405
-2734
-21472
29972
-53910
-7321
-16290
-20346
-9018
-14632
11624
45673
7338
-4072
14210
-27362
14234
-3089
-4424
9232
-24181
39938
-12728
41696
-17035
23096
5012
36282
26944
-4093
2398
-7511
13601
13346
25765
15952
9551
-1572
-25514
-25720
-13353
-48446
-50093
-27708
29137
17212
47365
37332
-12063
44084
-779
-18447
-31904
-11517
32118
-32103
18483
-8305
-19372
5454
18196
-13541
4545
44933
16173
9598
1520
9818
-7248
-46547
6354
49286
-9789
-26551
-16228
-12870
-26003
38211
-33889
-20337
-21953
38767
-10003
2425
13881
749
3204
6910
43286
32554
-14521
-30502
-19549
-3726
23026
40932
-23936
-33319
-45749
32867
19871
943
8033
21654
882
-649
16921
-24523
10158
-38689
5106
-37328
-6127
15036
2434
5588
-19174
14724
60866
21796
-14384
-50287
-38156
-7436
-39198
-3433
8538
11320
-18511
-20226
19925
-1580
23140
57260
32095
-40306
-2617
8551
30361
-9090
10803
-31332
-4441
18458
733
-10905
-12030
-16602
22253
-34938
7352
-30682
42168
-38887
56265
-25544
29087
-12707
22224
-14307
554
14594
15746
-6423
11009
42866
24427
-37591
-27168
-1521
4933
-13742
-25728
-1964
-5277
49127
18614
30532
24614
39574
1657
23771
5807
-8814
-8031
33580
17775
10563
29173
24526
13603
17937
8960
-24281
48849
-512
15105
27111
-9837
-6427
-34005
-27971
-55594
11447
-2640
25265
6719
1607
-20384
21891
18169
53706
15018
-34124
-18938
-6320
53050
-27573
25797
-3613
-3079
6511
27089
29170
-5750
-3492
7764
26919
-12762
-11741
41349
-25605
50848
-11087
23168
-7616
22382
5544
-21855
32057
-26170
-2117
-11728
28009
-663
4838
-11360
42506
21985
3855
-29504
12592
-49406
32380
7925
-22655
13945
8643
-22186
-3055
18075
-3150
12157
10407
-60532
54039
30997
-24315
-8543
-29462
-31331
40486
-4346
-14888
-16080
7601
28103
-31692
39027
-1052
22155
-44784
-30885
2333
20049
-36625
1063
-8383
-35471
15636
-8872
-29673
4323
-46234
16606
7521
571
28554
12656
-3225
9733
5071
-16538
6532
30731
-20511
-4399
-4943
34414
-53576
7822
438
-43555
-10136
7178
-23055
-44005
18913
18986
-16629
-36384
36919
11674
-10978
46257
-18360
2657
-5994
38662
-37349
-32975
51527
-8120
-49433
28954
-23373
-2178
7152
-16307
-488
11478
28312
8960
-48418
24214
-2127
47655
41606
-15921
15555
4809
-10119
15432
-2401
36336
25663
3223
14936
-13126
5163
-39281
35061
-49206
-17880
-28668
3205
11690
24679
-44186
12073
-27172
-15014
33490
49585
12985
18437
18167
-12110
-10446
20491
-3497
-45567
-6323
-32337
-27073
2230
-29655
-31326
-16268
-16366
36337
-4157
19061
53797
14965
28124
2453
35507
7863
-52947
24868
11507
25635
-1066
23663
-17227
30470
-51554
3711
22040
8800
4311
5772
54908
35936
-17609
521
17549
9946
-22090
-4370
35672
-1029
-36399
-16400
-24221
27771
-26387
-29831
22715
32536
35081
23896
-22365
-1285
-50763
-17715
20739
7979
740
-34279
-34881
160
10417
-31946
-21377
14219
-12167
-10998
39380
-38016
22808
-27183
-19798
7923
-987
-29580
35839
1494
-97
-17802
-1557
-7403
32009
-15539
-29349
40813
-11446
-16713
-3883
-4620
-38783
7340
-23473
49684
4086
-25204
17392
17786
4723
-18190
-16419
-8611
-37259
-38055
-29934
-10758
-27564
-6159
-11569
1295
29993
1451
22090
8929
23351
26206
-4408
-26263
15989
-15578
34631
-6268
-246
-1597
28245
-20246
26251
7623
33083
-13995
22843
13889
-495
30505
-30946
25593
50218
-5429
-30842
-1238
-3690
21196
-34792
23863
-11482
-12389
-35023
-6103
-23172
-9113
-30201
5657
40119
-33699
31803
36161
33623
-15499
30498
47398
-3032
14300
25888
23534
-21478
-11848
41480
6508
7113
18958
37219
32961
24928
-36846
39192
-9753
9140
12260
8620
9643
-14602
10838
25565
-45941
-11461
-23776
37544
-20408
38857
36615
8715
40556
13347
-14580
39134
-35375
-10205
-12159
16121
-11005
-2357
26197
-4448
-52029
-49367
-897
-30258
17700
-22722
3988
-28979
22564
11255
-31080
36604
4558
48021
24270
-8525
-4991
30873
33198
42999
-5505
18976
42264
-6721
15513
-29133
-48096
28229
-5205
8166
-4600
-9510
-10883
-129
32565
15048
-41005
-40308
-3476
43039
26251
5472
3816
2806
1859
9788
45188
-38793
23681
-34465
-13558
42693
-1932
-3764
22264
-10527
-32882
3666
285
27112
12650
-15390
26563
26638
5953
31716
23864
-3109
-25242
27340
-19805
-48514
-1584
43622
24139
32119
21871
-26165
-17595
808
11429
5054
-26474
-16435
-37325
-8161
-28592
28633
34081
22379
-18146
3234
-43765
-17086
-421
6963
2319
19758
-34890
28791
-741
-8776
34361
44154
50928
6465
-24578
25949
-801
-31357
-42277
38799
-11434
19559
-37367
-9215
21633
5210
50931
26594
23547
4333
379
28294
