3318240626158795807321844
13429362711897812530687854
18408978910280277664395522
1772970276018535136415236
16128959821766679195533834
6406480069537099865151173
2339870779834408155039542
2980963120842912263658413
715264662487441503919666
406028290154154173794923
2743874374240910780537295
15218720351144103678788150
1671832433897901760715373
11982030891971435248767163
16194898859348518298231919
11168644112258744041533860
8069484817594353083060715
17977939294546172509290516
15867165527982982602998442
13017164579608242604500884
11947891536748894622584290
4354651006044854247947750
13075881699205698997563427
16968452866805522115917783
18964857338681373444729297
14474220009806753759319417
7941614026828219176062945
476878576930644962563019
15254081010113993855288077
6900818435954892842343775
17510554428629640886999840
13525371684519786073649143
9457413724842294046895889
1931830828049797976774502
3396651958986951915961909
405203553968413573432597
8039570460369329942748059
6246396391605682200175219
4034308764919391633476768
8222224114385728309040990
4767965889499935952223314
3628525646269946403153057
17793207399184945450999585
18305947022702387449946384
3170388373137076585803052
12773707463308362355371488
4878740986316402252120063
5620905830460072189664196
5296920749663951476995783
19109454021050510280420624
2165643598629295912415843
17304428205496377834219934
14967124539621472524825852
1924985496723295482016221
11906852875307618555064908
6232435099009681380012327
2896238140691263120069300
6368713403971213923607184
3219435397087963502353021
12590946644272864223515803
11200174430128600389720818
8032551435916216530981284
11640907037103712508352089
825701475593555188758379
16802259617791175646707373
9663234597335724110832163
2091822653825744463714624
16823767473290826821464828
14602475080242494936967135
4536637718488769396615731
14813882478317072680249006
9024722933043634955440034
2014463260701160667113277
11849537845172447142462380
17122469609719447324434949
5709351832656528151093174
5232016178995520515333445
13225760627023387892236846
13208121053393847526767317
4387441587658763042561796
14104140870689728359952793
4862301999985046244467327
17979180732499192540219822
8741267623441942399619315
6036908902278624743064636
17927245323607080814120234
5719577537212685481966861
7469128020687892394785650
8644274639695656738340070
12462957506952563519102471
3434073379800335858617187
11755053803820476666370843
4020315748307784261744602
4514686856577417922023072
11783299073407748082945598
6795703177511557947153588
16509115485401446125196189
13184513650094900765969074
8638286370574452816924347
978290812739676543602786
2161117194697415859368315
13006053956289721046252405
4774110957609448555400236
6435538425908024466994370
11159044518040054310226646
14638035098106317818239392
8388376076356208067738417
2796806138282595100074646
8872255413794653980376622
4916945375885777744127505
17144922016865939332279854
15214053137973526500708811
11258992802788509993040615
6626758522811987540189122
11735902829699519752586775
769791586912612627354021
8153859358191006404665705
13750626020959585889246667
9506352458336211188228815
3784264478621145952701163
11898353613931757625794139
3307063673211343296251593
6239059600561223373920062
11093667980739592107140370
17138471524785234997585023
11178083634646786764100864
3167215101382702576539069
8207268687921780405523427
12410279748835965128813390
15510162241460813252392570
7383793393765540856527684
5235389401675917069210882
18243812001800723904303829
19336711445987223028935842
13107354421668135408253372
14125790936339752389406300
11378840193044036868916234
6596259586954828382529284
13203860206385643112892796
6557423742289040917164484
2024921091077254810570762
4512697039938653767954229
12985218616671635810581922
9654109607990371969547274
1675667973237798183880147
14433643776975493503881913
49379185644828347750199
2181421047890631291699537
4977487449647096417739360
8148801149244216062294996
12002591654444899043492089
13821669392648389307268618
4466850533205454348890108
14836089839574057051075337
3533946567496690634669021
3468465980688388337503891
2864814437529921003114417
3278000586316073537207311
16250564406561882186063137
13655239659121069293721254
15026447806926884501709616
17770305872056116696169412
12047734299663564793554865
18257819297319469631116829
451928020383334301350869
6814872079383013971217396
18554233256902771331267437
1362203735496151366465973
6898511401681809122941443
6921415641441342259642893
8150239235493736356373628
17890447539934534197630382
11852726793507852642507633
14132987655812874925384272
17918477066390455361751034
15647962396898376958009243
15976104338523138502752859
7850785461087091907627833
14654286592598123250761803
9416125143282383518869454
17898952297072675927318962
5625101575825576729562047
17464448782922918193938247
7818867590922809709910572
3938190757612044087898409
12014548512997884616137084
1753214849764695162188622
7659527338628801539383477
2984145630027100321442570
3114379238734258177576795
6778156651265814868651426
8070564679765155893961037
7962542093600068558730249
5877627020052210248656414
7169481551499961770486467
8747199688386901813825969
15999810753586560236600645
2266085047672848210026967
102130275339004719882641
15187429586348583112390010
138660356227385290445312
15533921742249071499367727
15669347945678212915391776
16788959248103871156763996
14759408998644982690216553
16496991648850039049778325
15903179743617530002153371
13062416628423024931427424
135296082562778625072994
1119121021423849651242476
5973881684889557608055114
11216566204090259370938442
11240437899884940226868798
4561947626556028201738879
18128237241868919364009279
18524172804045296268685122
6090582275683569032188741
2742031119287074084116985
13384258053609782728898372
9304725580405667493849584
16530953274495965385337595
7978134960437912450701879
4735649179177930044841475
14579356297342727335592388
8367343503357701705224062
14695768438172157252033812
12366807863597687704379187
3998385098857839561539267
4795044321300743958304073
11650103412139280298207521
3783313370706860427550841
16259468876943725733587278
7028314725775278797911661
15343103427921072487414720
18879906000377007172369664
8814975971990991833648389
18894219154752515370603903
2412052143188327579226931
14957908749748315870086433
13429229621773077220116281
7377629584976164425815255
6295146715881182557839076
2880860876894740148740672
12335465804577097808160447
12798821022143745924100346
12117662146766827038888515
4433643720096683069670561
6317255451757179207449428
11991084511319005464351482
4068913207441807524280067
7755000423666855471287001
6342733906734598831152282
14368954774479538135891991
12329622577851417300924377
3464242859004252262064708
16542990418151928318280207
6478851916697344827698546
16442210612026354361148898
4628059017848497451681457
10887812041757115860335855
4658069202448936847298119
425478536072869054931804
5803495066153520986715075
18664769390349088575118117
18900717658747924521481844
2751861237575435063955623
17368968420469306125122359
16078438540746217614895088
14176183483898504875258971
16660289315233856195870485
11481925393726991086163179
18013447585169128481698723
5257376800883946632829987
9294251278851845792931386
8374953318210221502681917
7330378518997492541068313
14599921472185640233774889
1080953160416780486617387
4964347675466813707351361
11585941567019912825461085
16677367705279733883893033
14204308878352448612533482
14225882392051763782822985
2775029913052725225721015
14702571031466543419047623
19050938538709446250541820
15595979510568288129251234
4822898241507426179510799
18157608740223555701330279
14027727591794828503724318
14147877291773103618865955
18074213422753963853354361
2862593299078326491344529
2754647098465777883212960
8694088549147321028314526
17664709555330440555375925
2554618410744373377495635
8725538000143012116513394
14359555540976404750715253
1767220815187465319709306
19223341495397345298852214
14460482343734741155003981
12955723064278137652552210
1241335856713832561624874
6457750583406477652053867
8979529396584869022486459
14880309025898050984516933
8996476058722287231525604
7947461302672235635859497
8418600136032867274171053
4933484761866939096619476
17963786272000469942741769
9025654962565817333565296
16575908875044950245676385
3750845931649299927690655
6123069126898253346362716
17717062747167782382393951
2946854836980834683950323
3508344324297487544012094
18858478255945855337341362
1568512668362579294023060
17127284687577841015540662
11226354942741645855488337
1515645116962407469610732
5032569900750099181062937
17285805864488701628395015
5436254525155648593303847
15352699123551334207132237
13344528067376389241427606
15892226005004548752317727
14336661732947521197487108
17616554536559629292128563
15462004370571212462862137
883060545629019746845360
6000682596558955776697791
18086023347642567344960073
18293211813719139602102777
19106949667916327735825343
12642887999064998938559246
2391599689465892882599403
2676406321841715884134723
336788986003106497095537
3417250057731124611112547
5130267499873986813532954
12233633140410618866870859
9262465493974071055027995
8811455821441851118425055
874221106999351490797529
1619677042275151261148885
14652209910565897280715543
2590638482983802469900841
6327125523056209041528221
11176214861404955165045561
12850445353478918122156317
15499398323075134017385109
14752683785278412497550871
924010228509747790072937
14681216976680535165252190
5919874554885170746700368
13228233883131475597929488
103105058332192147641564
18087766281899294015386166
9401047502474186345379234
3885633037215585854647117
11481891466402831346547825
7496267120246563197178909
8538547259696807365273465
4480067060511705209823472
5033659964132865675931100
17525838895339818352136417
2948773643179460758492190
15447233907780505750826255
2796695460752403053401415
3226110720531189992325061
15593553226093525192693360
5313337255069899532509987
14291121822203567709074860
14429912762145627319978674
13556731735905749601009214
5804221492001902322427476
904955907529405420388186
14423271504169916168251359
9185726370640327799037883
16640178785808688585472848
13175019524162028226106410
16850533966651514053790241
16770707550441170540643081
6241844202239774271538836
15584578770628821017416880
874786142321147864151927
94533823167435501303421
6480923419499552608515140
4442184217516214394287616
1698054975073703463171387
5242944866707479006438307
4187865043494248577866412
2272676824553955234772746
6081939878285705750061291
16992604461894093394891186
18713404299377905615530574
18602902870332556845892290
18332525162189470106251358
8448518756075813898029923
3962717536901253846623982
13080737433639131529922213
13846090084006846237395908
8407993987637260624240954
8301549120068240115601499
6478925183282807336710725
899582149768957833363885
2876173458695888846492688
10927667459846809997046439
15638111694774116660684671
8843351488924171447386003
13051808550184396273678315
11410309205679410548448964
13983210971516449920817461
17099940433057478546401572
8792545180284046100067503
7042833853753057255062219
14076248654611879543480139
14641580334286824409359305
15425533588487551330551581
8547211974545285489415965
1642557585072391862089271
15554979248164836938520269
16316925892098485549968028
6062604344952529938624800
6885053047184574425151126
5596525178188892152703738
16703855405146947232679198
12202498297561475590888364
4002903203720840471093017
18285690818468318793698474
14267179237280139686813082
15029477592705201523220175
9021830553911680079057495
14230659557518972741364073
1764539096644333739684545
16655770947671125218720578
14730855733859075838860196
14068494530895292899343343
5638451709116203536456949
1241911098059379119563986
13273022814778156921121951
5612954666099838053676548
2865533742061110577713137
5735953671242849862038601
15583853463055688919859305
15736786269542084504462065
13058236904024644298082292
11446160876125906464220704
7093126164806193281311345
5428338566087927786654681
3890901864897539005000378
9583105952915121000684998
11103231359883063842120481
681821655997116752717220
14180987443451696361718319
1932096510526528658290282
18122671820685234665238611
15011159478191745940444449
8172963261180430955008855
13854858722424775253860823
12369153157605152702994139
7333756152073814398447774
482753317848990727261662
6119913786235167850938481
2412265891977175974176209
5119145491972434202080412
2039262155392962693883708
11397974096987070345367669
13017519459153290059458823
5279912093733150464824019
16232069345198875887674130
1112047343692803240727808
16024286892067759024865199
13500924196925821216600149
7576030791043925001134030
16088162250264339335044052
12361298086618335094386174
1011642497198858152845837
18640784602980853140958434
9354826967032317302095039
17102755400401358643405817
8818319410324282449156464
15588452494738007114016461
4471215427443743663245844
12671701491632218427489134
14858808319316393521422368
6498477547144909921909298
14160876111792098607695117
6095155949541234807778654
17908873810274296816979569
12185975744325258003722140
4332468887447537544213977
11313516552327484529926238
5286526905631405192848590
1001930263984109528084484
6125749825454055461909619
8499481960656056532391759
12076335216603972756425009
8151052966862477528289101
17637916519691531372904895
2512412366779065553490849
2829771731901753331968528
1154436978331429742036042
2048400974310611228478310
16678575028303914641721873
16320422050782636736837279
9368537905622475719442896
