15443954399391105972391504
7663395451092058886272379
18906971173962599732413437
9427960521490171994919783
18359657307145722085848859
11654333519312534899712006
18597774304232535444350748
8949951444894382031150091
11365276089493193603470644
16555514843224667885107906
12197416931385469974576972
3017723911697580877594090
752975474939297873215770
17828233235050397666783225
5684382425078303212258624
17894512894343481726578895
2423675604537073690153641
7089144585232275425279248
7025232392380653800356329
12510772458592836356625381
6598169328420078955089533
1615702839452872658929989
11763367335880195162900052
11665543501825520882717563
5972076748106137907614273
7819347876318814227014369
8357197660630440285611170
1993136664822107501674246
443713132640804444502384
5166003669697484116653377
4755681675632418155250849
18178480786484993854248870
15278139204756716578816787
7846159909240091816203390
14345171048732012314794933
13474635046591046878027813
16810058922240328466854367
12453365825159143588324834
14508936760696305436903125
5806084437876529319363040
17657905934389117656541807
14940826155655797775988144
15791905127860553762581437
4445516409067459580507925
14248679079549394051324669
15396889831927266640193973
14146800618222025563051697
5833674366523385879590331
17302401370651502357142198
16242903739348847813831025
6258209400622509701134330
5393844076732772720043901
3307614060012401029489363
12631469354616665740857538
3916866499562127127728179
13259710983262735474414624
18266649523959690390220033
973283713900305239000049
18733732667361690043288791
18065714927725937678117153
8677839641530184056349723
7055271371631568784567289
2921841805186743220347696
11233386430247639166613780
1302951210762552314864798
7760338787684490721973765
16688640608953550930851643
1775449425394000711672787
8397560001462686689854869
8967702406710924884292478
5971959367287152715606567
17281813404608426871066910
15925422040329987077055990
12197576260246971088589840
11094687332854251008979302
8690957986880616678360412
9449179685102018007551867
11332256129783053597483166
439437566255019787748719
14447839456890886626195285
4083340382130496155548435
2752937596695193785389771
16947929229144130603767452
18732123065263348386323474
11295436915249418578374694
15272731317353731824656193
16954280641922044205683956
8882835768308347033298729
6223834244980033711616487
11153176091728034885923050
8928192420247584648952256
2351922130164548103655625
3339925849847573444387250
7848577129244231757835293
3831930981286353523159792
14257670486607595545184777
5393244617082985287980363
3595766643129813878675421
13747148748240128303972448
15990400628912138124248239
17308280495775080167805647
6959935078569198480262467
14761718743115139611018724
17245788783253016511598562
11288156017905611027688272
18967095531540722840048494
17943122095608438023694843
16527990112005376038638054
11008347398777790220255153
7937398589586048763261585
16191926212721417628470315
9166327936031458595375810
4696155702539836692001250
11167352076665756694305193
17132670636915495457807389
8605062537221277301079952
3887820998891537118764630
13322383389821525768827076
2138824667116389848173493
17496630571453156938852294
15825283838764584728792770
2927467171729393934810748
1770305858401058570873335
19249192679864362655971084
15235749106156937682439156
17063517937288976197999115
11909808444418442520428851
7414177739823738055204002
2396125148704695212553578
18677533159615805482850233
4435747607901193659939229
1719335429376311069312895
4321390111077656812456414
17020764470508329926091735
16236596575846698637710347
12571737155555527355457148
15082138204301688955475372
11800859958687978855284986
10966191629279627436186934
6400799248067036649951459
8219750500263495093834699
14909992732861977113054230
7299298465991595071122507
14411763255394719219075942
14310036442636171234636619
13475698190671773089229987
13705096668742700338691792
12843373565879719234322133
11344904372244192673485166
6843633324037909278845930
1033277380491562789946175
6273353335083102723711445
8387497517419699393323963
12454488949313548591221885
2688617955156454734626298
168600445482052396733459
173800213481355392822250
16221022645043136492126439
4021537325225039232080637
4667107437582833427600812
15993249064984771001388509
9143700702957981599575835
9301423198829023196732418
18510182099029479684881321
11886806114108094887960364
15737191603733049786752433
17876229186754522643052892
18240866674044611507874591
18181720087599459073385671
6478740846413447049572158
13310507531396679669119433
8598820441707658487763307
6307777184617012613013295
18002256477296972792130396
1485128466680654138652179
2344087356179033188103716
2919556212391303664424173
1530156972775174698018478
2693568486063317547659551
8666160379062688012366640
8598198931571991131893621
9669949837676082437820541
5778936919359729904888426
18630447514223718492152934
14705913907450546193941212
14224050667229040144477161
11154951414521487567158635
17890619557918436530834579
4530148987603242873735906
9357955831446199426887723
17608286351134546161577981
1410991746070396760372512
17064197077527474190361929
2071783783662064795270169
2749399864866868079459245
19223991443724612432549059
13076444924801312501714105
14421132575098777374048345
15781177720859446917823075
14810780856324171896838677
6244026438821329220266254
1974924360202759460165601
15049111384906252615022080
14272475825131654786042179
16872676786894787137466859
3596494753338168122687968
11423878917915611839812621
8494075011832384012016141
5303506545496596571104022
15674234512123259811918844
8003135677510741519223051
2839402307963524885597290
3834795930763437487142711
737481650978038827372493
12388279192747187313128773
2182334868852224663787954
2700691437943319240198486
8681235066923412721617171
1183959552644622435450345
14383418640998765485017421
3624181535456555812834750
11389549748444052401007827
13998925756392818779751781
13528137038344845058537758
1766945763996724960145386
18383487088285816691707834
13794700898945464885180946
2701181211667585507709117
18577475722557141060703165
14607390209955956863033498
12038312792301381891061506
1689189374033306840314591
13493019333171301418054658
7936996033841632903900241
12337122632267438736944544
12118907928430972164255027
3830334923517087914796963
5436562665489647971809897
18052943095913687213655808
7506736136760928293595098
17221894108817884881559670
3016228957042221853917196
17304830480210677161475397
7964972612654338182901993
4078424383444040608443005
3909506815697568764922624
9658956890252529112619842
3711736764149715175067822
16811205836169032147068908
6094084922621268548569830
12324102424538925250354195
14299656651361879219651866
3679789565933282945024709
8722757042356681635605701
9377407534886737967256675
19043256644493968671065903
3403419882439204062767870
15962079165743208915206580
6225240390080637813790309
11387919045987282406299146
13217986669155989798732661
4047580149896722379596443
4588866708625632382707680
6271658056133916519019072
3125199233601511619853302
12183452597635267755369419
8885606935244214527359663
6379522507739888776483909
18361625230985720740750194
14445748412782622516903472
12078019345146849601428892
2169508944218754452843437
3241827474396809882515194
7951722235869039523388430
17290406433742912665556801
11823065007639553310792715
1489802062066536998848175
5606797536064502260491044
16674981825717666470079698
15457628799199564455072721
12343072712767648558970699
7384588627992665721428954
8035841394020084784507317
17836276628144959712427443
15471027701397499551341668
17466251768518732986692310
8487674117607524437054222
7958139416207228854970928
14874653798000592190435621
13454009088518773758751245
6294300924726678805238074
7593035245926679741861782
17416058857084722786163236
15823517942943741283081590
14325624780550983236535961
18183907466103414046192028
8413858971559913543293505
15594861710973475163487054
5642549149066966592740075
16140970176366996821093210
1048085263395236740151781
11149872716323583864902619
3452592917790250089332845
11119478255977373437220340
3263920628146118052236606
1327824272448475628666142
1295867721645554273100367
3476883553840735739719449
12163157400764291667417817
8245988758636514898114900
14386162023347805073131409
18236315909037316694008076
12070804381733370095628471
4838604554144276063475123
9622206187847141961618907
3314338155464505465509472
11388983159522901207433847
16924711842922574739882044
14419077049440674372888507
9241196158027118945318835
7781158742445634612080796
8367516407263456786770991
18229425994418780609719163
14943176324786715381411250
1587016819845504092103362
5746772265331305576612175
8108703406078469512542077
13322870307404663331909793
5062053025745380839671237
9013529589834868904076026
3299171660135553706577710
19011473042566692708227453
4561056887281509057275621
3786967038944372924695954
17372881402468787305758417
1786589001057380833481284
17147716398988385912947977
18037628612199350645717545
16266067577296184539608245
5320354251327108562574553
6945077718174684079717593
13603282335653133001504334
13128811191076074453275984
15934064990393472850415548
1897150565689318122303721
12427433057260306236180960
12799973368577894219767226
936392005913609186189718
8441628851385227988003099
19015528886501002123354058
8779503516595544458581778
6633626735413422694538586
16635196965273005865693557
6426140774497708190190130
7587478198477696167143159
13559817141714043981186469
13032434165832192091111921
7592026825316328214845045
6103208971411928594866593
442630772818601921976829
2446185910011377886304182
1149886387798927698646018
18511680027022986848801197
14574033970201829263172037
1722533744073217118990169
3207390684407266005595433
13733579265956985043160185
5037615912108023330169617
13775085034906601659170059
4879661945941297279600931
957974296699602777160437
4198964541867748200404938
13607238738718017308322934
6627786748732811914684311
13108364589469103643447297
18016362400532248061739894
15748002003233214838111818
9482223751127546046302482
4839485172546815056553967
4020548227557666528718495
22079431769020822966749
798285813717623065257401
14865698269390005432341567
13127659722704588617637661
11616151597377601594611234
3738811895868768030634292
10948727067531781741785601
18237066489271422878704937
4028984504607900232159991
17025098086396327990987989
7658290753259621196104483
11340416129420214118641791
8952315756734413634090605
18190727785092994488673425
90757854638428443802879
9528450122696001603069167
11305295188519958228249171
6421245693704389720188108
4642771434879626594892125
5574384992122628786139901
2952462518542629650914468
13506785215006658164237418
11626082059890199825418687
19059762646736806708569696
16556401236860395710656341
7628040776762920375006754
3159838805810092856433893
3528440927211536020906418
9330685158087454507229167
3961829424423637362785084
6115862901743344404267309
15314508549517298048154221
12175904058352759900158953
17049573689743596253365680
13690444185658253619078133
13088421934701355532499555
9534436068946817403241711
3098932905398891869501717
7433428476955815035880594
18349724782388390248734763
7172684812575344885706215
3299979276133798235888960
16773884626857124082645799
3370809276731279697356412
7096071907054352454286586
5897571451095515993158014
4230634831303020351599366
16759514294750642434794677
8135529152221194831124937
3927800399696537137959100
6911118780476669979286581
8482083358972815874574089
17975385456168087410135609
737504779092943337677950
12153613693816103485019461
6506930252467635635077951
3437006441367323284279465
15522137360470887923799213
6215897246526135652153058
213587716002623305200043
14678363533880846983045093
702702658447709273406734
3532823658372705261828765
9169253601705030554230203
11983683976648729707950430
11625989074139066872822580
2443168744230422848342761
4164510776788166080308667
229704922357878240211029
19241006387306273750961273
5320963231734935070891477
18470302785320505848747836
2471327426774538028462715
2433111306534418555131830
3604532758539867878140978
810439211667100370513251
7207267521128441171126702
5332822300388943646494972
11039656586090155112125139
15877320006353595985925914
11107567865790076842407034
7740855414509646800805936
18848442969997188289352960
12005719120452833919079596
9059671214936079313613340
4821386433075205044638522
14113691720414649605147802
14564986022395837515826981
18515311094914338515498257
13201361217221865313075486
15091903514037575445753360
11054712217295908558038234
12462210959447781916075292
19315162119135724854254818
8639901623134179588183266
7698022430575168617234702
14933730723604280890140666
67852805676962019387952
4553917439826685291274095
15024863043229742254331073
14191140376240967620430358
16306158929842628000739902
9476384483367722706913588
2864719077095009753152548
15643755100210897355842195
1610570693465229705199795
8647963562718417253182386
11814682660402159809166246
6543232111498970396482038
8269417284890442287723015
12943697048181615428802414
13084017026234610586575094
17189064711182705726746080
2451509930179304035230289
7809523325091829714904507
10923022977401841202820757
3283841868397418489570762
11085463723443443904830947
13320575420547662149508674
13881123119493644043678145
8321327261127610298420389
7096461417966126625287459
18654610144149227813310874
18917136429183408606681442
5975699249465938949694665
15032097038330610650510398
1122676093943381031131126
6314976920194037206959231
4784766563524500962280592
862695448792152153203428
7163920142118966878397393
