3490085089001691661367903
1456791517884693671669530
3838423671809191020837884
3645036843890696454970021
11884131424117048901885614
13597535618491560228793379
13841740033752032660991997
16870133688650670030561795
11693127257696679310258646
14761569052460656732331622
14310629330937597808782231
11258717887712878721809500
4464727328955281204631370
9488595128806002036043878
13652768343862468266934396
14511083152822172718620639
18259338585899334270909731
5598254971135840408231333
17904079199354105860192876
14463480985049476845323172
12913027766513196733753303
4048523757915399921057682
2605286762620583031021214
5970810357801302314760510
2493533108455401756284738
16854489537525146087654818
11183457880316668386323101
15202386553220536198783796
8902829087191608913887651
18295661320763717213019077
580588357211357668620733
19278366990399616751295049
7816833683630918357836973
6030646012681968365523207
6092730147366961901014779
783428181616258592665439
6480815208551774656218905
2478911487730716676210464
5307625857381528984649244
11640127332383651628793770
8887148351795564018254043
13330348372808648660421916
4365471259396364633449233
14678087895217661653429910
15483184732715223906921053
896641763382829479941138
2643831849825328135864924
2279261544668449893083595
293147601389411987499471
11359167717412849096640270
12094458982904564206167153
13158060573566414943275280
15963450549092608773312078
7833790694458016365417986
9226108014916881420760893
14297303644692492599778114
15365487444261620713504717
6837047909478788673328660
8908629942660525236244804
1229675407304934311449086
8809235036893950558016771
1231847576037841956922370
2371478037681799516450047
8234938843380621584192565
4206869546329727651506039
14375725015672733871364826
5726871658815046662942149
11641309058329962261578849
12531453996274458261060842
6197935461224422551732688
7059609095697313642517169
4991042379849208144821693
3849385845095909197016070
16216051287930868503752463
6584848257249347367182673
18201737295503397629861044
12002371414022893372056147
6199645005007621705388741
14465920484346491862791073
7013440542157246103392847
6184751291363146043514926
964630505257621000629675
2452398751696151924532082
16671994036464613879116442
8757469179393626270687527
6199162157904412527667486
6946145752611793098806811
8220076025126395046971086
14946582159929189989104965
13021173523128277787027440
7846866311972246618280784
17874725628820463781286662
5051751477039913711525948
5672552115502314360566351
14818317853370954274600354
15853796351331818757097394
8999900617009068386470614
18162228153184551677261578
7815572582739839244518110
13406815308360367166355942
14033155764683467413107290
14786412897962619587703975
16804010979652912252706729
11231654314855078989965724
14633394871801183525425765
8732178787042753381334032
6743421099084067362851699
5958753724620006179892929
14389253008095434216612787
6926832344407713680801588
353831298786681435210571
8483456850518212862398943
5120000710170405454159597
4320868461498752105077589
8409362392043688658942333
11263785042552851666269565
5336167414953277925276845
15708687165647434808956123
14616981440510256939350798
17048350174451287338147099
8156890975079955859311273
7825851047189341170712497
8853718802646126607154377
16093861570398525350738482
2743369331371960719818859
16159322611732375405792331
8438447907853251355407084
9058602314808227957506417
13303419845572756182322951
912119036790504274577236
4125518420372682529808492
834044519858834289505079
2582020893802711475338830
6285836809802230312208942
704788716749598568244180
16465141514829294807929120
11076740461369025910920985
8156969523382073002429639
12019255568826636711621093
6790206579906645546823360
2477500874473303510313572
2364989708081828336034106
3429038798975336986430833
15536928955620524399936491
5139062073684763933451005
18343998378735699316175356
13483622576200908961240814
5277672486957364038164748
1741912213397152894538100
13654107418203821285524500
2765608593889011124231897
1762169704928118864274298
4312751066994648753614148
8834330434953539258114875
15542025731832789273998654
19123605474547926783769467
15389665391586255212239782
3772123486222109199319356
11091925267473277607179977
2645526279622027906921971
2076558286161516476776390
1582432176420397137165391
16930828437093514174757285
3713839442807850547989089
5226955795785124618645443
19077394399431783526774460
14521697731978686566701501
912819689919248869383221
8223069245647227174100119
13580609232510819301079705
12569852394787044994527698
7618566598145990117818969
13700813341868980006084110
19097810038370000793218357
14822947092998298629557316
13533538005246076424451529
5613472445667211518795271
2355372922307278390893259
6744447251755251892237924
17916461005800233818117679
384374068011927466407246
6129152462419459345010868
11300739176909499833100133
9668055074060537588593782
17817144466347877707158964
3541375756344020661162335
16962040374606194607485458
1035088789494958412475101
15062644247060699284565985
766080653534824922575069
15349923990088458713370377
3446495169636163689683660
17671696941350750251720778
1784993132474549684604342
4378194309585501524189234
17153610050724164006883482
8778707494811879160880589
307637049507023992484431
14274707608663398419906473
3999784051268570276757303
16773200920273981036067180
19175978713949425954566125
15315665245636986862348592
218074608103225537017415
17771239420390920346096800
7682899047597204474873058
4669777645480474610230371
13157927520343261271389851
2914812762100166833016598
11670382113739177974887351
5034645163435857980679287
1642583479491315663560314
19185082208761733825586775
13598662683161227365829313
15063198128671975924201964
5068606827210839985307407
4355200235552633977656985
17207807945655805608043009
7356085752981590384987187
1971360435263467140427578
16139473312844149530041645
2975084886282586813884245
14477902483455808930616621
16008161401581004041677479
8614851895518735537143472
8773325540052744110093206
5541323102547194739346485
13243000227650407050403728
8976771760541966269050890
17671707197944866824482682
6746525553418714276428529
12576327221768592014961703
11021505290270697217591143
18814862354723462916605546
3820805739208845449427423
14721066069944330229633390
6865651446997177151118276
2291349992844380457910100
19249470571823089013449895
6547495836930290030676251
7505397137538146341014980
15517533864841247190559498
18957421532871600748207682
8774539430976279755230172
4828333397654301733002359
5746894442589210087062757
17251432691225433277633402
14452685267063762880916162
5029398980412033586553833
914616840173720065724754
973688032886677905243426
2754318832513016895240118
4980977304882116425586603
9624009593281944495379626
18889417698580382934773151
5724871050844722874098208
9594006611497174299333758
3421680918456012756907695
13899819264963149190931787
1925196467492294215702831
5225829746384073314336735
4206735383747569903990116
15620505530588796284288235
7327874925007868868054432
9158869893067990644873809
19304381896048495255178020
6770521577330964676140981
6012066249674584910680075
16494241175286209682643755
6113964405417697462852829
4640492754995685722008225
15098802749019133748823038
9005736928102379950206180
7697653490298774074176563
4206138821864436874059101
16957058695333915650696470
14211554202436777799302514
8890451815931090324145785
14010100393844893057840108
2877625035678908458038576
2676731227142444267097007
7700255967486492608226649
4400641266157813330350109
4182134468314046024365522
15357249358132642938868564
13461409006027385176712519
5018360747802117122208428
13320652898822049903672749
18963085258706284333743533
6788395807979593844973534
15006792318044674906990363
14600283048421169474508542
2642867288279773144203492
7056892330846939819496710
12907498977930723564535601
13674207348768757352900098
11141260411108125772199391
5189131145035621461184893
13251869933222466775768563
8102490154939684900135758
7776464899020961031115845
17393074260824490290402238
6391265210371987633752921
17057777875046135397103537
3758535235959373268261267
15693338328116472919430227
14012829530641522824553825
11845243129160933744439657
6336156238068542201511035
16626777151450747002704702
3282638070060659456775341
9668255700791530274346757
4614396399308503881524989
1117506396047641169111702
12202319980626938032925695
13710785170517022294556283
4230891868233908813445916
4037716747954924688518051
3307368976786011739215358
427995576732414450992102
18129099932735942499943039
14144036724868219053923132
17731227328610297940030580
2103035235692296937083607
6349221438809486183499109
3567377914314646465048110
16762373194748504360829049
2622751417046974533936253
7327848747070706956959706
3758838021638066398227098
2881152412280392251231862
9023765663070733228755762
7478737848700107472433051
5845879292636679022382707
4468010437572838791166585
4327359379176770130070034
8961974422367705720808593
2310755829018173455611482
5678047999598899278259372
7026228788211729658798736
14794548700163074721981306
4587288782092657257307190
16071873198684665096638381
12112274678614170614202293
16301925013081202316348169
9568448465133195388322486
18048431993108555657978468
1053909772438724449236035
8820717117013266492388
11896366529035268106081778
15612077190308711533718031
18422782998854750701495824
8418493693188099446070961
2262420251025932268729811
16076362680646428234146526
4796791413460931581228005
13537644375015558214856095
14219704110706056647366372
5173231529131989837405109
16422560129206083127633436
15094428312710595286247360
4554172250474593913483855
14091168693298819277197722
11441083959960909754778953
7578552058819685681795679
1004320059711412888578448
7938791610848180119982510
1046813312115784690352151
16772350752770422074454963
2773803841382002407047671
5533389268443408662735721
16188618617263567704777249
3360551163494669043333488
7083471732849490966051792
2814231552088880577956319
2015196874162791451241051
7813820388412975586295759
13671072557689360047997655
2557559857687598769149198
13249156505683776729912015
2944010553407431922607439
3135003022943755607629402
16923707519018981288825526
18834502910817419619456546
14557621802253296805657011
17462376794925676544146727
14659224902800466554578115
7386282639147036565714865
14754070692459115854423600
1717285746272947451833311
198864456019839512631972
14564317330991257126867982
18695597902309635456780638
15856160804551709452074909
4102247182172082813957999
16778501636638018622231661
14146565292740703838941108
17403008810664561298290604
5112588820477023298525845
17006936526736072357499979
12820213154579487381102101
11962491292402701069007439
7959847669515091153137861
2327965646188048508819922
18041513197614849620705682
13355198027218491777145403
6750438907039714201450235
5686899306811364800679120
995853337611259410125310
7304082451978304937513930
14026623417933026141906068
2362353957281869758383692
14294361451575053739376583
2504604581567050301586086
6570717779315469926271500
14280843089982040808184640
5647878232207430724866849
6214077479384191309582878
7271576318731495089089074
167343390715729628502591
2151733573283897484850114
500936752196299671938923
15735298379762453509645879
16970299015265938673427307
17972749086780560291582934
16488682174641207691074209
18234273981580380265794599
18116954417559184320759509
3243065952839701112544915
5699738836861438671332247
7127426824503598356653751
15750158647400512267721795
12283763044803506086244119
60060078717669375791452
17639213676379170454771036
61595034697904706692702
19030653989854087281211139
4341849125169129019610858
8403297149566232286460650
13751736523060591734323552
14402866208637721514437343
5037284695054206336043958
16050420091108423186447970
1013746824055952097781274
16487141983097458603179668
5173682147388964861161317
3962728647926898073939809
17524330812882699805980452
4541660223637400567114739
12221405574552527740947439
13820929145590324419082062
18328446450439530858037020
3331048182066244128065820
18508368169057377248073217
15034593327795617928909918
15337987592630312090494066
8021425887532280970915073
13345005873712411959087171
15807328578603833673069599
13394943479963483515263489
5680332840227024993792634
8137307503498806530065667
15793361755206638195061421
17976772043731631651246458
18305606179077140173052388
2036568545413395327057636
16457909137705069167749808
7701848131657689533264944
3535975617570177921569972
17959295582092885320494883
7393882790744065496462335
9382048296678523890244033
5654868046785674026515193
15691290968271614946093908
8743173735057330982829747
7105402969452151817684829
12034078358530788249968222
9143036198234036427630489
3309883143064932555406692
13559714100645320564301177
4792460826493111313016605
12140490754286673355773518
15450033540515677604898501
1731836968949372086471999
12863909361180660220048303
14732508035902057930176336
257767305234312098442717
14494176296318954705720332
2525403554647940135794586
18699165907735765217782831
12565330271069466217417873
18955872824404435113423677
5756657155986624955022113
3132022939758127225700348
8854158141358776539566003
17289005708932509502321850
2218029231741989790956718
2289362247625249959070881
9455434522834921662448110
15639527286143733056197235
7674459980935444781355063
19044067143610134349982727
4443408380803161286268237
15654703549978114064882588
5133052064121831653192367
3653601449632492085542228
14492235882178934153593665
7277884934330966974052864
2178704580105847957154309
7844975004094278817569629
8226241836674154007500058
