14355979045442456149188977
18895171009700805935571910
16741960180356200651316752
7707450098860971831317612
15948741463266716640663120
4668749371241497130115474
774108123193579105269327
202410147324252662823260
9330783766397337657991295
7004458377007546714100181
17484060149084539532428709
6251752935905510236067109
5575051231908094252775996
3658121057663827821530830
13005580524285735351641670
4638977343173303740496933
8563554717577814768300334
502357730793627681232630
4621438513417995464721254
19236507884593165506535094
7629422259196569024127979
373539344700714205031585
16047764991948035847947169
12797000578920304977515687
6592635051644651597762580
17812533779916364128396897
11215634036824915069562860
4058020049307732730146705
8549646290336865257371262
3615779161827399702590540
17806607787485858533360542
6623696518647380068498123
2788184992445949773018898
18328811131491111631974617
19312469753855987286964701
17852021342136517717369014
821614684025271812902675
17769064641245691358625404
18857758703906518860372251
7320823399567707079692395
16504706570745461049900253
6068437142838239008397621
4540373213711975847700821
8618862872612167802104502
6293559860004031395410403
17431737555585049753250156
8116788536299462150121399
2680338787263961307047239
2614757355815032647401069
13460126382554871585758315
8354695279651770509605532
6006438815027628893719085
1523287383980470529647
14061835976747912209125936
12075337199644671517877705
6607723124216396212091805
7834793779573900655461399
11665695243761742221925596
9003729155594289261892382
6340081371919047454315275
3919890756688768340244251
13042652944220448273560393
5916789334794578058693857
18144587672772316968650039
10978819650134099837751925
11618505404742819392801172
5045457950746022151765201
17829112814128544488662240
5609855295947922228647056
12394880117954884419403125
225669736926497627984861
15544257321254672092250021
3010350529026557690504761
14316532652287468051715854
9515809817055068007842507
14887010882100807396902651
12214351195624265269462757
14199933364708263429684485
2448876325544283442316339
9458069631348316852313603
8546097766774746539306263
8415829265166090901433175
306596200298632386968014
17108306759065388923611619
5091097136548976514841600
6307204080767206320887483
14603673529480822675989603
1342424232864079682535458
4958498998176389909628278
105796970736725426900073
17065186827939243343171186
5191481212609073045173476
1604955526314806434410831
12503942373428499627516017
11137324449287819153263697
9524677596592345876610480
14391732165668149647169294
2214194037171917120825835
15213585604527561514606197
17370098017715478000453437
7139502040592606981382309
12004367220071303556700118
19091139830931250085739478
17605283404316998927050171
13374935158877720877919187
5187984686148655544201449
11846567565666788815845332
17524583297541807929034132
7808965826651025853581924
5047419517582106178471504
3226267115908761873001631
6516759758646606931414843
2117914267537704653307234
7377851903378925765777167
6878935944601225113884530
3757195361386314555008089
1601119884272183830085472
16150546439884141103470950
18187596930995868723318347
6568478401366029369571110
15441092681131675404263975
15692749974367789606645985
8141004573156982580704876
8382224226767997760840393
16485654109858416372448730
16141179309845100402304684
16491359794273960798054227
19107980862068554035255648
2950074612508096969433174
3869116301955311822279765
13802283378876196783592436
3238664201636996866556951
37588060516033323934001
11271838501739660270466508
14505476004704815698147888
14250135477029740524512317
5639397238346585461500230
597809034214054513061673
8963056417666900714483561
1485861031932003564186517
1124526884182696066548705
4532517420979089594571258
11098997173165791457978155
14971016516538941866933718
7430624934826975761734206
4048750256110480543437831
18848683919464975808373394
17778925163474096547248503
11327143867551790942614012
7033779126969380225012565
8093236706054850398886462
14090833335530421406374524
5966365443346795892587953
17763485434704541718430331
16629704881080814668291841
11705070197885471964158655
734103515242510152495348
9214364437007527047697431
12164949569650317631757019
6543751676764176706162036
17171984502700654901193458
18121729247523836872703828
18167132578502558050430004
6438468960190933458413921
12670345018356060902192606
7413957884795812204628521
6454637546655987284787305
1464332497751136382423468
3820571901449532872487869
2477460042852908887981346
3686166623343029403655654
5801119096089184194443775
14420311641351885524529895
5640171715569256053994070
13691430571678945843461792
5391691821029565734884900
1975505883445743834870342
11112617734647400221089118
17185156761906097306318631
8044001487403957007748545
14116864634609544860362582
14572677340492862392564959
6578920403433849280419826
15046527655506356808496795
845219657039590867206121
5518461622752479773185663
11369901353301910336140453
4472435263657305841104173
11066330782840078248817151
18596308730896404348872311
13396371988837207986017091
5709408731937912021847974
11838902251881882680145071
11370097718515499324997476
12803429827999048617417502
1079857826181002297196071
3725941122373996988331452
1428986094907179947551676
8452041058857553214904134
16553408047192408616684311
7203688454922529693880547
5305100291026793501085518
3691839194396373407101479
5130358816917841244215792
15580944743171917349792102
19032656320269113099093494
14679150319586847975307190
18035550854816988954378998
12975626874701787561937518
11612899918419160620262310
16971894206690618548775468
18936916828027621494602288
4732625273302508073319026
15370229954679064417925908
8700096074216056298912278
12044324386404143363483499
18186920774894015184844742
2227766870265818944367274
15079307135602429405911718
704837061004383861200531
18573865184236714775418007
14353058887326255013752028
18113136913059262476989081
1221857987524885732970339
12524737170992089398361825
9303640810142145904265577
7626942127399912238724460
13862215290787904623677591
8838885937010851143884000
3537732427520223625158841
9520564517167379171665911
7345368187200872511400201
18376279900074038692064489
14288324075713211040614386
11927216983700576263621461
11024283247132529824873296
9197781484219111020905805
9179994116871181771575527
18624900187646870902664028
7418013922968172048546668
2717045407408632192868294
2237978162535708005425009
4200504376333961434866675
17311734220991193909573161
7510830222818526479300100
1495775129523190473827822
9643563066204700733523062
14596185844046636093023803
17793657937051800247551020
8674753131526319238090467
8835427705192258709438287
6871167684113335854691637
55137326244928117593891
1965902011584375801327473
17887792569502008702172995
17307673274254302265331278
14061694781233168179426755
14474060955200971763362592
18607573458499474855703130
14753833642930342062388746
6263512041366457800273053
2638863608272360107287380
14175943951494458193407836
4185971584871258228063733
14521317703074061054724588
7979602581859150838693481
14100116657742482017270508
17285504741467204533087572
5270205762017049825775741
177805108305970360828480
18714104171013889630483577
16689479493855299064769841
5668416572187906954758919
7289923832647653477272741
3523700385031503706038238
11435745045701957325787770
15986702497681098098988731
6593811103793850489597962
18252828979108798838811499
13179588482740422390730645
14600643431272375214928390
4939523836638519436722627
9225585305571272786324020
14098425739235277940322575
11577903494818201919839615
15234316034615535394380633
17239413618145447848378203
15343272044027487252925737
8473820644900597932630828
16726243085811228205778910
18734824455540332570210715
15097543911795008823305052
11475150263062950997123095
17749677756721238238282310
14714311981309738320040462
3561988716548431386286508
15703964205050152264966047
11778087562863662220096842
4505508548772173789126058
11241545669586270774238527
16492054960757667853393217
1134849894584773711360765
4324333256849707454034331
6518090424487082050123579
4092797153286182658635517
9024916157269450553109508
14219376520963111111228646
16469046449401454006062122
5992368570405812383206372
2570026537534026858551615
18859623591528912554190647
133678937993831748697549
18445931603583489760110922
6809346186004296806199861
19094883776712857866453623
511481419058575781394207
18826537478193283552422399
6496863344549635365992259
19294752227236434910730675
7407821894634942511778401
17339240095245354639871850
6936378362555767895385269
4135252458079169835705124
3383364871997970199292560
18962096293100968100151513
17502753935067201078364118
11949532058968652361119264
8601612720493934091189719
13056729788998670910135873
8699192861547226004186217
18873893897740922050102276
16533738988491199808756271
4841801239940366393297403
2650953036628742361881919
11833128554292118789300001
17185786696292043981123488
4204936563577636029682244
9011190350885557759037250
13525499401694595751758171
19171089480311068381505906
8773055710865018023789786
227577684486967319183410
6791612117723604795105129
18921103541562139806735908
13031881977882995021313822
4842698392334330109159323
5270526949035100098197054
5582428581589102798804290
12068358476371369823118128
4222884733369290021160462
715828245043432767696973
5193441195524149628102470
8748724945821442384289975
10890534539024859457871709
7098897702982835398668832
6580997784650937219197519
7702840365391313600577990
12217829398729389160084759
15716037506843894117526022
12527492502674119428439602
8406920259550741033634676
6799390036463914479024036
18415662085252711888203579
2263959003255583276475468
14794787883119211857658676
12803240230055052359917437
8864955969677553750707569
12035930886782514775629565
6628634638415274696702500
3747774676519950278060859
16262236852080416932343227
1899996043964940002478427
4003176584109552030360187
7433228516391757601704994
8965012566113541855416833
5297349278745140431610877
1119134431066108081744583
15526804710715813501731306
4869275269082722877907184
3849454289364324546503387
6409105693726962983343438
5665921751532447528250725
6566871933855273083367879
7441168975879943994599767
13852463905355901639641543
5205875790160020678369708
8952184709492908109919578
19105833080906055427173184
6263276322649692067517682
6218974395707303910582025
2680919335866081447420523
18498287856709002745812694
13796127913040703281577996
4510624474581656402676038
943525984209522911899807
5830673442443734912249970
15064868622158186170185303
11804667806805514395415485
12284073352721734717593005
847092040091880262872407
12997470296460719692928025
1761959877441800635481682
6825275919675354314563756
15953607032338757155268367
17785071586658978041761711
13896929584637325335236642
8675209992189576492555375
9544332429796766694401727
12283155669231997573221135
835272026029407352311923
14675784224237547154675009
9322574551989090544191238
5725841632266299647317172
905602419591567407311923
3977743019867766962014978
3418890385249850977591372
13873849747283435071042902
19310954859294255187053365
16130429395957914588036518
3197617153029040179649509
18427732730279530511076144
11324928872031311713871318
17657033311489927080762028
14199307738658872072068710
19091164691873881596802108
6421352206328645927189738
18981354096875668495558486
12031509248016453445948907
11840797229955322832897131
3979483218340542599082101
8619780313681868355995904
9521530941450639635766439
1042196314994675803343438
6352547845249964971457149
9041645321797650050329589
3222777582107896067769865
16878414137943367881269842
13316130630084327837723886
13198511301202926921109154
8067763807732796586442737
13312791062493789531603604
14237964762684207899767326
1920502347933539860893810
16182077401427890501170900
11006958992388239200123605
12079516359588789262504807
6828349404172192652329238
9569602995031149912354222
13175108645358846943013206
7834098871162081550094796
8817618390774583404191338
3838441020101611827608843
4368810367687223864515261
17460822826005154661235889
16596590097174024942846924
6542685018543468484903095
16980999963502637478661203
8636578969974291075775353
5368457946441096925320505
545230971512901078610863
15966370396119047964640837
16009089188184858607135812
13708951218591013367355122
17685194220842453169845459
14969061334994316997976086
5258240958237677441159530
14872729054939470192552350
18412589275389368400484126
15202579438507558612456996
8748097153681368533280085
523340417572343886782176
3803590614366587180759771
2201389721466005442486991
7173444054627095786314330
6909251368077204531347143
11657755786571429565485861
3552295627915035581695534
15190621967766739795180601
61490326095850578940606
164044810797878389114207
18957391393151610654664508
2209551212879880169280304
10899159274576086863537869
6888354898748229500379883
15948780374963051243117904
18303947340314928911971815
1375300155353195375909425
15612274256962978241486604
18088571525732810487863045
15389363979413579448594921
4600586996678594593382560
2582152301998976705395311
16837984811763187828259589
17811587058308663757741628
2351945635214334761991521
1542481892529454162900780
13246878344316965842069217
7813688208798536086476354
16071562433371555072467187
16893176382021764763120848
7606586394756744298278885
17097104649420450866140473
5794271015553509227943580
4450661714255273611179383
18618592991011905966720223
12448430848760171001244619
12486515626328623983377700
2283592452434957771986266
17728982135794416052329769
11001442900403264070560299
16948246817456354788771482
