3604867113555306531
-4045603857689667664
2848792713138176758
5808624103238027225
-11043076069398982200
916927029712465528
-3839980947317060205
-69443145757614832
-9871444850546708536
-3286422528487933855
-3104140186960072018
-12868635489847071294
4827864816565419143
-958146734964066295
-7762732402553856669
-12309055561407379525
4840705186286968702
1000901814921132321
-6057972372524014346
-13216204634078116320
-16122836955775083295
6408523764320764608
-4646669396434520231
2054431776048591877
415230579635799563
-9618745791920001917
-1570761078598458890
-4628187645737191561
3091017205148346576
4323020269485726220
-470205637685879579
-6582797472421915560
15724191242920304790
4432751249429853757
7381890863436303632
23230549241136436
12600289162215969348
8160136872311734923
9820773954937814100
-2650010690535802512
11980844681126948109
-2196675162379310059
-518590996468547942
-5022893975284666474
-3946201932823882255
-8710222721404602822
7054844237473050203
4754600716099185343
5878177668195027334
-8880906618863151866
-6444834203216364564
-8733462077782357938
-6656677498147195246
8067496514310189479
-1404270867491199375
13111247619585849
-1981262019924070407
11415610647691851732
10071550459055250201
-4915980505450609415
1080132002064933821
7340605033466398486
-7796890355602297192
5406929097922487048
716679269035416396
1923024407488431349
4133010993832608645
-12781836909920481371
-10652046432024544623
8937284881221176003
1399604436902707111
14101720453946496167
3899743844327532763
-11419966499462710197
4674579866400106734
2586632586561688186
-3049865420553122288
-1030098357808119053
-13055005853130478850
7755717240607917155
-912275339993720305
4049851488418277314
-307032034512358648
4280159130192367677
12926837462040800619
3379433695167422864
8809407559087980736
13394208171051155032
4536776590782016091
-13744451844087695553
9866702970939828699
-11919056155217949815
9080201249765364662
6584349277227285999
-12821245754046634328
1370932193499687542
4887562115962081523
-8129779716776061420
16507321891374198713
-6086286164461558168
-6438839878402083563
-11716411979993981996
-274529794117726059
-1072776242087288602
-12314605759393165021
3807325189911088408
11587156631849046996
7295376933084635055
2963003451042802217
9711173187134149477
-1605117472786084759
2617960418962795586
-2366163756528542236
9175739680842582671
-1861098474881786364
-8134109115234254454
11495016066419437878
-9847676588346950658
3251933254582659357
1509120552920248238
-2205692481062823956
9328340407730605810
14748440176728840367
-10570875756917407260
886475125130423650
-10456644770130589093
7906178888023572865
15262229538983389996
-12037065577486222683
-5508923530021221986
11137340607167971600
4654307759193117217
1750038857284098059
4911212298420580704
-8150317785261977408
-11155356991149210124
-15269574814195133253
13023662692582907051
-15469085372923409239
11240447028455934340
2426213031055695022
3701662867262560303
-5719242864576056181
2717844801713458597
7242733653413797280
-6813905695504838523
-5431673555456985267
5782219463304461477
6875806901608486700
860518502264712632
-5681478471506058926
-2685820332142269844
5230468246818809624
4638693557426045836
-3169378870431181829
269071080346473534
-2465567181335879633
5258747811875661139
-10288945830537830230
-2548283270356651375
-3259331790822346114
-1256191346111303229
-10362285161339485778
2541403414721346102
6051680435758073936
3340559022386060816
-5111451546797429502
907878982110537018
11405013208060291410
-529219998755808066
168506321283449694
4509979819065605039
-13652308964326288777
-8292261185270642683
-6691961838331432746
-10071896764763797348
910985038757561898
8945211415696731948
352535091184041935
4645064972442943789
-2156021395155096712
9799743765743677555
-8729491684941091876
15958159485606617034
947464835413670245
-6253428331024526629
36852093681196392
7212252205587949122
-91277086226270613
542498104926256584
-604615651836757301
7740594510407478457
2675598896378293011
6126187388201043108
7881687251948568189
6576513594907330523
5588121739052271234
1294891764401584846
-6166897338956316270
-1622491811273841327
-3816702700594133268
-6829433628849905924
-10204112573272638040
-3429498841351992053
-7041153521862883463
3301092074916173759
-110793380378448202
-14688963577488033165
3110666721964448192
-9165558794089893941
9282693837228873113
-5582544680788714548
-9195405407387790011
-2371705659457467624
-6017792974069411453
4665157309102786977
7974186831304070694
975527866440354994
1562935938832056063
7718149844716881418
-7291163155222731840
9197563251553894028
-2986132761411799856
-7709880062274076037
14899303393601537358
4460016849407139802
-2896051151054618376
-2990223993825601813
12315420743538372947
-12226496237501778365
8585401679225794730
-8314132692030190219
-2643529575768608348
-7466475404265437622
1404828022005563751
4157022176337383859
2838011710446519323
1928308241888872647
-5399999570691037656
813972415920433172
14416816922963616275
1331558317240259630
1165695987737894466
2278032405739779067
-4514131908247912655
-2775012982432344168
843968130282828739
235124043736164174
-3665537599362746597
3539287154360685101
7070076796600335283
9198357034847649888
-1317110127779662950
1563657785764797035
-377859179150311509
-513914197244478193
14141263712638922416
-2671068683422329727
-1658539702869684556
-7810694976874515138
8283859395721790798
4962829560700492888
-1036537713233857650
6755129276447195109
5165808934925367397
1798260723758090411
2999848893281007228
1375396490147882931
-10879017449737009170
1804087247078217394
-3946063912259750596
-6120325843584639159
14344741024597558279
14955291872867334317
10938851744159407162
4863302558572337231
-10736437588091889341
8450370869065415676
-2002470083795988979
-5778147512092436547
-1301130103652960808
1080784405545872971
-3611720055274556130
7318955180151858697
-9693682026360782765
-7141927031706295333
186646390078940638
-2433450231373235316
-3111269499352354940
-2150059484301840404
-10318952629664396650
-6812013845646960921
5558561344527463229
8469675089915860502
693409372400359135
-8618421098470373153
-5125645644448778798
13694354099957084975
-13007920432131321928
8517692184038021520
6390250933223599523
-7178312230359936973
-1267038321394140309
-978764405724434077
10135523573896853494
4057100435772041918
-10685859551500945706
393368840812604125
12072402536664867132
2828577151928839971
6533449432454511353
5088747684223692414
12263878177968775021
-4440278652108311105
-3144133387654697538
985082321248194839
1387073399889780075
7623128505647252878
3642839306134999692
-1672926717771848496
-825817333069741117
-8560350074603544718
-10901185485601266779
2118931191086150107
11119088720855001142
438119568463114005
1645239263583352968
-2760118259006470190
989773830749448432
440936580245736329
-3082421581755433278
5917543364006174005
1885627556199112532
3431172015831791635
7344254641219457480
163967035816979747
7942072536608327930
-1015753056191145415
-1874987720804446838
6078458741535085427
-1421214599806568619
3521616532234123031
-1048582630908659392
-1831051522162037153
-9344282645274345132
14776536073344737313
5867276031409952603
-1292183668379531068
1988279466073026593
-12886915987641853943
-2377257629274497272
5329813441315621005
-817790298208944086
-7050997794238438032
-7949490376307023181
-675412558331349948
-5843821927004108240
-10540386042709065190
9727439022887067461
-11433965953648115572
-3435474414519080828
631854145322689853
1081109597226627348
-2972915777551227850
494126777767286752
7044298870033161485
14142343659889383423
2297474328614179847
844825842039826879
1496527611839191600
6972134675496279535
-7577900302274725936
4870612697053685727
6595857811316914765
-1713925694658403873
5739586402986989430
1871113108773272747
-11306850712754309431
-2854473588667070252
-3002143370415851509
2412744258148885313
-4667246673394585783
3308836422627623921
-6071484977610995590
-11851819788846932187
-4885471759910824984
-8211492345627535972
12909062317679737061
-8925271982622746512
1075482208792949414
398665217707591689
1744977104836690466
2469714321965479398
-1254602163580594984
9827589825799412866
818515101142201209
-5550770080160693418
4541594627929058167
2592545182267947623
-2395638423311940167
-8267738975711901201
-9232622495118286139
12701140920086357208
4959336683222617496
-9983013276244280993
-10516112227157967049
11726434257983585221
10395001703673215243
5994559812551690459
6057892193502900903
-3685123578736977964
-7089262900669618189
-11065318956977575010
11276087472330578401
-963034216020828633
-13249595066746619324
-3101856542345233618
4173951865533736154
15698306598165102953
5754986923941534962
-5875386096328652675
-3766461327004093820
-8521140521551325340
5780905842233940144
-1019367815105607091
-9387021151272682578
-3371099265431856805
3299170122760820669
6455270542451572889
7765411228021241601
1704001082038535845
-9979412296999976529
-2743560084414837360
-940134623447402194
-9570118298608802714
-3855303495971635451
7273114524774103666
-3645646368716450349
9085134570939437771
-8830821176126752430
-10512161590387195141
-1795929088604052659
834367866919976623
918721121376017004
-11446869360352022509
9103568203856798585
7146864778470026154
2502855764329686765
-1939477152763505948
-10239475405954180312
-12487634421014804070
-7925421590462956716
7059414427996027645
4994771994916532770
236499450125927800
2240045531711737440
-1720840330583463918
-6891989432413636809
-9843901201149104234
-5509901494958778325
1401739103590964445
2245002087459300500
3062396321992466748
-7457007576760783199
-7347305463457617001
7337352252084093754
-3543498977629615746
13341763230409768785
2904126359436154885
2147457886927282839
7262761124630332555
240436348771547742
-3726634584979325256
425665182598061399
5791393815536163365
5099088777158475045
-10984815033756516555
1472950091892751278
9083483547867541266
-8120765120084418019
-3210461953360381701
-7353534690691270629
-5442369605611372457
9246272673351183406
-9651497203646993600
4211854635976130656
-4305820485896656766
-3185517825253832312
-3434706714348014480
-4158322011823892705
640039205202041699
-8445392400533886958
9736828772271960119
-1300336805867993747
2137727405581183775
773432312203861491
-6656314777629441804
6257914780018998191
7326683322463485490
1002304104842701302
15708056799708743166
-10000304990862382752
8676840583295349562
-7911471384402298725
7531654704572717280
6692501351414212596
-6044224642082602501
7456164845988817782
-3598922602024204018
5406137311023925292
13607601036540724074
