764355829234268524166341
304360612378004553535012113
308516373547744190482107921
21938646051665521841222927
16005283769468539698563652
12570163677926891497518703
308337377207907974298534932
8406008430459509888929009
38406322930818055228814782
4455238295244876381175914
8296589075010424248586273
38673319886364200421895952
3711802101816515428545969
14129651040953730643961409
18968864245906630139756766
6200406803695777197891
19134477734172152464351178
291831990009166564333385265
6036183092352570739483808
21009882114711460060774640
20848731593627903371293857
4849870143692178849006110
3985388935889327472320283
307137516221289935887215306
302531820869061464335462545
4812309577870343606255981
23049559725008544818218341
292801684633936226757573922
19424455099701549162388797
12254565003321874311683612
307973286404459856474931202
81220814893137531126101
15635444362102843063000882
290426696395203034136829999
18135304220356821672740554
308686548254707839800487115
2394550739503579087943392
15713058815153005342573370
4600713521830826573021731
21683648362587759016283488
171180104589482755619584
2119661619841043199212379
2347336351497800043897141
38388322299898398403485802
2262583238540674137637201
15863849339610593977491665
4992226397197494720075474
7470506064864666847424560
307142089930346766824902336
308417239690283600785832688
15030407135353476988716591
15489344762076423261118513
2276533358011846140488876
15357727102118116223353604
25298216198807049118310371
19417856914166209448095986
16991461919980789921247045
38642789663363358155001572
2412860308510911979727579
1946515035327891536352003
306938780349123124625416220
3570307377081514564789253
8636618078223301129486061
8178866370147853338006029
15774269421344725701906709
307902150268142115890533165
20503579817516948919796749
303770081470408410716385482
1208362120643048539865635
38544282523660536697282276
2554491070853637950420209
37935673941994132592385265
15950424382206920507805183
23900798414378080783311362
910805537940338319164020
20727027525120646656879372
3301451671482841252687071
1668091927388675051118335
24083700617451994355990750
70888291880495684534560
305630788763594198606614749
305698947037601996347651553
303881328240206851433979711
291800597118806440296529099
19418164960886591599882988
2856961446669172906999859
15593753412994986698345667
25305740290156697191861023
16703359556795939149497664
2143344285629411152901546
14287323578507414505205535
303647023096018729932151718
291507532640105766104265007
2569646937709905891299859
2346757819438197909959707
2339565890937014584866162
1336721180000120563973404
293619079629294841618444304
7633244418136732493274657
185414412598787701808643
8239374231235289038351903
308751840379546297152220763
2800693150491576674172925
292497733232816673756369846
7532139593367830708301601
18519411951057747351639636
17061520044750215435072016
5870195470387759845405233
3017870369259616588444630
308294068271703831516016897
6403812650829631298822657
3701176880781657951677248
1190261290751412534280128
2446546824420019745726544
2198851973311508752678655
22238733886388198758924303
14512959032362562505879262
22974616441219347722728257
1062718268455049225179537
6000392743037069172285680
19499940110134117038079004
6017847015264140297036014
7173222806294213855330624
13269313736776896851537343
15967162724178235604681219
1349951488432634763411821
23320251800267290417373366
20732608444330340325195198
16778330400071842702242874
21736152346263855831044878
2714197714611257032695726
16859546820616206491726140
11029643412728247004179953
3428792072929343232396830
2138110642948524285366581
14885015531424345593455312
4747158826174938079798037
3750352051308223619134020
12392372500971420169081596
307251003044128580198158687
4013033838080363036168433
2569505835363066228093382
290218584292379354501078021
3705693654043487490946211
17204815794626996357809380
18337457549302948710060304
308261719888692274141274880
18190856524058826080255215
16844462378007394894560773
7703433897468064270726495
20557611708765886844418817
18218576746584532689245492
12168656417772339082822156
20849205236232580705919578
2442637205954188551070706
12343103148933939763893809
37554133268363695849739007
11848474705473141336768287
19512205106427309362247393
6123945553176705528361251
18083148358440953085829694
291557995925147703876445466
3262843153105677492362227
8325066331754519047692309
7400264693973146485526529
17701176186265741989778195
13515629534094029961093214
4618164085019383112334557
6147968898721574182588666
308134144358006031433270769
292229267245511767510684081
19351783995839329662346443
291057954192971423315739210
2731634227929109985954812
306982070620273901843670475
15946508123122720351957471
18186054475546138168545636
303497358024091167816044800
15366118434426602434724380
16849632013926231469998301
21689623112256595543857874
3484928945094287350969365
308715543893671337736132189
7632560617725908010119442
1204980525821219871989680
7437721510104143286152706
7007606940472977509134499
21544713043328855547342262
307236623860625333687201571
3696764338339722238258272
18134597491898844989879005
14474641251800916911173035
25641826330124504590644977
8160654187510254773596241
7693625228293073197203457
13685661404950562188684898
3481366445890317063288826
37548184923905445789117389
3106452121232253398093090
4439443062138090814123872
17837191290955293864934625
19124351859465518910994925
14832089648136986921385572
22521299038429166220079024
16009350493423716946477586
309408639593659553843061840
3541472919145132246116157
38680907157852897610047074
18436376926348707094415087
285156841055482053518134
308120006199695732054773761
307310967736198695084738982
14962490564650506768162476
2347723960143447597592530
306462657276893294288833540
4530884740232332610450129
2488576892827541263428811
14502903769892795135872451
303717748142145296751734098
18952223212764318801073202
6473392901349412055605197
2276452374144411814002950
17762540361397827247550485
6507127740215895754359022
156325689639640829344544
2861766788539513122774741
2248162282183845079988740
13585923264880914290511627
15850099669353725034501948
376013513953570537539117
14574127636268119732383172
305622353054854023199124544
307373499805608030232374545
21837991269365963005496540
19352884010470633439809985
16027191094471407300516893
968613332564561003481901
2569822891890540292149100
3887432181290003315019873
18199525361420639965011742
307012301222622130643923967
292272394520798492216987493
37675368572877349329429020
20993611232461768220539649
20495751065242953378291230
3826799170426230675553071
16939539080888682097541136
12910704699873891527548786
306037663043876248174928865
25534040638463178084196081
15646677033285083040006463
3691732237872176636899836
308343144748400181790121566
5960605191567457748319205
90721308683927390200820
306741370180930746323178000
19278102865157010221960767
13018424073967888364523164
1581317931834274703287498
17775224655981100994134801
5845905651483819152130797
292462131204132216388973166
3541769967338341109911243
306840114954055599553121231
20031941267503596004577058
307143318079742701771358549
19647037956203619560408093
5306465192155636516520700
18503074882040686844293037
17015497965499044519459835
16768545703981078898762448
5138178123349791713869294
2468949466532860175380275
12108816496449480411382803
28964046738174636734135327
12969071444384607371479811
2277379669052174208523452
13675416480639710305259296
17202991514557927659380754
16613075541083849941130447
13440388615143411722200557
37934401195026490731864576
1601212181237587610177533
94634094164154736108671
9604706475758907691134379
3694651095721503290884319
20368064989353447320208060
37481089931021949178987788
6544276651818460738424399
15799250314486509019972084
5203572936755085488165132
293702843881388143302231061
290378409566483347958535791
19130236438343670264637956
290301630845196769517651424
14598051294006177913304078
16631846611491033333313871
304419088799139336246334912
24033036073470872242958064
3169076930948125299946214
927563039955664371704909
15646988464608091526329190
14649957731948922739364843
4920996428803036298346048
304715940558954596336415987
291492586909415199880585999
24203222259739991830530
14211356237682638915064243
20862459296239491025670226
306222149559857784574858315
13384188430032891378872886
2568082693940833489646964
307582202573057016279732754
37640468209195828790891537
3702854565298704231023806
19026495058279496112955823
19413391370445121642189297
7125517013722131791067840
3622429748419231470388219
308332365162319292221222907
18355581431476871880700671
306905364599894644805210196
1502004142524411388681521
7263419373788032610237967
3602955961333844577166031
25389229240514284306186321
14720009689527943866289660
3933116421454244521972702
37863897926182698814189605
21916554868461237767774031
1360302324330460978609921
25323117118614519002812470
6082348942200886080459789
291204437705130592794699023
1284742080392967484351184
18965855290119913728737220
38336739480433176065405358
14379624890939620771148790
291199692119361077666692574
290421428968444814322430034
16774783874341748648313870
15890166948187543474975262
3176414196366755465860714
17056357848516925843318288
752037946093240002691354
12093126737496867322195972
12104219316770492881263459
3344523517097211902050063
7424209147098641323576029
15773959742416502606864131
290572331976731419197719277
3782943054491615414129391
6059867634346918812787957
14661477733997177859740731
4764870009087481214927107
17077831174495635395092736
14643672441999820229259871
28398704047048618561680
16938349640540655161430069
15663705795215046368969184
17246284324480126072127840
4841024006981295298240235
4072047057190715631006464
291280356281157638391218689
14524904381112206963449931
20642036994858953592757072
15809894643905021798187269
7346859683099296672101707
18053977078630571504287520
3472530536880631630139478
25170270186347271225572867
1317261249683650145232370
21476472057760971755947053
63091447956991433949901
7236842103082530724057580
17850634578993135974613523
292192703761414429274710257
13365273653263185865616933
309196847457993071506164833
6409191092679428424331536
3725580841076927433065203
5723878409155333756633332
4991949434513064416375121
4005716240146486471627052
7433264250268498090905612
291124447545797253927861696
2466668623229788850412224
2584727520009089040303606
4557068456220556360990995
5270783673508381077675503
14054057836934130362096929
7380437837289515570847190
308300302178220071782949451
3777047104642367349477390
17091978520876654863192577
8745157756258121548692253
18135084373085032161590078
15026830834090006370255620
290586981335969861018448323
3392132829607422231515680
3264962651056026978882288
5064186012027755087870483
14672431717202919154453967
1459489238331380543311398
308229648885982824298128126
3962176578792251364294166
1075857500881330400641521
309136126167147294819094516
309316109047278045800301263
308363957525877441372925472
13751248009272676970663402
13406023969356240546821364
7555446266441808012424477
1274997157836386121088757
2942316065077255832789505
18817508663844791679344893
292184024565267753501260432
15503510981634465215860766
1359741867143404779786266
15413824218888199755088651
13199181580552069061864706
4009352310596708166975229
166426713853263716021045
8446567163100624428457968
8261447894120815413752335
1113626467191816764239604
17221196223120157367322092
307980075795622005531017199
290213290239285597628847602
292630941999159790232540171
12292302583207407491769938
13378532393614512084942550
15635784395677826313674672
5000377738234902491368193
3784171804072422320078356
1058404067362578358424870
372423550942852531563186
7187147784315732172217620
6881873783170639766175743
308659504604704988108415823
304635254949216156105363946
23115949566027387960807727
13590341462424722181387262
20787751495074133132525312
304861801374433559887990988
97948345656690481241280
20631355315556898592397853
18199819849138503907569076
15366097289762051046899364
16004804091438310569479614
18125998793423030340145165
1297212809019060512747868
3534067963835573340266959
1077368608385887341110319
1525256329362571057626428
140824873717666665534034
4014065783584810093708751
308492410279084591547749645
2891202424589499473260030
5972096123147424599684620
13011009955265513790751269
22228268187773878899112702
1280005735937576965038687
75547483863709769544208
16798402979475401225858225
7052022018341770265181219
15625523187687768304861354
36421915378927080441040114
289226781051518702196176
15848869554579332357877555
309399491491529533316002561
19141728696797071024173059
13165704404036823870869073
15400155861240986801881114
4751700417734851387569057
14196027329759398868561252
293762485387927279049006300
1979006040652453970406115
2332873551191454297556386
306386195386497704271872400
4712844567443572992922047
21405328629442404265484531
16088182701032506546847309
7479347514957178302326252
16858904574460357540655198
7257652454195651508551649
17001348218185214359056445
4703484205794521822330384
22668602827613229560037875
3250758956203451801342755
18138314225148600288080125
308190802615653110193926574
2493763878349785742962896
26307141516863530626543552
2190880807938641928326587
290213327366453352796717071
17375304063068786247282962
291723839942255161216214590
2191955990592571742883610
308501248899504507280499247
308572042690160594096667966
306160724382920983353289373
12386744303444483766406992
2417006610570336141308623
19793429050668236064291872
15885801841901099433058065
15518896585535022241427217
306164321524022881567232834
3793033772336335425838028
309347159420489160572597232
307318350549999774812995873
