-1830271959398361826
14285758143003020231
4498233254794706935
12963376970064844689
1966830299921154292
-186327350931282124
3929481185474448221
2809965548966217402
1922043970886991469
2247885254848757072
-11578785415405482860
-618201848133944318
-4707091181768386034
-4555841234961670342
-3157847292420925883
4232886546417606712
-5168963236761683018
-1336536579759031462
8285591066901696378
-5095375667331707601
3155988604056814394
-5337076316363275684
-3596950716713898986
-14403618735950119148
20356077775594665
7499218757239460098
649344167514417074
2674166315839677772
921278588917805351
6491448274967240937
11032141338829061672
-1675706090245484036
-14068422387587634727
11621316718713519184
-15424818515810354354
-12083555959376578890
-10684349843859852394
-11800546910102407706
2940843356427262396
3748163893017315111
-9918215843230838014
-5479155847907596985
-9572765224936947197
-884558957988943881
-866757843508315609
-6982997458456596790
75939373597549750
3607216471623852474
4125895150197063850
-1114826737184332555
11491005306833173260
1996587749720445002
1296518344157591695
-10873115935361124529
-1450734990627151689
-9996179115072752156
1146309206141351699
6612986604066345906
-4474255015938442122
288890269094564096
4088458748401791623
7723256375565846758
-4146827122361198933
-9312939150298594727
-7610838487182496
13396344534443908832
-9468264815670430591
8447860668363479501
6895552689365809780
1945706433569619276
8156241083714053451
-2340614688716432352
3298662957198615343
-3997173355334491103
-10257162414684113420
11339177105122432491
7601886196614449865
-3686686481021654877
-4874213269679345565
1762944213864262402
4218456538697396293
-2185520043935781363
-384450962042521763
4127724404299698275
-1314716978758511999
387700434286701050
-2649676615956961392
6031618675062421073
2594805917487543045
-2674639562823368245
6116610410662902030
3587759339496318070
-2966486597414569230
10692971067540523672
-5100632583315704032
-3601973055346262645
8539090491786293022
-2240394552922839255
-81285621813676280
3516673264923422910
-4535418218778751480
8114634636399566942
-8377692117146216839
-4130606324324951552
-9138574681102187086
-6148026717168890405
-7699718874866488606
-7694876787796670854
-14625381119483496332
7902580470456006684
-8400216938961209288
6368661230494817297
3632324087479460180
129544460846003310
3841854013660720372
4835153500171306290
1502842973399603986
1786114544655079661
-6082426344192563001
-1143273274459186180
-10580590562457970253
10835622102089094032
-475932355410466387
5454417952770008307
-14744222709948760235
-6289968354888361436
-15133240873308129879
8362091089696118005
3143096138572360617
-7345374158578622460
-1769525571627380413
3890588209106638658
850372397028078948
5096500030534404605
-2447503575707140591
-10049301028382809890
-8555506254138828312
-7124290153674198524
-490108189722054062
9844999921600771521
4568612563846757871
1796016442557588642
6451768645921720599
-7964102823759388796
-7588217007988316496
-4281964519525283175
-9838364006293533039
-12017205101790038447
-1953130298498040767
2177005399355302966
-6987042559703548309
9041920512688802483
6821930993543245858
-13482665945646355418
5225082742784877215
-4074149946180810673
1429583784626652686
-9945619107041017738
1513030879511796129
-1918356058933951792
1443193869025754649
6280963010926088311
14138614006219477470
4832097594899277690
-9647481565593982750
-1187243596820749451
-4587359563740657829
5059105088129346398
804848340874278858
13930577419028145173
1887413371389006879
15932227208531918817
11702243430913418686
3063024467555798863
8358900654893091647
-6090308005627212718
1916065839101302617
-487130214612385160
3515490100668991877
895812148410688145
13448788661286897788
14199341695745497753
1680168543266836562
1005601420035351073
-1125897564095542942
-9261693785143223912
-14414395078029711442
28896961462632879
10126464844545884489
14964879362234174566
-1208648948850711281
7237097509679109454
-4164353149765761567
-3028243330750925878
9573532304407573256
-6560161371386846090
-13950584390707873784
-7975813203887813945
-2055650422321998860
-6800352956438824084
5936956025321357528
7891199498502695061
-9009341961947306520
-242327291207960401
-5342293671036251052
-2483049253488556778
-14978786784556885683
1286614216559749648
-1183232410157842622
2941755393680222133
6821573738199288207
-2709269533123852364
9053280259034482715
-2364465480489370996
-10629615160825910204
-56576454955477427
-2620599427960292734
9870535532737765272
1826060871168289322
-4325366301513156121
-5596003732103136716
-4191097675523170587
-2364446697345928228
-9725255997908170024
4087785841326210421
-6446743828995422888
3342460153132017650
465377680046383979
-5795198874584907207
-8828603393876725745
-11676766952084245500
-2531161200704117500
-9293019998662998189
9097620531226726019
-14356079036788973317
-1261679935557744681
3872371142521084192
4979163020908511705
-8196537360501416530
-1452100948862697259
4191355715395393314
-778190352885026607
-1730099414822057570
6980406509580073930
-273053965893426823
-1365684103215035979
11332877367872909136
11504979183887996167
-9028598916616967488
10878081670453826534
-5014054920346356304
-10836713243574891782
10663691304768183251
7775097432957927380
5290023072149488325
-6271007056988845778
3541238148394900575
4713143244008316607
13843059091707579088
-8278693630765535853
-1350678927368459941
-2566011090176530512
-2673299357608649395
3294414810680644842
-7512654085750657054
-2162188485508304964
1899234903825777414
12732333612588535131
-4540641627867935412
-4184807656534549263
-11260150829689028940
723372992931616297
1734295411432431591
12182669631751563971
-9888575882831173147
-14737343286080767063
-1593829179547416902
7854044975114077464
-2548661016070414185
3788633207210607989
249374930960098564
7135729583588080539
6454657036185153984
-3149836377266231272
-7254767778412754957
3587489566380376345
1697030732148842201
7113187324383530055
-354868881370710058
-13332543926169516509
4756036655090180449
1427746104872441081
-9671299378357460398
-10712984437772532617
-9449908846070739715
-3601036222829270755
5513355361378571007
3361155489138325923
1562628388503078558
-8639349451182106156
-9571232420733424833
-9148780297253838255
-34087486778312025
-247801990792237290
4326882575842893081
5406509655849267590
-1180569991149887467
-2971267853873208098
-8933111972969133816
-1690666257287899038
-3140513299328583654
6805764109651281104
-4654050400259204663
1498205983318320745
13178515187019227850
-6899134211278279486
-14463034935232060218
-831651427015530811
2814874811209747371
8071517738936347118
14229518922277406950
9609709483276593333
-4944276064702875721
-4935292467630816288
-2217510850363551344
-2865034055462550863
3658247089148193738
-11422319331498120975
303318306048295506
14236408788864023594
-59352756465767363
-4827396847401352431
1089607100997329242
-1950091806073318349
-6406838942255240328
-1226926977139898509
6361297299713893134
-2124938105873955800
-559481404810897589
5944678177479369205
-1843432964395796306
-11911511795870367043
-4630059853853562399
3016681620295237493
6987717534609707081
2662038040273243149
-1419426431162973322
-2207356776392639784
3024160760381979625
-3273663639718519891
7738733374130697668
14190320997837153717
-12370577186495028574
460567008281198695
200321771165627912
-6604250863785538381
-8936167638099644949
12718891525784585632
12240859512687585207
5602474448951767809
-448796515639133038
-8549916950859177786
3228375186096445591
-2682790574184391730
2327604286403373988
2650386543450171314
-2997061444629520644
10316116172947493229
-3621918903389126863
6983043943100785682
3469113558665907234
11736324217309632173
2490912510376480490
15697917956105748514
-8566228894123130512
4914312394367932938
-5354182139756769010
3553322057524154275
3411269468611516812
12315403914521562223
1925457046662420400
-4731081696602899921
-337480549309379309
-2256692413311586560
-15877901853315947457
-3367380011985320425
-10103612500202348061
-2755390204641916554
-4700406178853756095
3040198776213991982
446494055044171697
-1220111009101344973
4925708740356257936
-10401521514040849093
-2058852343459623066
9525119453422391394
-204581820086644680
6928499641199687346
6971287716556632316
1625194104872721556
9588688455273219631
1581394522646507008
-9158419569225157706
-6577159074002398577
-4799317917613306126
130251182246630089
5908657101298885890
729522964230066827
11381969061366689924
11206507631329844713
-484041062513322477
-7542336790400919285
-6059665996178206164
6940285940198232236
461312816871460814
-4404479829841208689
5180518280722161237
9353431868199622070
7396926124670870382
-11958726992407482
-455069549069639003
9610307337821860684
-9971243894117652726
-5867480944301516326
5648089176995381620
9466082687041944701
-2106916234134902588
4805512908448636294
6758864263426259063
-3031605830160736663
9558840957359683570
1948364377804659864
1437027691631316184
-3135378640257832478
-7964707081415368666
3076340993740585843
8854173150493184578
-4894318354851718040
6433297363654779847
-8277047982254769398
-5054005884111522247
-517513648219221537
-5229597015503668905
14404780466932046711
-10691271190970829927
-16390171261672667341
572977407909389162
8710983956169192570
-7961141906043739295
-8932079588429389581
-1528855089220075826
-5007228796167407095
-3569279462079820987
1689048386252107970
6560781139614704187
2342367363139356366
1642513231584374660
6009629279759816695
-15604345171949803176
-7477263275125286435
-9776716513226095817
2591181241780292540
-9703413426443952589
-4372377586544468991
11365080863012518315
-1323221180209572577
-9103596660752147544
1745701896606276383
3501147855750240935
-3411306246106635060
-7762641180142821273
-7858695361369216859
-6422610607020132559
-9054323689854727266
12582560065724038984
10254914040819687067
-4255480684196338994
-8338746874269813073
5895796987505772928
2648909359635557412
-12895158639898977835
-7558457777596630085
8428707934311522126
-3696162927571743497
-3678713358711935055
8858614805172609773
7327966046484349032
-14638969822773588832
11658249556551605482
1038236398299795648
-14656319447195824262
-10528296256294499340
-7118214350540942366
968865944312286665
10052281630109790098
-13066823240169596514
9210370966984755719
1068440144138642556
-3347066128390416673
-5474534079836171086
11995831913813369516
6510991447379812245
7126282893505515959
-291753855902165123
9334631271260044390
606297263689082026
-7477191892105526779
5848986333204810723
9009178234569312404
3096243936063886395
1523887594679543775
