17161988714484405919628366
24409934050211678865616671
5982905498924576007258367
23193295666370197423732257
1724020970654705350870268
1203356784330825531635172
3863195280560398222251725
2663691518451710434593778
1605269080669437461328213
2483413533031193143737632
308224745632157774382916156
18499048567660253323255834
15651490842470937696587822
14634728072800129181945098
17689193783879689182195973
5836663961386268544598512
15419044436917809460768766
19338033957242152984211146
37689017614613803349904906
15551071418691067471330415
2942407716301693849971978
13528841040510074669502772
16850088166474128730087462
305556960443033415166260284
5021852748542003887057
7563972544048895497149442
434530702079463394103266
2588820891939651996067092
2281216876103532830301279
6430675770278895587820369
20881308632758517361603024
19168379387669628780089588
305721356701257468388036785
21898188491002779237409056
304426765177152907015941422
307979430294936038939773950
307591541190827734149049894
308129912162367479614750534
4661567144997723830411252
5591357070405550578087007
290979000105074002405534746
13453543659731980414860575
308681614137368809382875139
830865158264724581761279
18289437886981651847499871
13242414008699955762105106
132650235100726919832550
3703207660147260319997938
3953101518314369744378834
18143640929361176238996325
21831207417004158944761260
1737807573339070603788562
3098131969031781727820719
307503016937511766862908719
19263972667734142012496895
308458452260930698168283356
1212795043237605766122531
8382755971446539138707450
14586534610251316186014438
151157089193696785931264
3943417041644645549544351
7659378753314995804691678
14861199831463681579987923
290194197674589699398019761
4077685467005220466368
23419713042031641660159168
291210391667255240053170689
8641745985030620477218581
36342779847564776290865892
3532336743598936010325268
37504480898495039070256403
16991181754645522733261248
4831288530610010902893679
14819361043316790623084993
308419067073248533674934116
22956860459297336531267819
38525079457280683906296593
14975770140267400459437019
15577669234974334230921539
1517958295388461196366850
4127699806925911257710853
17075280507083380790390829
18530161616738880210390733
4066258526144319011750211
19338140038703546012609025
2102655613812870857347314
16121906591439268183166496
6270791998171730755138209
2569038723086789136657413
16222562580486325641682731
6218217980242012736282030
3705473719830948122600190
17770965115620368755944674
20709292867387743650828848
15548390657155082848881728
16849932663027140941119403
37712854774800938202199118
17053973472510533508773329
1155636554348177673630736
3755119459327822986937334
14526867359961711010509200
37494207501748250463306038
290666606307239648623407857
14752323701371680656642048
290170182748027017853779554
14291485574862811262222131
291529956784193608139926338
12979419440943127442082546
303731102940781917375355620
38684803033022203642986956
290665599218181008776020464
37187935223745743404752929
3708568011743262025850556
146765682559538008373998
3915450687162139490122980
4931073796779424714171874
1375152532135848841237538
1526115040778622393736405
14309950000944662367689503
18135550014667745244930292
309361383034417541308145659
20904754215714171738461728
18461006494638355447275093
7177461458006140486034683
305475019768950635116105381
12523252148442408698171868
304573970846633382014664273
37628630039633140659961085
2938312770502879108650577
291736585736900979208355868
19110848889423676495699203
3857990191322043671033114
2224623164614356157546180
6894400482609498246893813
18058660183661434456306081
308436993711556554481605454
290581458584266683952320720
13174271763204713185743260
18464349345827391218323746
21582401103042786667740929
4905947772791634027147503
1534408242249521028905922
6495931159725006964671551
291497275815832321518341636
12931630427577358225486816
14675430758818217395770289
308535797945612095533943713
308001960553002210859888929
17091519350866979935445249
3553574071938055273587198
12146240354396051604566379
20546781250618364404814819
36324077571691064418304474
304815844744840491057274974
5260774926106654633503311
14880157098699338228187439
1363582380143079507210286
308507221994047847697226470
1492548018366572715237313
19027601034248021354747040
1360615820192367761486257
37126402417453609592619775
24338602736768321244958902
5051439924065634740325898
308661964654654355484695362
19296144870345316749422333
14512979580630128037481803
6884717107979679579237686
2332465208733718013071122
24316557980123878636789821
1595621173335890448005583
27794886508916262449188673
21849798132312233839149046
2805122805043176606600495
37627852600852446251439375
14308990775984939631141154
1710662202019228555333297
18577591383181796411446000
3755070164435147186888221
2273494057936843795730977
25292347931650169353913076
26276097228706572302733873
3280736285542115110355258
2415008472416198652203073
18260210724305986498184922
291308344514409638909632432
303815347258268773815570414
6462289997290095517679
21619321999512887429700881
25462685567017256842296030
18199742243479077459207215
7531865471308244622320918
14743175185638101179711297
17760577844873188031013034
19509055364591782543961104
12263521133007690557956862
304700611963685631819825168
291495748315928827343694623
17146653340722368783393020
292702904247330849394847060
6247031151658608573291312
38676267604110977009599037
290241074742871067387998416
1068491122163512551201391
13597125544746241480532284
18124780083211275488732606
303449121286293985584045741
1288229501946953181680032
18200696509818770796115202
2734899211553722186485757
8405427244578509612507055
18034125053621325052792828
20551092063403175184547891
16990769080006350378947092
309461176717265828963049732
66094684066940580710677
18057202004775630051011074
19777475189013333884407728
1656088015791546923635178
16471811360093358753111903
15192572399567562549023204
14805793746009273974787293
18079007878226722807295796
291181448653593445535181616
3943396216983805886267133
12332787908349093595594416
4766121922778876997517538
233263677509619020607211
13364947224556493582897649
290439479823595119650472367
308273224350251513913745436
16192095525499555460391940
290199166950593163624828219
20480924245756237396642307
305570704033326616425143307
17460754007399229029732159
3924531768791866741179840
5007087637888168662146865
10922835625802333245341678
19194964643772119803495613
5819503661237872392582210
18426143384304242061148961
17231743939672514187353654
7275998972624982159617834
1067235502149901324787441
19324294830173124229357565
22955982500090107575340320
21835391446792511487386655
290236571268582839055274752
22728719127598758462926662
13803076081140746006347360
307519548571171136363058186
20703096474067232465448739
38538641145058703775633188
7097328577617429067469573
14228230957836800203441622
3767802942611296049619279
4974133254390132625509135
24179922033231997766587168
292542562202458434379972539
19328668148417574504226099
18109626677765062331092960
18043539906483737498314413
4828325782475664963052394
13067033931636339991576770
17000782141891288275816204
3526661502726384778226718
22988401554151179883773235
14526251994048924920970540
16551115576188810121116513
309102737047948672040700924
2191527740800198496825809
3325160299711102344888543
24016237664326792858823451
308517476917580067441201373
303657827203689977283046993
17374792036374419461911538
38553679774180476015459376
17993445700537606919029311
3788002816814795346421477
108578590585933484139548
7461471413861127649456075
8309681969072171134426880
15992612449222075680178608
13216187221168409297407843
3705012718182889541606833
1464765739579897106592561
36361938253233047407288607
18651662156022258180558654
306712706466936126742213083
4911740674801293817159361
1431470866476002758966513
308656535496964114972021026
307476767936078164700012927
291335979137592544051192845
16849991246094224483829197
5298554060583413976050703
4770864568124023105085019
3324237443021191666485838
290452913610383821149232956
291265752359346505366105359
290274736569850025450017057
66685750753449378540127
1181464393077065842848830
5901411681670699081884721
7159686502703732424121886
19297016860082767335915557
15956967717493185306573646
292107274544954209429904400
19050346543799987902431554
15873392294582272548618674
8400555944680501278680224
14577110675186802776694545
3308798564306714656649937
25032144136935239635833642
12207368073082939413357314
303804317673509800153064198
762167709491463168871197
2664038261594204934369259
37476792232774699859038446
24475752382746629651678430
21445259660948242207595517
15634617129559787594108927
15631072560409198635262144
16948776055167677568720416
17836620782238829981471329
3716610005907713479923498
307095730072328546526315745
1973458035745160334414114
24479031281900476271223274
65321100969910643712269
15697198143212030997670945
2362198104576429504988466
19025841687324021281071611
292927179973411285335535344
18195003455540248351624547
6351895422833860066022446
18936762021478768010338768
18441066823072886792041747
6129916411754082339000573
18978379017486750694988782
308067764696324109493081077
14578237470643275684634433
2799426147519071777984253
36286862285116121903333649
2592011182857625941598253
19197253097798223114907390
16950012922254297945822384
2800069210858484003565393
17735462922376689664225261
38604732652228435590817540
24466250060864283019558909
307835648509270218933146178
353515845510917845418335
90035455183292472176656
12246001274108345973859299
290293566072631825395875691
22979549301225086989903424
24023890788682289244950527
7248833638014979412110337
18583053638413014027788834
292282319215697125601575686
4812512215670776126167999
17921904524700238852747054
2422991655364389575743068
4396820366060345804181498
15955993428432609250249740
20617034543811705028287853
16920492748340560419419233
7382569150945148792872994
3635592777252447737110978
21972007130442407935128557
2503938051074773355662162
25837020287585926444745154
290471873531774376298421984
6809561469321372517978130
15413251954259026305424430
3658064069388882536369731
4784921837495978871146004
22154117542467765471673071
3418705080542945775538144
14557598412953145268031983
18656317748408801264002083
17056889191165291856917504
304270922253199828381212943
15740169919388282291236927
290968940707940508691472219
16165159252609929222315774
15655197946521114817572097
4610819963411245856395758
235567304033105220587489
18191167024141201308716539
5000041880664309834662432
308343935694302717702962443
18952458044246531658551006
19502783365133308408169178
1198615588907563869078000
7375728734084297713038306
7267999816315723769126132
3259299852134922030349244
19513462152732473250820591
1439771783925318951104512
290271469206622875196633062
12259016712722462783640111
15710230320784447959855970
147276565739834860180241
36947811576373458337938434
2192376671422282156806675
22898717142163024687071772
21071738950373915937665233
1043970349449885657149883
13058481192145076594334763
14359847229610117289021932
7258904346334481337877460
240221729687747149758638
14718436973957384258120239
5142028960285927348040381
19490055325875558212780006
7491426988971083612172014
71993105535669172511006
1057231402762055549588037
21452796307711924005711148
308576969046998266028379154
13353593505443012594818866
6095431718342282760167164
21377262580763274045094413
17128095754065253472912132
5042902228995376715333126
8390127663046355143940863
17760476506047762565040849
19505133248603512634822498
3419326519223907946783280
1364666933335417334916272
17690242141383249781475162
291497235960931115844108382
2927299978944938047231739
20340417568753588301271322
15572684997474567532405456
6483944239130245887307551
292542819280078959452411306
15561633822023685467222513
921944273942325760171855
13670917711882856918212287
26297975584588079837409023
309408307552436569320134193
303412382186967985719463395
2188287678321006185688810
37801894615208602791518962
291379533254282932182193473
290293680230153232458587387
17317218507437076570705070
13685489552714937397989393
16863288309015537293317405
1468073546449632472531714
6555463104734245645062411
2540686232329552634164014
1450563188328179356077572
6258875294561476493099263
304417360629547924737219888
291655508437641874525577037
291061325331244341512902143
2641701703934771774484236
291073208830306709112549883
14720244978974707131539457
21035522103730281667059667
19334605447281835907038671
290292477819172652705312720
1520344791738244992423375
3750735399646951116559327
15726963036518240642907308
291507529943402971453850335
291563041271136167291405277
12451988284876050387482081
290223396757717914491055670
22307568053152149158556944
20601948863383349539506763
14787523470995312541569838
292414215724369347320531567
6191651738590160975054336
2696515370479467468153308
307048622496541889477562533
291718047781715092448538379
20121743184460231547686190
16792253219752202824187135
14983549833654391645343713
37877512480645387450193109
7434843456015390381185744
305427022088219819743509440
21907393831244445119085394
2348524402034993220354816
303609393999679541313664522
309413068548162582030868708
291832785656438799135482050
2292185491815458540748561
19862309288570135222620066
305151376021404583511121846
19414294027247679301603359
1261997035801930676445940
15858553263495512135381839
13449887380793278987576314
23814624403306795169092564
8249030292435001988485053
7345001269754320892272639
1062473659597125566942733
19484836995483978442793694
315992727020885584257618
291658285365441334954954757
6178421225898336710678363
20420084669065713290593188
4632346673709320189846003
1501086220496728447140047
