449910059
302338319
343489669
442559647
1687396858
1703278605
1716586195
1305753424
1262289494
1269825356
1155573727
1098990969
1190359684
336321895
1473508086
1405590415
136853291
635919311
1909961378
667600190
1694467310
1245162626
364148743
1232927714
2143929475
1646249861
1164036591
713586270
1554593896
456666874
1534381228
2083956994
1044024169
713188655
1142016357
1703193300
134825296
1388907548
238675741
1819879049
1476416132
486389790
907611357
1726835852
1507802295
294367390
1098429272
164374214
1474657386
233557000
1633868375
1405656457
386619215
387290706
1366415143
1326116838
573738774
1145774406
2010529055
1865806523
1226000032
886451620
1740553638
1727877332
1580728799
1000674450
180291527
1873497970
562716193
851059781
1624735105
1497083469
1879247154
1653641575
22665943
588146864
829157883
1472255884
926443350
360257453
204268332
2027239988
1232795664
57710851
1535505520
1746656467
65302128
159588255
1532906027
1867406020
86084197
33750967
951356267
138940214
617476764
1236020276
428552448
1276732344
636747596
129679534
1466534370
405955661
381493437
1084965334
801843150
279564179
1015612528
1474336399
1540233832
1519356769
1333952623
1585419835
1600046616
1230776854
1119766699
1964024723
1614753084
1099656531
1583306503
411288143
597775646
1688815219
709938115
1910287778
127269768
1449009002
1208961051
729167746
11314093
423344053
1213902905
2009699498
782578931
1175480759
477747580
775839997
859564670
589022380
1123464504
81817358
397495618
1338188303
80003119
473219217
1458805431
1659705584
1904269530
642198735
1187697216
1195573215
294534503
1900097858
1800281370
724738281
153110471
1071324641
746861239
1563055415
130227872
616521759
1097614437
1877543645
721868665
2134772568
360547610
24338158
1321383692
1710139140
587813823
2026493333
2104686963
581934081
901537561
376989323
1296235424
367869003
872807003
11030109
315599559
730746812
829034946
1287216917
1307874666
1336969889
1137341357
1069136926
359071540
400270014
782487091
1897157070
2129064262
1199844307
1278413059
532440130
917468988
1903034559
1975554871
1932730112
1647139991
1659405913
1178020944
738624120
1332143318
976770711
1574763311
431433159
575477486
1142347153
799054533
268336880
666962483
1390651060
1520824009
815625693
575605983
1507979290
142133190
2113977125
382949764
1758993273
1009394493
240031914
1087636700
677574408
2097123012
195719789
1510003452
608799297
2127263781
668966289
602795640
1524442723
1716554914
2055892943
1427170531
1785642927
1940447376
1177988393
327128379
1047964731
964851440
60717630
624911086
2000856459
1327149280
1626783730
1790508832
318618920
1302580014
1002872912
23093667
112940300
1148090686
90045314
1475594065
155895172
1204062954
1847710182
1055176819
1972856909
1844634292
1447552805
1883190443
387477172
1520629987
981735819
2053385213
16774598
1093670752
1262665148
1273461444
165374408
230134065
473205415
326748999
1116510278
1725199889
1377712141
1533040641
455427897
1381439398
1517703804
1531580149
744145843
2070098876
294703474
1276252989
991468519
2087505460
416777749
2116041819
1868112454
219312021
1494922010
1275171938
1946158370
1684536913
645458349
235893526
788550751
225941386
1999729921
442779193
468747595
311910193
959259984
1832817279
1045884618
545614040
341410674
437539443
963805917
1801313504
394864473
1491732151
1963188275
1967965611
548640101
16620069
279602999
902478349
510674255
1570318830
1390958592
40990385
494637355
1118645053
1698040718
1342248781
505896082
547400139
483421583
825611268
998126605
1278110896
450063483
1633002233
1152639363
1809487389
737846173
1762788981
1683820088
1322014189
1311032215
1597581164
1817869872
480979760
185663471
192070189
1108036062
522110875
1950281058
354040012
1505423740
1247443842
1182925187
2039337999
1105729927
2039008315
35800559
524130878
165572518
795348456
1091266922
691331318
1181519007
931465299
64565211
1000039675
2010586304
1877196105
1055068061
2010105438
1945765737
1773764718
1904182701
1334264133
498154577
680992825
976989807
561495006
103896879
2040697168
712277479
2041276127
2022474019
1622456744
1422053122
1237503392
172344207
33084935
1291818172
1475672529
1227731362
1911838711
911365047
1623731925
530199457
66831744
1878506205
1485182658
446782134
1084105631
311894712
1390826390
564881898
1234976338
1256502998
1107348222
1061845974
1596175485
1519432219
1871405920
1863072504
2054818861
1184958510
2136099258
969670747
104385513
2087348510
624682397
1727668606
1014940144
478646953
1362848000
1800786098
1017156579
115758426
580729383
1717055314
996955462
33813902
576577570
1998011127
894900785
1095604114
1553378633
782181584
1505291385
15831455
943850324
1711237791
1010626684
1648120492
622376690
1943171027
824839799
1640110955
1449064354
238313289
43581480
1006638973
1335436469
1138269698
156473210
927634990
1854092099
356362212
1438014824
1929036996
2125520646
867875793
363860019
2045848415
372761917
210934234
967190916
398779417
247625059
2137644370
1321373418
1569030217
714372073
1421472784
1047693514
1348715771
956557279
1347650809
1344037975
2015700245
190869970
895249266
22384750
546482759
513375735
1696680709
2078030478
1464471649
1757337549
220633934
1483608092
1763987432
582239987
137399925
300894890
155258419
2123218068
1562981874
70093616
1397867608
438137651
1655763646
892308493
2127099473
1584120526
102032643
14991051
892007768
2036502006
173371203
548492679
