1207498388
1632934589
974789657
895825514
1578606262
1281900965
850662422
118652659
1216907802
865508540
506151948
643348812
1788470817
1461025588
1330553840
502085114
691372430
2080122896
284784577
1820320023
1017715500
104282568
1673448909
2017372609
1922601002
1721955628
1413594175
1067051118
155094096
1488459630
593508201
508997177
845413360
119396058
1687319694
1737257975
719033504
2123182496
2063345693
1649096035
177075291
392952568
125257437
1299298785
1498450700
1126652054
1769235858
1472529441
1012983992
1245066876
1015894895
2061568023
246105724
975747874
687380396
428334054
245187612
119299244
1823727583
1896576149
1050388701
678723866
640526133
1557492415
1083227329
1819759520
1822475583
260366371
1204106997
1189304115
366355835
676930441
761852280
761916941
1288765231
1301308950
1274092453
421750721
1359869378
911133074
2115751682
839369370
347557183
1611850757
1116179861
1584837237
775328809
1633916177
1866932398
65866831
959246598
1395638895
423061260
1842614430
778298775
1624150908
312114569
155156859
249742698
720195638
1441640514
207852910
726019921
1020537654
2125795827
861427741
213123497
947453469
1755693971
1523526691
566088739
1690348545
231133941
1619208695
353569994
1098777379
7462321
1254069740
1781831637
1467600965
1980177893
646575473
492213641
959188751
185415068
1127643999
1730560848
746571551
934648472
649934225
1674842299
1453964913
359038108
1035685511
2073171433
1219327567
600632304
47098158
2016114099
1349364446
816236556
69540304
1256724581
790528996
1647742215
382974674
769127143
1319352591
1995393788
1633864955
1922510646
1090368864
1348668225
2117513448
953473006
87316494
1703806182
204762609
584405403
164139545
1498271367
525243741
2020580777
276787333
1639081360
1731641895
1269447573
447064464
906290078
241219960
1231484764
708065221
974360022
1366898200
576844072
1980427710
5969851
922413038
600162516
1787008834
266593566
171522145
651050417
347820950
1673931741
1634422588
1044308340
1976596840
181524372
402606369
994860156
1688429857
130732300
586661385
2094676813
378016858
1654378764
568693584
1808287265
541166402
969459439
501302525
15389014
81921952
48265866
807671823
991460051
656833372
693988776
625734442
449320482
542993341
126088319
532842961
299810701
1400618168
2062105289
1226646216
678365878
161279751
761159320
714091319
591795263
22049661
1855634051
1593652655
165047644
1163958657
1023698010
1180721725
1362618845
263536202
1360362040
816828745
5120695
1273867415
1577734343
1578180688
1773986001
59326381
830348314
525093311
1715189035
1934759452
1640677806
65035850
828153073
1155521238
1240614370
798428855
1478266357
409939037
1065623383
585248776
1825135685
729820380
1193619561
2023208950
953562762
477477317
67427720
1811841728
2061773564
1883717576
177187097
2102102400
425981960
1407475663
346301002
1259388993
1744402629
1110061852
2117408269
717096067
1293205131
811161437
1508406898
1468066247
944627261
2039144006
1513364750
435870911
744287389
1332857618
1786590704
78552510
633312411
891897002
982768805
1833271597
448566770
1499258962
161548414
1604101327
785314677
1620969999
1016972103
1130299455
221226091
2075420847
1022642384
505268860
376633259
1089193539
628737628
461794885
1780057967
843880865
1584537260
32913918
1807981788
930059175
1867423783
196562522
481294808
86778808
2020889638
564359637
2142125342
463940412
2082748456
767827170
1565745685
648599760
1821850306
2392398
958994739
773271507
1681311702
1965884940
487701120
428061341
1163442716
1338504299
1927682101
692810102
911106930
1042739075
429914190
1797829408
53888257
439344874
1040935842
1574976897
530024074
560043421
260943877
1569396721
1146264787
560231220
471358122
1058259249
1616147083
2014144525
1324994476
1174029088
1461866578
1023620349
1943522930
243990744
1149700793
58479904
317656832
1423989913
1896538356
89759512
1404173847
17411702
1974209647
876356005
1554252670
326149596
1494375637
2034209083
1039150872
1965284213
530815953
344303783
768339023
1625346238
38213279
1164949452
1587079420
1932617045
1167804313
1563854188
1868208118
375940461
1980457573
2144037099
2057509238
1495060468
34531464
1718585110
2027170674
910348323
278630182
1869230520
774719936
151869982
117223399
713417863
700488136
236745914
1454958382
183181938
877572460
513232127
905520805
681906459
693674620
158250267
2101518743
796685084
1408153718
1269945558
854796988
1738944343
881588952
969381173
1677266368
771477864
397656474
116951895
1859295904
1845654549
1366685012
773654697
1624991999
1121618479
1840036985
370307656
1012280615
1344309958
1389311628
525549992
1026992206
609012239
1546293199
781723302
2039990836
914391495
1041627342
1573807989
1919125455
291306010
1812184149
766769176
920196496
1890941184
1959817292
224599755
1925538932
1907554940
1239251713
1585510129
1503077807
306306003
1372881875
2033140253
1497355229
1040853630
1395825373
648582734
837025955
796448863
1508273464
1171656414
1656414188
1924860460
1201822790
692313924
421429618
1443116172
1017609358
913591557
373299339
944015332
83627888
936447476
877955663
1156156783
729216519
1363028271
523206250
1504809825
1192184614
1459051372
372327654
1853202653
1634805667
166388327
1484300327
1624299757
924371473
1523432136
1658380757
1142406249
219914818
223974297
859794945
140130823
1577354934
1420838218
689254336
1659061836
1131925246
1697674859
991376366
1194443207
1621268869
