1610126822
1118138895
1828968841
1405581587
634621660
1519259620
462183117
1129868772
387045573
1096195031
916982820
48406960
629148718
1922368229
1114082862
2082237720
1884171088
65121377
1080883105
1695108954
623824017
332439951
2035691123
1614754551
1062871097
1635807519
1053752041
758146185
1585864538
658444606
1440718779
1305554283
1556865969
196873384
1892138468
1366725090
1645631798
13639453
612105349
455108541
1628067474
256316151
649565831
1215034576
870364286
933279336
554412161
152219460
1349673495
1126058879
1329934036
1829353276
549461739
835663478
166852044
516280867
1412337111
2023907721
845388398
120565524
508383055
229933721
925277069
156346203
1522009398
134786556
1421788156
1909510645
425585479
1121257669
450394764
534472468
1511546080
1154384960
2135850906
1049858578
1726064230
841530947
1204408020
2023267700
1402692065
1688939514
125656090
1233185
620107343
1520293762
482935680
693858013
698174581
257671981
67566393
793858168
1713173372
1680636606
1153785020
420858825
1618227979
780710555
1369365741
397571986
1962046609
1969088178
1274649126
863921829
805762013
770318535
915644341
1306170565
135708699
1225257632
1477891787
1877333992
166212401
1607679454
1437306032
1541078480
1560877138
1021406078
1004394374
1181559322
343613848
153621736
83763950
981302553
1203783283
894117339
176194316
2135636069
879006710
554490063
1413547913
489227509
332174372
319266727
333747981
974338295
155470285
179634887
2063395807
2104675067
1548815601
998136438
1259957851
242076961
148102086
857268594
1693863711
2033458343
1981965175
1134677886
1873792578
339703359
425628678
982507258
580682994
1297990018
998384250
728030787
975384853
1397939383
1059661805
696699022
284887712
1320173951
998201490
1371676783
1191385317
1813800427
1374945968
406402791
1233315316
827065379
57513372
418814688
846557906
69966044
510596129
411703837
944100897
462352573
1771230610
452726029
259078305
770786681
804130353
421700877
592432596
558530693
608910080
2123176658
843552588
1063805193
1319142367
69457150
1101751414
1649391075
1337551875
164353987
383911445
871530079
1253463873
1860736024
815515761
1675441369
402674725
2032389908
34457353
1722304769
806933906
47313282
1081931733
1753281522
1524505647
837394913
1586818988
176987912
2145725860
624882437
387617391
1660060015
1529502611
1204701582
1223367411
1879573056
1235680978
757403069
1943158360
1701477441
1587053000
488957266
1063886016
54800707
748536302
456836115
901524898
846868280
712244855
828474751
797693487
1199120677
147943185
623651836
171869998
1292361889
1371471576
782290263
166321763
1126102106
1905889936
1959723162
28682314
1760309880
1391332728
520198684
475973184
283567111
84231192
982342385
1867153670
1267855443
1841041852
847732575
1490362996
1598231960
1034851933
1961770946
88636883
81325339
1445179368
1533849755
256827889
657741261
1057028844
488598704
36264497
290342029
1005305353
1469938949
1904166052
1003512181
292678583
991773458
1515840814
701737986
1467403748
1723342220
303991197
1136865813
1236004988
1108486042
526574631
371285639
775764210
1401257518
247288115
817325658
315417010
964596638
905813431
1308534595
1011715716
506546236
1328551672
692343456
1225702224
1957599133
708947687
1695432544
1533200289
716033203
352273211
2104370573
509001515
1226107263
1717468132
1859466736
1745680472
607431758
1438610904
328855493
442294828
1981791012
134835891
215885193
412705232
238571558
1686354124
213323949
1009606202
553052122
634411254
1912224255
534203635
1725935608
1324107470
126529605
1726328644
2052960747
1368131067
179673091
1654025324
769195184
1459270297
2098081530
533081015
21066235
1270058613
1278326966
660093613
1671656043
223244604
2030006885
1598598257
1837472908
264032770
1330744367
348825772
320085105
533115860
136159584
1506110807
351230490
1359558145
1475894954
727275521
1723483142
1973754224
1857700536
1094529317
685459863
201360670
1936464532
648631355
1786225871
1418627511
980214553
1052592005
2139966209
1431840242
1601608683
275958055
1440935843
98453975
1059261747
1313969321
1760287536
1548916927
521344632
461659635
1436585189
1849910770
844659740
1678565400
931779507
155639406
112575744
638945366
1576827365
1210961422
1155690648
1455960156
1105871319
374408395
1478488063
1602795360
1380841264
592376043
981106831
182010269
1632755118
869607213
421215864
1425292316
1258780399
2121475271
948777328
1287253258
1584876706
350811500
1382819992
2084574046
204506144
1072299698
1601192178
1875411194
984599532
1232711638
1022708643
1563406017
2077514950
1845423511
1935198382
77293986
737099849
1830192396
1562719023
1123336476
384712194
782620608
1352135678
1055569415
658928222
749957722
1733564762
1319957135
378618021
1974489495
261661340
1137069576
236730421
2010334721
1230275331
132909393
1322109930
50788765
81693884
398546028
1067035367
1809656408
494039810
763357348
1631193614
1439181103
1034343613
1928885982
1640292619
1527428516
1681594705
1736735796
1245099926
1446619820
1954451970
1842585118
1468897671
1415930757
1311123647
1209267490
794210530
1747791309
959442010
1638317992
19576692
1133345774
910755920
1403827391
108711758
1569955627
1367644399
1688366915
1566533676
1232855127
1762641202
94257133
824424655
1669739370
237183023
144925508
1269521900
200292838
215441863
1368283189
1037627101
700665238
1307906586
1472394364
33509953
983287601
1768287689
1318784836
985320581
1662719954
