2074872345
1676797608
1017568023
1600783117
1870977132
1731042658
1653306958
1747878324
143127119
156115809
1878356054
897753667
2027382336
912557421
525984454
1277985003
1975485993
797655051
371605229
468733524
1006034261
1762174281
782427645
485939836
1193425543
1816699342
413518186
901355579
47529661
2110606208
1402091030
814863854
1738167361
1046467964
2050332574
2132316781
671863435
1219096728
2127875315
1323505998
510341938
873337731
74233689
78537525
977125562
1180605837
1100657315
541343288
813751250
908720592
1808617138
266930754
866401858
459183441
946615111
1001528750
307501301
287714315
1425098074
871605608
1353053476
1776150774
509830736
1667013112
1837947610
574044812
1675437871
1757355228
306959824
1343712222
463648900
487322077
791052976
167489341
1574250434
2002376659
1505246616
729203700
625303454
1890765023
1989274378
1332854459
1193874412
501569667
188131160
1214832098
562070079
2077250683
915663712
1128144327
579120009
507956090
352125712
1727029053
127211536
455498968
1032187130
544299678
733746090
802347994
2046825773
227597378
1121095017
24751364
1054924713
687412020
421834555
236060201
847344210
1207503463
1663183730
312919844
1599066512
1360611030
1780450091
1562117156
629253550
49247792
2085503446
1028926173
646694016
566526940
1589742558
1114614442
804556919
987990166
301744059
416955735
1442071737
690340267
496768439
1889388486
1855075372
2057387422
1279033379
445107156
151633072
109221271
1586800265
1025411185
1816176937
2044174322
1698194376
162191874
207719247
611237578
916205572
355062246
561686274
1242469165
66367012
1108367573
1817716302
4428271
1668318743
2038318093
1127894227
1583695458
1428510690
1666546654
1915323113
1113923721
180116909
1010328
1846239388
1049068509
491894766
1967650292
1057385716
741515230
1452925132
1346035217
1441674894
1175787785
1351421470
1557070275
650360642
1860381493
1835275011
32826104
590582674
2042047574
1429455075
1630792249
354739815
1312068756
1719998859
237930832
1517698814
1951180341
1581274967
1938928742
479001785
1374180186
1696026539
1733947071
866789346
1409745573
2044566202
1294510477
1260151127
2115605998
608977099
1770249843
224890868
1090889598
30236705
37421728
1164837232
406369207
844148812
527405883
1042672386
1871632046
1032612314
1068792951
168946241
1721964100
423561581
1188778920
421082757
854521976
407459363
1116685389
1517645605
703233022
626745750
945571367
28522279
1187406598
1782394293
2120409707
1792964779
1055711474
915769227
1104538548
1160707710
1422904529
1851491124
1902212650
1666030640
1639581364
1684632209
653110154
1634883560
650827546
1554832951
743285955
1822176726
1588419374
660076655
2036864523
2103940281
2141655497
1049326361
1093488507
924831692
470556879
2060418747
497016927
1145481766
1521328870
486879884
1081250075
1140416346
1538844543
1121749085
1188290509
142216
73161860
422857345
558621312
1537101956
176406797
355365772
271559008
528596521
175020700
1284194489
834799744
1579109230
397656417
10044897
290953944
82763949
1205495648
1285346376
1734884667
88742674
1785514722
224912390
933055199
1309282598
153577644
1106750820
1121641787
1563792826
1031852956
1997368631
1288016549
1103764070
117783655
920353777
1819003010
45916072
1043811723
72467919
175973890
2027436592
1068282044
376980428
827986393
145727197
45720261
1084198135
1745803667
475409842
427710930
1150671299
24774571
1774406527
69230587
1726150138
136579073
92200431
1350766926
1656653401
1293395560
1719094108
1630230681
256523737
594940268
1245363105
1162995373
559706403
915364219
932568974
1796602079
1696228765
824437720
1214085201
1878458352
733152553
596712518
42330141
1913216737
2018278122
1008961487
1917680831
701980074
2114368695
94713119
906707941
1250905406
1370351700
1736512782
164483513
1227750333
33401981
689956401
129171760
241206634
1455612334
699302847
119257107
952036188
985638276
2085634986
1752715694
1553927437
155596736
1846441416
1373253343
533818045
1537117374
1106893122
1205477567
826575957
1938892102
1544655136
1408586201
2077962589
1734695033
1532371643
2053969754
1389628469
1798114621
1435881693
1965034743
1825336483
2098934016
1044294862
520150557
1729051276
1834796827
1555589567
541955797
447614818
79006647
1954410963
1900755940
350884339
1567504460
942336620
265522871
1528256605
384671324
770563449
407844647
415512529
1695262313
151315190
356752348
1020732511
959866282
894470861
132308489
1039469747
21402332
232810681
1196934226
1192551686
1705414268
907446865
1468486181
438973578
990930291
1952798420
756576983
558768853
1446636252
10490549
1811154387
257668423
151180206
1813936053
95387800
337559125
1593838404
938680556
1591465799
371048727
773918142
455526833
1505501133
1657631644
1052068540
1977371696
309490532
337553518
1683592648
3263167
1270470701
704411498
642616891
1006813759
546294977
1152295676
211108418
213617427
567827109
302219747
958339435
111091045
138636128
982446650
1309754695
1528634678
636747233
649350114
709549127
1302256400
673005413
2075475147
77494250
2136912781
906965080
209414908
1440257266
1453084323
107685221
138221823
1552901480
1306938294
148103190
191151675
151857457
1888449332
760980425
461963305
903244420
1158998336
597244276
522736389
1412811482
1855862196
1390192694
54829911
350847830
897935998
973784916
1519326644
1420486496
1076216358
1579844552
673436254
1985612645
267270779
2089528131
1200885461
1979526605
