482056781035945019
307048962553858257
280328967965887218
280715623922468230
708812532452299198
456954475315028145
2333418314890858570
797307616819872112
1219537870746859414
1061195061412563904
1945035908347534541
1421026677129345570
1062911667500792592
214841872603838935
548080066070125722
1186754644881347620
55915427313607940
652799263841144114
1689302739725842618
1091249166445124350
3253209086430959460
1362213604482363446
60135942918371936
2104939759757079314
1329121464932684275
2069823994103302902
604405855059506154
226100289893059710
848720459088972232
871891183974479474
2143511096546310540
3717036167407337516
346399707520304045
1144706995968554005
1171486776586231914
29876013437320800
37952441088943600
2105914236095518240
479995906579711370
146243758772059646
2358482722229834328
145435663544201010
1140466793470836567
578534559331309896
496031244265445220
21267962976467750
2043545573838074168
218427061105363804
1211136942828565704
444689937619313000
986538480725621625
1517231865015678855
397993688395263680
184831738125324576
1893568441881508704
338186902170402396
830829663627869136
1890182678689754484
4167258330324802840
3728650234800189104
1666788219941074752
1726874106663757000
2711451505999284210
1948237030557311964
1937763740120186303
2065077362692219500
259281882257065967
549002710848530240
926276731366499097
910622835510184082
3089969240110293170
3041553921932155623
1254648112367176134
2955358746678925625
3785825164105233
514778264659686592
921199626732715602
1273184767838542900
467469887466528450
196579729621570022
400239442662117300
3677836362400295960
565803189091933200
91613308451545078
1377686761693694000
212963073940721512
54148229437283568
84712721941286895
352085013419600063
3296768118785274480
76856564029548936
35318116099187339
752418601339650422
127664805343448058
426531363435960852
2646856268906758944
533463333929471232
1841163726042422184
88124745973883444
37594035827539486
531946453159076340
384794145170006367
292405609778717877
366423030190693246
617340168576468900
533228731226502986
549581368802771648
186686183471916928
1011491434192001960
994561853714564611
1034355729323332458
766506913372915190
1782778091726438520
251572871432036968
1933757040410988587
2535514588420753911
1518029924899201644
1123793222095878300
2765490348245291743
256524712750194350
215153556522889140
1108417333162202154
520146284382208015
2745577587072873028
182795807001159720
256365871310561936
2062028163523113663
1005079434724260298
14422974948902800
230419188374498189
2028119234952107750
3850982180775298478
1321218178450768778
451196780210038631
891262065709156360
679369299092710644
549575488733294370
1097837971859193180
1196431609151285184
139711827542967526
48821417466673540
177267435905113690
78693991402377617
578191823649237681
661704277600470147
2523997353172690368
1642664786699120940
51647938037338410
576168584061237696
1193802585415463580
274947542373247261
3655711205122585946
1998324040531718700
1304850152565697779
238671058699196724
41113564740353503
1401682673224717802
155019795561452225
126631462623043840
1087561743512211681
446436518804576457
609937341500133160
383732734453120535
3094008410975106312
231489772913757390
8878558578110520
1027749326808531796
1004837009468572080
22812668864762112
3683840788394733309
3106940572216109511
567512254246759182
1302681591411293547
507290876635060396
708890144001847808
189416082566147715
759305947926391764
20424874406065980
392108537185317216
1058825932584042988
38405004908807538
783007501251426304
89190520695117996
2439667106091791268
1858415305341336845
33316499413995226
111802595873045840
157281101828285112
591592647498873765
2919508875992889540
2588076152090624286
1673444284192223020
2371106710149908577
442949142882818430
357726277898153040
3119016412242707193
2412347555876743056
1116341485960711424
2098451991848723805
548480091061569392
574545451518822816
1270348757349946560
1907192429574887708
202780781922576438
750186216948409989
752012205145850967
201565494884737894
900892110558174101
1483645301604173934
214949525072765840
925546087990517642
1098764701545862500
1188405280969485658
1447384132388869668
327329810030949309
981479247714435340
185757814186751820
3254566356576861625
466434788955732004
2074993930795948524
1300905057706993287
342330070328706444
1749197190324690900
118855045913553096
1919525767397038368
404577835249694366
2945677637906794716
1232260124221062603
1187259220617855336
1391274931718168142
1232089941244100400
1138495002258790953
1002148639505163568
415401972466731926
411852759089508051
635653795914127377
2543260691989662624
265898700610818419
310073726769754272
246359645457613479
1309561163177344560
124164921422892390
1075845608345030712
1017325500312527721
1143475420203996640
1784250265342905360
794306099224157408
427224921206005280
624258229587845154
1786942010649846880
27665071592227524
87981783929987200
1345899597627909544
102559762304842614
2619340727147987590
7459180523494864
236419234790955696
2599314989387216064
288387866135237599
2478631179824023416
1833063340109245496
2650541168413334235
2038013440653830577
611221034680973848
1717020566325039600
1868464364207740266
881417602677447462
25934371347676510
1323113460358096032
2666797349626931488
1442879663818835412
222303836347922376
8671295308169865
263271609287667115
74435688630006063
123122387116234844
2723259438951278801
1552597862095615712
399825056834409096
579085644980919828
597125926819966014
3249245132006400504
978785470820288450
1223695828228095201
3834322722225030468
348337303948938798
1591043671792352151
592943495379472009
45365155130376840
77514387141766554
47727016401481245
826337091183315374
443526319438484601
1562875761926455860
159711596162083366
1276209146148830920
480221563847757204
517857108364592598
394418142295243264
1104260802796353448
262329109520761470
2450342490285619594
389130483483284218
661260726649224860
562978535292128753
1727609073351762864
2953239516896611083
1887320259962784450
66058012884208200
163631238186942504
502231906475996994
96877883747576739
2669706553355333664
81289611057098814
538688966509358665
703997199098039550
144082317401290629
1112876684930380530
23467540868354283
484450451888632177
509309276530722303
780610514610924270
68245065480618270
880999046394703872
65103258161762235
509970848868652430
417725922370535437
2318055589873497408
391779131157549650
82022407979427276
1014478785287756646
595663498190295997
1631054087837216928
496161727498606295
103031512662278432
185828824993986168
1218517171063814639
1771849850204624850
3582063308936947794
1391240153114155921
3559557410123407779
1762162100854239328
1824216017258494353
1864511448227299130
2087111385179943500
631337080838842560
102022863069079200
300843403392917980
87194162089667456
1123212349945527030
207740142931571250
179676751242706410
19846833055257968
2265303036300378060
2649076485652687284
595886184822093232
3078231068986147377
888971924665226508
1127088120777397090
65576507279633308
663106049876541826
272082813054912588
81920234010175344
1015816744473190752
63437778482799680
2003322570911475261
326089219901073216
124278730750051083
1550645063402108200
3799202977285149504
1791889137468090585
205874466410722246
4134659240250476124
50377478241897288
809688698493702786
1951701454627396734
2652298916198707707
410042323998496859
364388994690663125
1972464692977934694
213286546253368512
74199145861011429
3948350398457991552
1333081992750170057
1617751164109842278
2495954725969397559
800007681812613184
1465772670566802486
658313790914804544
286042708790305404
32041521112213080
400381787596076596
1703477936537927253
1841533355663327612
1175719796668054568
1324751887860829668
3319063580614972275
690149009084004732
63371277095258496
436981269297524400
560121200990970090
191109485592170454
1354173469298752907
407658305457156096
1673625236716465580
1001036713889088156
1419479609579223712
1378143575588854352
15245395606768782
1994226137642859876
2292737291837312220
2762970972591785985
811867707325924800
3600275706666974736
591621436846273942
1935525108468069120
1964444677744601574
1830861344949805287
60553344850432914
4306244545195385520
1175036835930522791
1828616652369661684
1594101806105183456
694654184241727775
1694203849504192000
2553905945560298558
236549550544209717
179290447875481782
903527108438725953
1626165851567563124
524805663823620308
38905726199106402
506997218043362450
4134006095243262819
326549652617012430
646038100495330796
1402458042616623615
1336325534444400480
2987752786272894120
2672263845008265
935239761544961180
385626637053801603
1425921562810379984
571821018197795752
301889113644392040
727448742990650982
787470598523944398
747611018886388790
2547259052739874136
182069261835202314
77078434112862600
445779569948561610
2171338638935768169
2369626062906633008
69918916015316880
592570452417569960
2122220046356324553
696905860346083152
1584086494650589504
2123489208829132044
1910645302313096160
1158611055830642028
467657788810419828
2081752305902730110
773275799924073358
86516601904656420
1499803278843586728
588925514719779497
43881731298162538
2250167643879725440
1089526263463492368
494986183248273730
434539001084465307
1350788673829945088
978419751692473930
2858843937040464035
585526395306874152
1013065610204509338
497216134180513300
885930982996334535
110526627273910140
305237812874838282
44076353552464750
851857006676234262
631351723895089155
451352649685148439
1164704991426988164
2423096178465212859
2480976892232813007
345805759055897050
1949947763161958624
3280274893264655480
569808020340455519
247274227614911250
397973661492815000
242938684373270210
920868851231072388
3048620458983031944
129282510424653968
2025321709072559872
123244893028087432
3244998177203589634
1259756805398134429
3806189023142897443
1599063826399934784
97625836415476548
11141964830637723
1776382753086334824
966243857459799072
153336348764278650
576057266341973640
