466827036696537141
246110263815990870
211392377543866018
425356501593789525
442077547482240194
2327831813275087350
144580109127353345
1247837933477383504
1050926671770032096
2158646322419555748
2100043235710807310
536508686239507620
782866482880821956
305305834799576065
449923687916215272
1328916711648400180
65147813356493242
573120242189196867
3083942885537512674
1292926588752016580
2742142992008091290
203016135812727872
475456426205500719
782448458102133890
3846568144687590650
854786750324155534
370046358087420159
10963217624872230
2935506244039381064
883129162076683274
1938767164344690888
2057183725379972938
1677905659671660787
348702765232089790
788821495677015576
500867841982895100
204427307265601920
2210652657080104440
151572403616966678
2880427377686731910
636529659589884124
618827240890811610
410663561615882670
578952408709761744
129492855052252635
388993757716441270
2035530666067501040
70883161340389880
2782990473271869090
141022848650779000
2671573809730153625
668772478650876864
397751281240412400
591122771245402176
139276435475343478
2117801620215899472
638472516166472148
2207867434911256944
4287715414944736880
3540279367262661926
1750704940499396928
1853114945061515500
1936979423918554050
2121772157097268564
2415136308406916666
1974230103054960450
52075837358344800
2121322949414543330
590888076134268458
1618570534790915706
3307712575104731395
994792507556653407
3397968888041512590
1125847588002541825
8168880654811900
969194112097176352
260589450021952629
1557991449570470948
9117801605222100
704370498182518363
371013839100868392
1980523428411932980
1982859733242307872
19464751202031663
1016417572650949760
506927594803755739
69996420121365360
36654975525962595
1883260498351444980
1667231762208812960
91345041678821857
26233242116931726
888116989237856813
93935445017487682
1322285949051582816
2222921472493440228
609024065347584768
203472525970785096
173242623984255404
47581710905811372
618124894833194070
306472891346194885
391257470440522569
230076080051356308
1532764734340719300
155385435215458332
661074121828728832
173595504880767559
1011457170150175288
1200424563323772150
1358292117316340958
1764817631172405095
333764341540783776
1459532310258541078
2046765414077712431
806368571912784303
1640037669329764656
1927638544881739275
1171809528629313310
367115667297323098
75169635909045860
1235564567960502143
1496795720301128710
2747727048611541962
7704041229506880
1860660793496724898
2335762004814178791
816369080077715104
1792239144235589
702859838499369870
2343899125961595235
3395057482047585228
717246350210969955
1547046651107431122
490480219942621680
497671527803455347
1587662214996621430
623572345315485280
2072758347513066648
53974332623878940
52238787463515276
625920384346744753
140533548038097935
209190706427040741
2239893792141759996
728606472655004448
1211435806811344380
310193157483200385
535844255182045440
1274025116540032965
571613905545238459
3129228261930762076
2240807735050428030
1530223709521630476
6196824016183545
1417487328647520038
474256605198312897
680731453130627800
230408335723528544
592096146561495051
335854080360374760
1003974585552748275
1055315372792472715
229012259354361864
319802224105040360
6220646438113666
761171780588800784
1006011868217195520
752971605393020535
4313219206576381601
968926516249032522
1153292587237808931
1213141949174783332
4565545783721712
1360624820775795872
115589336343291924
1630853916350880228
19683641771853984
498327983688998067
34617961754347612
59213098099577088
784249240794748694
1680301671110524392
2159372926432861953
648432558660666055
356435715142754104
132809418501684560
90245405312588466
1622612267196640010
2330043094635236550
2944887426296295896
1603867951286924113
1042092246928144797
492336660607260760
1011141315659755428
3375409870068405648
76315248069103509
3467494787495245056
551334255609900560
812806145398796802
1414615471447201920
1438523378391219120
298906267071393916
464290480115518077
1873036056588438335
389974781573650755
138848816713125670
2137824530593208822
626671665947590515
520936205029993760
159108241578451847
1110017244990171400
2668507380848163732
462111204581716599
385501597700212386
2751947890371942260
219118766630239710
2619169173809638125
501538440860095792
2266986961245049083
1563419748132912630
385025673341658846
206752246116047100
352339087863454272
4295438798489503704
411152902795818965
2856869530063690452
410001063793871688
4419691142708613606
1368743341669236186
463457683926213480
1088203351756231752
1275605206262084180
830424338692789503
508044666562236381
2134403121821615478
393239443880825136
503909546155310176
254929629514663335
1556430323921234751
1309390515692260400
114081401254467960
567389967131732890
884722047908885907
2168121023294795520
745554565375581390
2372669294410959488
160047398942760600
1618917486718323588
1719825292594348480
5979371614786080
191375590485917200
1306447398032506826
111686436481425740
887562493443808820
28321736553967584
1691322341094414912
537928988985994686
1323476535911569928
876486864192179918
3379552064368374604
2371030748036538175
2970616252651794378
429394173483396160
2074530332269157050
954652883052712266
3206932617101398449
20328943129630714
1698632077410897152
2116479893064912044
1733209389090742212
5884464805427848
864972000944205
362841779708364815
41513955020934486
1762431804358652102
1913442604401993952
362203663052581480
1942861680840522420
196858586879001501
2221656658965948620
995379789949135128
2520182486485463767
1373656220549373453
3836060446025499908
368319808567106838
59339697958043283
551757570872943334
396999153950909480
7652482506387187
971505873177012015
2784843038307385406
228361179306332970
1162243936042034510
159624477690451144
1620046411491042600
422411103860980174
1081248279924228480
455992699060666768
918853793944467949
277564881019657572
973206564922608842
865128237005077812
586539021117105675
560436147199320735
1695539805337582992
3276606827151836211
826314156393201774
271799556769876960
435923611434715404
36639006470055693
1446637173843211803
372720033791731776
190621057705653543
528677717842049958
176668127590384125
2933269829072934702
1145167168554305323
19560018650176467
158379001350038573
1865923964003510922
99302876789116455
120257343213906060
2982219019955914752
19394883742348810
526508343974846555
1508334274847786720
493847013087765612
43098929180026814
672325751785140228
959195750997268785
761903682515988440
855383671436632524
229079532061487870
533086649894522752
91371632232538173
3369857042576095766
1810400957181161070
3444119591023238673
1491462791933694779
1842956710464342180
3234519873786111384
1878743456232143134
1690762744029205935
584985457689350064
387502810033780896
522149274503014080
181042880535608448
93598019781751249
1021800352143613140
45911743042826375
113419460852779752
533488057328017116
2417118705226788760
1299411613970965536
1758250257135611837
546840465754837932
629757110807740586
3711368426786276940
64363325252067825
579905918407728764
109590824073218276
296678552276840832
686006739452905664
805379019800033186
1062818654629102656
1294813802447553795
134573799755073576
1356977418943155525
1910783536277399744
1350486711428548590
1623687068505768234
1099594201035576048
884122217152217631
869466071869018932
3805170638527387539
1085671184723872215
530865652704807693
1022118318241950250
1029834325909599840
100725651991174986
212786027140025928
3830020571130814384
563000138522102710
3621482448364148995
984525547939380920
801286831576953016
1525912968008600836
1406394771081707136
164740409540986776
28432865035699605
1495305624941619884
2185579858103393982
121629116473186608
3805442816747256548
1356430626119068641
2992120073611565100
227549268672836153
50024934444656640
988165235672931105
610364425349006370
565578153011377134
1399916112798498176
418482839120255856
1719470462862951780
1039022080754427168
1328633772054684016
38378860023966630
1315653876839097300
2244502373619420936
2063994170012241735
1452604590649179694
2868739872449300800
1536642255244972176
2248883450212044928
1109617614392391090
4044424519742961762
562499951528580214
214692818657742312
4219624013471272250
650702611470263470
3641073781030021148
1627284166813566352
530779803489417078
2117162157666144000
381025836387074270
1592470535042791317
180345310886451606
235776971555605350
1798702114933140092
1170079193599384426
11402318028918686
1184509735572444810
1805940523147497954
48182322738558310
986862135307219710
2653884237212039486
1566442826138086528
1068546610701720735
6921966219623765
713483700375800964
2453910303502452660
349580133881621512
792522161666632304
234299272732368740
809866492202038278
808440375358271950
2026641145559462180
1088839745037588404
419982703794339045
43428408680633040
1096299200028878673
2788485394049892856
1118537428538866640
16276910989005880
1557859103053344650
2634363093232598364
577529042275277856
1585985656382394296
698381177394367296
3978693425926369032
1130013437570276988
174518280610615206
4209685470335015450
357707402878699698
327312498416634948
1434452655953493444
70667852820307294
127197615562542272
1728952982526553680
1145662025029310388
112045280951015227
680347011221043056
1303636285111070736
2236153847211872378
1003766790375459656
722079570882010838
1408597761604891692
587907213403448925
91395811974981670
166749633593065450
1267123837137467250
47263152419947500
664044205111115923
136568974360915005
38285447497321190
3486220222712440314
2852211747986946731
2717469538486958607
294149699155598960
1962381186768815476
1726322611829079688
1038681040546063614
257800972553268300
466088877619265500
67337630233924951
3324298485746197968
2853303815463544182
149918228895970816
394675092285628992
623447598511584301
3231739010683477278
1117624513735945751
2147163704640181856
1492447109980900072
77118771073055571
31897319444179533
781459247214359680
985429494405080340
182447519736729384
576057266341973640
