2505405011893279860
2738100812855663112
991914784114338111
1434022358589047138
2953536216634000584
2219025253746364970
1406406101201732276
207390410751063516
174172507788882438
135119565918508860
950733575769693192
577568755133093604
3625914142837288512
1333269742600288548
699850635050003360
641657245921545342
1365796551411372990
1659220534695147696
105827437951753133
853245019188551052
1023856660950745500
183764059286233608
1309352688896689305
980321714768352124
2294481144784194086
3128275656340796776
584546898986166550
961792478287487322
7371569805981456
3141552135435383040
832152524853537030
414763401325340158
1469469908905342960
124944149724885912
3459566531359912356
3704384333018578475
483092319877526240
2588364833820473088
4390542366446268295
2182588493600517930
90368947180853958
343180304127743208
9298321623195093
102043710809407125
1464174482366793400
1330131991220439198
1947322389068001270
797143929267742008
824316989719990000
1131417908638310592
1837364917503710510
550295906801679342
213226456538035192
448047266331754434
650684669858763956
428988869685052500
75395509679083212
34324100267477860
2598990666033975142
1653066407467443592
1421232083039174676
1205515919928172284
326559909814623888
2596360277645545480
1990915080422233690
1044623511543610240
3053444610731003793
457556203272237588
369612471876288528
1598082475000393530
169860479906331500
329883148492645957
602665513366385280
127612966344825881
2028839224225860254
2605710667627798050
1917823353349389048
307542186230867700
850331019052231612
1722738547617670702
4208810611213003796
1118757207552520830
414939627490501396
808455447442187919
209988212018568760
1925311145613233226
435789124925605911
3394053494637998891
1709482249605741376
74307291730117737
555518898466979382
708923276156120550
148970747397117120
3182248654087034790
99008582634668400
739799062470262944
322160641207296970
84451828393191402
183247728163550820
577847525436850172
2950786959456167322
47306777325669980
813937315675833657
25259698949860056
2242554552694572651
592155783524846820
89902855517038835
223656056330287269
1487677120858757910
1839663755355430933
941509580441016470
528943603007026980
369598544839683792
2203113210288905850
629513727992169454
1716418994360614124
4695691980489550
61760165709014080
3716016019155321102
1510053044408556945
1280569194018588288
366302424197742620
782492972725833678
1069125634468541942
149176975846255492
1114101181760913834
522186454622002032
311287289777294985
1347830145501435864
448675766418938075
832008794445401261
2747104565670191718
666042751760276176
2130806343479042642
2651655463196262107
542731425579769452
91075721397957888
5144120678518818
3199170386563436235
1383653395569728510
1482430008143508972
142152503780873888
2134162615635156456
128217379312578504
342267772149912105
234088512171099572
704678573993040796
468452294226379386
1120785301944465912
2030026826361612575
127591287113209752
1208529491466447072
2451496218571903950
9376923393888408
1590696886854351458
177978789537525942
1921713156604711314
324281613841529922
834829365479258070
273546209508832430
2869673778761205471
585081462406680261
363940763938058293
279645992575224
3026136566968607680
1816610980909584555
624434616870102918
879666523132423488
958298183029725848
178868274119990800
1789255163290688848
953080723398887957
1404710381434687668
1607182206898487000
779559463743025840
3083665119027320250
3882556129004342
1716040144797105734
1101463268153687676
58660537833802736
157445541079475484
350256380084526230
930647322661516275
567223709299816550
593810236124967915
2144474811815460528
1796209153244184060
470293330669770880
275499324096494808
785557632354191829
1573147460348514852
3273745178588249894
62621005057155500
806178451158317610
3552627465475940207
655461223717722918
1433997886883848344
801713262437503632
3697163025526017530
700545577189393754
1221665404636637753
1060558628702544950
9371557102190386
145022322666253536
10854552499511688
881080790308397154
29978485081371955
24579839788306816
808383964874908032
254279208988127494
379293351087567384
286377882473225103
131468808418459134
997285961293128206
309588221721572114
1496970825000933768
348384937122768649
2112240747352845600
287329723782133118
191725968211648920
320511064981845240
610206724956326344
241132520888397469
24622534271103129
2816194861988495855
1120709172593973410
103442909424513000
1100605978430974119
29198200252964790
1401996766666941550
2428724052862251585
558804720866712814
2439081224408589160
862335478389520130
4689374901852765
1407035664908613420
1831288416251884530
2245600448535535952
3284519334951755124
112851392416919650
1383385732996340960
860933207076656204
2889462692884628315
1263611043648675608
2682317172286269360
42327122657524100
1287639686372308423
858882706909612290
2260618630955152620
1268239862042636770
975769112127595835
834990281058084351
2242007959869190623
1253401258232921672
1915162986672292285
798050197704372660
1103897198203927212
952034889076867050
1964738591265899214
237314308807544859
77237223782953520
2756407128677087360
1003836073674586576
2036769770328818200
202067061719087562
3234808807067203200
477844873856506600
1672489971991382467
49249543300432
92139241191406980
737633464309960005
620104208165389824
3254672391930474164
126500620320767399
459560839732176132
220278195159574496
797338638535201858
256941982196312900
1213085122735364629
1702276894187934464
2389768245081642500
173326864742785887
7476290160903933
387800180747545392
147865301909730096
94694708944476480
814025812354672536
1547338433313068334
87213531679484570
3273333425867951034
100888224315280300
1398891369141443438
211512527184699572
246354102537933588
869147662727785140
1818147686351748213
1590333678913533078
1166302833806938980
441870054522151421
2673176397075597003
1128755919918342880
59512413088483300
346635842464469243
1981246325913552390
28869162196357216
482026914584436855
128997096567860673
148500998510614850
3212548822311417920
35161347597088392
681573748256445264
770076341584805775
272134433507726251
8986889808658242
521818933218783080
151498761224288936
960750823501017196
241382785195732410
2464882149899959258
11493924676863252
3695642454425572312
53157125693648790
2702712130235654530
88585153968822480
167975383430681886
3231572092228548
1588721895905457339
1000145933828308920
2890333040619651816
3204845944503844140
125106913841485440
254670928934979388
1448908633287393180
1556674306477608527
1078936014878192703
634173577932540338
849670054914389820
1873387189999536925
729232815559675350
1482198378080469760
65424935331384657
825291047973687648
763164770071504626
939808430000696646
22435993785814434
1071484446503937277
526657318018958994
1583460849313084127
2198170009280197997
393271153272710280
996624857290790790
100231034183387631
1465373393980086103
2519504274787802150
1815708432677209200
2038716517751802816
240452950286728514
1256750224350326217
64917515980924330
168342975607552344
148508874905205680
14105740800483136
462385202638565888
995800200260182311
226175677651096092
85454303641220256
1384007489761367772
36314454857006172
3460228231543100018
1361793640749209185
241836642371285120
602216121866067936
2052156339208004491
1085897515808302735
1597296859558450128
2175359578144882986
639886723547226351
284593228931945331
1489726463353096346
2510599414304978368
53826697494363079
2420721379332051228
2753098786850520860
2961487556536454935
2398634737492749002
2173176301009678172
3359252332046693278
539806025607880473
3891667937982458739
3913589137710182817
4318576127872439808
1561283965111715416
17961560233625448
2971521777360100360
3719446320442651398
1416128353594746141
151005242354065054
836695279009845360
61208024507414592
296816357771412666
222813071956240060
250327155289547557
1098018277357086560
223094344397570680
386324726774154722
279949006665200490
337576960094137040
395477917918726023
369311813066380835
283340677320524811
1175960440770596060
23945669218655730
749721745931258564
813202366267565924
1351639273781136476
1135929296687385438
113096897884031132
1807580036265291221
18868059438236064
225682291034708813
2007577521977911168
920027227424878704
678169024522171032
106127630473559175
2730350341413902624
810193581126506322
1354289576646498492
1510791669927178740
1229431544002559017
626725471014434587
2661864207521780220
3884730610343144
1833396476732308005
346386226901056234
210036418119235368
953314078142661576
97962527147486800
205577638511130875
2464541484410214396
733788463759515912
3246575645767417964
339283800199376865
806134297177038564
716911768979268837
2889245546871640515
482878060263380440
1906541931849572460
1516187665987642496
284792103091575872
638293848990285312
3299533984234469216
732906508724085
2446340796740831332
1343703632802700120
796364082974484283
1596313412911064911
821123856004275439
352955082789743028
289826920732123750
434314189575989031
850238890829102961
314566520722631610
1337674499319484255
72051733689017030
116042037436702240
782468517350658950
1975468250817913480
1791034625141524692
1054717150910941804
1249908359135092440
852752311453204330
901570238338113600
283624414112522234
2995151749219777284
78858873991191500
1952265474766990017
338569464860082120
197690883901369456
120445673332234208
1360737146688518748
94542849598356523
159806098220075409
1132401411595548120
1781393843174509674
77488514652937500
287646918605206875
181042123756566598
2755344588807083504
283334056380172950
856111622414648165
1476629096502128140
192843794122823872
886489874165678252
849080589627757473
1305962630687652986
2827280109373930656
2305468812251589358
62638032958513839
77156636680144940
201114583903043406
837255348294049620
212904493029548012
2240611383145971264
1529129332283170044
1088914707671977472
1117272387990202344
2247565081652335670
453738882053645161
2071508805165551946
1434389481276513427
3209344860043759745
