1985490502376641448
505540807427934779
2202721056052451109
2643034120009984184
2892588209536853420
304277674582099718
1491164421279632056
736308496737503613
30371606748351162
1219553364161184744
525588892363177956
3139724107135210240
1951156100978146797
1360171009947477048
298803700107921744
672587101507817770
1627559863680417498
740292479284749840
474091427672968436
353707406967931715
1839600067224533964
889317901987972520
1651569993571293900
2731241310149794247
2280662713010998092
1598721204724367544
199561835444910085
561075464559692342
1756855856159614464
968707624704220276
178691439850965566
874097856193021273
597953628538784320
2508652823850476876
3704106964714662678
608889767435362365
3264070526390402816
2659769965257621216
3817264375515733046
141214854928436406
121843618855900113
240770930944321080
94167078485384961
87528596378661882
2838897483369688348
1359778228931029698
8386836862022640
204898720185165938
1659928943468745088
489924782797897144
1519335712303013438
276838415159887022
147043543944271164
438586378653829230
678641150386331112
502279194145490334
81466181550076692
1611682567669306360
649070333586645432
1762209899960499252
1347640864300139422
527454532863110752
2761144798288632888
2489200935879606278
851838378249000268
3061080858669072720
1293602842304142276
1308989037280770416
1598257819750264310
32178492195138828
133853342910466959
193639676968702800
536664821131299000
2874826704584015098
2081797147909181325
2430862260527859600
29463235291321060
1134663396467577982
707523933779898814
3950676927161102644
1690128408082862902
1174640980726157560
493592494264010621
255483648954701560
1436154771964151850
81475813312321995
3436052111067940803
1818908337618246240
1227255729713726690
831810962636487
1881865925730700636
140747484227703696
1873693860671731756
516922335163041696
564871668131005224
289777829911667160
196161526020195630
150198643065025102
147009090073782820
3774915684643743870
262002246706906884
230896684423149150
19449419680376100
817564781984101158
684597840733946972
884161496939104527
33607857625255185
357550692257450922
3125705232739571365
529047034751329686
1437126671072793260
927824844080260400
1825279549001578638
690027971261561725
2869357993219896808
1889786520084554
658604761158171312
1761817985326441416
1924624157228971489
1081933612194032064
518583009548908428
1116003863921193726
561483412727338266
132230163523552185
993020791938752360
1201319433376077445
182465428523699760
1269373120471602375
325659491352464776
1282048158136665735
2683209975877678530
710209495814598924
684992921071614408
4252868733596123445
432655600877396820
83179849454455600
83360116754741904
1319886103679233950
1054793719447940771
592035130814419726
1612532449637546712
2282486613414465920
162685381650311050
370255119651079260
135928133405680518
245544244948198728
1722048541249656170
476949824047137534
3121080042777962700
335946502791180364
2133173622443626350
1203147152989704000
1077095509946406639
1083775380530808280
1686480831642726678
2059946837117712426
881381986031341132
284027672012220290
640570080003714250
2355033081103630497
866876939568020911
68100541378666137
128184094558415736
1616572694387270860
1816336020964374413
1720513352358125442
280124490700334340
464943464771802432
676692125947724292
2614858514517938720
236321640094040604
1017858283939348166
2396431497320215366
417455256312116880
2441788520517870456
200970527151408124
202208949883567959
1594840236792527242
1166476628698349536
43155583621656324
327569822702148052
521077943180555475
679014191568411657
1253405632824994202
1925414822513676196
850508717495685716
1352759009146168640
1293961036413807312
415053971873086788
642589697582677319
3219940815585074280
588621818379409785
75519699896653496
1961661282608825955
1826595845062837107
1201179113147536500
1173143435180369660
2299706592847483104
1489705221581502861
714345597885159630
1639880085898009554
310611511125119295
134970033509478978
36863230604326016
7735477927665388
25928819057222895
39652039377050208
691284004378148160
257854242062208792
238149725280812600
379943830054379030
337760810101396122
243825812340361202
331470393318662106
1450246006234531147
1075279754327497720
2730241802060424036
88335408588320712
905842683379511280
19176594781958275
300862329345207616
587831071244590149
880875629095587411
1324683904124771505
809588607205181562
324376260931207338
792150479996753796
85327767855940199
2304449074774172700
1333380832723524929
710250402167245215
2681283088967162446
220276530563023728
846658246323443043
2253223052643526348
1436666883749884050
1822741826466343383
2177202124909953600
1340945318897140362
110764443575473776
1552445080767472584
2564223213091695375
1032766038024981294
3370632069189542880
331522588182067308
94793715388294022
931038916790894835
2017551554013517220
564274445086790460
458323106148814425
779782702004194311
1113833503343306005
2116033249200227375
1774458563405170401
1288785566658979191
723331427313303120
946141058179685079
1452848355782014290
1048857110816765622
601560755098141278
1582202323639060400
873474454930396480
2493354686171212596
972138874579888080
1869013962317721415
1209965839864398720
1831859747904128936
49871878463160
101976712516246568
387289005566216385
256851430837310592
2285568764300546672
173831912937737001
896275661607641380
38118713022527104
753681306865191749
280519229994546488
350934187256901215
883078339227017760
4063954610585451348
231881044238765694
4778547642122079
544233550404582680
103414532121203786
922656483161034240
111019305163799088
831167949033468537
531086335235588916
2451115058409410634
549441927442150894
795211855274956878
744712272359644204
205093506373428136
641264122386023708
1914417483119321975
878358056372654310
1024484064424013732
261673597919443945
2148505061870425399
1266012761081876730
123237741656753808
196152142309065852
2287322137417283190
69049688648984472
223796038144050036
1124258256941056875
53429910960810270
2429445468831626256
485142713066479440
1191781264950359720
284997321259644828
1635029163920902187
108057668081731395
267122211487476630
526270631943433320
804755118917079792
480637660557632748
2234793408701809215
92006145601788970
1742828357965338564
697621834472247800
2119969564831643316
342335954703517621
274228976458691120
774321602589615708
26057194297107774
1732054721456917080
2372187937251239988
2881456008668351334
497692731943849260
111003942607068672
2580407466933887613
1521953715685527500
113034199214581281
469964094329614327
724322816509770420
1824517260797708750
1797497125072694615
953278737128148816
1172368530503179040
49173032240925264
369776632784973498
1544101168125403980
309176852525242845
586618309634570395
1249765743051461506
1312783541827236027
3179228660303966223
13208954932459230
1280961005405027884
399560688923422422
690157316740079861
2671635609310039786
3205528994751383076
1569391948974962280
679512318815294448
432839430201599530
348222946428791753
17350153155393586
1054529913425359488
6270380761156442
78074541656662528
40201791060610800
1074484822228616475
251505195957577776
1124078818810161760
596215393751622438
2048468567595661876
1832289469581573827
304568381528324352
603182582378578800
2780414578934941348
598226729842440769
1598759650311530506
2605507150106692080
1125295893138539883
138593433277371941
709277735153117994
3427815265790655168
905994747316537934
1686097611704503683
2222169437771827980
2653462151860744468
3044110045826523586
2393549488695005869
2232780551639225532
1431780654176563614
2067483010283796619
3398839671067579791
4328505443103187680
2121836048238624372
461976272574080100
1567446229066706720
2820850724374358130
2185915526076482318
114187863628771775
804145277595634380
166055953039147592
976312828165507712
494904066661537400
41769042700270213
1052579214523610740
367217803328254176
1370212976732429430
421060326917572662
124431822457086200
338712304661526156
398686327160796057
340960078119917205
1035969364777740435
431476356830163240
288627957910307988
372378062417379721
1859499777383022040
1449705756711218622
166012251504917286
201029029709609140
491012632273269732
26303614232402488
2699453972290633562
799784449562037056
967727258918793056
233145835836733242
2383560658555417875
687906901956921920
818545394388369615
769481165811235984
1597101569554439599
1260647749991089195
2028852962584245604
8116059905473709
414390208992577720
1604933566098051889
209980615703222996
500767334549082524
375502283153055680
341540685907878438
2459243331491517180
275225709906892020
3532885382659016250
530035473493135500
93280771258093650
2094605409984928910
2284209021239154033
1039256067606477220
1298204828407149784
1619104329356522608
691753694221624160
639799297308079072
2247667631885271552
483727950910348340
1425231861936720079
320309608733564680
1483942587714948980
1149932781636158159
1022632547837147345
744717956243465124
105543630040430150
290936779960526505
335995180072623441
423150533191324695
593862934508909130
297446912819012145
2513294133325632
414782269451480462
3281224350040984473
2089615860692372048
263112745307813054
1075634407942095320
1289838109103254900
38975252927907296
94461799677226740
2798591193119885478
284417797399078520
1536198268061219190
947941302261037560
187409586198815860
1336317741391941000
191701589235346000
98131912833990724
7855180420515345
90569404340994456
2357038846881671418
57610082325024234
287818890097773870
242134003765501841
1769784822233650872
337418410666301004
1107941251108104854
902500600917242772
1117580757765025664
114217324882923724
979255212331794339
1021247608220363538
2734021522495709460
2835495235980289584
555099111273835427
1315588289507910
80915071761738300
168112184468223828
1737723504419221332
1997998034085690208
2243154399349955588
327484006873413520
846688320365160576
2921093569417196316
1125132944815971850
755567873111152993
4496693826948032006
1350168157368938075
3209344860043759745
