73587565097789131436399053568099561693
37370660835316283766553400168150036599
28325611423050262658470805903078799197
81030097721009664487940198268926243836
80020846330481050890070360918565326156
7726559842275502952452638174245639261
31827565046280671684322153883103383324
9314098105791025041147516130118071797
17361900439828255970537787958830239953
84172954422131525844346170232685731635
38573974401808553855078019285499985111
21606373160945637676349532481208390989
38544353975121170187697842075890566515
30737186805821739482961825408216986581
64955407346653245575889168924658881367
22908805904674950269844259066417774917
23595522498484615459316605087668754373
68896865919780680798733334928969107293
85007265595625320456357149891604107271
38552727193664092746665748561208295255
27022993969501846823591866041945643004
80165286986687233726078209678580371399
9408119052232461257991386942999217361
69395523354781328392613092322345486193
21273119534801962744113374886669700925
38918638421265213800705164695449055543
1683911324519736796882198192830537084
80819333857643183289984924970646885692
31654148182444880923746982632109644829
64945316431918260820585145926862368784
68810020581293833294399342538919499575
16951638895218173617514402590476276675
83890749731599179051009369556350467149
6580024155448132254797080504286608580
81150835825393606759662785528022389725
30589045033942177094962955844588957777
65551814557049987680961497049775522241
25734401410748066761640764986476425461
42243245642506142236468773701633381711
37300273932896185266253023344295135187
22710452812586298920940233697608617983
5961835818109166876328908033313479741
4358610119200107488998991859950141775
81236024474856167453300644345321625567
28505407102322378291971794953064412021
6917499375749612174132673032808240193
6583813645523514417475166978320636949
7061520257600065898135321347136275908
84193191593454654993912478036503253232
37296512121729283435846219863637905413
1765771087569618839777057929893994435
38573715487258588442529041483201346573
23206711897876372234982759582355816253
30842832111240143275570821445621502839
42208545608956427987699210119898528880
65128525108326114190354912448576834611
37827183173557679450870629749212169715
41605048010645012153235847548811172991
9233952393617160466186528207360127
23755793124729575034435943346447154517
26939200154833510014699857077817277636
41243991287830963628468617723552955733
41649786163367367160007696401130836784
329483957180944462662158724382130509
26564385242158313518452209749103476047
38234938248162157094748145040683782401
38868631700289277071987850080679100637
80896310837767164239414812849529378268
28027839962074726605415287944449032980
70735754428516048172961340535506943027
65385686960836027195529276366091705653
69553239293731869137295131218875317301
70930828345667767316079560714221510597
65220446265981112308151088147825178581
65719019385730456298204515123541143831
74265498265602935999801917886760486352
85066703636924334685076383114766284255
64425107174466271652698493738745384223
68413622893708882225848243568430767452
26360561385424354161455735085411127635
70209918970673863295862793018085329932
29001270818969107047876628621837800764
81398764545546939700850846699205509460
66148670343080730882967331862918410559
10323831658915734213952884566801536893
41360803326983839311647276024451838325
38864362284586883767471055741801020796
65469609999864533353516536464588102992
2411108793011645705964117361765977423
69140705133455835581305938551650634828
10384289501893290730155078089261153347
80337161519110312180225988028638482629
6717551507288431942464405689975771228
29241826648932259186521069347057922419
1272219051231444110770960344122776627
39001690962773697210512972869690970372
80360352946913588964915136216283838215
31856054613791890199604104001470189831
64462512820770316940256364547768610833
70386522396035433941999808149694432531
29065188712820253147870112244133481553
66279491220093657916183539720287158353
72039461810459453330258633221784896
17237197792957481915833721233513711476
84851222402413192368879319911338852821
73522843406123728804727320329632941111
81692821703604821062922203048285696371
84891285024708448779480572743804514772
71559343281644777715237712982145581255
38886245756841005558331267403880668976
74421434852752793026003718649906273285
68441221593276629835456685822916654352
37809338941974110836632210859045625796
41805113096070215524951816498857377747
27006135326051232904942465499640168913
27910933163720635712800980957573272703
290076314549347378273662180420449295
39655847558208084351788964036854169600
27647683726453001739038864061365189653
17648698155895574501524480534170911093
71569343797030317475362031912817070367
5305332550067028133462160836817649943
64391061983690647800579865292286576403
31822534282383081302823283156646678833
20061802847103403183417404561952931587
20522238656142428613404332148860110661
23082121427290157944178163192583098816
39575615653701730829730571923380748620
25532796654702563324399302511382757187
28245369902566065383130914295326658881
30899688151207141400457112792992281392
41355446892313393193643517527245210869
69233233446844369418960422064658313493
19968865483075030887816482610959611137
39875624787520677220978397949792908636
27732327789853425803914572653047125204
5048564618326810192704341263687075292
79862478494489783848662027192040706308
29196611098291102232837081414428881011
10557032217680910488265995704938337363
64077898516113877538001519079410896973
28559191068037075856454232993313082620
15987352044381029439348105099432416452
37537463013135475965565247235732569359
4599503463300282540924066225734140753
7042335325384274193851938677276393559
73757881367569955653866961799604387903
65385690604022204760265056609110851909
27064629897525451886796895650569835636
38910219595546332079733339168190546369
80028142846403239156715891148327162692
26414210182411958940141186564082123248
82349910356083401793899130670341911375
17760185554950578023592108492207521044
9739922700186600454057204629815629125
5715842211267046958862306462823954372
23699545689885636190344576206418334917
23657511403811440653261682738449367925
16075291575362032981079734992831106305
81497317861341580657499008092690399089
73544282405397869262437640270571863127
38833471851648661711443147832093164892
26651878935593055821094927193704520947
4589331046339801419603574116430646364
42324804168352718236777149668483600447
84332570776230334887237707041642512192
69285775742084558160034312068425529143
26275315637887308117288705125598977269
70539702116628019307174196560224793847
31653853844765166724048567086253018421
26707978179994182146689974653912305100
31730552431652311841171696652878380381
64257266584890973636316177993967883459
4632000073257832960186354409821761655
17675883478245964460746010551787970501
73445305256811965734157506683273155328
70372519973581249996444134442409070799
42266515597557581305555115854381702916
1482081082407406660559139673595776383
1974519214692454474052327060568036369
80768759779203017252493142862623243583
9388094871499989127772758370173157125
26268477910978750104269718220342326773
7129113967338389463735108728008791133
9413614240633387926230420984197092575
65714314287590554661533772301771015639
84887578478329523883026079608754421109
81441456314962216342233865053988527359
30903657296474965440910954099422589439
73527203486593015819853495485854698959
601085645803396542126310705069298964
68145011274549795708711654599407031645
26316289541319184373419301757905223644
81673629711076404077447166247641616148
20016735330467311099816514680750129653
26921880556272619194956146997026688375
9342512911730434571463376275667141616
83991225044780969341246058086651675761
17019364721996969495783681277757084736
38667477111782972416906753985163838284
410254586552425109624008064015529783
17265714665937248325182256506457257283
398830529751679851742567238598980092
1645985116608407963570616322796359024
5317336785750417527744201974055191311
25749575564770487500825120669263282372
25837264599886856443421085187966451923
73710110920240578383610157320566272477
20006494464727210593721739084110520180
70388091159412726934641880411240411647
1681449781658538976650011480611078460
30654615661740277134110910614011630341
68152861420882591350233362244642868693
39809650412101772094411643429154441052
16362165976443686799661841912173772765
21211117486628067220208724790293626196
9922830420036103798660893306024456525
38824366659503342315229754437691036679
73690455308281120843229974619095391565
39794834245855284598447676449368596247
2366751549435925410368273490644898583
9674876973370090556010398204513604081
26843887140975274956235124234098897153
371010210457255655729496483467231197
70186696343301007829619050466331640015
16238021016880082502622449237148649468
1952121507930618661173867883431032660
5731310828917826630298635592361333616
27672039293035277914034947724673302357
70735228602047108638321406310039756637
38897776593839916551711678723715716405
73187196180563186774006688731707080464
85004450908032156359352764574410561397
84390994217299518525097970885375360304
80028817007942516333417429795080749853
27206645642509826198180786543564688691
30693279141613546540808560570902860241
80820624958260213476733141465416357331
21584174208908038548130059682481969092
9561601770323115794273260014037419021
85024251595426130979828203349198532625
17029743799553098308482618662167852919
38656395349088480460138339507738329909
39814852172612606615835318952601404365
28312718590625645252477079462813647743
6967843110021318884511373082946926556
68201859722766077064587974823740502465
22638400780917222335792388409581358293
39816221283914153607359959807902861276
70776802866090032078810357108317835281
7099594767365751274156149419537798356
26736784618309042454159431810675757904
6985534447305060140613955660602621023
7102885979740463598715760643404061788
83766128976611556134471857014301995284
