28163301817710967831585941303277203703
79771849327047860299004202933320207703
30906922952784181479570797154568850756
31722337653605129587897262079370187713
80039681689170923473799410247543147716
39151608113673410467008873463613227204
10365239470601919128684101442686251325
39645575793801021819476025716081971020
64945603162436129201299475139498685661
84903606751007550980541314040480515056
66404435954826883329667836466687164916
25576021519383989265932359792186424596
84094764362627209719300676869517954928
104322362480772365142321031996096732
20257704664718119977382946515054329088
21705083767217030050266877139382752335
28500878523203755881204380178641810645
9646303212969387464535217160992183517
65557733208308842981897828351574135152
83829317472751755261423590480817636375
64905316854608320184426994582256743439
31170439407732842211914424065016665861
81456677616956940295706431916689617857
30904814676479379753252240545438326733
28949001183880915076322723805615559765
6958658117413697198055658697715991316
84353881393659045480848721922902799125
69719324996288783159251540770925120829
17548748796616493481190738179376794940
5679510086402804839463095167616939980
18314801894161626520769054510748628241
17901985145759824333950163470823576001
84000681012877014337866554366802808259
25355055561112395281658377400754618673
17109900699715160846797659388408247164
65714342654317555353687893574880854335
69144782569393714947736331827707499331
73460596132032195243475904966120428800
26605679069342654264905637252914696444
74166768645538679277790910447367550029
9569418402268990910792414455727718199
65222818023284876587060263001562106963
39207343865948854614479497404146089245
1938609217911897217528027313550521347
31005511728090478096573781011457187091
25292667104369291079561994316927999863
25262173209567860663885886092945604657
6728184649459082248579334873418035573
81167284824055251321304100303975740172
16268866737258519541231141312576966751
21877050420419369659013602167365907221
73378852586261163708802768534544073844
79817556353160516043821568224746606548
71761507159666379998910864972825220080
18390097534410024462255320334532431117
39614556727344158188888209612055789777
23206970795375723204499324178767533135
69074707119435711378702166749360495900
73563225675232961841091679089163961285
22707540800802080109488163229960065141
68398698383010317119075588536634520860
31718764234046948211038404362473657393
37629210193942620385093951696657650439
82100999602876273164637501046886522675
41357679316643811019628666649991994643
414245110038150742482281546109732804
38302870968669807540983435903467011135
2331503544364281750208539880122733589
20358026551465860880500833861111912196
4984671247488258300663856142858018116
39192695598597030114494751379075304911
17616586348422280817863219127553347063
1100692485630092966701373862304763343
2592728071834226274765318227201836371
6634802744685320076940067360067748061
65780163430685033584363331734215856436
69555833085385429653637530052662720452
71038242714322417906304195352241964337
68865543863284720271522414001799950620
71696795618747526146927453409403680705
69126363884548566068880189684866859293
23905401850179548493532973217534571383
275019273393923640404822148853288403
7974317471157588493347204036663001459
1979488539691941242549197681654169716
6402410391252503071826383639101313477
7897249259471127261674232129452462020
84155536080873383088807542943621779253
70552723362804577291669155426205958915
7731365913796102722823375360744259415
74370972921874748014575473632722892627
63924705705695213653625475033190057411
17387725491752831825811917036647155669
21702573490768767007793194358222735349
74210689865792439944108180084395859197
38471123054102944411063122985124741213
65054674985679494725952073685347540241
70533528701845720757890273300658195733
4589701730800430876897398727441337551
2336288968523341514978987737418584147
6380376379222771233776240164347331412
26590876734788377123194833234179218631
23756691294985157976422385327666593612
28179065765539880425251725740041106516
29241799314678856963031068485213486461
2579843594192319807859488111361023959
5762543140014000404953089923819320403
63958636963476836458501641139772396541
1348841388341695011244331430683886657
31069737249930584299888711089892314320
20600141081709419416540764206502724884
70806059662024079794210899575075991623
6665920671546566458526031185954559804
31661681937804281668512874589300005973
69477074420745161154251959891155734769
38874872478497932760252668869962661143
4086440106602188530747111301045239623
10462727599724087100018598303872913412
9673501574762944336356861255513806173
27996661618317190239374660868427239924
79900997687160256608166968856419987773
69613511205530528140918809219208920516
69066731322238329478533456008653789008
71098389647157208698886847390241855427
81167633729705775282033321448972737783
64462436407943527596263211474624464147
30589043145487498711112640116892714960
71483635278715127300696046309874712691
39608489733415666654277560757949088199
65568800341023528872107278959357449232
70884207158796219975092287533383446773
82234937300119084479868174032323219911
23034032769830713695887858981163703568
71559976708543925731246835638444966687
69571647505771971169745658322225990735
66401510212726294563540475631055077852
84847674676253119630839402745064062196
65252726985094265114980843932774875516
70783118923899451262494274895792789277
650317375238700746885826081630314303
5067955469407493097380627511903538231
2491085503212195504113892348388700437
1393260022567548920877797737898275708
25510749567686059316527346074022328127
17202149845846749324094591568671870293
27951224732616979642984363185795436871
25339858687716345219254653226263213315
80770316200580387905331210667918564544
26941879281692063556651063237036863685
69573031774329928068054050086542885317
27068533967282214923237407433268467056
28504760544280149449407902972795745587
81337643482774274517441808551537635389
21754708781830463170338209745351230405
67952830640809564714217906043774815484
1143994140422631893953674878524003120
41288329546666896119523158934507450823
22748812871179998652304373289848271060
41575108777115845549776092451646018572
80197300520846194779574732447485321157
68870975719775367356739362654115844047
84997673889217302143277017946359953175
23246305691998137609407904545093980941
17219258729185904678228051570840686839
4569565402375229513914803273040348229
39545653275870843757682997619511739477
2488672006114613192020895090232775485
5243394979240899384036383349714210143
68040932790404061657092393781878545408
42206993794162229896418616943002998768
39637750834327512758860022637447414839
17347795627209691876428301302761291568
22301229152470503226265193969224546175
6584075900573572469865154864575959884
38505058417135515325315865481128506112
18429875455389333502263246970679278613
84155757903672112427422316887049228785
1754167242412617677000272659774226815
38304567482473255980457559255015034133
22679654801328106928242578426223752471
21671457377706162585853843121479906759
82397132169687652514010313457289927884
452125025843828591579530308029072215
22347660916026142589514510902860141767
39165653696404742434293235773829599552
84704134662922079015589999360989043
80093071910007699745596404365966458844
27908692064219928752842587899205776719
30589226607004076344994132505935705949
18532560392160151605606552651657146695
84057805798309991221767571857795649804
7908959627383727837438286046975758195
84387083543690364891407555082095543619
28170501364629665377691497855757275981
84740836609990663552581078657503678455
22929263756444021104425914808065146677
26293727865457158367211025997241282685
84059095005549167855292155228652378079
73532116580736170186019883950765491155
26594705266656548683727494012696016148
68129998455314895534391963480536122701
68056083119335657095254217882975936349
1090061780380749174777161498985765919
21912574668937676116090410852053931459
81452150576703501514041997275426538455
30681549673182759074229574483306366005
37698605883398540096802372577711443013
68192000545405433034527792459492572608
28951351469891688233086980227125674035
65116711869790347494832926990978571473
9709417658651876700365021723357609171
21304994287729761191765804748792600060
82120227182104824779653797154196870597
42479622873201537729276563528420974349
10363911742352858203201090285796277253
26360639361510556946186696032780246837
41699808037779155062862973436625669629
6437479382791793378341974379253973316
277463696151694539691566621663633183
17390337427858722062826264370008280333
81399626839797853886729257763918411133
73720049460458122889101835158630958349
70267659044427479596881722472681719135
17617548764408185877178531451739308053
28000846451086595726981762249840117565
20349928573285141004352719346945048325
69040979768857806760609891071152832709
69057690211846339528511721581256184668
31013895675673389145097045055202685380
79861578639355360678853265840067918868
19966163085712153190354374319733457167
65133893259809191266803479050483254324
25531645959650883299831606979458171248
10581076057974261680853054537338274871
64879068580448108746483722490369302388
6625843943069205759338916568999415287
5658390540018739917161767526720849229
84760630940557237726927077721184665973
17203211770706357672325054524112552157
65795737404487291967319318281386668113
6710075479361576542841941068412341749
65776175059109382657656757285596255695
25368345663594679872740620951686607316
39131430680286592988790058320778757364
38314279175024837720137504697704468477
70767192223528248510654600363172630352
5430234182754487257316965699917143057
70198572979156944867548734368444042451
74172392671727442806118576289190583509
31886147616508111126089671289561431876
1600838681272802345437575902734923731
17536800478469936961868807697182044981
42204567552669849432920301212772941265
1579520463183252575468157230867632636
42492811543087142388074474808891440476
