29181035183114322017780935952137451516
5000512849214252838362592227600113109
68870869906303772883013252618626551808
21350509108442526192883804200042192245
69721988553147923665294584912819852381
66252771434870966731364249521643446209
37819650952087415339982446485890366711
70931014417027021194570277012152529105
65505364263914281920049365512826768449
16549495324144116258708003200698473807
16985125227843337816407867109299717571
30848516087392507015778949353528218613
84031924543310438911163867114001921333
81484119417138830105211743601658032340
82354786214502707016491811567300330327
64394198678365817107893166057730110404
1584240139072204897038618031649998292
21522544520616078041599234652935118791
38806923541474391339457111773791767876
6568257174345599837871027204702134016
5420050410050401985710370500893427060
81415034675028815780175662885593235719
38486989104025856667938448933991600212
18543027017317404564461807771722726479
28557984420780177974599771094836371313
17057020673415292413283522939241844047
84075075611341350634073089890061876672
22289477104289407520926741084206072001
9705626137564143762841547432409822485
83888371665857227226236800713054553136
28563150515273467089309050329031098691
69227618549730400152644431957495774405
82163256585906018019683100358261871879
41618003295204507728039693516497964295
70381692762312305836516376463952379984
17699249264963763182404188669534826503
82089196674002988670537486157106991379
70612345868054107481107734684463291700
21625735159031264524453239959233299479
17046330023777476148821125145889665804
66385147362685554964560199480443755824
20293804976708279092519698953072853056
82168581322583696054627780855857544688
26672927147965266539461553186832056784
69066897536833869244274919396829119551
38887480689785491115901973100251008381
64890502059737372394883945514824615889
41480322949993231262214844630445707596
1110909673852132337256190743141162973
5665771311170284045112140470535934805
6414037259415567502428497582021882124
25505859083762420316341522937143178437
64838756014516779681603542414641056988
70614577408292332316772415640990216259
31179042837264792563157354030938182901
38554261296818861987856002374166630268
9413641747045063333378089437735745492
360648284155946135093503998493197505
152304881346921099356780621135573877
5422000558661035446526477882948154485
84386512961152929789880510633454416223
69141867842026616964196969814995174448
81163327817879784814175005588500829460
68124382428510547298280033133220607344
26922327701040808248546815901449584083
68933568326497223787343985784770621504
70428330196250030583536169310546351308
20084236620433061235545782569905689648
21345853368394844427918497253743199501
1268010994111633785133728943266148545
20539738958428233571222729693659664439
29015635150421857090895200124664248119
68130484868616247179838046465941385279
83758564573946408514071111854336373573
85003484625226065720219950428842881911
64059886360713377535685105036466090077
5759560425921400000736572038509812933
6582784005605237464685592987552669139
84098679364717267824759597916087153871
66234821662802463388188293013614054855
29167065004138750842569975737383924800
81398923851943929556749157630805750900
28308492933729232670796933621139969876
6459567519260812945611402367064818647
70782806819820520278695594596396028957
64867426864301669444426849918040404212
2406549568860330994376049003346202941
6320735613658771341746245066749641047
22517760528816524358892160400721137985
67874930676410185714002740314212692940
68210219165622654938600504372448397149
65198779610151915646487486933209716549
64280918193357211491639472999290197079
5312304073498048078131791914319692551
16445242968657011301076732828120536048
41470877385031394319913758918423575556
82204439769147553836988437929357291615
25363515741600925175155826150013652468
4991040211629936296856372213456958420
37332433086666077980925480284989111516
84093732275714480338107298162607454197
84757905173812069031177711147137962756
82162688824507905088010629920175685583
81411889393256284092302975056467576305
7005817076364645349541427434696479060
38859616189413978258572298953239349052
28284065106926734290967452883009946565
10306535913365185994660220004210786317
31221615606128979404387500326118232145
7669376536927247552658987438047609280
68040938334075512412915677382366737757
6600864655268893245438141401007190213
73356890508308737387392736981852312375
38882195376583714338369420422681154685
22419511719158525696481364882696244465
67800752942707303834195247360934534464
73469764744836943355108205009712387089
79858941357756110399738547545621656817
10570319761684414325795985003268634495
6376491440133008398778666863241736692
28167977208836417242407894735950729287
26692368247438867300250551893702758781
16074645291376289419923270913670066547
80190167052460646673951437795364766513
28004411599495456196222174074977091581
5296158468035221005638171554151366643
81081963428933266997296671905138573120
16953274857097135339166028106069462135
2446642350199505883530637780412609492
66393904289333518496053048360181784335
37535703689591272946987533804144545988
4134363617322091358304956243155928149
7265305312372396429532296568274928415
22704617134554887163048621773301286103
68161589371708096994384616330696279029
16610548227185378976774034087782340368
25573506302529650894706135446410260672
7763478218234436850031755109757703172
25753616491344376740592305991887648515
22910702123764007122771169514841392901
18361589629283243019714591098311827205
71093567230249274008419135011406482752
70780741664411128549972067514490778483
21624643937685074256560154542835353027
38568076518038739887513764210713608700
5654678762920311811623074495001382145
25270924341380690981582207710529573967
22925861837185293893287034874082843761
71530724384075082082926896465517466685
73200793593681009895626417690261617911
2362979005327920854514471355578307669
68398072009446797107513065042410830975
25566975981352042415110694887869434903
81151498337938849337339358737640584519
41230733643818823301831748206095253364
28938230947006432588283449227987967249
38658989260421612918235100990090458579
81570092174482085314961933713967775092
10560431379796180236796466093999984415
71052446597583423429810272483684701663
84094541438421165582136961269352579543
22862014029872485533013152243334460276
26704965276574553646537220980319551351
38818686536217137430447038463416021053
21048537442730763212555991111305053052
42452853187142451696768507135092965873
82178604069638228541625530848260658047
17539371310622920947027422346684462387
79857606809518307464025761743362093109
69599088948422858821732255505192121151
81504806934586269752082610978816377793
21389410552455344943713161319992803125
74431826168755938824348618534881293407
28013761597355493778878796893482400836
27847266704956046887154833182809677573
4274827547113561240978730348363699443
37331599608758176903052162639379314013
38943311256840816278215469213986674628
37467765536272905497103872362605822272
85057356615875224479888250607529631684
38629663436567635064989779256963035377
38881226100963507546423759199358697948
26731346075970578593473290724787559757
69468855356764107428321419480614140929
29071689186082841528604156455820707807
2429138581427555809779082401463191536
84322903240598405524668302712993806333
1250521857043067140255279018558672351
37537004440863333088723809017540859072
5341856558130459981954445997376783697
9965576030513909760675858263941664755
65752393713111033596942208112176383092
4265217412991050711568727491020682612
1727822918017576519063913045628940499
23867970740804315120754045439513687028
16272416551492318840703610440499797828
6709725630703779752565906636294378736
20953289979858183196769990401158366323
17204439548204349419759147371430401276
22281546352719283987512412950663905757
26911935500635654072289043260241288311
1287382041652903247139463960075371892
37867832697217641497777479288926451655
37705278662300436664068435679886278097
30901071579859777082620687001352402741
27604137696154565733122729741993145143
69209733505656125786473481600104723443
38548585691946300941850381421547439957
21542780155802895461007145646659222772
26405201625903810793214885423964173587
618189898708696152785545501672414461
67868842168077818262998102182028378231
9581659862018516186973101790521478415
39800257364447936749668979881089450844
31657703158917698320323168191709791071
4010227832533504761150757980574184660
38638420295273219153741633348293841276
15967975794633899468621230250379736565
69222667888822512990324088650999338001
659501710415587509915149053288469535
71758958864217624711824843901740305463
26898614350377977983743615236713086287
64155314936670031885719036984944807167
69599320635245283121152816076836392305
25526368016597721799626658899520930079
41648413362579186340055260512938458929
1086517592368289884042541549420115137
65225613883306587735513826922463353871
37580693403777637724740802239958867455
17205991284816190358014475102044833788
65245224919330644718628301494606354289
5407474452308323878621955440939949173
28558713341268689483151426811584581917
64289879076732676395634676769993588784
73560877309777376431055988714275848533
38485422461054210051623453948155739637
81425533573533199515331825534582748368
64241485088980991423974951036470369367
69461570120382474755493206310982602740
71699613195499381804672199698288762828
37283110261966192938074364125216853335
37573021749597582749850714782573855183
4991120769228138573654202721833677599
84174227581578521098918084827979993027
16116001166352869602583995093975249235
74436594478907491808192095003946046935
83850326484311039047445873465258657279
38320594922653854756664483216853253188
68277807487760912524427624039995101436
17394194177899564654003958106071438081
31235827409323894362385276621451101652
69207175781863669954539017250693923868
69205449056986101116320142745313150276
22370955378029879243162302219457778116
84360551175110801208131118675926140165
