41312206133649315377618986257302213908
83903642481836782240594659648023557904
27838194221135814787588215314515840369
81477856802284197940061101784722097100
7730619172668154772520915519982092159
6590340336100235801332493096020605980
5939023257043672765784914855418183683
1740050426111413885823565606424770391
483920491339857873208559505884936001
258342427902441752646170863642664020
7244333360377932656862134055145274612
79753928210461826074802848283307933684
84994067225067167322482685644114244639
68392213500731004323612288050840674115
42514608430398889707054060914758481215
70569480260671990936447748115452135247
2447934069772926258710833459214155255
73755364031372037325517707061476275415
73695908449103524338924422404270130483
65733612128825745838972250438623121436
17431867800098972386141831563605985087
82168175231780026961716333714031326327
30671323220482997764662133358988103024
80843843819214608342934926287735963411
1671057545797167146089359986577392711
37289898666959407159089704080998609212
31597475760975296693658261290869330975
20217626779937672825534636513745231815
5428526662937455706037560704549012467
6350203481718565741840779529599152399
5105019074867093883647266833651954119
4134469117761836502678204000971587383
30837457960483559859992174685513045767
9591901322435436772044618445964442737
42534308671637853210324563667647804245
22540753319726185032789218672355859575
22637263416649138297077169624414453521
74228204994793520710346853359897810420
84841265424141119988559673894453329776
28250434157038707076988254162938257219
18546666283459924907841961925757960049
68067134173662555349656472470202373196
68388336706047943419395338741784756701
28993485805304384073889501377088242709
5638105474515375774132180772476941059
1494194100017819519383811050522301456
7752180721936650958317621053756884049
67941811699211504554010478658205009108
21355051238407494542499077732936392644
10421534095373518149565603707116896467
65113779848673196549872961423140024636
69521956154941760900581731452699083855
70527942736215315255934172833286135665
21100617642191660277593939310988984149
63902069280072433141739535291802399541
64093491634316265388642263272483935540
27977967741555924603371514314927192048
65572569914665317543009533179668673540
71732215303554711223448807642632097863
84862576947669634955695002136191235869
27915433145311516323795875018790863071
2657174798224499713210134717278655239
16548423220922373033605803248557970892
415816983455880392769033695741310209
82086440489349111815981307394356932940
10309261437839277197833292833693573073
27643896184906743784838105292778313541
80771188643658016356119804286812124943
5966014847112623795904435758811706577
5645751045704186719973874016441008595
39614424870064445692656740159783767244
68403244345200335188542809208935969553
80092457866050639672810127317317768261
26523641461968241979805388789382628676
65533433923216187166300677771370633155
7124181257106106738264919321929351108
5636021230599337251387464747975759635
9413975209945768832029319512264045661
1702181250285953232675466570210756439
74257396577831868181075837378281359175
21627563723967939913426681674081849175
39546909799637449319836377192725414941
23862515337513360859607453423065358279
70206096495235042137745759625438647348
5479416941691652138596669833910113567
66153820990759762920673979897124212032
5583326780552666183614924727482793085
7249566062326654657059512481702941939
9633395126718478641464104732228787535
16036357013005379702205187462847611715
30929302033886805851324882717054876997
81670120528996685486023935457969556724
81502574908691475687988033409002196173
1315211896371698611915623766313471957
28392732281843043221402059998966052116
20215162426940694529488087328484508017
30600800887486405128896514197081771797
69078136053867141249351650428638445683
28193219957038641535506025994031844623
26915981931694555304571723873248298813
28074755832956171152702496185483481461
22550226465310541182684983184221069279
73112729216625664503106986928414858736
23870349803453838759873528294484481012
70474393406780788568116658393723245329
15973289692202774493023731858973659599
4026545185460892342454469553132094292
26519428450602366124803415540747173725
17222783775805430383320945341852758996
84989864273721184027026986676885331827
7227780289007957651332567743880975836
5658651952561012546736318598365017920
1658701881453067686518715169627706368
84328526008842140832808328927320671040
21285516692512374437954135369494622659
73585535616718978349803036136646657533
70946347316143129422338180786879268351
5146971960819673433277548413422390769
67873383825107676044681952388707469085
73377809195917038760922647694872988784
22873673810839471627212706020544988220
82411168992065472424285946273489288567
22928238667581350985645488802920650739
37370201549388475311143522944467434556
73691411748294968334812548088282305367
1824772245667440651584130215185970269
21719484588273907125930692298805376083
26589911094507714160758234907188982143
22666734037588795308981919896186062800
17030810219670929813612226583019142160
81414187097842264200035759880160992720
17925088245958765209748000885191297021
26358479328686468443889787958241264835
38638240435388054272938281600372174967
4315838280808882015909793883907699789
38967887514564586273626955488769335239
70220581917331177063858762616033709825
25608110832113222665283590434294544320
64950833205536231107687729719559796045
37578594824142322057066990283856892892
64300144089538102194728637650973771072
5734728670854773234771721396448937168
37632739569882466829522853173492437267
68934511879674495955056335895705710655
28501841286206371206260452730978177521
37493256748722313926846079782071689172
1087720706620935602097981818470942004
31173592416063651617065987528870645057
38693076641624556084075311548998302928
16949994840516406574330651401180929345
1678429009396341998414766861786007391
21762681961289220584545802854538886643
25838230621502630153501524246465338869
31647390347076321258106577606066568463
1116409090473776566641776906550973457
68855354146198888186431334940229852276
27867525011647562230008700614174690429
37320935871606811698294218774156367309
26316488324661175305292821790761285076
82244843886260463330059467869565832384
10369492204541477967712529726583199692
38625742239185444313254571207067204612
69453942867377511878524057489247819079
16311524586526716411536927099734449157
65616278690034336347660508037647450079
1350241543614153624702912854174326549
68243371043680652093295554699324760021
20215163216660885328433274598218124288
26668630210560748466632881472622329093
17381141493877535197054160758991295427
22286581826678483397190626604330271959
68138845501521983058193555116030022464
85007579462943573965170880164466382301
23684661309342365489286002757974937459
74250922362201108220111874007267308560
16572602173420782764084792479029452628
22757846959197217111854590282760945495
80851146775292488065551006762294100245
64078379008073673263127542867178893331
15970845251702418025163673073501076492
20350477692721476365018673512113272645
80082122060371267524230411067056010063
7057787154100658990353784743377973360
65735600718179980923795139467844383743
37618191355095604248714705860130324484
9333077474023152120482393653530379220
5344262573654788471725630822720799765
31179036571218734946682035914650973127
30823341358675271289503653072270883901
38481817978389041063933007026017497212
63955147910864335786466372348272459039
73709123570426009753330510789424717651
23208528909590628167323735358398529297
20527730796068234388894175483009685267
1585928849010468399320578422334756695
68870708916597286297329003070823450053
25866984844841600122565331171314840629
9387609293541621537459717447116135485
65211604478662726601702391476797771839
27701172834749639984022807899985610069
28193315308401352443900395956053593589
38895768466044218650942567670769220925
1266033318054742073120515162301584437
84775235181313018942376481749419128781
64255755388355245861077007723471819997
1686198819603486333709863667617363184
38651541239408156334427269599243615519
16216579001567850059028968425665266172
66400873674019306685311088158819209591
400279046830415912992951523755654213
63867793008097740101118378610964035537
23040650095573000328198104082397648085
22290963025260446700987224245342630901
4108090271576597493382183198581338965
6381328399035561834598734171460465428
26670173793775601058991327050380692701
1064245706195022465786351908177642832
73461694735076082266216848693311508565
83761833475576521228682383026700809008
71596829956307942626994853735694802180
10550823277843668125443089505243305267
84830706994280627023700432172449345648
5727518927593638583105900564970521605
1038134913589121218920975889495093269
69721299091168064452331037374604951773
25321969068716752105454401731170865351
25256959979833481914697095682756713692
64947803526485564570164274527029122164
64173046059230718064355850184518562101
23696594454662335345072042252719969492
21027586625508519726502592939693508032
73524222224817346088655360792365957377
70515718450687098111413415138456493327
71517800630963058467489871189683475475
9407781481234186610257210845954115343
5149538753450547744280706151819198467
70137283943731858010943259474140090420
4346059932787489002807619548241268764
27997456713712342267382561705170027888
5671536302807182176467460511463732499
31714657216247594334805737261284400972
30597186437958801510004986911994416336
23884357715168867024891874520100500949
7068489487574293855383365793343175728
37618023499094350082686732770500434947
25874780795131672033690426726515154039
17343890753213358257120632097393176604
23033172381670718288256002303667065091
18388194891828697525343905014796271472
30932241877645574509802884640696963569
30657090436962306652380718864153789491
65235349041318376123248835420076072311
5753662007540380706988960603050368833
69191880218112464003768333902173658380
41330377883576363290478356912087761244
