10067120950724040237014611245034130487
-13395758066430442164316136677404844239
19055221365521234377145616323499244625
-25914933076262775225091191992536803990
26839986687312313051631949621960097810
-24319502596864019442586558049333126231
13090093548483103343742173369072725036
1542892158240907093029827544523202243
-3610899440340417194818889011252485524
-25361373960824262916709340500815811282
-27379421936518530191223121663543357266
40381339390401638699944374287660634007
-7959347687808276579322343513379702135
-50721732726964666035316157598467654535
38562187203534305779624529242614932626
-10277419805707488595448937583655396673
8577244771256585007583514073231193249
-51225229618173183181698582476976976854
-35396354797821895301985957079889994282
9687854728659813820533625447851347565
20017822381508585855457628920388492044
-24501314454957973018567025673335559702
-7726748844344617476312478800223584575
6640700375185280848826362227728212477
26056599080786260637063319151946508653
-3999869138513268975724536074073692855
2882128495357333879909112890016938766
14465029104048633825033740822287264604
-1851348498642718049608215778882256207
-30659816211406936874152832083038991960
14429613497557563959803388415437421428
-6818674454906360795274726553387444115
-7593001052977390997653778208983527350
-10045061295051654903335617421896569054
-8983198905361750049735971757520922350
-17467568478502653815550958168068011858
-23155741198372766766182035091347394415
3526823984118373056649320570044643885
442122096381600176191771060042835375
-12710300364656342142964021135373998259
37893571586896494326841213178660510611
8383666724854199514683625107220606079
-1754578478644204525187541937902879950
9136574621843125788332172074499841745
40968683835454861164977472079094558789
-12644097208436139486435765860208327999
-6860371196709099579922338456163616220
-20599184598029168790954836441901829624
-29810882369770509428600716206029745084
6460634157926908727907953117231179375
-2288056948361358362731557421242665922
-18319301622019973728812755792237161047
-5789317112310776507283487282526755725
-34035921241660074648042507755749501373
82957339458826731767016991511711100
29710301483560639550584817597605307150
-7710571754221889959725976425087635175
1195102625808542090129342989194873801
-370030575445673063531621596778347923
28627600108176628751888378817075156435
-45649545492067005175995914797249830708
1939817484649599506916781720060557678
-8257515324993593887079618069967825972
966451296811882641513596177750271012
-8182825094456877427074472202574092735
-9684946039199258684068896348463693477
16774799541524457784702408671852848457
-35455365794893654541412776598321096136
26260205270958258212246996355110404722
1155536034940577429358671658339173011
-23444918799841629750331943180116536230
-4497451121009698793593733994310797647
-1612380663335515645467743745327026879
20809993568809972101973598504790274845
-5737926614141043031077623344311816471
-25296488266932914023399324840291541744
-65752975157068889400200516562619885625
37455607586324700778274073746939200665
14811812603043092651049829918677527446
-22493936194977735728169796955140055245
1460373636255194498505322628883901420
-24352433574348239432002614512425231102
-44483854870939370609890781668549536066
10256069047746993529105427642896920321
1234903655681966042328479222531914965
-3923051346809104043532665515864381954
-3271823110365832219247136413235448314
-8133037385315413549550604390957901456
-2092265696126753882868503507972852715
7918579574819926876431923037402104398
-578784422755740047852502692573186754
-8763044773154281287693772446527469545
6437308712608774703181776102479349188
29958206433130636034462167534332380545
-1558678733397057031397657179640713857
26490452927886093105906473611316213250
-1363857321625380446664485890800423165
-25928706010452149837226613908578236299
-13179386369572318343045240008797222105
2276675666098866201232834475169523194
-23039029369066772938281399246902392143
-11476049484203671282433503877040070225
-715532453329936440349453709656760680
5307088718565121596429786566063038312
-8270755133954586594926102460142682103
9593987505156453841578239288321475225
-15891838481208907688872332905329991866
20095473468386541608443859392491610102
-1184614009141360091554919104124400198
-16914375036269949173744341924274833428
15147091474398747820329233840993749377
-42056166689972093112041151110493878852
-4194603123617198381877974312844807310
-445007853288141702469747806119728695
-56365063792782420862598955783245615576
2343363944496229838424205233772005411
-1236740845378204767534238436039888793
9667383918502018834211906482876556288
48208856906525220510801250926245863747
-1059269380276599972292331439553218435
-6803295590326203059721036757479104167
-6240550017317804657207978663238835251
7458246678355559971810170836628020735
-5130666610218127530962443209314690699
-7847786132273350004160164760486692311
-24176614616869020155558723408876414985
27097903554315408726924623967008138104
-27688284673224214928287494250331670010
-17809652464372422936672681613039392615
53343703951026721207497871357928669558
-32963714630361930629893328150170945756
2540032857786149150563182708853361985
3286625502962376986488830542981058019
-5239282351148492623562638808220846330
-8054152563324261868706016172729231710
-32347982369445318448017301164486871926
-5844113957682715011388280556252898756
39336585309058677125770286629545307080
15624400717213856987267545269778118655
-1839714158906238617034611789555667
18199876600717559731182821702789653724
-4178309882315063020429276024759597042
-3040481800398234254308044301546608904
10923849848163328567913906684741968362
3309674927022471669951343039048586249
9636401442623453487382017762307933263
-12975568598359721905260779988487476925
-1443222943451857350390783479968568787
51624092274475202116888242518288049778
-4188051725681230740578894671473372933
8612682800423868395235928750075936690
-17563122945625627786245433309338057432
49378867389008865111304788881440834191
-1406125669925394112114223109219224850
1616504593264308123253803175843941093
4795010120241499674940614751471088878
23539731321482509156919805397885559500
-3270168843119741089452918735385616233
-10815360325421470159593248383402532183
-15987510778641399902608197388984899513
5853780202289692567528397653160922205
-13176148775003552551056461985288781846
5720038007473677783874490933223625053
190887725284481012318942737425991612
6022918360464585758682787909347602761
-47483788255383731681732374664583230984
-8758300966984716855829818621768815468
-3924930332831134892817183547365304716
-1981627709477857605057642381188751762
3501281719417205900931182289901991375
-43495347259506717250266290574823084860
23186910768343875813651696044305759607
12040899150046744765083504604881110197
-2329221004162222155516079158325871141
-709526735850504456498350374399318739
-16354184050877237684630254115795779216
17036669231628896716811367102077501047
3663706336768062092385340458022092116
4520768796916803404126395591199261279
641890945151397121235291630093793905
47001064372885188996492342372330949961
-2239327575758242297323124160544828585
2351123858854877331135397383608073271
-26589025484279830227359401007255881089
2115199236755412089271352684559780388
-10792662885270221758146922002988027545
-18634627727379869511669348490434140913
3404884723095774602334239072186677650
-5163751666204408703840273868700628213
5601243803459261557987769486892610411
864627407063912860727919270611323526
17796221034804182273371913492834615793
3571037173256195146744592563554350848
30630406796722211767454203930998783378
4853712217049154046200526743887086403
23823614549849181448859929182352028958
6266506638823233617356462126498001892
20856279423029266173378392755967271672
-25256123154081796538121469725929927568
15916478861272623307476068511260922100
-1292172773974819450778246198679222178
-15290810754992178572372794935192962016
-1461385622169602410287948404723846456
1049410327385895212321419962473807740
6318463277748355483349944237247545620
48148344197139516797764618938804146
-11592848992559246656077039721305358095
-10024344018241591746677700758899074255
-22630290338939791679416004573194748542
7264558159803312707852401240320804451
10562142726529135821727397741400824210
10534276261448506494431628662056707028
-8458663960259357044086463573669127735
-19265710144709729935484572046746341898
-4627345184274531584481699996904238995
15475249078060587555937021477001063654
1732316571077811021692859337013959029
4799768425438096812022909862764358275
10675222609712698789827443484681236511
7469643882410975532266632971985584890
5644499695390299094533591676941346077
-4629051186654384263120617095295546345
-29102577124467134534584484619545653059
1289579602777958659488592713354081404
12742223259864825774132201426433785774
-5576411050047757784492901695345573174
975971293395646129763952544831198606
-9850376821403452907124423707592443564
-40182175780760642324982420495762918675
-1037236171692931609644324016222991025
-13265938367034992126335576027591628931
-16835772858078246464720380283894204780
26742026114707890057228799887929615706
23592469973806855596549339690286527204
8033119690536980653205077783896492855
18572165926708171436613460575234423153
-14878005168401348829723790288952914153
36961200553063392579133941216935938908
16320897789718220017632692283443317842
7774648839278003736307946924721837286
14154106405038986064695100519826038570
-28457501440941995464852150776235771757
-18600985200077281075249305665198581910
3389279399438867949589923900245412939
17854307281479480645506244373486161375
-22704360241551347861232622192556622360
7101826101995534033693613671028846079
14378007056665837770310789677076690059
-13652090121362423460716115830094467632
10379133298598727928625511635484270714
-22066490387152634951196654600685684170
43079040521984937417548861335418912844
32308081093532274851254572940490789165
-19516781998461299616912726684200993190
36540860523521507734754929737770958780
