113527588732204405441926321102000488336537395312386841179103041244783251524
91987260123635087625453224174034440109732493520016526765242021539644038417
1493070344546471351581868772788293364905258244465323630572318184748862263296
7158513391017369627049059359832725457202672004847230502587701250517857489
820176448590048012606428918180827304914408079679092175262634186644141445585
545636645089107120864194400345386566752185483176558108482220835260911088656
5880431538190922485264357678397521271968338976099115100152548545989718377281
12478386387560040301646914308334417309810142826287924384186155992885547008
5931685644510549104108414551976202004015640983508742081696345914484813417732
1561892825937311126624437194939561284017928739532373745520346922274505216077
5883186713711752765359631627072606878497072200990755913742994098356127810564
1385655768806469809710840639770326666801494916178018855476844725946608272413
3376560864766310433847358569268630892529977064236581227981008133216711540765
457736419921449277209720910370023276005852878239430940645027759446241070544
819901785708318620462761557680525529631990913036029764440144115884093408260
346386922353858208457220434077483699856802203101925815760896093181879320580
13148157395309187960114604609904791547102624189273399206390151935856493380
1385209824229524918676088408293306732383530676633485184892849419858227764701
1388501726887909931000822911831156372549143078945120490006896502903403262980
8592704237237802903660906587264763006186692645889509908744538079481617664
29070937452780732120454689417027600481765835758381601878447377613974881092
368040911149120928170610303454996887289442398970056812757801957856723079428
22969793766244344876955518337508647357229637358524813211813936949281166148
204981873604583491452116674373082349363725114518459475250500435419029635341
3281062717178372127625555463696473952882204685611648198718049283571606173504
125939380886381016080925799433343734563371146087982784645838365665857428945
23528115459617920044352817358358036833985377306834038694352662246991209550080
34350347870831704158777121549750997115677210206949410405535493775531757789
367969735860569064971204447283013087154078166142672168618851038575325087556
23613498405842639204575254316705395828720771704628455044485973953745197535696
23730977235859912933430133945188756821013483541066143347003233043728665203521
1470471001014051704809652423569796470929135694266354290033385975366657520756
5904388807804414350881515310300180315486907457457416540311165322860967493917
22976675970494484299572320027282870395111955489068007637436036929655424004
5888572080903325577161470279176566260131580036455364061717179728609913393616
23058762954289576139509443226273093668955834398371941179265950003110563088
3286694459547973966950090906710629258430213427057747578111633624094799298816
2125830655686117237436394932382292862905705751205322355744842928027341108
5880151583136871413246822614854609482289622124194394445183935020267719427908
113193929720998300419553725297696731705350458876790946170443850062659601220
86583832090285545942092830424359921219504340536462779618315372741799199744
91897277143406579350789071360753534117925550171340450041177794572753899584
3371482414175515856621772869566192040723142016365364525386620421912230392896
1470355138926561615341380523024615211749852691047529325841962871751016136960
5541636214085513962611132585887636074882125769662376095786548906817396527988
6247576506938964339773114492653753891377318035152124031694745226440340672977
550270737144595243579740901859636581317991907538175226552982113856813796829
12860009336232398050119421731575525027201815043398043643840128997105390404
5411405978598029308842588554157896305883661019519453871036388079067779917
6249676341820118461669966497047206068899088322241701297266821230272941392973
1475843607482863352707128097756157325131271856354297170357824544254017668980
23327925926599628348598570185583833744528676040785494851403506918155629572
3303674130934578381011134022336835625146708683888029548526976803577131172672
346353465666613490717702758094065198994048395674369787999610727404015780125
1895828981583818954313095844436884841646082123022292159330319254872425448269
1471804764832643129008836105590464992394924047992313253277598724331739615296
390833581689540400119942360982112220020435279259322142835536474222668837940
5826996272911912135395637290501438136123563574191919981187132398418071668
6125069550481449335634912194984480380448931114173241994041929398585095185
369024650350028376308003110283682591340336444715650369279910294903826366465
842786180934856843810815492388204803937680870035899256728061536281399656449
370623781799686025123986619704004682456263583397157916101799084113000615184
545626190127451489497258393381339457520181667254450980064994192813947093108
1385236149393498589505378084182336534139204175855372643564692377326152113424
6226480974080232233221619087644843073525493877530312327666812394364721169524
5883272574718848284787911011499305579758133332764404977287894166020656726272
538888685361925567631842173004206296511966187024961740007023245480053654736
205004304263240563024900353036784713279493203822132986083583512859148091856
5903037964322439253705430986538528352690370510911944855404723849915677082433
21666309090127158489604052613366551128416912340534208193486120926495327309
820617646472066018977781551370567222041287628098574235023782819014454019149
1470458660252454461092735998499874454241290409207741856951444034185313911860
23551762609257511781516151888274014300539231400301795184416024250670802801524
13209723464930569355135194434227423638580256411096356545034604445820256309725
205160039733572112947481332196750580375392242038017239973317215083757519312
5968080156741809864988373222469650593879119310269208532824615499503220560093
367505591498280057256683508869289630393887716417222836540472910085753156724
97642144844965775403098089463844618013133702081341732203720586500034596305
23888155039254393602378478335539967019881563461196555757676033968722714772289
1482876484377919313364222719177827095366362658285449390954667460715025859024
23548899703054158262837761110695550673715138650100062463547599553613041815616
23543596460367485576939828520037791054471362157240302950021129153435446294388
5885814569040164047486300115164118576314631246221070688608767989159610840180
113522970809234712839429312202447016678475407537728157720886559047366505473
24406651439557849988270226795986229188900454909861244864250737061257311248
5967023886630379078847266354892976118525337773074997570677762447579010043188
24412800920452774433878372276569942480792465522196735643075281490149393409
1470132805722709694014184769186365493634027774696077727092639686081753920733
5880068785349394830242053808306528835730698896454909181881228887098332807377
23549069917901258338675467076784896859489458040033791859731620825700548804624
5903064104018338442230821014842509794404442818219772460903610458580602180429
1491666242234763202987769482058523201383870114472066542287018446091886808321
367946011112494709688076430062363331772196846770753591197085651270423073025
5930075879160322743324405914347069657260902897154683630696461529942977728513
389171981366039085665186541155744714528198586315464538782804431075500416256
33703283188275780485260689926967371498865565274294110409955226804375598196
544197222889353250443798993660539032915304525005261537590647645600882049908
842836119997235121488770703972374967010776044874629183151110708016473509904
91986675941953818007427476832769438323333287614918181787227595657931915572
452336682868055355093230960121774803195982185685712091587057309162893692212
22186414629845666239325709966157282514366481531022337090060750523097804509440
12777871208115148049874185487129299547811463910166817211635594610299896869904
13490403686106927321133962532757216755471406555964363304728921388777952265281
441831527687841575402653163920291613378480161328023136699506239569413184
367968532856930921929334753308975988012747444613542454020086519430607019268
199749136502200246606742384429409544515163998764117210320728549875738739764
24990822277285130755508917349372166462048627832130182516621277327077448632132
49925617207365105052626836284746799183190645139403854168637227929041703197
368962533960218821572067019972089249951735020133700942652869185918179554356
113279785354980265472279672557519524693141540088298481448332874726699696384
1478610916600825035377622647079702471804185335306248477855801598715626999069
49963494986211389687901943531890808470003041071636958287957499465809605697
7405929786084558331082687175271232691193359064508556955933042337879706932
24495084803675618185100457675198035156533123636336378279322886400644481284
3279760274040340215014702476418187042195229915601566272949607703670793752861
5931664576281662590456736994731014992048064173670598697235885069824384041792
97619704293736338083570356690663655395445251085722338817368520835200139281
367863410651666994773125828121384531185477264647386479684431974218363687121
448643546749936262703674848319360940581467423535337496191155190579187997
8506084674547645648760835288856865689022013747528452267997090351589638416
1809716962047075454698014637807853040027158732374299980736950197770906514461
798733526980370573034026471963724212099810701693551980623958375840731890141
92215658132538988288550023324509084030470065219465301997489993509454548993
7095448508711813962748416105386232630699641132790585593402142881826161729
346352150420075893022500221237182149160608961796713552390322577856614580225
205336902145639750167237907017173625653055625691175242496140063362989956560
373626476668314901805883199727878828093568589928584547236955000625315503360
346640582699876194103672102273956956437960564259206538067561115406826274817
28381734670294216098439813461858815950140228636270455724953177169928980288
136136953537394762189218504581870123608208105011319193860577786429366869252
1471547744684040713188770643247658120223622211287244803025474114891098686516
28718497170769530189472175863578027595720119656006532789379359852701225028
390501247774951544230276982064350206059420747659765615828027406829457769693
1809280814698150324696263758845884082294609284719597959821327008628277802061
373626475325589545074192082615729733213773260138351700788523099534297780445
113189961131525582483935836041154540983153668935901364112417534775432052944
1476123511105963961254520060614483831981051438245298690080682812178029835328
346683369457582168480094044643037589671431627389572694023005862383339966928
804717420342033383063510073975890848592824216403039880804434272880540520525
211057499843727299112768461069797380780564591667093036631135911288131106013
390811737689591800461623144979143115168451785780460482451479250196126240836
390523271425492095149548390049824552911171397468297052676851379674483072256
93317250399410061321150921430586713476766766300544213653290841396595462196
7089911726810828811357776406412989195349810407572576081537554220532895796
210786607884135124420968344126862859080235343790607345323218114243150745808
113526933840822588488092239139247799199242543174874137135842494941695843597
1471369871308042441066434559426200620661614398178292831692953678120404387700
3371254629225682367157071742189141559078948745117571697371181867131769782388
28469904617109318185685513527465790804061894483161733566238234500427707456
7427061419456387847668126642651855212411642423554983542937982123299901905
5826832151974936214691877924797179785535289294811895684805436869315462157
12568600366966329346731524003903752709751749842953202840065332631651697524
544715174838228374382962237757124003530628627818764388507741504137371390161
21656392728093641111886526326594010100267536425462991617338525072412761553
28282413439178484717467115149106497855266938017566178883066867561038467956
7267566632294196231378210667096755256270919114866783403738635530887449860
5882214259511100748660477814652643617543262070948772671728054014455263282205
1470818681535680761511339317373345364459756267118039024727529741973516780752
442190726519225266855480198834680623307269574266281840459082258646618141
7162407014441720457168898134367157792787931910866492966201796733072314845
1558027876255447882098820604870844350086313377431385789291189164677560013085
3287860956180528405457945170589982113760212412861518628827147325007548384260
118489184357334922376939659216013298061487948338195853960474089724075390797
113168130330668135012788541758410242312512548647340895793109320648677970753
1482826419761822615145789333582505873610392119898290329433915983611479422160
1851486554051694356829755454279317118614913322088404675801088694459319348
23549069309480689534637068620737445008162086474432137781779662795012444327389
29625342235816435594300642034122060650483128561820764877600202270956326173
23730717928355374930708798262192037015231159599179229372403387427283831619597
1492992719172143526938582196948813854165121391478779369214950529148047871441
21694267740983535108069904665237797696680143525543717861246291148867110772
347102647961745965164142536119362294044426808551770832079896609867965780241
5972053636722823298248711879233904079668778371429743370117927888978013589969
13485113928337690967773332320778461070088135002472619380939837881568406762612
843144947449767386256443518697780527878104525481682903702959363558576558093
367531803316854539147700021882766121669637000770397542209531107553499890129
842808563330966241309714303644742706738384158576055085794141034483776606465
346314864562809905673353629753723675304179173790800852943855905322644555636
205734266562392901814745979464106625602683746791127706155352473906528195392
2177115279655842534135052722751630967897358030877849370950970802494486364276
5978024321589554156321745560554529376928874715067911744182621774180257698257
5901711339590469181148756602304206251576546141874289450968705089357469569296
1562004643152955443541687306008402291453276736676306713136270120701401308432
113521654511805526737861390697086228456958575522277161927013090687084409857
1830903575007914444479736927018956331759430746220274940014340631606619803917
12809991890020423629508561506223247053592084731296269619433156423775752656
1809452952056308931290742203342371764036389920610746781293980050847022990401
1773769460275528542510353470153700035180554448181851580003149733154522129
367599201809506827538685685157747632505176398147734850103795772481884652352
1470023850390811328323832853503740799832541662952802571135072126413829899328
97309459082010429797827272622603205377232576812420413989209646929138471745
823103996125565891244398628935036391727695513033410177662174048846979743796
86934446212733788024884936792285486894115340012891339814149833146021400016
205778777611892955567447085623687548976544622039099710063377166017117671441
113078994417147242513698505708794662795118788468928746061480895095646270532
1561894659187105756752464677872375268963652307114021807432558217344944506692
347737591012170800548750331913599217590286763781139170399197251451325783312
114847120468336749628090478044101097160313476410884542602519931796055973133
820279979549378716936551981859330771737652623410325527305324043027376010256
86575949433583621695740045047261553740185178514048106328817076400107148100
5541364343901479721911277858739009006129066842110392128677052917155442275536
367952829947142534875062574285185965415205862658262241560609014078034153476
97288747781157447850637218978764801781956858388273480654046396733747955572
91877973426707707933070437282515849269580277299755398989552967205696783181
1385241643790809650489739780855188001978936702708515134347426558759666139149
1562699387895450029916950738863634131521362970278332141979238508143056471105
373270364028151726878105764853190827665327091055018218703833892998813336397
5914437836255699575436432102871768563095076751959753079090970136677714834445
3279318562300709987062274535607181022246063001381414919713604646655175689220
1478437650162936951040050233135633320018767373400450171711614139274876682356
92657346713811878488169901071187229266034378821525768520915734794672026832
544652095560207560058918408262884509626100129015381509242220630149544755204
370625101250677721908766548806522307870216036787575443120339380936565132548
50008439572002049061337730506199881338272165770728638728412854093264191696
390476333842147266394939596428585945113356170155198687089122338148655894580
28303119551049694501097541376247103343660196507030640996767540414180756752
825654704319034054076634497778716863204135468349594448649818350357394227664
346302354956097788558693372645145411653956780458546436488108871246437749620
1470396872930266725319553037526942252643649412512896855258265630028571087325
27607090802744109467338225773862545312403317164016358154636460547077197
31389586008326904617588864779658002417367688538508509522139445318486357200
5544124611059725645526623803340332835892815674239325483048607616398303459149
5931310882422328876145494704176892049614166390160477388281494095359053611844
205070651081715763959173636862128758524552551091425873626370457674516864465
820349886429700795994080242967777477040658589551903512657339501110658126033
798614901695148135251157450886767152630147569798651007550428565390185729281
6101257409232552263012453248240718165564503067338904411817072191806590221
544320493269935355148783777343303660548427656510478165625175867852481115152
475282643635806867279777400168244102361194935905610773862669825364949520657
21647091881018198249818315698057576875890352117515162808300512079736226932
1471375128509865608340110626977783500213763741965363891892281656949691650125
1386566541524304276282477402462614748382151914009807037668354664388784242701
6270547485250864377457710356972617583495739919927848457620165696256649515841
5880267372973414995207799693074843138828796148786974372113625978645724220688
550022193085365856287182064978210012171123368669402907246412466215356059857
1470029597619195464314448258742257651397670786247677099431976150194315133953
136131966183004070969909336512159955770377848356321530517659751857987571984
1470128680539874425041561468765683929362111612125481537218915570224513158621
23020452789909904395805493734926381590686364223401523522370061278162978628
199738266429712487801583214005658396108864097224198952907106556224332943364
97631165389235843033375965797327399687521838804835462633210928915141168384
1563245980955862591817046006928181334778021917702242152319449133216153476356
29789674569708023536764188858185015341181441041187668703017030158049414401
3197746801670385310748095499606454885143670532337189285064607226843869758541
372916885817040589833353693743321667012291104281988277560413944400245453824
205065120822530565122580906754885433580395564777085991017650538731157013556
367710035408370817529507830945476532333624297555395252538088635225262735825
93402828030050317516627909351839958908901774011907570514884865279559497540
5882213912827212701895835090728690695250076497947579806547738107424889914228
7847334808511426287533243559710824458335891393516327289229674811779992861
1470396785731750765396355648755284100077958129306781123713307142857265632116
1385237803788795679020631527838879573832870662887623181090960262469555926900
390568905443832702803230651008941708325531005788558998275917603348264793156
28297921964192131853263311594493527798580382873577965201782812997614518324
23910770990414182766180627680478943343575175188274883749696429266901252915664
