23554375614549600406491350619754002330999388238138538589846858234206753185053
5881833966463301049355213126965168438641216430174715622608844904946401022429
458150110424449945731346843278695730814664457672861634462794619388317218676
3279627496307857451320920597041194158465045025709801566022088565882051642432
1832253669702301212271900795580266954520427797078235489187969534521770275844
51328396711279233900419587630100381535544275917979032211628239463224824116
442165057057117447737058850073587208578347206651795513900188752285799245
33682336689081674930072860285484263161647058070531542876350703875187033140
23726748027769919953803630604211393458707479775369026173726411646855575519284
476723404081111691834848082175013932461652978438190599397705193406101192912
137578490011411862844206265034636139411449974224863643801449011535582347332
114872689391017315478262609789073515663065438938897411965872690139642481972
23548737835488603421299711368928385928692214141103331369421013847238786473232
24428327140436792679675880200057331454757733587766970040946029050790890768
1385567019633023333428783950547613173926725667965202187494518002652842836224
459585677476194275309246834256706883690181018473622805648054183310712127540
23521048785292140605684485671834700824253411043159330102917980459344011199565
51444676651264877378701804998764396411964113711237463487737895767723217729
844306186599074457046053913529603798376482343916221179867837632111581384720
5565249161619601768446808755764529434195131674804883934702553942034026070093
549622302628756280851767004310303427119473995560170589990071085772462047440
6247571577093879970978027373347640894678941321280245149176746613082380324148
3287793556313570080545555894285791128945028963564027033522783337035304537553
1470217104762800563413764046141026041262899566086805620758264121876906312913
24996028863386530962603625308305526768550338909460863971398823407257619021892
5885816557457929018963769174006330331471301729742440666850108524953153376516
1901177809730276052000114631320151783271594463996070027276758313610858678081
3122799352991688534564246044049398017232763043735280025643020917126991901
204967120177414040535349289706318271748390610508942129532843815010007319364
5931318128123943658912105194298468968039207914440493155118300651194866796356
136137751810911427875257054082033994327436862507282072366968396335261208589
1797581489591956995255885537699945947210166784170322191954387330181592068
5562527723826006683831303108138442212463338688845299466437712921031513241421
346415581682625068605254012730273528889997501310979827748613193549879718989
367968703042926429381107802057951523807278980172519383990138358146803775296
114851984233863695562875299169495741486296888626043981125986945165014913025
34039785562553015594764936147054565092883702842430942880961895904883776797
347083244460689144735974155649632689690168043327655776924477141254586712320
13464155333770431051085467765839612922639586319331715760577975705027127136464
33680975441488405524570571408833387763049806515729279377758749060761931217
92402306034420695249982183335186884005133502649242666577547651197916208401
842881730946243935830320821966443803688261043465344239825118165985586388276
34063333215210610103649969260917150746344750738834425662794392395630200653
24406069781444217695962298710908407106768217571649770337675161927783665693
5885480098626122298898258865108502290182180529515316204547703961668088302900
549599974387434756450259321204120100854839792940472888177666478884116550516
475315125240006514218886331195524195434830091257199353598520944632202218781
28802390712464596753783217659789652065164316409553875985209546050551747024
798699468540389574462470630620964326330268474416075746594544482715852341556
1562088110642640953017297344845360257186181441938425585186459003198966809604
545542420843112339854424778966632766693323765384909585147845813688483464413
6270541635268722676113657685540363762951903114948363561658383641987102491764
3194660016471418595233302426153757640892332728192128443008799669838581878068
116376000471096756376050817931475607559672394194071510634858521412179870160
205149266290201890811381920723604948279858613177450530672058449913129803021
390475277559783573925639902765325940014112542689027739280336257474368861188
5883290586596567840721670489064243664674686173690838543135188955897269325085
491776492514569728285714187207058888365059771797607138504769321444000832
391993661750833199079453631099484987269737195817358566068243627197200348368
1901653705338414388194573461044871998985697038961751829486577368004170997021
23617935171611595523545745604945107731754450993439649698798982970693127518068
549599865099871125751658852393688337853127115592725951289618998851482422529
370801614762568890339018109569544245427839185836168194419274651118882325520
544974448579196340948915660251141892444375890503997042541119678317295006724
1478521517407907786032135529407440835935040169681644126397817033155501376513
1857373591327147967765438365704992407447882359279373261942822848747806004
205064687561179234108010224131833138818387768573151744204792793417009612660
91883469543610597919611307924888914123316469768160029084103554664693236753
5931400603314736921154074221901155251761897305305794666112779236722474032436
119159024511303593915293954982179532412244524997193061690259681303273146180
822936817817126331933246347862318609395798781050328360016357426236299743441
491756930740586988457632868728198869464646962199652549576503519941349636
97978999172473124472042104344032843212086880761783524131305846582977514973
21644658467869798071075147689759230471197582654501978633629564456376158029
1470128507381394150827798880491275027445073213576519480011610872639140148237
1475792318618131957167579739326682442994330540814684096615584937430882504720
1483207911328063084620312020671134586695492144415596931147232952069793111312
91903851204012124095716374951899915623690723514353475980762603070761799697
23551752277253831958929496869120009688489337457083034941705092167853545699136
1562093717607360226435430606206024295376814558950404879496012609602080070912
389151115545514411721522824608324817309040315976240628131228746934706311425
1385320449005013823554908096068180902411317632085981414791646651554266893789
23330954288412757174280963031027906454898993901413403901081473158338171345
52764206781801970279557508176429963235801724019111171556399698180930864180
1482921408942809661290138412568215679670534021423070096766297424968474165252
1562004657391795334181319388766383943369385194455449516192259996398122172493
97624259262171449591143756797229379897898297254844790001863944428453889140
2182593175169722478349559749902731387317971146178669298451641392253719543825
3203192595992502984252924195760863932343731186115199991339378013488826228
31495801501687311943620028713589780549102469418408658084751213692102657053
539247334641997479299953568123919478727172235807234175059963884000434770765
5880268584229333805908299257179515275933482577299984276358312909244670529601
22970413955618737696396739984784794421812283797722303888680743875866592333
97310942536965191592126979407053311851513097863607568218938935219125764125
545636971661519417012105289573551000169471434305797751469286833734016947021
204954372534623267443345677343848646482581810206888415811356892980719912157
453092853877488139528800282539608724131275052457986336977050209705225163060
390674766096599814879393590355168819210202091689602213607277003358380036352
92235371567824033111405254608101150306524709565424227333244267249758585872
97624259221070820620507673994557850832291469736654315046050471713061012596
5748234405509151908968929492165970715804192389251611556635244203246636340
12777865909918571198285303119347101652349250296406281947317714583583055482897
825898971693255913341579790839020621763730464410771318768311204894269980928
23887800031919113606392885191181489152418590217061633364858759813949893641424
13507751924520841227967703340907510013227010793599848112245089013438643177281
23333510406636780642405459634396360363743244877176249755836782226463474548
6270590270750560435167550004085904366451548271279410019345381819575658664001
5411051702547560585414936885828640024106451680186959004986163483879096333
91904107625811183769681675234737337291141159597826246579472966309580649536
545542101715295362541236015290758003552928889569082614238517953826330509584
390679311478999083169992464376292570392751787698278367782931322331214184912
22998103501785729666285185907706697575811723642427887590393198104753001284
452513092668562359034470511634178657946829544459273307563955752933532107060
1385651214241594193639179469526762022828015136101121937811954396765905755421
22992764945585499595754926664251108586478538661766110106156926386507350861
125895516837032846645218250726318336007227277348161664522753937860911449921
7068714859642724807486508582601954943714320764531472843557337276696304925
97956486026889477392540233422816095157636630820051917836497511138792325172
7117434029185924471073948653880647668541117848828056134184181577392587585
23548648107393755555503894891920279874398303484939033730472553430343456395572
5540860022857515636641761810301849014590109665600515012508659614473057730845
347750469762587359577254603417904844723941219718168660185103522317439366160
1483207809511567494245492759584650938099306211052181824123450285687706174672
7869414738493877363659412794129443848418013150462220958934665812556074244
453119079501286439389998476156375879410158561123911980995433541607716516893
844311341349538551886535594471628219659889004818619340581585859829061193949
454080069343899023473858909125976943038859914457750951017305854888619545040
1562087786465085546632805118327899120919540602205182189501614083897760223284
125891068661723611991504394606982155518602930981286833562267803395746484493
800074272189608715781430605205061789649261400263770616800735488532563178704
1435760154726937665081722382098123256595400654939323192692352452724068417
116370345180912473377714320260220140469060754943100062494959523612783877405
459843086497279532828269105519051349585250168127959789617298602337618691904
390562931122177305523926510566205387500580853305767367178146794987741004877
21693941587171376212561161045715329142211919547534467703511057845917126657
12842903496838540439062265547911101626602341800514119819838009797759759476
3284680879559980623865907376332759647722462577382448961503859494459687624144
1388415815167375318875525352482545555152318074927781539122644365933229329872
779919247806951042974150862406166944747307920223602240221518108610597136
532924027339497015432789058264318191652407835891293575925464964873130049
7068793230827750283853848658139869866764048281497562321372073601635992580
97669741218735911966401176997081753166335018832046029193375580053533687885
346661435940299958909725767930991067720927026723034351727168892962244395892
136074837725260241082233997986377970418448452776802323474829994101339062349
3200224528690829108588025029228881025331110057984297686786377077522030710801
503641898125211792573902143888945258720318411562391317574771148004842806541
31389230131817664810428500553246248789025395327291209792716826409583055325
12780957568908611071081432933319656607810697480947149290205547096787130634304
502277738388132648273334482319373917770672651296006662834027163987401036061
23854840821077480443719984285796601551362636865561174920945177697570820
23543437289242631627492725815583456133478545346834567483052173212056137249856
13209059192828817194750965778460066514663912127213206231076980155316190004253
23526100556627313922643307855697266502947895043696153365239243914018350505220
823019532307913991785088334500746358299090544274681624238489837263725478721
23001904662776651001777895122198318685103344793767348766287880120617206900
7426302434160879660433923544723398980427859680020539238063163809995191312
7180965650645020073191117260211380100982646195237699126732864346635705821
3225171260042076665895012152952231236604744697521191209949695146368960372
843150898884296397392429645759897769987434651685039701443339229578550837364
373606747390204391176409677597704199476351055333719338611904406436989596673
23521788591602343098848279393941586660141741548821464102857082432105098773556
798627465450922250233039668119299632737260035458878307379241221847601385681
1811377245887586493324345569349631160689527279113041889263367120190463595329
389160607554299572384334149258716020846323307973980956728052718151839020049
7079980240880222198069816816389814509244719391226127011082386742947402193
86606262740818558591594626794159226220345082651857729547635540637708992977
51287340984645375617437945985879783224083365760981680093586054059514518797
1494505928256941539032098831899693372053918482699813762068892618864078356737
1471459305447123612265168463755266793435128332096782442691582572118188179456
821739939350716056578182321372571351588134851846508054723258415465104592
28628816278656662583159743324026422380685553361753557917035966160503115009
34024316782043275216687174154155817701707986850282476853278072353129028864
1385220289842640867306830301338703860612332483831031281286344447858045895540
390473633096502364244699643969759842306484178414700958807370213586142233412
136047662215110166421569627138841123397263299642715113528025352018238230528
92697835429274760532500431956818831262577567169017266222072414558098768337
113085896151867509035245282019751516314954125161002340083517737363797496081
1478604628514884537718315946353488064933464073792568860870387246716623376692
51245577439882995387725143571532768733962037954388039356970499848121317185
34017786056922610873778450657357849222178293594819129816194707762328962061
825897996857928614666279764322853820258902324640678947121189179931470545165
25088267765647308793825889392131035691575279009541477100029511581228696083920
373246643054664278082588821881370842019148069499415759642431631998211867101
114852070168693763481005444964825834088396246925156022361113715589645455476
113610429746109609358187641502519275463778663244763591316558655106152952896
7067391404085774946215707815247558439850781318538126459553775879776059393
23612967300058180086842951953914295458005001436163403525501425274955879010560
2182520619217945540360659342153285586944795190571419520020845290632534561053
6270590319450732352574582058096720671762207364355786842646563938150593397761
91881336994340683920570638545801516489190428657207789358244287352003641357
119184969409472917853111572734853182936323259137589609963877674223671918644
1385409032660640398352910353541862356985829318130911148149229722972935475469
465156040556491349650145952434791935542849332207974105130385036197704976205
6252987474469860592861776516206863167778709009357653563020465723306126934068
12781131600843157389228501506829281541854386003777598476036851936391326667585
3292436689739991696313256369623500675009003759562415270781105556477069021393
373248174657576195470303115349130126692913853195963427691918067562545221905
2176888454984370608490073233252912990181167018035072813928101303184715630400
5914460248054099349941196933022478882857248487461408395117279544427016093761
5930008398498100368206139847586842112929367807992345090116151015993538248960
3194922341515423155629157443982133398476939439385403216580297434416487088244
1567305199591218877284937615252894484521904567317745680035450285197080396813
12478729808582881321044430661046477937430525778512320013245471665842033476
799437918833662978728065047058617724225654217564339149334544925095431844932
504905557712099334944758859776385900567754589159259962807585840713184592093
1385320016270209748099637466791731218001179626364561569464112734453874557969
115204389489569760641281763287339915592854423254598092965437975385893559553
5913747993223494011595706584526041863919200654013005625804397655532612109312
5972323193982051972656076435534028079000475837043616453852496703293807096909
1388501034354152363098508889747628407594407411872859501391888957305726967053
12809648282149249423199036607530112042631176523175171324493640400742178049
843145421280986890665742365050492197075614035492425778626836537708988598080
5881835280986175614670882450216098029184400877680980732504519565372587210564
5411325172394012735115032738537615237551930165395632249861002582184235217
6080531675661883243576874949982376347314670470546651530140414763243527453
1561943194697549448187120790934432886127637332355154517809947157527972283600
367504210202037226448721971726356385780025742602993765305464878337769882065
23103194471755438749670313783565861454944016629752026514409295537960190980
1440868121891277150837339722884129325817479695411059302484852278004875293
1526070855386692758880450824133643934606051915674091603708217383227543556
459739910945607231972128631594650459662123284608385947864125920902026367197
544549843832451184522661837923727197609643376633749519222501978158734250013
1470149644257732616306595349030410342778204408143880994244534883536486220036
12817869479951565653766454199908036042351635825223797696075724556497650141
825559810319203964301684856664831064849705904807690134371669810455205721089
5881587229342402352488661011450239891827489997749738380774749635064391389392
486689508704153622978652547933547974770349308044315042326028305120432558925
28719651063071038014618761704104278052023470507139897892660870580251413764
23612967257205537987246254959606147384958738822761181076948637489215435821364
5881856311350572448436370137792978908969127025382092814327783073203564121396
6253313998477160585234708505124825150200156669252156000977593420682442833936
1799743361976369925886499495732585281891049159495133736001418044663415668
29717302363673954276861352079515762833487098062990959083193653806782221568
493244447851264790866518873644686099024017017809490928457569076994393101
825650498203693554496205724596283639646106947983612671510666196515873322868
22969362344077068626529596075058957329745527984115963112183353766596052801
544219718253046196804455904089143484442630621264596579341260123682765829136
206310134651046227787716379667954827677968710228692946251504034868728184909
49935943185372355256740848727734727566824799793902831767398424007835385908
136242206522527581716308735674672950479486917279130287563455414222922462273
204961965004070297846355049766010588343282451783520558345730608932616736820
503641158074673586605258351669060075289787341102371827245424378382116782964
23059106934593655974827135422930042169956150644858241967487378454503441460
1472164927209883427673846411468278450191986731667399481381558463557319004228
125910285773990144944677845187931719920955287534191326910062750669954354433
114940088164172290644237430945370532985423290096531818229754503413799964672
5931313012473756315643451202044749423824043150729924203592750622725670925341
7405764320398714387786237398827369302378457979888168562303674660019257360
97289114351853607326968611668191413266037525356433840502384028470976827600
2155644631289353193277575055113229569915947130569598316817561470646196847476
200014103838967588003732306180999590527552714197401021556534568978169941252
51370137527444409292265032634802910529141016597165894009532799471410483268
52679784659221461939210812922688857531108778650011264833597574371411510324
5414118401344026313313432350293752661636404369721810376905980423546356176
22999839358037302459347955589079621842194839960979141079847859012224107536
