1471807459820628184149151043518903269281304055986529893068258756028937799488
24996032752888028007646627150307097951230675122675749407328707635050954637776
2199930052543875973140171036814038352232195730336983205880621623535880491217
391998510618434059215864528047954554268618624087330943992889956084544822528
5880448375315756550138655260625827939745293897213413055345483568627407729677
21739254528119601218207755733447056251198397731946919573648606631672480580
51261191061616821586268600558014479188763382601734806649699437674531681501
110882574836826854765323772445516893385216716525678105449528014528122945
1354064776320827134934644669745934660050138504969223574371069149443906817
12904660295843898067724993431011893540159646874072052115971400938551460672
5888487184378123546436176814252686885262864058921097467927607825303309914384
5903043317567129222100111450867513232722028480351179732016775119290927957108
2176871702004933913027961906742318011808031230481035640978380927619093777873
368285571635527994382994423213181677429951060478117984993759898549263326480
28038430846923235378804675714619888022066926755311995130013927571797069
86665425706582409023427593818806367621749867490951349806498234282113518861
51597549148340329251244006647760135836438308994380367138601842852094873629
391993317797206213501742429447957503600048969841308182783789255146233401616
1563333976278527131524779478690708105980200401822627233462320444558573520093
373296830594957432394525954548973921162368816628893212614831845750202244560
8598635490927380430879386139823009675368538328504347691938844131847074829
2155582520724637234572657175987035617895500448389582501369192261064951071553
1476097547230300812964985308155902619234941562332688382263943803450113720592
5542280555531223188239800849332916385738734014490918420700935578164171690241
134755659385092783391494556650986574262295849473996200924763233983420226833
113190365866331393572932157468430070282405952391184315283438820309087551556
2198399472909746331666964596265356486677914525459949190474147960240575040772
22991794292477811188543688225202709305621664039996657794672672194459405620
205070301970151108290219739373042876009464721042443093989346353238957219088
1470796765099954405312742953910075663714724918095678437258247792334506836176
97292322881461178260873264798526011782619418598838840673265686574927983837
51576752325452739916359224764531159843101132521475003359982983213206684881
390812811073190185770833504845898743358581684528056496912515853051000997085
28383196062006161103518472686944448723456068002970840777312322466092011597
12191463381818773121005719155415741422210241853471226529443183827828752
475284987799435065759223866849120658336946844680186537048170449399776858397
452346435670881497713137089008520583968552204881437088778415576725731738445
205064883258059063399696631563717996850263014187322608994328439420426139460
819928792876021028548824710552188437817672652589662641236306202998226580688
13129551167246995741070627841284170225160287266155793604742396709759915135040
28652201121312871557392068557238166721611870024556731359365497784862839261
97299618705112467580963619303064598311478022484425637205627619013346735936
3303757276679519769752137138726187190013441418616098399458260829602682058612
455454869356758767765220626798204684779150726111921816747792226383722401053
52674129408906278438674712316055462476102553772659202871252337487187756100
373626471869941617934878590957305975717370323847205798708176763230912515344
5888582492544729141429857153043380720604463209494171890607429693798461014237
3279805277122756693779221216409758057714703314693688581211465989806633058564
30038481835734474969290396253965849632904738278818106212622697753641557300
13192458041136106815990002134761194039191199951388026796166895929136264205
6270542047325611786159948240883874786665535697411596395396224340616055832836
31389904030216230486243579396143518690617269084639776428191119542660055249
5754438883184946525547694037477949139420970655333917818440094162699383885
346386618781094009405480055497029089464807871612619623132095309659838157069
3376555180644962786736112635052666278771579956314932841307516203539311431745
538916743607892145531772238491449271212993378910682367565663493804337725492
5563834633880402669207872819700100332957385668345656038776323868642299155264
544190977028433683386540125876135676749660579283182943487126252482018008528
441724004147558349985058651792239559942279893816706553408635327622218961
93311615849732391343311918487203074497670229903828644162219784912793306129
2155664608616020148853202785243681544656577779651342256684506232386716386317
50042833585983751969807093791036257926686008478973633990478539122803828
1475440587350376308022001635105132333276741594783771537048001835435682906420
390494343398291757259679981592696568744282478332983239875566316807863616580
5892881980316278065552998451457395711959878889584239547831434210456052908868
5791089687934866103596344385964235661251931652204241512869863102233396253
3372591949155695213998436610433418182616056840689736391439370577563620753681
25013454134439766026536976181480689608900157850523533851787726210789270583156
1556625829226086212637281068244305552125893133903316006920980478692044126017
372916911097550201573849883871137144803221664421663232169835894417486250448
1493365803933673194682799190376303543728809360794768389948254994610535222544
842816871906222930321400146773763529733851098641325729984401252345389830260
457746438845892874793915999112956698648405842386173586982946361719167077684
3125290200548013989271745749653515370267138729301505583793763443419400004
34373917599166734421550828875688056561952148611773319974741711194920325185
1494443763758812106024853301050887477414784487573908799733005741713780703540
51578152415928107050938236559678051042791328214157726570351800957107729473
798616727219139736450662625388531422049027695745995939934716251196718383325
210365708959818528006062565958497979979183142790343757590933723076772721677
31494744965288427321090524031683620891988845402827882411124793765108126532
23725605111123241106987391097909566530110267818651936170848534376730045832500
29625341901362894279403293942530821362152194387783028585756997453307776465
5880158168741710485034399212542616032616788891481378201747097360359662355665
29625341842472059167465149173169249144197898569903599089866214338184994052
97292624918450509181878362833162693067117711742941850272125226171997648705
5747882882025706627271564812597256361260976908951804912296054270432444416
1475427836638261025986735994825223467409209900173778871368680883901011594497
367594264045014853348020951262176187629793123624608353041271697496724501533
34013295556767422481710254888044288274690389330086818088925319981830718464
23053930962753658964128840152969137455225680043764499226707553711761445137
24992085281683187635775729109679839422696656626088187248160189670586430001997
23617899286664124064544858116096169703328715027255882953164775567313161163008
1906541458766770458602631224066676685681182401871429747249575751131131400449
29704997430800311101189585835686729804258706965253924736604972559843588
23730977479935161876020896052155276916737397928927508217079884499948670078980
5977357095324723349671420171674300881266574686382884150528640950510605779776
23521091186963016997415249120017538617066938655772187785033909565538609135668
23527451249959431939994079767163641626856797872411101522022072358942401655809
389232640739533584642468740133850299410842604976850970439080130800243442752
3377269100262434545788251076652218272295443548483540507574939084268380413200
24992411426030971442601363671252158462789420505290280900740062418770794238225
368307927434117780029053813411656250814533904834716492391446757587352932573
453092747967872793350488296605408329409924533059654494702365668776588942608
113528240156823755448787522066054287267440157725810679092948310554872935632
346303427397462882877676357824312320493536010883081152718390973791364138100
390832201841737602646814166373067476168347779438379472334892295372734995741
28303119460254140764647444811262359806930554087914918563848636251456882548
347738031512486404448539761240431333802218735175393693448560226565868499997
5971991824248743327835653415174729175473681829757920564555423060491627672644
22186388687556670936021686749693016992413268211329311624839348067350548909329
114934910736796338900522682791842369644774078379169134644071865072731881744
1385215109746841062562808281145339174929127228346333926872267515905929187584
91898808311389954833397536788629796573470709823752677305428871094830367744
6248351555309654774434435213754804050930496325680779819621222419844489859136
97713724160227916947864048571862896562027589177067633149889817973131105140
1471795790946893312622985252466326081290434677195757231203876587489485868340
21645974560616932225851760856665058767457245950261355913902717399143284996
346330063042517698908402029974986248835165113803049502339153381426267954436
5914437760825852315687260445371078158965907950399359701471510545814572711965
49913430047724436433584470789670694603989110098099389224378882871050178624
1859524518494826767087138118700319891829519264549459279379426523278100136820
347082118783754633109579471540158326277868135680666765985862289510897054797
3302371447884568707593761400839717390198611582165582629922812844491488953553
28628644782762794038173581258036821363994409573661083852574165897814540404
5882215400754817923882682102032403168018731447249350435588633046426658394228
210786240658924179742978995223615922277440486720547794266633099494666798288
93334068244593957188685410061198236653578858557802816742874475882639474948
1814663125431044623184936182983166289961988216547421857543905087040443938637
545542960647211161081887044113836749754612605329494468738690659902200742160
1388328207456672007251087893812319250156779760755216108401905250337218704592
819901587584604800275923544072820971731558204364899531052910876617667301392
12812768605139776933486678676057414099421572122879627171372569744308765709
5880072316475806513100628296273591562871284040899710297917263247410942824656
1385672241255741958708060310875589189547592028292879452393935133850650021149
91967184526960903639850210648431165469939039138534941351945252308261286964
5972305102954702280221615264440363895735943095573086957977377536694757377908
7074641776179593018817107669030063359959629199096876280921077405612580317
3218872372298342626422032431497152910585703102425058344541581403546654344000
3302619899381980076298902425598851395067940247382553978468135604396999578445
114514208451568728579424173960962541045846270551340922233911312624766800708
367700566147107699993688796054178042136728765195758776113119232435070990144
116197932534779657953224622223634838126756601647848631679813885583182286288
206474375889120456279247773967977548659985226450919156465829552205826428945
7267571424922862867121191719019825465445720820704489404692111774681875473
23725243894908563485688734246274097323449292578989169139218855418753527871297
93234490113413888033842605138654121683220663128636864291505380429307858192
5749203601179212211268713382599546175283598932624234263132366568061981136
205777643752393249432817910601930117808914479098592258362168510627552906525
93234397754867428833297365474135824244987136091878701869352100687638745104
115045540204934827666617918873572843533609550357114185977926777201621159197
91897190707987092934266478138808787919393104583587350447233780162283730128
3286430552827711821895374001727867296186958696969050952084312102342982753553
28385676287230822069490893749761545807318625533017529440764021558879523652
380049655472705165060720300326235097650863897305056812298220307257259012
22992845894638148936425783443555656166109475926184799646610038210114372417
23570204338435260842898657360545768445991084269231456090627604298876750088004
504987003853523622727586452873897761444919210445928281808936576391947564061
390506769425010916379480567601020114923899689747539549919903024761623400516
458436774968821779055873970089352674309575491243624790805058717899234427344
539247441134366615441999988360178636591271694181926454229912425616675557632
23327951518731576743899718538682735741215958622481063127705319017157824564
126227443828797030891945165099506995245102603092741777358597751459554787792
798996201622410959358486790827452429282567930926326749926253709301232189456
1475792225532168080873361445754068563827768151579914856828669698502360580381
86776007326743072182978070615896494947759528730768090976675703528504128733
12501139313550877898927017868064170018062082936763571183116874552107601165
5881587142926790958712565372557937746835865053837436953787926897085273460945
1386009484491056888116964160182981110640092115333673847303392263132372272128
3194482279757260205164785519783466691584023172568000836875222636383015587892
33703082936233150204521373295408754627041180445015967005463423305646145744
1567635496404700827992858689967505665767839020685463773175418123116969277300
137401388842317706889311787514064178426130697771264153145380638920893743936
2182504934059341276772342055149777086952146236112285492050028763595797430349
23543264876271284092664340995193654541669013070299511911083508723463590248733
5880427346305682127102801893312804873081939786035563511362862738085031775696
7069309178047025068719847450115087462738030746620435640986379573423035200
389148185763177725846551721116295092760857529258156676678277670383448768513
1816319303025805406298740314605317878999640311995352953624188129547557015761
136137297255419626587812556919289853627747909504058864110141070219908746497
390497039732749775465265111596998449732019299049425227543942429406516166724
113863766339686855279178919511077334755578151036434120605062647298340753677
3376558296450692770706845839270626359606767170218032347037075595126136848605
114873987341747510665085006645280444468645859478025638704722561544534950720
367531824183086837011070865216175424663717733403829430762184516132930584849
115226388205151758533709316692070300183957213510957185182658662140325622852
370802281394331325264678856221885881675814506102460823820882625030693917508
367699514289276692027084877312877147560733293261479881615820506779169801281
476658437013639062586230250928960945292590247930725434785960063510182166593
118828148777977803533466285086542978724807113310721333448539030394358583760
346324805858079109518916693970870444101488232230953281579421928022602683252
6248351470168618732146118574501711585818369650544735354478938770415647199261
1482826750985204712724449245945907639967256905081000050765141954075270841153
1928072661946761736965661733737866522739570776968913747986726249898378802193
1385213403624735634703912659990613792436596178802582730923853100726992569396
367704693742243353897191655985144225883018879685443915041507302090282644493
544216699686818551127101173995243872044741343986801270353955768053715435597
5554022084422004943822977182810840567708457937408119149043370803027589009476
370624294138432756332598475840772464135286727193490780032925496887413584909
5892545438206048873550083591546793283596023326384509885062902296256748720413
1470029287999801031909801658753593059957758371099553825716552057745410379217
1922440143719894510069279763154405358137294129498982472608726116013757812765
370706950620548735505324589416031560072969278726723119174151686028311658497
97708028193487620873195048678691111133497910293773850593847686877033219281
545631448686168015289488679533232858502813187450084646098438711624883008577
5885811059040421693329387739397843829803371085558301601510239961212923417409
34011807451610003990717600106388271817483733222544302668738553131962273040
91899799850430514413051658468831560879312731740799112571422253627281887501
7157898621484646208889463482345171766735904434404758806324465631669116212
455610940507452813036151640740818202130876888647240042855919937100579934465
91903677548895393671861043032131898761949229509130792862120972853500252164
23571506888058518729402084883320308056439724670352111235496822576289216200781
1437289183534947267967354186339284597110751005643463808718089400705369101
136409335252892554292885485951543410219688822752440709864784197922184237889
49935947883441133818249945788954982941991654322061987803321992706098492433
136048714288857002431947945914539188601067401199865750445571824001923416116
5565249830141987652262523939203219144073650328773301407805432386372073947252
28649582315702096280190777686979203721876757466039951292896211387771257296
368963585503119490605858677010074505892111976114984176386254093135967909748
22166537280196793960072010505715268117290621019415604495003789244937883419712
346683369541909123938253575445451632811573233849888855700820265780498137360
23327952886223629933794971035713215335314628493177443363223381376060634320
116365190797494179400087289705964002309876547962134369812574243532754601792
367968662367366846137374181413420007374151357064830404148405413668870960141
1354226788851326096554920381586050864154742778842133482736317112883426305
1470047581314701190938051245136003241335204338274743436011275031556704754948
21728618395975801097068862210993185034297506122765711906663830534299583517
5887158171977511457628978511071188877392956679685324904229995006405727440336
346414201360344243336761377890328914381145258688093812343171732632501240896
5880177795259720087937227514782850786378111249366800878764512839705283124496
2156334637432532847667460041791097889523894448144962468902958192565270364420
6249097908965291001163055417265402250515634736216633805025375609805686977600
5904561411979810014083636468879599212316460270440674738818512503755278611457
1790679768298856736555067372736041400263720050755243691869331015280365632
493156516668166566719453620905689809801735651658813699167639859660878849
347104116937970095530866078281184962925841207707218061169878384296549732417
93312931754292875983628742223664255921387813884084110665530163513659297024
28711460369246012843038124582369482405048298192338419232410488418423869508
441827637459216834456974742054336788543106753295685008508759092151770576
3280069274126236172218866368482058533825067261147599706178086600131192517840
1385403073149944605360587842870228084019672660439062884998057378074003456029
1385589447317426484197912826053843464696240591469904198095793328836525949044
91877799850762074037179318221591592607319734048249020608043652914900435216
5908366289621735976211484791901561317898212802011068139992154917010486133777
28613396432595334108291766638292093141443935958752653316991489226353790992
92700571617051113335004019530369226503992785557939384727471162097079170893
820017539291531277101868246896349127797680522209809936968359053267673760785
1525333545145182641470063496961512151367796710221695741345622517108442996
452849923499786113483908118782220717335427367959856340627572492985390977856
389155421049292194270967152734326947895371280261888378247860869277485486336
824435216806039198931882681029345734309553562720379788585364339135889616
2182592844988636194269508062157509915080681098563358424019779867306127908148
5893235759262739724719465003954371183436852348197989227946796258969472847937
114873147794441445841118738100584488640721107414217901766900067750339478388
346330145627659717546447882128123559718045860530562200394481077185320113012
210699564425801441383710091535190940662420602944723558744017879705685609732
