-9358040599818222857380339814382648808
-53852367145362016930165365349055444340
36106157793363166439882303544251625149
-7063220117127472101479556070975583568
-21476780037224908274836523688316901665
-2094384313640087221062101618979901190
3954053096189344999499720750034450523
351462120362351621175980236612343625
-514447121545102840709520772630722895
1881630002130827076943012996636481400
-19109130642971364581306414819348841900
-22520225780731424353670899793996532570
37525970554506852861876334810767091821
-4915960019975043675553608362128231500
186856298423045733748633488154758375
-4063312204128902775008614563166541201
3818084292858172719041449838109970755
-7100112412034674810108204555215482796
-13645034305313131048811043626591128677
-5862160772962456638401091701340953300
2217993004844759447703715703353950303
34712182473070512469379887959236877305
-11553113889394982473331618604442188012
-32173767550275502531845539197808799791
8779439241186838726290820217171025333
11007519194913193193652262843252075530
35226341401644798252589061381227313010
-1376464432670883445726773870538421010
8289836319231620356235473179326355124
-10206909420284891961340350568175998852
-3688076168187983444179400272572345381
3739997153115511792618543260156319133
-6907260134497793247704706382844095077
5678072586872470324280383974053308103
51167956244770204784485124909565316
19969509346353130196274419523568355283
21406652922392381287036236335203951863
8315295384518727234705426270585410010
16266612283619667040885713862796712540
65471605876729192184183963878359872072
5092915534560612048694272760853344075
-3596661115964472302565431241980931624
30116146913484682326931275184394481366
22057262601375890018226525108737660787
3654898674105402256833580851225906090
-6208845405765715510902253582547943948
-18879066043576121651059470422537528069
32458603391190446447751646565737753362
6681686152306054165500620428618782510
1772275505775196095337303606118542303
-27875126717094391965544063212155754606
6160829156181480297077022214561944445
-612510055503065060728548452220726425
-8096850535860461898928844837804250801
28247769816651152203404070215717892425
17461848550440105247830391244174382846
-33083420921214905794902580118083129032
18644582598658226799740370309863814828
666515112203326419961137953229187869
-2991851417131935912445940136020341467
34905376388808552500601776132002950559
123696612542555179656828959974024742
-11572953059486913259596529451752941682
-6709030236760017563083248790136005206
-19306692890701425717627448106643310214
-563888263515943545245146140062145117
28963266631706893502255244323886931605
-54251358384862127186646594318025241770
-14481366077685451013568849193147021095
-6267211258652644287288052171334610420
-12188793455184599104605255725907631756
14816348175305272357955044001728362438
20235782679668827386213757753638787950
806656801439583465036449105399358618
4513890002942306217239027989488091209
-12336573616978616757944037950138535666
3728177107720423992041691288364709481
13342211330659211833336147610472101115
7003034544950306454882056830361918815
6267871929260892493262296151175870522
-34776468004909306160035729283576274258
4844780841432476065341923363909256941
-21359392067352312600344680365685885155
4844527739648422009795091205424038066
-3675754240473280165020480969428529063
-686865679474143704764492199644835072
-11619192614844668930780310110908756495
-5405570193368319054610358903020623261
4639267957787381933266742858444996000
-1460507327390321902884164882081485355
-51702918627259617665202301707314483145
-45800943334529678030296210515868482480
38905489863805378095957216813593897169
201437659907851235891214293626231186
-35170444145226853496301147737964909630
-24896554922298045094486188244449265800
-42072520663834303553250553504498702338
-39577327033815266405714786520618737055
-7430507172790396145301087599482938328
28354121351382937242532835163309466548
-51991573003364941557554283948414163755
-4785176107651188413412516202821483845
21684106823247012483264835915804545332
11372862297243005978408135951809112668
-7985326893261687004896807464425304666
-6800369253600144189471915228587314125
5456626021103858358086127624553539990
-8284936020596684630168488586389162525
-23820772266117546100824930386639336982
-65221615127220921101334215580402773259
11888269592043986701322806889733237012
-15857615526129887376336230243255775408
-2707713291921945628768643727263296480
-26149180604202812488818204294875805240
-3430366974432723126456913194740862026
-9252784616718698115493034719592033938
-1958571396462446175675416358429642222
-7788457946122669201801014892963765710
-16776952617639471040514812368815244925
3323821164080568588600892679235190600
45706687605503035580519982986658259446
-7552689833856862922042741352213371289
30850986455783684727387123108341629725
5157920048757055230523299189903086854
-20139262579716330679292930645071455546
7227010341149954167140797094865578012
-3027088186560278736980265834277155438
41551183202914803981050856199748320855
18094801320774685760069200915307095060
-15101939208868471662248209182033401124
15826972975520922349353322567399822788
2025140674734568359902188180677118239
-21298390104371056404759785646739324228
-15327507092289443081192366296633068045
-2750214245524323552923280589094209058
-24061956542867811579737445118552656234
2735843635827562080543330539939163947
24996424971586998574761419952934558712
30355858037036221900668428700868845111
10323540677607592400671275908448500922
-5118937195527613660845516812043483048
11473174568412544143700666678468264044
7521075229066554005312311022443046213
2912148246283445502360580434419293605
-34628856451678419568755376290984797607
-3181194788964211557471979002325163916
-577453529883047433310627103477434932
8427674508119882396510593326921857907
-3176980151847830673922022453112347196
12204390610859521823120645560533367667
-2718176957357058711115765770781143972
34445098628822494685832994047288195765
5625788727536506913794834300733299002
-229916973969010778603508487862033310
-1381587053783352254152600906421694343
-39259294358190923303073955501498240614
24928473536867312333603017026721523427
-6505144069176936486312809325225304374
20389720960252185266378506934752375180
17121957577459465080619014928892642000
-1491442579142930080614340701674561218
12368865518849042930395302776681467404
13087559916998544907586512657068220548
-11153098475445682818296827084104374125
-3743459065875607576394918398227884709
1615302056481114806148986465027432943
-21723101546425404987081065873300098371
-15437181732463128821528972603195704800
26537268919908880838922977694386262462
4287361731964752633438398914676351228
-13933658197737464276951690841377260330
8793867793546116724043171012276435832
36644546750083687145866949136860758023
-43689600186910189174509896449085292525
-21445589014181148737529232747243821332
2707731150920920855314598625031476664
-7298774362699204046806699863897057663
45211523873038728459891351492379834941
9216255968304995725618607191573443057
-6698895543114913353345064846317791350
11032082433495709616349447349744256335
28277052420136091590507362061337503099
12113980773837632985133747293124915960
-5145084079401926779189339148223568875
11758426182963051024540279886872025962
-4428558931815363810988254757187799750
-5114362882790847916533690050631380055
19389506506464431414583290222665302793
10067766591132682730577130744044835020
-8022017556077341539087714710635951050
-26174880455500904399683119671182525885
-8645532240658266383939395613276814855
52518286077116072432108014529766835173
-15983712796172222931633098343750439650
-5072002437573439515645243372101849121
18782647409001925007007066099229311495
-30137967189929128352293379728815345334
-4469642604204096130521407736957767201
-19602415554977462214764124251427437997
-10573340864495984565605369054572294035
53511377231761642182424539832459602115
-4325407317750378933870405002999691263
-3407074300177236680099534855497355875
18357635784037133957762669021453845097
-21886617741835240507395151847878548935
4651892216098214452018718764913082100
-2715108408030951251906737287263263025
2590170365899451876003836237506633390
22155987746811766848280994000720179537
-2494087263534295832897473697536924350
-38540182607604603323088729537672596985
-290199991143991451499921912132730209
9166320116041839976884915977642893881
3279002428587349186646311426356497509
9292095114197298455734392774391880190
-33505953226339555589047110150198763002
5089948499823364778476520269373664780
-5700917926317811549948245768907915434
-62838114921776238856983201329059587288
-8184753544775717274942904087791662060
-1491802468747525260110788926937326116
11504942621253520447037592986165517720
-4701395508564288099431676267966249505
-512793472236724411685051128630904095
-10439540838434888831061149070805320270
-2110672660994774025495157040127714781
-18665612071459158871512699151126412436
-7603092269454855623876814357150260056
-20943770224649063969832389259122198860
34959930778869067979702515906560392850
-27010216689897558280371936549149191704
-23016027810422265069752792976800481951
1277612157444692300126237734624963656
777932571556580609793422051767490145
-7489617205702954992222030422912501303
-3005984073940957696878565919845007632
5989685165108935351861825470751298890
677094017543812333693240300421414316
32417939884391310489146841196193501020
-15742854120756042245346650432109351549
-16153316759617086676956212526825696250
-2611798907794878069663473054129533164
-15749317531276773665973403467295283931
5050305684745604873745942768695193796
-2214949418256072243540322202247306793
16195074073409316925185320461414832037
-412146754431804091099359749613263338
21832820697062084356319759875191877304
-7208245120909169310015020695295891760
446658213987953374403348248029713532
36439213101185802075950700739378655918
-19431918304627675811276271671862841655
12153525319896879006562060199214736118
-7792385218738280839398686407767296586
7336080480203000539067698440989820530
