2314334196148
5905766470817
2865411190307
16774333545452
7300586303450
6864602757449
12992135829146
182858376962
14332814383999
5277671373822
5481249311476
14104231497017
10634063997430
6821023954926
1320684678686
14653618290387
12158600083213
6572469084351
13255118545188
4818874888638
1381710639830
439257813578
16402579624938
15241464262945
7851653102801
4772361638597
14325373082223
15587430959485
12569032070500
14641198534411
3137336499434
3436296381776
15522016061794
16195863108141
14037043186960
13242818431456
4440566213324
10302090763215
3527939371966
10170401579020
12277028777843
11074542891645
265993570078
6874895609930
16366945574526
7135010970779
8731596923651
5296559985937
17172345776753
12483219922342
6132967757407
11450618633324
5868669304766
11868838358994
12608869216743
4052831554164
5704354872480
10266095264789
6232539521774
3944328325388
5016676838429
5344889733645
12602894443313
3027957300442
13973078310498
373786215027
17242942486505
14039758510709
12117508211052
4877799336370
8477496187554
4077154586065
10881666956106
2822577846188
10337571492470
7841537888400
12857526394000
7781112430146
5269558049859
17313593091335
6593845203686
14687343148727
10813308579615
5812184112811
14635887146257
3847162606641
2316499568362
17195604744087
15045992314550
1508542906447
3521234226274
2468626135662
14495719904258
14662219664805
11968307029564
6154970092788
771698446293
190482684489
2278147938666
16592262593077
16480293777894
6024712594283
15006248551860
193245910027
6943734082362
1092032813680
15347766465476
9973305890766
7540240870811
15215281505015
16930312299061
12224716363414
15468755754404
15137959804347
9953885701408
7225811415334
15246513939234
281173365999
4695972566982
984974534345
374843290545
7747810035
16783615870305
3013923150151
10135908191267
12401286837502
11234996723036
15299758104677
12159819399113
6641482582395
3207198023632
11846502757808
12969360703993
4850217624099
1880582615655
1482316444372
10738992147455
2925126562470
7865558019037
16722076999869
7123660038993
6725587866363
11211531601324
8061393122581
11800205492047
3171746559500
12947773585387
8106555660179
12257060622699
6579072074217
2005455724363
11991109963955
6622788128675
6943503857089
1327520634258
3706804763398
6236692233194
10876927961854
5812293317031
3310707975674
16818722634785
7036073370924
2199084372559
6273196059152
3712737573316
992761082782
12252800820767
5737227695549
15579643991895
10404059206199
264604011606
10577384566254
215324102683
13071102781439
16990517386831
11146077630754
12293019443810
14167272947651
15096407359165
5755440829555
3144988792610
478786860158
15670531292483
13201187284393
15656010821669
14732848591017
12914645724500
15015054371699
3683952484189
5380135238083
4840934585760
13423337652189
8514765402972
8315805830480
11891737173164
1358840480560
10102434122702
10912894460433
6521092508478
15813488125120
1449038300884
15031886011468
12971137863779
13876623567787
3937708090683
7075253326494
1167160115766
15519806653760
15707450810613
202785002610
7559637133687
1881570086258
12524352627527
4930935786512
11319155926798
16880305446687
7834380381490
1365035239018
3979668890466
13536065921689
13581941283518
11432699190848
10303136101079
12425824381958
5380958996164
14803632470791
5240185610954
4276277939818
12121317620585
3606411477489
16190853706743
11783150363173
4806283609673
7678717540779
17221958918253
16162201005510
6594634283541
11217218826540
3467145035764
15666863071020
1233828080131
4518492291669
2259356461485
6365912460661
3551312834131
12579439894019
1524507309012
11919869142306
17201475101562
1978736665844
16464501175078
8329936499246
14625396737484
1334819945157
1061326096788
10378695863807
12927693824428
7888004324186
6342312876003
4247762729445
11839621645395
7659515632298
12785253186133
12182462327326
8438251365852
4081983466402
15228170562906
6245527646447
3827723486117
10435682591982
10053107787200
10724395896557
828750702338
13168477511505
12226962639898
1208746210784
15402023988661
10918118541580
12552837495065
2840830056743
11323169282497
5731602507475
2707075482948
1212787877345
7972998224300
3567246484659
8552031463149
8504802108422
11384153292965
2864767895933
3829274907979
16612575285026
15091004883152
14963356995648
4781008287299
969090823261
1553239731708
8002131526742
8588693931014
6116277864707
5160782863714
17432496181083
13732656341591
2670015478191
12206408727127
16312990040149
1418335464460
1545191034846
16563437642522
8427921295030
2277988348346
16933731617051
99491603089
6722449913380
14234288867756
11747109527253
12316383298666
11930542870255
7610362044949
10382302862132
8677506749479
13596544103221
14223335454034
12454844196402
402246093678
17458673465302
15100264334544
12109967793398
14989387384656
8239020339515
15682779437457
920268477113
6678235878693
10654446268482
16918835851039
16440511761054
15707478295698
15262486752275
8859017963
4561305234257
6742364467218
12922533346498
8501412573659
14067265937921
2423109913459
6855702592579
17271570210993
14761264981583
177743018829
6591604646251
4339979444996
13257168785395
10231937660530
1554945392669
17358511610373
10407257129264
3757554387889
7949192523628
5068844239841
14419226643810
14382486626527
15357536130366
12494821810003
11657768395714
6452307535453
207481323545
14797826227190
15796572261883
10812126308788
13735266607027
2182486987120
12943988230633
7009810175661
17419096638537
1428350058201
9960790221655
11463035073013
15556894981825
13152367207389
10228896941852
1239952024226
16438844343162
13618613838433
64195615169
14796521713052
4518107328988
4193740822036
2016130504085
8482879454503
421714022675
14388746142569
16045207941465
5772632335948
1017254583094
5304133470898
4059248681518
4697669980317
3525951430890
5576480072868
6966004944766
8233273838439
11728839628593
16996034927845
17523699620607
5031205994959
13898567538175
11930568551999
16974683244818
5311496123582
11704309503178
1467978300720
7630512665775
4037464905387
3834118462277
4559571244804
17300617622478
16012813942124
14995398766605
13387319066078
2893987813158
14383461313030
1152422212550
11106636668922
13876395135706
12596029302179
12099471620957
8424541334607
17471579695989
2169051856661
6521794714288
8026805135085
2848821220459
7599344795481
2362160664886
10901448821364
5629952859062
14559717964737
16601674610514
5297245676633
12383720989107
7426476251131
2890417968716
1024957225317
4381128423152
12123606465739
16860257644485
16078047395001
12145635191373
8378954416566
9988426240423
5305360034270
2003099162191
8223363397008
11642385714777
16857847233291
13209955254164
4939679946515
11201939772652
10333957211152
4136122671376
17443237493827
16168121734171
3081340600758
2888042848065
4728083954598
12420034374140
10609211544426
1994445853594
7784904346019
2837496927041
11152633086441
2000818251632
15242396196704
3250294747748
2514195675694
14827488634190
8049810368281
2018485686804
13337978270922
1117890791833
8429719376838
11932956552310
1732784936095
3987393508979
1502335385616
11658315825743
7531627039227
6950012295635
16133813894083
12299118779031
4674641130410
11111184183475
10828373156695
752880129695
11211268041154
7649049509406
15159528998321
836237895436
16152533191401
16488937537812
454212713427
2048786538975
290499012144
2741503720789
5341933731489
15516308314567
3737609708995
12970581306480
7970021883186
16627022810663
6418195441343
6601405543409
2363501983551
2925134074801
6655915251193
6422540024446
3233993303090
1782340527545
296974703151
11732492012244
11034661857251
13198772399682
4494343346809
16912237582123
3024006924253
12953535609653
10241197585058
1910317133593
11022888303584
5514060374653
4697805126209
3273610454932
15625120072759
3707895784358
4134867628899
14255636069414
11812012376423
8169328037123
5069034048096
4656289165060
430038516016
14942279050599
12155776558841
10301844380959
11224547875443
5311736262941
14784907403516
776531966891
3526657113499
15539524262215
10533853050295
6716013832907
5413652238412
12141679532555
426302952361
12034784426486
16050686172908
13157022285027
6183902450585
13328186676162
14511196214286
16279183055938
17163698673266
7354982008553
16691552516708
13963234451961
6039704646954
14409645245901
7254658821531
6659659087111
5863332864853
7302313966923
5991136458
15890648742924
6332171775028
8001540132131
17192803438066
8624031562709
16160083131850
6320005001079
10128811866405
3027992720497
16345140286704
3228231970971
6678381621059
1261482217616
3486866168179
17221338166483
4405007044179
17541646137298
10780758734642
2421890820912
16764774833562
11515187063289
1397840706526
8044798442315
2817965103518
14199098353375
1871623846254
15846143469231
2056653880443
355561570564
5374816464794
14966399335891
7833419336597
6482930996784
6250850316272
2987995061495
17467055513155
12103728668145
4630607460169
15389023186627
13394332850046
12516465703655
6207807251393
7230086534911
8153878214640
15375835362579
2549684581110
14348322196389
14732005689601
14309278292642
6042247921225
10309056728692
1640176011201
3123177456237
5916945470325
10782210250275
15651018566741
12429581442242
299660098965
7325631522295
4628747930446
12758549602059
1901642644396
7025881825105
16555740048928
12847889605044
11351237304875
13559582388259
2157492624942
10663572319772
502557760267
3720095276247
7005949443989
3710949290723
3979180949222
5765638417348
17495095737088
11833385601810
17167221583585
8052647801038
8179505069087
14409448795493
3979237771215
15757148695353
16272399477598
14979461727654
14619257601025
1927367251383
10954299657642
1053311687129
11390444160996
11059241166606
10307420570214
14763532614909
8329609245099
2127044533931
1452200376800
6498807263019
13059434882845
5770208632678
3006948762523
3247539825319
12805773487323
3096375723437
12426503943398
10799468205574
13508470448933
17184858510960
15261212190166
12245661109797
10368644265161
13570577404919
16640800779939
14599518707905
5613317480084
13677008380745
12463376582314
3279044127847
3941763301146
2484357753600
4835373092989
14213881595024
1796367842103
8103738583654
12774686574090
1550716293947
13533708295802
6137765386733
14141660527817
15192484197591
6711592826793
3389045630274
4123431718547
15410419809282
5829914920287
5731285301583
11523033300740
139486416039
13590900026003
12742651940351
14777111358212
6336702201760
13353000116436
4190455273218
10234762224705
12333429633712
2847965891278
2638669996325
1020367716965
16817235885405
10751273406499
16641434102753
13568770663484
8580799008948
11658405810301
17407157781760
5500695871178
10586797045658
3653242090257
14109795964372
14170596269841
7480657442551
8582847677622
14523265478209
15461777845203
17137828627878
8689475541869
7069594753917
16386709710267
7088593057341
1586484215901
11067505790212
2209008451316
2926379453298
6721890788610
1464627901920
5440829517179
11541925631943
14463198306772
8496059791807
10307205938961
533538634719
6167071672134
13591380750602
7412004272996
14770624317914
911865068123
8409771463497
16574494471981
1888714032100
8221816990717
2018158163067
8747893181434
8666344051927
17261543985634
12174707949209
7824625789501
6201105364768
16295140674175
17448964109365
543781371597
4277286350153
2239529208887
1815143675095
2971310648019
2858026068351
703772998830
7288272604993
10385612299344
15710623435562
2901729864417
6884805354993
7515081491135
16319176406336
9982969494539
3937447524689
6488950087293
3620736569350
14580333720622
17280060018922
4509330051524
4244291265041
16993424990470
12173986949598
6626965049452
8779222571700
13657658704091
13147362999206
16219133409244
11884448081764
2846922623603
10750970991788
1813329935371
16123292291838
15256925624171
4939497858223
7856326945747
16012170435773
16289602602043
7288281802305
1883981618131
16825424079358
14219550649542
3784218462973
15530044808796
8788951244191
10577534627196
5387433595737
12863921535270
3648193106877
13697426095855
2728653827372
4180645422918
2056530817863
12934669464785
10908164445275
16569943714667
2880912239964
14560482360377
16551984151588
13602145776347
5130291008608
12515223360318
7781364839365
14289355761232
12229818995812
15353453880864
10719984886189
7423145277884
13520404198732
15824075609606
8172439091187
11156560530514
4124667096188
16429095254857
6671328674814
8526430125245
622623479084
11729637163530
8206418362095
12293187801653
1571992183035
17426347226789
3546249888565
756584273397
15468155630741
14342460157543
4319495846663
13570340810578
15886178464080
8142514965086
15607079182868
10154949043727
7822532142972
17028561160494
13019914261095
7836033351835
6519443641253
16407169284643
2887581919955
3813782918805
15333141358225
16295748736767
10932093824564
17333251698281
4613275776245
13112568972720
13534377998669
17386458379179
6951142682922
7098062601402
3977246801356
10694092213546
3032784481470
5200854917626
10358623325707
12157258754823
11486582912315
16032324053935
4002346301106
2849701541185
12248435783329
10304066992629
3616984521152
17472175710368
15480302023008
13420989293817
16073132937429
1425468962545
13378041679916
12626792630259
2897999003222
626026879654
1601831923346
17153211178804
12237777652713
67727155545
6549503296941
4800755647001
130479209795
5020561788527
3091094719537
14816513606965
11902865166953
15599760660241
3140248757107
7312971266929
10095839096151
3302229628415
10354728086582
7429102264875
8096391903691
2108924687261
15600728673470
125986799072
16609726107734
7439625043613
15162784697436
11738331634138
6522769807031
4475514043680
15722370727141
8753703560098
13928479664116
10358999110627
10939264332479
3168768639601
12998603292652
13851538366899
1804436951052
6455043996049
5709590259210
4836196056239
7818902447678
14494011222290
16476371298849
12920550725467
4361080938448
10131834450959
6412236330618
15458913988247
17399371904095
14708438479673
4930337384365
5607689906654
11080445709901
13307885375591
6202919270842
12577070337997
6182159149975
16203875333366
10690334074701
14758580130867
7260090684077
1226118591647
11377732293792
2597989662741
5309424065891
2359599239938
3289099903294
2279705764150
3769795724380
16548679195969
2358758907596
12208814120677
13439006746150
10787517149055
1061756584201
2345963401680
7730355090185
7537654679061
13830028097314
1216164950336
16060811920139
12617322751898
11690547855020
12725414533813
6044463362614
4731425226196
8437217441744
1367834573171
12485652303858
3753792771102
14010875755762
6676994709808
3430668945210
11399619345460
2538402436302
13337637861683
11219574652075
1156637052266
1947474033725
13646071907006
2016998571787
1447733229941
8152892247600
7145708900970
16823013551040
11451572938618
4757503810814
10046805747234
14686625443675
15024761763257
14280832825837
3039987637875
8163652716859
10592029660715
1013599450361
12347336967804
7884270231191
4009203245613
