16814122298549
499535207381
13860443386708
10271929411175
16451355307725
8479317647915
15374391880023
17040747906048
5647922591285
6454733817162
2999260090090
16268113854463
3681627474410
16573112204110
3659652573589
6609752223017
7395196212121
6773806317439
1319255176601
11164732693247
17409954372784
455612815732
10401360435898
1604081024245
12375169397821
15277977926627
3986859959575
3176694715812
16947373721949
8166146353554
8190345342668
12589537980599
783054140020
6654542111072
14060957462252
7081764552457
2585937749947
1510846450462
157962540249
12521681729107
495752368628
15045769990929
15809874909502
13922692047138
2668880568858
15036517149266
12240820016729
16727141541286
14325133599773
7462902894097
2834373220865
1571548941461
2676324683541
8771225504079
6662573533611
1216042598140
472641025556
6384803171083
8498701260275
12940039097322
2977682124511
3374968149792
12639086340970
13181332893803
14968009129041
8606279163889
14547442875827
4596503829458
3932508757004
5759908352537
10807663378544
5232164935344
13831779225957
532533263820
839628404407
7842999322985
16774594819922
12858959528031
7918616119718
4589651868406
5753848944123
4877322642066
13834589876341
3227560809449
2892565688093
16468515459113
10939007042991
12065905616373
3381274158889
261891769619
7966785346383
5705248477118
2573275926832
1153125430676
16360972534828
2533462884838
2052586969061
15743668569099
10625495006723
5238024353754
10940208560796
8372841729534
11072202293723
2701873473057
151852862441
2818753731758
13480986889114
15823886630805
15596879505735
8671555040834
4604285771105
7462009540698
11338645319502
10153471774491
10102995129725
16848407719777
3659485196585
6637661676288
6500143586261
11668659967742
4758024314999
15880914392011
2672483044415
7271039044884
8031626920683
11354749316620
13241944808416
14592852141835
1254027509009
16641356993813
13563703870499
7556974904064
11269649717617
2110740748887
17452184787939
4541848306437
15215438884126
12259440254405
14277273821041
13115134370896
2582915572960
11930248144547
12551338376966
11323228566162
8613086977360
10011809914311
10407047909581
10341843168956
10662776628816
12467949349426
4094128071293
15182204233364
17013000317454
15738369582455
351863984698
3324376802244
11526581364663
16876254679484
14342569129522
3423848200708
11525120462506
12943683927575
13264030142157
14710299131141
14063443721446
8134070739459
15239615573301
11300265408053
8366060838991
10920879867222
7697125298881
4505604943119
5033220418791
5157184670749
6338940689206
16749933456030
2071335968170
14587522320201
3388953879031
4790031684091
13190730429399
2320825268560
13470480411183
14585094317227
15219502812516
13392284824729
16875193527586
7628388066662
6372358925771
16718830195154
7451745408522
5152398716205
4798836616282
783266675155
8170011227203
17348561720507
16882498352795
1541912204409
11847069984342
4944887073463
4252055048855
727666415077
6144228739903
8503612307251
4568283325358
8685951629776
11387793749226
1856921480425
15286046810737
3705967201474
1499190314690
14685947967028
3242617200201
12289441444562
5014039611
7614793827846
5939476274772
2422295445806
12225967298509
10339552762301
17515914858763
8210706292422
14919979918422
16614742445301
4441663222803
13116489025874
7610780894912
5433154674524
3616447906630
6395564592546
7691614442871
3399380660254
776775593946
11871720151602
10615627334619
4069267298210
1044455605867
4699522871572
17432785409801
4867233072330
8655972677438
7056649289232
8443995431386
13006034118258
17249832390732
11518724224015
2012002085802
8346084897232
4880959130868
13993160811353
1765691086492
11680942382228
8118056201797
14247613369633
6729928385633
11817970846177
5990243787287
10391120537465
8324014928029
2650793009823
3344708062913
5236531733562
6536129838625
2110473823760
12283165910576
6001993637698
5279669085474
16775529179699
14177159915410
6516759395267
8472990217995
4743542127215
4691193086128
16479296861117
4882114920818
16710420254974
7341913952505
16041789029242
14017106740512
16995822665979
12790340766766
11050963925982
3920042368084
6193656416817
15539716373511
3125480319529
12767911725369
2831609373735
2941813797798
16747082260565
11905000763488
17565900123773
15151883752114
10710266915421
4736585460687
16377417063486
7960074322907
10351122263668
11145927634555
988083770820
13378140216030
5462164061897
3459389781437
10778675536542
15804960775373
13373688669709
15744182780979
4401767250589
4588306738128
12571015991474
2062295051808
11708200184301
13675921562729
6138881879981
14092823079330
11797329866593
1191843607867
17349486300358
14705006034593
154360557290
12585515373852
11231612186287
10077716844956
11361291759168
1292998986943
7052729539755
8341181741563
14637189724119
5385801847369
892645701266
433240289490
6588163621073
16637560581883
3963769306771
1191824199388
15596683211286
3778884055105
15197227072550
2431739236365
14959662693228
7331051095737
13594561123196
13676323156080
7365228215324
1502258157346
4098087830790
17351186778368
259557403827
8039314339754
11775258042969
843745015639
13654408393617
11229942063606
940786415897
9980520373810
11462225952013
4514923695370
15068340935012
1497337357360
11058197764686
4910829672871
4087960702649
5193328149189
4643700888942
11692602608708
11823875407879
16282850015857
10787654099489
1875818180032
16752950304843
5725076495856
7476583796010
7258476785605
11660246380474
17483130786139
13123990680626
4814026284848
13273100594237
16993944021922
15325269627907
3944920644278
4858569164314
10544845531071
6724974694711
2253285345636
15187323213053
7129064779840
14232274472311
12872399866446
12157354643618
10188218857765
6856367039615
3721035517387
5233249836051
4370590362171
4780851620311
7551807339190
3030888197403
8532458794075
16999976733269
13220787776404
837962931433
15747047840579
14929308270514
13994886325778
4409428853402
7605888006036
14337113605910
15560645288492
1630242816278
12347231414697
2421259810
16163638273792
2725522493007
12288403492368
6119549958943
10546230394041
3170437855683
12116931456886
9938473631529
8507292167714
4243140423326
6962672410668
1762909418108
1506473565733
5139327521813
17343891078810
15023817761771
816897184608
7831734237969
4673634500730
2269088267943
15062187117658
5569896448839
2696230410675
188193958549
16270705142555
1107279210025
4156412465279
15480953128909
10193247303974
13929625441546
14517454442903
1622994380413
2960102700741
5720714463890
4163752656566
8369700983335
15531963866721
15505455498181
6006784018164
16789516196413
803999489390
15315357236138
14667226445778
178067087734
16339891401300
12740510660457
15556007853798
8396929819636
866964313289
5918569220988
542011018619
3985617878245
966408498742
456975662710
17590968401586
8502549721889
3743504067536
2147965161063
1296433892026
4040463335872
5262809609531
4739490733135
4808049586380
12316106438925
2309096016752
1014003199889
7607837187478
10009356353662
1156726444779
14593349240385
7523096389060
16700906050779
10301297333543
11348165607948
8202315973371
4654396882682
12351069805381
15219771350641
5647875649145
3606746886842
10761428919997
1607959767761
13639270218471
13182702398618
12776000340303
8576606452027
11633270222293
5298469686350
2642457349398
2207846053758
7330256071637
6579040250513
13479147090298
3657155845575
1895593285322
11028093877558
6961288474636
13604029061841
1879419208131
412807228946
7530912454299
5845514382150
2848984996907
3633244412745
6677997442653
829113133556
2654233062581
7921056004425
6499276451034
7891830574693
10670592176846
12187326611515
14841770203655
8545397334820
4647595521434
4405695847194
14609793950693
1031245075450
4251553313854
3929629132176
129756933175
14457685128413
2361528802153
17500897008285
2085167151981
3028459416245
16108639210713
726660478017
7361086277111
10389049992638
1604157860570
20893477601
6911141704548
14318451110340
1585120894425
10903074416096
13877098015522
13998321496112
5700513160665
11161615114976
5852967474016
5924376099680
10160750861634
15715301933275
12369226503089
10787360583927
16159340913014
1610970572077
6505541032755
5441561850005
4152650717534
3696895235488
7094232109562
13936571172288
4058126678705
17129113921026
3971170654477
4370551031469
1941690519798
10099357795376
2014599278287
16454069772693
13419614742237
8546468139747
8515792971072
12959544985360
15090708708057
11423543918339
16292637385271
14607344388727
11816078011281
12828462137244
11780553336617
4851927888093
8238257337271
1426628415614
12004117288356
2627692656331
12767947461459
17437134831855
6193035729504
3562175024973
4745403721683
13596881566921
11481155507238
8054524614042
10118166911524
6818636607693
10935728884087
16151178100538
6208974475540
16764570545469
8378746902497
2724387879936
1934516987863
6550326573813
12456643187999
6297122428628
2312351932959
14148102372148
17343918244217
5934698090597
5126340144114
17444278891558
2392539422158
12769286548570
679337651710
7029741208019
5156062350375
13148629443217
704561319937
7873571906069
7406135212701
7117764774884
12895088487588
624416582780
14173948031902
6499730544478
6842727066412
1796166337687
3308690450221
3210033076547
12503845522141
10405652678055
888091726691
10404062506297
5484908299964
15604151899466
4675005244834
11047821745637
1621084787375
16606484998125
6941812579122
1954315807477
14646968005374
2967852934053
11632396112042
16572446698898
14098551386476
12926455952314
7981357153260
15332262228446
13663519495579
13040481281331
5861289692751
14491750324972
3288363281782
8136433720530
7102035455200
10750225936489
1606015511850
1482190857434
6259176645927
8771229901725
4279647515551
1747223411531
6481812897722
53178885830
10365187432293
7355045830349
8422551508591
1993742744053
11725800060366
15257623000943
12089098972137
5362237991778
15147529413502
851425468646
495500295316
487945902908
15521590256996
15335940957545
1384093426436
15237799311011
16447139404834
4488213906367
5076768674654
8520204427015
4688840474276
2608187722011
3001111125302
12714137166848
10574501631339
14774067055831
16079940468736
1508853722658
14646456463836
16468861315481
13658281954342
1063303394993
10542342913358
429532061036
4878735189838
15894430086402
1090639297385
346815446937
3280386348075
11663652445135
7145656436484
14157397908326
12277714577241
15363635143373
112555151262
2108474602554
7373546327633
7133602752327
13178050322359
15252255797074
15456799025862
5940039538300
8759163261810
16972012212206
3547489836640
3373338084790
13243276133549
5414370287367
11848837392179
14005940936028
1509258731412
891649972765
11657281554928
12222110910189
2324030383151
2530371253943
5484689153958
3630709701113
4339257837178
3577237208380
8405546066934
15596008948237
5460943530546
13559309148525
11898389414141
10388569340364
16334058480693
15000540485572
2034760558482
13832550602750
14518279109979
17381244200020
6556816094639
16346933140573
17525587840484
3943297375348
3158299400662
5129117824014
16487101099113
8221890982330
15679947997450
14759979022858
2694850824656
12739258072836
1299844762682
15898175586021
16299989485367
16704333554877
3791781292608
3615941796697
3311620919964
5400511783381
16522174764187
13180489989580
2367227145540
4401635086695
13224433097413
17290266814436
12317182944400
1450878866342
13384612256356
14414921285287
3268664880582
5984033364506
6526564671200
13875470315868
15707686715813
4582133687964
4200747130666
13569120072495
12374372230563
14384883254219
4516664397050
16062712119089
2969132219463
3705762325701
11715115684825
15724574631643
12601371139
4216371895811
12456264769689
12371073121763
7925991276365
15391951106004
7838761601647
15216615124739
16786498378014
3211210795283
12008286471339
15930070715313
12099858189746
1590392381919
14453427855571
17270758769425
4032302520775
2222967439799
16764875041091
1575840762116
8042283897543
1584926180241
16395394863863
4409177561588
13180380308170
16851819855163
13012703497699
14062370297765
510245377053
1440793606044
17556843815825
6243543848287
16263849978139
10359057271709
5964258068830
15297052498477
13204824167670
10547275907906
4767621429860
15561653441714
14507064103457
6877790255575
11851042302329
14722881616818
321477796322
8469750661426
16182361568802
15271269006371
885883001584
425039125759
220742463178
16541738545679
4332465544681
5712969068833
1774108265307
17364572568035
5552293669127
14058618279590
14683664466
6946068703819
14690226912193
3759191149846
12263793474884
5916876860692
11088503954470
1894312565648
13248639472726
8502783121376
6470051697343
11848892428702
3213165527447
13103640942053
4048581644479
3021234561776
8447381182108
4922380424662
1455628827599
16163552168247
4073574161313
6331023631623
8222190899210
11005182422319
3776962196581
7017728099918
699482979934
3187199340367
11257085189901
14690862591954
6781327660862
9959864880313
12148159967389
212562001659
14404109946461
6043492674639
1820558479821
14355637400185
5633336272383
436546506384
6600772946282
4724469551275
13616472103177
1773677291254
14787638393152
11002090996293
5183270274626
15852837329863
14921562158225
303360594695
14583339475497
15496016936717
12081017498681
16518177765930
11972184340063
7925612438891
11653048433962
5861897843040
13292506542864
10118647991232
17209884125764
7309581383431
5133423762543
10433247929200
11163923717724
3522298904095
6351199542961
3810074281629
16299673953700
11769618813382
1159670254613
1596050202583
5110414560071
2895766305501
12959220832090
13983340825669
3419388493609
13478062574155
1280189116898
2467029674409
4874272860500
504554516558
2424137116897
11507667610226
353192984075
12173632319958
64850408018
1207793019409
8751897513643
8172058868818
12958301270112
6133279258175
7756354345926
2503241514109
3561283545370
7850518074682
13461332008897
8428530545469
12557172939873
7110079102715
14160020753150
7589994968439
6626285187786
8015448500704
11997307187897
11657668471568
1497234219121
7130347491836
10644239116972
8343591625847
16205338144151
5617344250783
12975866245491
2288500077034
8709826811611
3950452923807
15404836824103
13239145605425
4603873394794
8167447012020
2682664117930
2899081894212
4063352009475
5500834955680
11464506360897
6793360512443
2857646562151
17263971472118
11829438738100
2503050546721
16038127260741
7650631072608
1922278439174
12056395817129
6269426820863
17298788139542
13106464361543
7381209499254
16364546912416
8779621693974
3751281758439
14823710702290
3237496476262
11043940765981
11301709014099
13510570503529
3467623492823
12301338371953
7532877377446
16045426531569
4823433032415
8619929231701
7723461558276
13221748588907
11153119744981
12724835058730
8000973969003
13122556689892
12944577192814
12604392502894
8496406512737
13498849413734
15917983045548
14923895351985
3465819731527
8174133292510
10096247287984
