10197874099059
7572089867308
203787548014
10608281615953
11359765985690
7716347084602
3087932259045
160680607127
6396198956656
10648812412877
16326668242866
4151595745278
6902307801939
11127939881652
12550426931422
15534676307050
1766367927367
16875928775001
3841282690669
13880337932858
972501094754
15893266202219
7240632249807
7810854514006
6507774503977
10871252249726
13315587826671
1328932988525
7343538599349
14724544725532
7273123269587
1099102688699
1318883822999
853877803417
15458690642047
4355409172911
1967111043419
1175171495690
2266942869506
10215393046615
3753281484410
15898290506998
13656750250441
12562981421018
13963482319853
6034024713669
13064658923267
14372897986503
6775073527701
8178512510257
12935379461378
11845853515718
1270550063787
4039951664239
1963356747093
5980159620022
3041448414672
4375666659667
2152700737859
13534781459001
2698320765939
14731148473141
10090696858960
10190722893257
5870030351706
8504239536665
979484520414
7555320706932
15338395594698
4423410881838
10657225674991
16629136403453
5996962526870
13122192800547
10291803736733
4286946024297
4603742370861
11390052003090
10128275029844
17034697299029
15931076856601
8174882231275
6579066088377
1402646554419
6663426646758
11467147332355
96498393670
16628572304846
1156683771106
15070803308435
10759431705129
13084303974497
120547388516
1033544690451
1173596538419
11647734553358
3934476289841
3285507112749
12420501948334
2598083061685
1011011930514
964990695911
10114713793918
1026219728082
10525132055722
14941843024922
1032844180967
16822522613519
10644088410724
3729881028290
7979895559769
6568661678788
15117324423518
828161915492
13665825567129
6451846704377
10811033059329
14359457098519
14765292109072
15824589168922
1310995632427
3372962207659
2513685577745
15886074326615
14938399921097
672503542630
2974199852100
12443582876133
3563745735660
14483178279582
12261372594595
15181349988657
2184356048031
15114894106415
3917546474261
16239854284704
1059318424302
4890408823643
17398176631446
7947760085686
821217686894
15504878360901
16142050864500
4793627297008
3827236855645
3433375153680
6843666502700
2980758638458
3642864052650
92716426144
14244771983806
10191155643163
16495356351824
240373046471
12340822924500
11630897208772
17546337221981
12969802874843
900299823444
7919441161919
315522773438
15333550643978
5406587484615
16043808330643
11885247863257
7050956039899
13911403152723
2960286749844
16662179081927
4630776779826
2879146058690
6645745116745
13400393245434
9935443288212
13294767975965
3385819537826
5725693741003
5724317916310
4564006432589
17509034572898
5737396560060
15347105854261
2159255173424
3114280604863
15205479412133
7895764826997
16454037484445
14929867663941
3437218741616
338018303479
10787210673117
16881272371965
302540632672
7556916748869
3830501839083
14271074218619
5363721666357
7255880550756
16654851342142
13248547254589
4537941006095
13151272885726
4148057159671
4000072506185
11453975409593
11309364656908
14151591743319
2309615531153
2611069708736
4119861804582
3959575783339
5226079616880
13042655900537
17487935827097
1967589135404
11223065244273
100113859702
10668683881426
6776625851622
14962856485988
5198316647649
15468909554205
3057148831465
7445920399210
17248699038485
6250443100902
7514673765235
14307900187411
1998498950308
7446987624022
8636772111278
5694644452343
15941425369310
6886756073562
10675967351518
856824175590
15615237398371
4437724339058
2246916920273
11189291544346
2394177631869
3509715824819
162318585706
1906910551523
8692172002354
5889044635229
2254811428025
6966142087264
982702079849
16541053433054
4113988642429
15114618750766
9900711913981
10188564795561
5251622059312
8537567885287
11665629596205
2832195415143
11449319597036
15882083843552
6007332909591
12835184705538
13028603004853
1111050648495
16311828037609
12307864197440
2060241215769
492244716976
756933117726
6117581052286
3385574733377
13350349055994
63904373499
8384929596210
15383707613444
13719838354919
11034740653180
5481168717046
14293758746661
1145700793661
8608838035387
6591701181906
4817174249399
9944847734645
5248554659163
7917232029259
16386831932018
11841860203241
8241057604274
10870944605520
5443198658976
1529340815805
13607915361597
4164295025808
3036722554843
14835689874512
15916602712628
5153310065673
13862447537486
3595376452592
5264789251068
17438289388767
6756770365763
13564238056281
6851064312172
5977246094828
750024378206
7576409986096
13259483500799
956345823532
15475560116127
12964796034001
8769062960569
14494334244535
10607327363308
16492488765205
1095153374942
14462649349899
11380182614613
17251753414557
4547260301365
16483894471766
16913789146533
14140377344582
5955316044349
3018295202842
14131741056414
7898918842406
6773957576508
10517887400240
14602125037236
1565423177056
11326179930270
2666660027835
12912766606129
11879106504677
12366072987124
8405648465668
6353141240412
8016925447234
17428674865462
8385327731321
4129347706304
903645968207
965760529483
12448436939683
4715319509915
12884465235754
8653900161500
4567967044155
16887595695791
5513893102125
14338515706342
13605459899584
4526928021042
16616715883060
15002700745756
6492309598773
8622962550311
3718548947193
1768935521807
4800637064351
2293276698292
8456116889952
5930236664122
7367105168099
11527626226588
17324550975811
5768454174131
7895827915013
16810012583658
5704646858224
5424758529708
800462694805
5384458863521
10020504988611
465933001728
15802564214778
4583874523301
14959908969298
5983156684559
2176369100393
14351449778763
4066335739147
2943760074651
5455888126759
4768968434546
16672144690927
5771362944511
14369819869333
5036448556030
16081687343211
6372193368671
14148896931540
7635006242357
10816071202658
14080249623166
8555363727261
4200246889291
3780080214375
7562605690000
3669229791959
5253375491236
322645212369
6785824923698
15517394889788
2126853022213
8059970069262
4254752559760
14047451667397
8534708235198
3432015815872
17335289569892
13700418592807
12136097237265
15689599635755
5026177577
16361163756603
3355416636313
13197259415366
5757964614493
2008686477919
7480418729625
13719961838277
10710038080038
6939428141361
4720671052070
14411182896550
17469472493038
4183160522348
11037491727793
5780074212875
6577705627586
1945864898032
11054471668939
16467728218810
14837630123382
1320075532593
3689656422855
2404403958877
12730447438855
1300540511330
11638484331171
16240831960926
4698767681134
492135686033
5147108378589
11819544946108
15520703172526
15334622547838
13704086331053
12927019797264
5544563419988
12857871262173
17406415211611
8211732388324
5926327522000
2072949679459
4458977423910
7564445576254
7499465956882
10732986230333
12568340810970
2904453836061
12417209154707
1511522294285
6588118219863
6934196811594
15582312594644
15556792856394
13385657899995
7828742557677
11370206871735
11752321330470
1439263743097
17592159386117
7022728538836
12941120133853
4273603387027
1201100608862
7317711797600
13454515215981
6329776100371
8456214878571
5652293694919
11699888024495
8548832305231
6223786927957
12027365645354
13497273686581
14561615152272
4324858276196
11190347159910
4448429150227
14132367674490
13903341274417
8538297427677
7847114267412
10074888784596
15734363766291
4793508263313
5447173460335
10982318067729
16243908334956
15408521246996
15122050416144
12914860957446
2357831550260
8206906325292
1005674214961
1352746553926
17005449952763
5958911090275
10653381523881
16816220009596
14764554863166
3685110849642
5215560307550
2155826501185
6810173180617
2674585425431
8239603103548
8494073800310
4672755297956
16585603903868
1531635972020
16786575799447
7986145405260
8329342151870
15203603098981
5819267728901
5099741753325
14218217244432
7333299940882
2149124841108
12717777034829
15547524536225
5628123287854
6758919346875
3957354473372
12845303506842
12636403674747
10673023301246
16875435485463
48477179337
13563042931930
2333962797330
4830130043364
6475495978465
4861748453098
10338555596190
13172208173415
7029439730110
6214981633741
2283417639841
7102654501821
11998390371173
6698322418494
5035332848292
10884096568508
12620308650660
7312927054762
5851786364221
15603208148114
10246885369639
6783895071694
2616725271549
10665294699218
12492987606732
7652129253801
12789363365581
12939966018101
5224218726460
13154404192454
15665727185718
10808639022913
12324179450459
12014497699834
764264575450
8448222817090
10034671769131
9984106964837
7671129023957
5972820417994
1326964533694
16277853419054
5350803786228
1765932005707
16560878276144
11299227194837
11476716633817
3487155033679
15401742135877
1221626439957
5158623759911
2724507943179
15410263921749
7602703481570
8660739376962
12254985452953
17388577483883
16439293343195
15347024620398
12091111752307
10680935755946
15915360966933
16641647402079
4311144065300
4888124871225
973470056890
13628659604979
13662829759686
12135799140269
13146180113648
8221617161982
303429192674
7118379416928
441490159934
17020349837794
4531256101550
13292889399443
8394886925133
2531012116283
17532765296214
1916070043350
1127721442036
3172171723022
786464937526
5426486389429
4761736757692
15758346374641
10715030753948
17481554555246
5187767734512
4823237077350
2104555643735
879474632211
14188116328886
12566871860631
11708440156964
9948106303888
1887115407441
14961345513062
13478912668787
11428531735333
13977511008528
10661827011990
5999849035132
13835368877493
5105980416066
13582046066172
14504940726647
6848640516669
3111059111766
14150084849362
1032597158523
2745339178330
11172149284701
16033387495353
11494996381295
4277725617996
2925884754876
5709814985049
351501632521
12304737254964
5543976564159
1887457758025
11647375040987
3286637391511
4634369135309
3723598703376
5578137934580
14686271171868
13603429378818
7880555166293
8210971575263
8210268765399
15423210024948
11125105363628
15390565492281
1640577346766
5213760893033
7962344509398
13090056920101
3811237325439
17519973943085
1607881659566
10629584378903
16174929657079
11822453166394
15038078322325
14836636464336
16843162986962
12224849508815
12154010586444
16259372354414
11348545514835
16363335058554
11118491033833
7615009640758
6543344717633
12913155088818
7355062385136
12383956132887
2006790084603
13468058329889
549500646604
11325254526579
11758110106981
26963011894
16714190377179
17027089652650
14107574692102
12390161724818
16956747347035
9974995768172
14355195161903
14135775346176
2428371258783
5506158672634
12385260752653
8642671819935
5928096023753
11836857130470
14919615897327
10906564858523
13443240326733
15096631410898
8749711229957
5582249339472
2336517180980
833040590575
1931181691115
2443889545412
13261289138535
5425235820278
14696966373662
17039417922289
13820494653142
199043642512
4558320715698
12775882530653
3482842050786
17197322361703
2734448135985
5657830941029
16927569614746
6813291800058
15899715890612
7356494209970
11750322060260
6962992511939
1623866514558
16332694037884
7129295402105
1049377132235
15051497361141
10768070067986
11323408805652
16947024379186
17196424568546
13258984985211
6588164517955
1473641626565
5139377320767
14984623265103
6493424054592
1953032291632
7396803733244
16424340874745
17219801653799
3709848368109
17382977238748
16612066124553
10547592127531
11046875764141
13339731784151
696266617835
5207018323632
1889678495799
12774293059574
2719630010227
11265919558380
14205119347170
11025977850283
6899604308023
13317287195122
5840528528320
2230748840161
14175244846066
11333887539743
6201970304286
2917984684978
15891916003638
6730433547862
3639500406718
5504880942275
16965375281422
12093316424048
2926779678134
11181574106517
10611453321213
12281141589776
7962359652947
5298569460946
8513965600369
10742167492537
12186916833725
2137055702262
6145086791871
3020456833499
13965791882618
2672886283855
7122680238099
1645145432911
11226088979965
6999338923245
3673605772753
3675010144880
853196473838
7794106159545
5925290720034
4947460244757
8436102279417
5917005755413
16771678535699
6621983134993
7005978899815
13692261824416
6622217346291
13143378352894
2408347149740
3355213917452
17471890020089
5437090675420
15454144454602
14915084274246
10279866327135
15251581029334
2280072706757
11897547804014
837608780183
4755943649199
12351976690977
13139684904381
12203607716695
3131226945916
16285127934417
13029711407563
14440655968694
14387811363529
6858567177117
3832176067684
15204029050124
16835504166723
7788690222497
5072900456726
7951042613301
16209913628451
640006386641
2634143916615
13328320896160
11837414099817
1168661359803
5517578187894
236420219348
3124133248450
7293138657369
10409910328324
3771841238644
10304549453718
15144723080134
12367247792654
14081711325266
873593491296
12501292393834
4468396760215
5320904823137
6730659712291
7260979912662
13459135867666
14074767205053
5373887431507
9965734578134
3255328691556
16346896175161
13028109448179
5064520574042
17401549370783
12263974325104
2045825133005
5036761423631
17004072275491
17037223802422
3706647140191
8181460490539
4797970244411
8589281329903
3790603779348
10675966474144
13321564808367
10153919717532
16123828548778
1421553833846
1294194075050
5238642491478
136920547494
18467147563
16277357783733
3085247952530
15541147940535
1774157056637
16516739649342
10669825772318
2507957139741
4651680300406
14784883445509
8237675393956
1600388248112
8633161075046
16695008699558
15502483603367
5318482110007
1124512174153
11848227631220
12912335148292
4771694023723
361176224771
5955845643059
3018548181906
8219576421742
3956474780508
14733459248243
15797778947166
15236328326476
7993512091309
7507939691962
14627511409702
11820988787611
3964643402798
637431427355
2623723952494
6134918087575
14090824809085
11279994102125
7909896491743
16291121138198
5636326362299
968434665023
10225026616140
1945805725776
5762988044334
2230141474299
14797459498933
2457279466097
16564393180498
13333255341925
4740959952868
17575579303920
15533215886046
2930496622994
7638192528882
2340688385641
3736914438650
14173561268593
6574555638436
10637456355525
11211791797534
6952064387884
14237014750398
5154675580
6718850184865
16698560061636
6621139021428
6210206895553
12149630114754
2415561002340
5470940242198
1453700299449
14599988115199
1976915039754
17324886541815
2312209827262
10295924317605
4901212805954
2967458526463
12504044612564
6897263818511
13860211015853
16167924438780
292460291072
2483686027733
16875938040473
6557141915156
1427194654141
8328762776359
8605755919411
4746128337683
9900979069204
5304860060480
1244129910965
14204356898819
7496044831413
210647907790
6614406994438
7054398118555
11755129588415
16372118676119
12636165251753
522464572068
14768151182437
12020051742265
14206799508427
15344707722170
15388561241341
8002558083777
16018855349238
16853782021607
2210055779812
11509349486291
8356699700971
16167783833173
10409241242874
