11765348517309
5421927731813
3627082216961
7719257138446
4077631345429
6000653875658
8622980511449
8161244740963
5936099590015
15064160620754
13100462248805
9955040762595
10971383830063
4837862204765
11207149836246
6890975357810
143052442619
17242417154653
14644112225382
5065883724561
17236615116786
13459237819260
13698255351001
13719146098612
3339903649729
645803134914
5531072528690
16568210585305
5436274923902
6646081188876
418496877398
15602331800349
7773887767572
12318166302666
10715530468460
15226106733849
3394559215478
4076768911718
10988167719781
10791729214569
765557562299
14352616151297
7134902292148
5777599652063
5285405489490
11818228697914
10876181609593
10974334198467
10426434567646
14464584087233
3787575414561
13607210779283
10091728489643
2205784088146
7914124522069
12093224314599
12253187618141
2626815083620
8553273377596
15761283001206
10846734646122
14570357727964
8162490117699
7452512956308
17438759294974
13295896186047
915338431799
1584098796309
15408037022057
197941621514
17116704127703
7300944211525
3484501584319
2969472560949
1368583789162
15385346876340
15079656990017
12621817570111
1622926175567
11471230551341
16019090618874
16361179961655
13868403890580
16888018037935
853315895005
5289974808258
14491578668862
6318081324564
3184420703569
14079248145009
8066801766864
13016813990885
705170571452
3439440803665
11172467290470
6274937053191
3623990071668
12351562131899
12145732604287
14323450994253
11638239741171
5477926663031
7885102659241
9963202007601
12879649567347
16053178114597
7699919609905
54458882578
14441456847983
16632199473456
3699928861871
7562115424619
3671255130915
14186663094260
7411581528674
9927652774993
4438343774565
7606870955426
4317846816195
4720451141551
4460628012115
14432634238177
4264025267479
3101000350742
17034665715601
13699086897219
2060180469070
17023899040098
17366181913380
16386230060463
12251097681130
10681631119088
13418612245856
10322674824042
16345323461965
16887291970708
6724760380377
7025700568783
11738078066236
6189540788802
4909763846561
5424497791936
12915927994725
4268222815351
13825500175086
14265006833730
4703691746481
11303493747217
13609573153696
1249923153498
14296850856763
13233563000153
271990803957
5948866144672
8554538619042
15136494055023
1352912299031
7417835253995
5927984160171
5687426756251
6807346672859
2224032771822
17158571576507
1580494889935
15746754303916
5485944710351
2864425723359
17365005152436
12359354409012
5658179513525
5271300381663
6228771858965
7124367456865
6039493252373
14647454740062
14938916599793
939806028834
9917616190211
8483365894459
10558298799762
16756260315210
8149587113199
17364017360950
5571447094047
12615079958445
4406350098370
14534093096922
2915254103197
13379538425698
16152295271315
17312693791439
3604848560048
6739427891488
10588939633439
11379107908689
3634307190709
10011770190261
14284312873994
16523330895015
810993967017
16309139444002
7091481329669
15278856550115
12347973357887
5501143526885
308019053538
6239060565874
14722293050587
4555580864938
11673257293776
3694212994037
15132818614049
7562560867913
13423652088142
16724659158309
1964638211621
3377003587248
13915400065262
12805921780945
14303567626733
14094301253854
747608308697
14919421260526
13360087491001
2656943026444
973805132293
4482079088166
231043500837
3136597823586
6432092902113
6022424700485
16544525584167
11175971534525
16464006331898
533040087652
2432883452620
1323643316629
742604724497
3551625235189
376307072873
10255502834047
16782070569636
443953139127
1108319314220
7742796534068
1268468541366
15829488505149
12208235886205
5696992941355
10304980724944
10373261474621
5229074454139
11310326820979
14618436499307
7412926639420
13615334248533
17515663158747
5210963525671
5385778946605
8675140624122
11751620080381
6407903607745
7519426273149
13407265782870
10699532586544
2396039351677
6570354671082
326888418967
5281518205367
5112742263209
3956511787411
14528904354111
13183375500224
14749169183223
12789697087385
7883914684190
8575211207888
4184059103699
11504007847647
2670496004698
3003069668351
10867174305538
12377142012329
14357672841254
12157273960474
4782150045712
16629640055477
13992714287939
11952477974961
1452767463194
2400388948298
8365872017113
1574748499453
4471131609536
15009402963689
5850769388329
17373494439970
2662694343647
1057271905535
17441647074810
13600464227789
6756698323549
1187547713227
11488164747105
15147780214141
4056231053932
7746725860705
10072331391046
11483119779402
17519648171802
5651793457250
15655144611504
7704079362403
6893924167997
15935950460682
15833037979188
11079878792404
15933972261589
7393409807558
12624303033465
12716894597457
11187604154323
15277431201262
16080340394018
645125761770
1869664656927
11852796463645
2963323030127
10837307862123
10160888716902
2454287514675
2712202783135
11692573909630
5592871593225
10530800707474
4868923808624
17191388049330
2940273803053
11495862805846
13657616163442
10294420713171
10613198040622
3104488717034
11955040415899
8017324982829
6171347189482
14782131781437
527685053545
6172738919515
4921768886845
6147941182681
11816013008550
15081636254458
13722687068646
3103664393312
12987817193081
1388173926428
3119817422449
8522262921414
12863090060301
7509526645926
3431389189694
1863737054946
1880062911233
15902642249429
2688450109955
2024865538481
6687975670954
13428832902185
12331720489990
6902451114101
11331016340263
770669539943
7632324637431
6011864980598
5824630854411
12152911932832
3699084422113
4833564762019
1208817406394
3210409164609
5570217147324
16981035829866
14541956523314
5393473466976
1623074067871
1330351055472
8163695211849
6140182903676
369917869694
14133039852079
695715536055
14581769441788
9985253441822
16467121942873
853379307799
10572055691154
4210332922427
11076803256640
12428256105487
11999601964921
7819736206029
12849801013777
3003111599223
14813579397977
13501735969219
10281898910989
4680801056698
14003041162172
15048717137325
15716610520116
14308272385234
17425530855686
8185800621915
7029411372892
15801261487518
6003408500505
1556544269838
7680796333489
12446127790883
847136309543
7536661588394
333211148466
12479624503149
16057039145397
5962306003461
6328277439393
12078678439216
12921833566325
12984776465239
3379586351981
13084451352654
4604278789403
13338688175718
15577660723968
10322649604036
13061251720501
11288711599986
8775215651556
1418369894694
11635790300634
5207326957302
6513930237226
4690832415103
9938269413803
14393128977894
3387131436263
4253610525152
849132823930
13178833593952
12430304102803
5105108745738
1180385382880
12567364472958
2981584314390
2140791244323
11363917407059
6128804178423
324099887271
17533863542080
11880468445698
15354940976724
7239666330547
6917677432323
711625256743
5915173002463
4889126382484
701322321909
16476151808804
7791923021346
14776078428862
13557394937661
10853802986861
315347243758
7285047015780
15396456054160
11653064487735
3974378573821
6264038820336
12278561731751
17178947711431
8519778826669
13635678769905
5857549591148
9916880056640
2489473823121
15116466420258
5309500491561
15328998132512
7669571089007
3628808830514
6516920481330
13399257525659
14189973960233
11997608779155
15604640118001
17299030840355
15562036295207
12866390006821
16073443348526
7126671223307
11710624550114
370614004732
8000212767412
1946073152601
10625441469906
17035250888818
14030153631540
16109452070951
16764577937851
6646405734180
6420105202322
763667160385
15467065458140
14982165868483
11371992949337
13131338046000
523752424303
14986451687953
8525561860445
8554350883218
15280405532119
6666853099502
65894601238
8494819744233
5781292556947
16961149448526
12527265466953
17316995395530
2054065985390
2138882202638
4721852294204
13067207717031
15405545201165
338303629065
11661032501150
10375571366270
5282643891165
3660806560240
3240892562537
15441651851613
13224491655705
14208460689867
6963726268245
3164906563966
12133909312438
13996915792741
12747132053221
1316187792484
13139664404268
16470737298169
1472074030950
15507560282448
12295645781685
12768055793565
5198022190898
13555565066916
5128695590070
13356376583925
13979418480946
2698423424657
15644116998495
13089402861938
6218323292017
8233189402138
3215806641908
10628288004928
10545593631043
4698800432194
16218356430813
507310910516
8715904968978
16300006856640
13528649683835
10332386672407
3951259681751
10386055405390
16701496190659
7143275176215
4432053964874
15917001645582
14691690389685
8560140049914
5712385907189
3218003189426
7231675559529
1240510305093
13069474935090
14733693894940
936840243525
11867764930284
14297840153177
14459846548185
13972094318225
14310262709855
11256757459550
15297730421585
8114932802512
2015893072730
7980862601724
6963717188115
96284259315
2352015160510
3827237654869
16302247500403
10259802441168
10214508092153
15395616200463
56405336946
15865056359738
14964103930784
4075687613181
3189841763129
1159997738467
5484086845891
13008667875628
12537870594479
11488578984811
4004073554436
907816646372
12615309976370
1719657438148
6132431141439
7005403402106
11365572952619
7033569553634
12382988035309
17272651229930
15207091050217
12831040706335
13905881809091
11517843464386
6660540544032
8405581349626
12880533773357
13533755792202
3684931536065
6514961638634
8398180609712
5057844269754
3297230837207
6450494476880
392077315584
6437446542597
6973965532721
6207104308395
8239289622583
15814646553776
52590001412
3140189407056
15921377329465
14692407616689
11533442212556
8562983877202
1082018606399
3497997156627
442743507200
16211008476016
16608875448277
14206624711870
13150299225606
10694239960474
4283152093090
3251661635659
13639828447444
10777466617030
3568200662177
14977683142228
11673236715296
12470383736299
7709109078719
14560935217978
13937051829318
2500675900329
16836628767455
6734187906130
13463327026228
7947353683662
8204706955681
11139613142545
16629648930507
10203516559559
5658610785885
10607960215639
13182959347660
102820248129
3301672198066
3384520073120
15858735318806
10901073100289
5392043277269
3308549022811
1014098995555
14282235942342
7112084238105
15444192994725
13962779093680
3387125189092
11957075828832
6748122477946
6756970918864
1211221279419
12812218600058
421908630909
2549996129173
14309516080537
5428433992057
416639284343
11951097380509
12620733261307
6253111274806
6924465430642
15408001958434
7935553198787
14726581103632
2476860330322
1485006253338
291281214498
1329982426945
15602642739471
12722950828731
13931797686932
13417567736074
3492381346070
5676186613367
651337069060
15282735154602
1365227984218
11441438550646
10269492109676
11406123045662
9916660838114
5665440816051
7272467210954
5902909421318
5206325320484
14913536615199
13498966840662
10791964104606
2969796075871
855607362359
11945083936018
8593322653615
15426233950756
6609814904998
13842173623058
2014174016452
16157289132805
13971310720506
10921538974333
6969914696437
11751287225617
13110917346244
13648510546023
16727644652222
15875822248339
7768508442531
1944735240644
810469856533
3022937788658
11944161007361
4221960136973
3394939545526
1631786951546
2403967478835
5571361725778
4439490938017
3316617371578
14796700926034
14576804189705
3290856074551
3203730851081
10253765644717
12509684358655
16479544087902
5620448165150
1322109385632
14981588364138
2704644451498
3120022843889
13723594052335
16790674034534
3739858447931
14602710376501
14163408537506
1619374575563
11183045015914
184371197859
2607077021468
748678222905
11972137860362
8389971494316
7549049797662
879206938066
15026801922533
5593934538610
12346692591140
5964710790700
12802515577435
16405105075721
2848764290383
6657953871622
3230259097252
8205962072108
6553364381755
14060971544693
4183725571937
8053537060146
10871845634818
5183483741971
6970666599683
6232203413785
1332482195921
12380145044423
14559475592027
12233437830631
11056296625434
7059129663450
8014906162509
11979285977818
13732872304543
16397380728278
6543720198905
2316988927066
1605196512592
826015421949
5936228736409
10842556969220
5044415906919
3304708864771
13172123983025
8054997154683
8218180791534
15622357554234
16252118846588
6187290592780
6206740723692
7344421235452
15216299796091
2997981722347
2986831498513
3659800411227
5068166197664
2188722476335
2189358571994
11715911429076
15347828973877
7564297686545
3464678654730
14513455579122
3614802295364
11712305639169
10906515891029
6373716924138
14440604528181
6142779960089
5984882750707
5558315966355
639404197456
4406812218927
15197452759614
13979556336277
17497492928116
6557038726836
10851201258526
5263761653334
2445826243865
3665719015274
13408054019635
15220320366045
5997206645971
15505451491903
2832361231565
13276607792921
15201142764156
1122681845073
14954055607853
11449739719329
16745216454633
7074343619572
7960083654448
15083188806487
10287161900149
7098089774263
2603780916242
13879001826124
8525848584932
1849567509824
3765335519070
16038545496435
4704547772144
750614913772
1613592707217
6964998262224
1439535738463
4679827513263
11082728077782
17578820245193
15609817545708
5596274174559
14792182114127
731107208894
2833734661623
10890370744286
494261049267
3423548043932
17226332027807
16483481468917
4910542024771
7567541850203
5683163359167
10664473023454
6570880871970
2449917122365
6619145201645
13320547165385
11138631598265
15662478836192
3523680853598
13358705845435
4548594527488
3695176276576
10690777807868
1759671821763
10222296280889
5126507541994
17201681391504
7487850040015
8769196235482
12593739659097
3760995034395
8056716068283
17405058199331
5873144364986
2103681428772
14745552850995
8114723017527
10700828291101
12224462056597
7860691826435
15835832383207
11906817963306
127806773589
12112153681457
16740541322645
4648560541728
4249656445540
12920625266045
11298465864865
14263883245391
285556446530
11677369382511
6456318557212
16344323010276
6695478892954
6830326439254
1894453822527
1116714653212
619249754741
13211424004609
308371861247
14547547985433
469539805984
8795097081072
15668073663810
15523972066338
1634794878635
2508162310247
3318733275347
2589917975739
179291885793
17038990337727
12427911061271
15000971498474
4478891284001
1333586585468
16624153018691
11657841089835
6951193634126
11475948079471
10027159469745
8569301680064
13067913187754
1141203397123
7401863885901
4783100746717
2485430628762
2347552062267
663377691824
4076965408519
17247314459191
10783783318272
5499519312697
6143623476282
10122466243009
4170168497477
351093354691
16847707602229
14013269604733
5135701857941
4038624889677
15940249935376
10399856804681
15058896109635
3443667350108
913556382219
11029251372007
14094968698613
4100334759027
15853216481652
15707788818243
17417224726871
14941709920099
17173154703909
15198231487821
15880618842646
4191289384661
15380482469051
306318777837
12573351604382
4242343071342
230878178241
15124485557404
