4094003156
1700241683
-5704395485
-2070276036
-6218284723
9795906706
7714414011
-14669113773
-11718726470
-5702181921
-1717353730
1971935375
-2074414122
-601487749
7112612605
10675826621
-26979186
-4570574447
-3615589372
-1619443286
1903528864
-2203154396
2931569666
4296269440
-12046122589
2181821588
596943184
-6213361972
13819757331
-3843826163
5915994110
161633143
-1037011937
-8094001948
3478424293
-3902155085
-14977732868
3853250796
5576872327
-1374771150
5152992992
10161954192
2033042
-6998265033
-2760624465
-4980411873
-9463984892
1200436287
-12875354636
-13572818060
-584194996
12677464225
-1617306308
2630325798
-589826595
-1815844545
-5191059945
9666393500
2385413913
-5653254542
2181444655
-1448936551
1038321772
-6573978278
-7307308141
5892627495
-1757301984
-2945091419
3133628405
-5334647278
-8462977973
1943665192
-2993763773
1457491784
12604764802
-2658116988
-4863624623
1377645868
2788615394
2853136413
-2255065949
-11638595443
868556526
-14009167268
-9185681239
1791406870
774169779
-9168690883
199118372
-11524200658
3525418995
80473202
9795889619
1639151054
12550832647
-4785187531
5557553372
-254774089
3799193536
3546873101
-1065775158
5922114048
1133590760
-1861270494
1837855469
7412215397
-8276481610
8767898902
3492803336
-207691281
88832
-6913124748
-12516037141
3594686673
1181826686
1539093786
-7410478319
-6626251679
8951096709
337578305
6046432768
-4770931132
4675917651
1544838918
-11844944177
4736072723
2351121964
8819381501
1214991498
6193472152
3939706223
1650380757
2001200218
-10623798515
-1140781040
-7010457838
7715940249
2195723202
-1804698405
729640834
1607649711
-5900503845
-798797683
-4776757556
2213341904
7494842037
8296859932
-2140006018
147884020
8949614929
-12653722860
8042212506
-8954998645
-5037538755
-4989158816
-1966301023
4205850280
-743889580
-10229186360
729427844
14438751700
-2091870801
14772582728
-1973527236
-7878788179
2562240327
-5491104859
-3750209802
4338577521
-1955041775
6826423575
-1889754175
3066834981
-2836907979
-3781014987
68533014
-12353955973
-4395002408
-67015014
5363035360
8012857432
16067559535
-920855114
6426562210
2743079558
-589277327
1866015957
-1653934400
1341248887
-9494098321
-1412132772
4285363124
-5326700460
-1595640063
-863315267
3716791460
-1668132295
10281718808
-597065455
-6381118238
-917754074
9193387666
-4098745972
71847200
-7090068804
-7932208452
3871266556
-1622340255
1120713412
7695958189
1986690260
-3465829911
-6189012569
2644553643
7991545078
13847991
-2121841864
-5567738595
4717183667
8840839
9119990884
-2431617871
3537666109
655236074
-811767847
-2546891994
-5688548784
2829997331
-3661710411
6884013785
6587083904
-7167647325
3489701490
-2338201329
12919438956
-2206005367
-2265962155
3700804618
-5023161258
3518589024
9058914643
10773327551
-8939543900
-5436818515
6143167162
3452812476
1938602420
-12168189820
3079802526
1575765758
7465978497
-2171900910
-4292417705
-9960197984
2322080876
1794852005
-1227736070
2346392757
1948881692
-5618272080
-7652860882
1734825401
6375245376
-7456952071
2205245468
161765840
-793337900
-3487173951
-3389479612
-6998882001
-7183297837
-5308180443
1198095225
-52561454
1602057360
-4044477918
-1060197013
3896323673
4976910003
1124123875
-71785246
-12819665542
-9930303542
3804595617
-3345962305
1934251458
8397386091
-6912983653
6980027552
6359459519
-2717631698
-11375843980
1104168953
776534840
1642224004
-6956656048
1348656447
7773732913
1250572088
-5688195695
1531423417
-10487788845
-3382630755
-3355891010
-6263132572
-1511986069
2240365544
336554418
6290809862
4225878042
-6563752838
-13390893020
4338704319
4431185747
-1254858322
5759935171
-5421422596
-11481039392
-7308156981
9020934597
-8839235737
-4546966719
7338909913
3545586745
3014328788
-1609606795
-8655499587
11219159237
-15320970933
9058497628
-3239440471
-2551118468
3526945463
14636361286
4551498782
-911736178
15982686899
4204569753
7743826939
3012380908
5835134664
4789652049
-278942222
11761955966
2080500973
1151242359
-6515109709
3294221441
5820408775
-8512187006
-3811761434
-3195178389
5866946277
-2450126442
-7145811257
15521057328
3706820881
3709489174
2523469751
4885639799
5404787590
3292326121
7971861329
-2623269872
2472330184
9533255501
8773987064
-2115828895
-2397012351
5905890542
3557765551
-15424157475
9570506615
-5609703093
-7828100628
13950422260
-5123340028
-3106400720
9585903179
-2629461800
-1488162446
344409840
3853684882
12004426211
-13456955640
-8552838123
8357490736
10686331588
32306435
-2021722086
-931237958
10471647321
-2129453035
-1229188156
-1462045499
505590733
-6677591349
-6611035176
10520368872
-4717742390
-4293262062
11929754643
7381371048
6226112908
-7412376090
-3233578608
-4595104373
7226090324
-1841653971
1239711828
3336235730
1128616920
-10474235728
-918149570
-2812797324
-2807213339
5874500436
3990221749
11693142022
-1795583552
-33628331
-1731738053
2347813006
-8154370211
1386239788
4476139145
6744715144
-12193449886
-1748644778
3191559743
-194524041
3808303431
14349900011
2093493127
968641847
8454272531
987924987
-1238931380
10003523593
4817956862
11864452603
4003923487
2991894150
6138445167
-5628034178
-14023730658
10621859978
5152698644
9300080497
5643351885
-9388024359
3293629822
-6295453638
12262342909
1309271782
1797701231
-5227270500
-3285937966
2377741578
3094871510
2278254399
4564664700
-3359078867
-1631720146
6251703589
-9714498911
8065356839
5576104508
8543106604
10736388011
-6553442049
-9002075029
3175897455
-3386715300
1007870583
10109263969
3481731869
15163834338
-2532115164
-90100102
-12633401326
-1399836535
7807123418
-62950571
6765621105
-1755002178
-6152736969
2903293496
5253045188
2877615172
-5713703608
6623552760
4566295006
-9288367344
-2106080035
373774940
2694347910
2788339550
-13881390087
-5818882402
2646486602
-171837715
-398014295
-370188207
6942101265
5221888407
-1672148864
6026471074
1591625035
8048431220
-11028124009
2545809789
-3712402896
932537724
14122207518
3274875809
981586656
751857545
8658876712
-6834506045
-10392387641
-10424062503
-5795117347
1499798510
-12182252927
420880022
-1771376775
-7487099335
13233981615
-12857364784
1603805651
1603402371
-11885620593
-2005111432
-4040434141
-7492858002
-232641375
-202495514
-4991181986
3208540129
7272704940
-9402580320
-6748481663
15297879046
8113079260
1708343583
-3829666724
-11758121378
13967068514
7635509472
673370340
3378212700
-3497208756
322478542
-5028029861
-1756303004
-7010272201
1915225511
4366208546
4978745980
-7042878788
11283583247
-10211632587
-5445006662
-8137758314
-11909944240
2780249637
5675733903
-2585103666
5581324941
-6866524449
6709347428
9074483292
14320679610
4445345272
-9281510399
5168286179
850153042
2967793991
-727901773
-133411611
-8395548090
5744075888
-2219883390
2992891631
-2903216352
-7367545768
-4085428756
-11385880528
-12097058817
5105657115
-1275483842
-6283252545
-50301502
11494886521
5262484349
4264702177
-1981931044
-1803473287
-8325680113
13014373881
3518321351
5641637937
-436107984
-1803223417
12689692775
-8421067448
-11152219637
-2078354474
-13066009612
-3996185218
-11622014376
8849548571
7568843424
-4928258011
7333773886
7675999792
-238322277
884763111
7364076551
4161493131
-10331149408
2069156376
-13056625809
1870772153
-2514789342
-7761646181
946958065
3281672321
-4968585890
891565871
512414289
-833674371
-12382532541
2663069481
2194055213
-5192015515
-12161154842
-1565037046
-6759326699
5320214361
-764399189
4755157447
-8569376312
-7891951262
-3796268987
-845063051
3917793879
-9333027112
-5400153294
1260164880
3344374039
1984780553
13225812361
5924162043
13245924689
-973446026
11497246174
-1659595718
6027962905
-3758972293
-2645649292
14050496667
-4238296178
-4277131159
-1655906084
9225312288
4263278670
12569949108
10235956676
1164955014
13038596672
2127692511
-9665096730
-10974206787
9168964424
2045209188
1340436421
-4852463840
-49587219
-5033366058
-4532396978
11296819606
-1798785202
2120322856
-526073480
1516536415
8017907914
534637493
-2325433109
-10471981233
11883386463
1662311613
-2719355580
7256575459
-9259638520
-7390406470
-6747378100
-395026542
9942002490
4233384506
-4502739196
-1911276242
-14609138651
6174103938
13737957714
-977057124
-7721422162
-19927119
4205585759
6581664438
3518641766
-4537191916
-11378831346
4477203258
-12032376485
-14688281067
-4384770466
7017737932
-737283855
-2769982881
6125079849
-10054162750
3639665336
-7044626255
560907995
742700866
-928668350
-11142262743
-12130747953
1867930664
-2770920989
4622253456
2392881562
3084896656
-9928793039
8984778813
16289183881
-8711772681
-7235456038
14957939807
-3618173840
-13105999793
493262912
-13997631038
-4415924491
1896440372
-1919618928
-9227316624
3166926470
-3629572497
1945105789
5965598199
-6200883782
-800615980
-13376415994
-9066571983
-4186321547
-614576492
-11809849368
-3521526234
2355875777
-2568418275
12463062461
2094050357
-3212783106
-5578015426
-12227453341
9627820441
-7245326884
11361641666
-3073793569
-9275069927
-6575499658
2178732215
13690004906
1948084744
7881413445
-8849015890
7941546703
637031694
-13704843210
10411540216
-15002461929
-3587819281
-169390666
-6404203047
8018982354
-3041121973
7155197945
6381258437
403687878
4576090101
-7294505950
6864070258
-6405681058
5132600612
-2493637285
2524593844
1342045618
-7384771744
-8567403119
5377203185
4933239292
4949886808
-652636869
-1129524660
-8648977534
1546709580
3644284415
-2545877070
2501175512
1742376846
-5940609109
6423731980
-96088476
12559402083
2320326962
11305246157
-11654725347
-2485045338
8658676686
-2182964857
-946476380
207346412
8516675071
-12522737396
-2270797659
235370003
-12551424918
4157940311
8573798857
-4518894675
1886315812
604748310
1264211029
5896296901
-3930793838
-12062198199
-823944963
-5206109274
2812615079
-4042923025
2811086850
-12408954034
-3435187936
-7424042405
-798460880
11529730597
-8603497261
966387432
-1287325794
6426131379
751157571
-2128912119
-10828574693
-14402125215
-1289409485
-8456141836
-3407399868
-11197076312
-7745163672
3774353940
1190397475
739898583
-7933246682
11124878970
-12507487293
-7747913351
-7446925532
2744905608
-2021704454
444814601
11527177288
-881834241
-3757072911
-9028207567
-3089898280
-10960819813
-236231315
-3934016724
-1798587972
3658064193
4242873778
-5201496894
-1185264346
1995035367
-3008215775
12661764465
-4803620773
4915968792
-720404504
1717448130
-4654928757
7758467196
-13029400243
403343107
11781036139
-4311945944
5491645731
1312997596
2826791041
13860118707
5015110788
14096130457
433408184
-1094758076
-8899005041
2334085949
-6815375792
-16119905056
-11915397915
7752794632
-1443608581
-5187294409
-4823102048
5633540611
3047174205
-4658883048
1795659910
7483376009
3032427554
3062579315
-1305871938
11454096920
186142755
3889574124
-569577519
-7458334874
-7769534432
-2528901795
3776670036
-5884795392
3333238657
-582950221
-4725633243
-1044006534
-1764405218
-13566727128
-16213084237
-13070343296
2142048532
-300995717
5683940396
-4901076203
-11691512575
3842211891
-5805951402
-737891858
-5523987797
-383063324
-126666726
412164847
57490218
2795969918
-10817284242
6341716450
-7314712958
7795405528
124866197
3476078857
-9965511463
573260088
-9384446432
-3993509339
-8709438735
4871749378
-2519900135
-887211329
-7500795651
7046860636
10059066164
873609480
2593345172
-8290416248
6291381498
1663385596
-5530222420
-9215629984
-2533423688
8342117814
3044613443
10569217810
7461986427
-3548736433
4002960909
-8992256931
12622817096
7039956224
-7485935583
-9023733487
4402136002
-7368655273
287823914
945936716
5822041100
-1899690445
-613808455
-9856531322
-3095652626
1073423475
-13875298167
-990532147
-9637690446
-10892531114
5318679915
-80724080
10561876768
7707509964
-1943345530
15305681552
-682684486
-7567364998
5479748492
-11415480113
-37632738
-4390571515
12015795173
2251116174
-6124914173
2326579676
20701279
-1782134938
