20663158034467
264917926939344
4396974883823
4008308978354
34247176877030
3702046266906
264033905220671
15414133256463
5443115621293
280849235885083
21985172451877
19459784909330
621382247729
265463072243759
15744556544239
4402845913040
12018430058258
6539675783534
264899300313840
351699033008
277081063495166
1377325421490
18442019131231
11738762907853
16560621949500
11012383310290
3079188325905
13406149042815
11134168050453
20521621360909
278455927196182
77460541216
21647477048339
18743507824188
279052837412612
264922270466299
5649447248582
19535051779903
15527599816228
24068973912337
20871111677
16518357471983
20204332633359
15467202953413
278336108761387
16153097491183
4479919203103
2685088714670
266078874054478
318096088496
21307131622655
16557011899405
3143446228400
264225785529010
34815578360769
15389926860278
20822603345695
5320413680702
1113135772403
277703679754227
2131216108222
16609930575423
1228343213372
120847274095
20706946560190
265962011716388
12830678670602
23240332601072
20074505180129
16291436056338
2178942413569
1076621464907
7983790808098
33007727287551
12370868038428
5557794631952
11862594924316
17381772759616
5483366391035
6243534106655
12362039103747
2136113549297
14688782983646
264046470341904
4633276908092
264930932534746
4037039435781
34309275930803
1928709750291
14701675159489
2203798541137
4337048542767
278934043280721
1114042057937
2288999146348
1992283709167
11682911836902
279022870532416
21581218865443
266086109036324
280363940274797
4462385111263
4402053194286
5769750901025
17381195969310
2619715341119
19504232741985
4179526499621
17398136570638
34305477768497
12175732879667
281389128441344
2225949455104
6520681991222
3161165275148
2202162821818
2956565143572
18610076606720
15527583234843
19407898153131
265163414316084
13321463807855
34374194166507
12154210308333
4257182907217
6596817922996
279071093411809
264788791845611
1521274986787
14790812819932
14501441303622
264969899783774
23218639626306
5885497896687
4308474332447
12150478132033
782001036066
264271146761162
6485313458127
5625885937901
12242011578094
1241718396109
11077170561485
11344956752426
32993385362002
280498744349180
14294710479862
2208118873361
265349252707572
14290178698769
4479162493461
18690612518414
15199839899090
471592336884
21168564207839
21238834397755
1107547930960
266235309670881
6657704849877
4512737456448
4532250922515
27129093552
11356241060283
893973536300
16564905500384
266027033830416
12979692978149
19980948130529
4326159135281
899211525871
280165260200193
23519844910067
14843041014062
6739037789665
23240164573694
274398041870426
1357428479471
13185841964038
13269938077762
24459152588907
5651606270254
213620229804
280457788915948
14655967788458
13606428942417
35183551028688
3779599648350
263934577860799
266044736345504
2430360686127
16510859627099
13176251093085
1354001129761
2083522695855
5640098810642
13473232532287
281212147791134
13495057784590
23023945317830
22258227740479
3066674872816
15530444846267
15466146020339
14715384565011
20821113987554
317895490563
3391462940943
7829202014448
20481909784638
20916870320077
264579318008850
23511234344134
3490383548657
18902683999829
16207867412490
13142834549534
4118354727217
277480739045890
1243685790490
17876292231279
21226369387837
279298266363693
18760070268431
12172374681045
18872289064258
15844153603114
279346588827599
17459858971373
20968236069408
278258568275743
6472293486178
1163845893139
3694500163601
2469927104195
16650274328752
279279997023317
34403464920306
34341536079567
14013979417861
19697027248478
4747770814945
13615381043809
1091028639765
15263457042998
5214644937393
280385233433441
277279525912671
12918923182594
264049939968723
277218180856577
10010696337102
15269213938368
16693451558865
3565984625120
11225905831429
278115453519398
12022588706853
13336257302819
264095994413119
5428555482156
9982860861899
12519961916446
17822499647198
12008982446614
15875356959708
15389103550720
4746758020432
4467823116112
280658897067761
5519004730956
473201381617
17159047681618
264310974981149
17382319984066
265489597129999
1035880042705
34359019109573
16474208076382
13146828713518
12147242426381
1193465426175
12176149454570
20823412904893
264313897427459
2670771377343
13324027644486
12989224472150
2365708256261
21897390326533
1373049379887
14590724404261
19021307977633
6807771852516
280387796673599
16639213574927
2958612036159
263961307241695
4373153062734
2130320299011
4332949925038
11323192189933
14155613397453
3104372892721
14289585929728
16450551456243
14212071046678
17377607346926
20804015158525
3364134111903
16358646751741
2628776512540
35107418915627
3166181538990
19999006392355
266059235939009
1842858763788
6387175462113
4067334550508
17591108162582
1167734127437
4527426833424
15650946220325
3208067093405
15126603116786
8783512261567
279507606856593
16187764232047
13515724099665
279756388373962
13469331899999
35159202128988
15245823959085
1855699745781
263892924112845
12121770303247
4427356463381
12997346908682
16222208651104
16350925496289
265394078896053
2822330752070
1980270448381
3232736744172
5557622743053
16519992206146
22936144946366
4407001518332
17346046667889
11132353712066
18340060199503
7705187255050
4031686855634
23089975996130
7637364987390
12253570008077
23018420293099
2280697315686
15066544098900
4820027704001
15186484319792
16681842811454
13327296883981
12907484831552
18910147584044
281316346353165
264695562920749
7710552416544
265190023081728
2500529491748
13882073235445
13529246228794
23211647829678
9960582517025
3556066062688
3710327778800
13317532745791
2087879352816
23300276072394
264736162842884
64223858500
34289727886817
4132609245454
15316153200609
5411647439123
21634602635316
278442664922930
17660568018610
15346273955766
265206479453521
979523858397
18300219432000
17382800229698
18835062128387
3368110735423
280100566250474
7636198031438
280371508756560
19663162332170
12099458756410
19056454541594
18980086362385
13533145202432
17604590104271
4006903525548
280148910738977
1181854278609
5711333494832
14358887656998
1435912499985
16913566924604
4664077516766
4472927744931
13112205644284
19653838851618
11847141760559
141185118673
11063752783084
16477190028524
6594614131377
4115122669987
13319528308559
34474810195696
264162070934704
279957780447668
12167747478957
266290743884848
2569223941845
263903462355215
264840876328406
13330436875584
14071617207356
17380913373702
277222186302701
3328769486094
768256115150
25138247705918
5773582128450
3315227566927
17544371327246
3625037453152
15483943375044
14140102483775
13219591708658
6467622146063
2486080564705
16547666196016
17390809013329
2201990782208
17518466096703
4554545226922
360461439748
275104653778540
265319018994749
20757667273718
6795094262517
64178298916
4341973177429
1172035067675
13587769388817
6369908160095
17395461661392
211543981044
8039076450334
281269551115523
6578929312816
18331032487233
2887243460900
24601016857011
280315421450401
22891923963197
4392940074256
14298471516932
3248561241359
1241024251500
18476461776141
12567925955627
145325628653
17811783017694
12240058138155
13395553541363
7697920507932
15056792398612
279210109218880
281423200145691
277292453597100
2337298869972
22221388784178
961742191872
980664762844
17571326582795
277426249608892
280557257809611
14209098978336
264092238879491
4187967198415
15604769690571
11910251487226
14620603339246
16844910994723
14212320438799
20866628050863
13270555362300
264139432641280
207532097440
14297387573286
16922204587485
20074612964352
279257079159268
14285429170163
3415423583087
281448101326593
35046631289788
13314481778738
138729905169
278181274858700
264797860652060
10866221055103
265135779262974
266285485267723
21161793618763
5901910343984
7468664360737
1235590659075
18897084287569
12829345582
266086826111332
18884622308898
210473450815
15616467860257
6460558165281
18670270083216
915115717679
4587575448314
15592445837323
20848757179324
264656382006016
17655988830646
16626119221249
11269206686892
16507140313299
3284496616371
20072072782336
5771465499445
6871850097717
17394083624546
265407954111712
1111150900978
275839746057515
17524340439861
12013858337839
3165338488258
21741688647694
19792987803374
2129602212053
5593359506693
15399066155876
14357606898766
5780160630860
35112167349979
1111927956702
2185095994834
2324368063221
5307492004048
18755529781363
6541822463075
18438628393156
2258868813122
264905496526654
17429849754608
6961962898108
18901982405947
1302919783682
13201409524785
16425080837153
5489305124282
6583700288066
2606481081121
20120544882470
266018451571454
3461295054896
16630162519628
11068669059631
19640704171425
20895274236367
14142536825377
4828048785329
15454164884194
1361254075412
5090581885742
4337978892397
280426805280043
16762974330944
16142335034033
11958520963484
3221414470902
4458190664176
2182978932976
15218678801137
4283445410411
3348997656341
19911653851600
338278998049
264012094971346
4457860168492
5423553686849
2282292079373
2491546291730
4585969423346
275143115507
18415758602239
11129083539914
477760241249
16501905153042
20083311030622
210288053170
23578383660260
265406625537278
266107879706331
14412857603580
13398961753661
407469489935
6755787803594
16229347497446
11268894158380
7614809620685
279627538999552
11012816611876
6662313655328
17883809393628
21980070743845
281471198770381
17432417722861
22114822713121
264313324297503
2344799428289
264140523506400
4480499375
14143859859182
7828884470484
5510414778406
4252305714257
11056519008499
17583832219588
1106458382064
2289793236193
2255364169473
15028358987005
15064010657518
278524075987254
23983276539920
265131246558129
15390128263947
6601831216112
129424710374
1383361965734
34270332318446
2554958236517
4405339476450
16448082427396
14993116187471
17932848386500
6320860878384
12003364179770
34299928759558
6621508930500
264785288818363
12438139445489
278932856451539
13343339328066
280590228135665
1242833104613
12842571207978
4585750125334
205417098817
266297110040672
17728232187040
5373741174244
322225966435
34776885931508
6413212196597
6331605135787
5897841660092
119270251807
16629275730719
279460624138319
5080548150
748967170610
16621209964591
4033177915676
20972901754069
5236366766170
5351898031138
279988653583407
12438186427083
16510139564896
265816889228486
17266374745025
266235809612837
9990189372335
7636424678112
10909331415056
23498068993009
12502300356623
34845087182560
10995301011696
277167390893307
11218409298870
21916966531394
265965110477059
16509856002622
4595547990732
16483583264267
278443263332806
17584196767834
1156007071824
1233160703924
17679962104227
6527029418786
11295665307741
277344054813375
18538438046269
16844867039742
6618848508675
1978570248956
4797244833589
1422491056918
15416550277898
13005480636144
4046832677108
15522902905535
16634692764415
4492031139622
64679248908
94825795857
2543427656981
6663426853565
1429153456091
281409405995531
1924715130895
18648380084703
34163267735619
12325001508081
34363257013826
4540503011505
264247562358517
263947333471279
1179511038020
263998840848124
5662312631068
15465115026190
17462734758705
5574768154095
11961319104254
2147243548637
17532023689638
280427055341809
15367930102032
13444066468815
279534761933827
4505623130813
15343522865435
6799933986548
12144820901360
7713593557746
1246343741217
265192239666789
1092370094060
266060948307379
2616479071515
16893800688859
12026728808513
145763582191
12029886383109
12099248870655
278935343734036
13253424771330
15667559013876
17537360274637
5627048890256
1224352878303
6529728262447
17528515587283
10840758555407
14374499802931
2271938387763
279223844644207
11081317602079
19655656536684
34925246073843
23034517863794
15889225487664
1116762885327
1211199771408
163227328015
18889818854614
3694309477204
277137709684485
15744193609743
13938394834432
35051258565316
5453047401770
265261978808367
14709997773550
22124738516725
10934802910710
4699682128863
84574866949
811680656630
1504057819403
1980313189073
280393471238117
16548530055758
14372324729364
12213794511834
3096423911137
5557219320091
6724890577
5703498137439
276234510127
2899123986769
34139266948578
15492704165856
264067257080507
14731284074973
280249816585659
278130335602415
18922657483953
15544074047267
3358714946978
15754256385059
13266443985102
278366005750301
13468660146797
16299842327332
3096117964004
17679463924741
5214377291584
281291864231524
264338338157062
5519938994698
13415967813315
3341286109538
821433917717
16764955787108
22248030204180
11021210107870
907297435829
19933038903233
279487546416846
14233556079541
20822348267786
18476394356750
6528650633265
15036429897442
1253523272288
3024031064174
19478573092349
20963014205221
1258689719628
5571749147058
13193960106998
4321355702177
11683680592401
279138182327068
277082318627518
5235916432033
13998837138190
17523403521778
4608884357905
275213434531355
13567589867968
5492977718514
695059742963
14367236419500
11420320343312
7822951904689
264960830478033
4544430234629
13254586839281
17222112198506
16329919033103
15834205260509
7556300587846
15545183489534
34158919344221
24262034347009
13413389477478
69208969904
18953910177284
1297869638639
404615185151
264770342347789
4562902600914
265131602885653
16969447359745
23240057244956
1091250947605
12154224897558
264974815861987
279018540238036
265382025073006
14353999978431
3015620612302
276923400061178
3359990231567
33949030842145
4818904214316
16545761782955
279615289684016
10028648128788
987925336607
281281973587218
6940634771274
10914434580719
5226443378723
1916012806189
279254746217712
6760327877055
280439621401844
3006238215916
265111131066449
16202477834251
280694167854573
265248648003282
265939566063804
16298833649509
14630108897264
14628988911899
12412639192655
18875311717648
1495784148818
1154235800800
264557560131878
3306492716539
17321787411502
19373544905439
6662331050944
1513157051099
5152885920207
6557273419354
16544230940721
13887250617323
12139238727189
15796104180753
16346409287942
10974949061365
6713017091297
280509486870459
6880729301426
4802363851026
12519255104829
17367810326525
281268368445023
3433469778916
4384980025773
19820197301726
2001930547120
4590264243056
33905776456818
16901550717950
14351091496454
6725936594384
6944978871133
34506254104077
34025519509354
11274860732431
17403458283248
18218492026626
21855795560430
1304400232737
14370677632994
19706334544187
23089553533681
970373152512
1223808644097
9896647916298
280383002243839
17944137672165
3557280388334
2260780249117
12359591863888
145693081920
17408782411004
3702545633773
4063675677856
1308686946322
17713704168379
17541454220289
11321833554225
69541769933
5913906836724
263948339253217
403442929940
20937998286128
13357094392737
19444419813396
1113485242659
1916950013724
2250931941651
3434832356415
4204625967631
11943833963603
15712047468762
22968961054240
15482889843424
281450986266816
13676834640179
14350798637585
280221434748950
7417409506126
6807620744383
17733752524499
4510251524323
13194691096911
2672713527010
264090114244816
17588181770976
5170100696274
14155175579459
277427503774398
17536622417099
15857506845437
21990464307446
