12438791132223
21105716678861
3002735727617
264870399119677
67153579996
23307920757227
13327128203263
343563129633
3136153576047
14203905706683
3015271362982
15534680767519
17467625512017
283721859090
14422729629420
14240769530429
12099739386692
4660037235184
1086642135041
1034012267472
1250135655232
16918769254685
4333156348049
5349940010767
22055966032122
14578445123123
265069019528526
16849389297754
1147590152737
12319026446607
34979937456061
3431725122059
16772180401665
15327190518702
11836959014415
17529892948239
6304580242191
11470533477041
5721465144240
276945664938067
17572337768045
265119492095587
14358396670159
2395177250572
9989042291035
22338504622288
3099858878982
2079402538208
6185556816134
3621433428719
17414767969105
277214669200162
7719131103425
14156158083889
13403992172100
17729304132914
35134241628400
13469234804080
5567723821857
17412251458349
6615090597632
1311039829298
278263203213569
12119176949771
1185366957116
34097812618508
15404643767983
1185377682033
263887116279838
18017962737360
17481159977217
3041073615054
15813595029968
14226489008847
276192553081859
19928128269281
17450537103549
1567997631316
15328710945839
15587873177956
3764235427327
5750655025170
16285732620976
7764585362910
3633843203855
15784339373876
2346157535264
16156812301269
16133688004896
15406803365842
14280261639947
14380134587215
14547546861670
14589835432128
13141609968751
16080421711858
3159985292806
2200098238814
14694086414576
1528752198130
16226169338112
5883059706946
280242017141282
46678466781
17462784233420
13212079632138
15282574393523
264290078480077
16363288248319
287564554433
7863601676558
1031498780642
12987426516722
13210899078943
278631221819041
20757910592799
279976011965219
14574200029174
2345533572310
15746692472779
2276135666908
3376145502238
2254611695346
201840566310
280190802616300
13000917434196
14238841905680
264144767144274
15654551036573
3431947246577
14358305312755
279296607248097
13944685030640
1103879139650
4148576992772
16622642254068
265819569999325
6715755322865
6602235960547
7010684684771
6673307296063
4535184714544
264781260972560
22127863136517
14426997870364
6538549715996
2194967303167
18717725234701
17549165902589
5565574374385
15143988347105
276199499617230
5514934752499
7825705975824
13668485046502
15268696223954
3373462327343
277829360812465
5612812028419
20022064628625
1083909565919
3711976157214
7605646527238
3105329511843
14431884081437
6875215945937
281285243532130
35119866990785
14582797055270
15620813809265
3074611097376
15397524194079
13616120001277
278095106022915
13272500468828
14568764084932
357807665453
1193432845025
2057606749690
4400979034453
34097852977118
14659790680099
16723547201523
16315468349632
12107499217362
5519636294430
265694962585825
10733918174784
8666956631373
4543504031426
14459644669949
13194960818634
35138987943484
22952557256725
14611948547071
14422784669227
14362464041715
16412133289205
4410970733164
11462987814397
7636253468115
280452341141786
14301451640674
16154532048604
15387791188188
1176789568538
15245735838229
129568358865
1099729662389
4253641065248
18562580152338
5458112871778
279485046134576
3658453405841
13185554760490
266147612934656
34425592472112
11960444559676
19442580918096
265917985654525
1087098211615
266034631942237
12187742642352
1111309278048
2288425103841
2292995657205
18836676132157
988098716413
14160333377293
18773334380383
5472086148373
17404788694308
3636273010191
22257893302765
281328912906811
14310778740916
3444864905728
15654656740638
5645702070981
264281920454190
3561433747952
34416109629968
2352536129791
6515493452384
19860163785477
1422160342096
3774754225677
224109729282
15469464245067
820606345410
1779374907923
4136646099276
279612806196897
12107482401262
5247108918980
219583173846
278026165054385
19516292849713
16685678330575
1438535327429
16775343437426
86869629612
279143652258066
13288933248445
5428882756781
16488630758626
16079093304923
5569281145887
3484874904243
15449187499356
13473023910657
279156837246415
888342376957
1212559332099
263925926997278
16476635615967
263930871939361
15230786604530
264340846149950
2332968336980
1174121857020
19946870477733
8177068405763
11056433808470
20917864361711
20211834163966
6287563681887
1036177856239
2473399935471
12086829363021
34561350057707
2198972322015
264986662425869
17368595100880
6717798671646
14705269104941
317629484832
21882815664223
3134257615172
18507478838515
35157830905950
16076006056746
3380155982882
16714887671008
1362342456371
3529374389553
1996544271194
34444860838670
12164121162737
33951212179410
163240353713
11200386407660
34088585682634
3555877524707
277282327228656
280504617336306
12232567038496
281406473287146
184718926962
264024744532673
20917012059236
11315725340691
12376690610703
280578112618752
6797912710683
131708425184
264969590608110
2347989535780
4166594402060
60898355819
13272276274885
1319615274753
408052172211
12210597137917
11072912243264
264641584390387
267045246414854
3327302679343
6396358423599
21368264536083
6574271562064
2061869387323
19779732294939
12224019226944
2288930992190
2264233152486
4389989180108
263967430534481
35112547015681
18780991058958
2531564605859
1103001403664
279487231307616
15538319324381
4183848308815
264995209204580
68265426893
22062893634065
20769886150928
2194437557595
16144711098078
1391052534221
14715067315487
867852078114
20009717199103
7580599386876
264296705350914
14418420235838
15418749820415
4515380261056
193544114010
1052271517377
20130746393521
15397497417182
5638118584570
274999004876322
12302630786549
15347552611771
16570291213042
280103301091950
7772578197921
17511121637963
265460414401836
4057524276940
16574314554271
17597292922099
34253353058822
1091390477044
22981615940118
16440800317872
1867769472591
12984209203756
19841390350619
13993221206290
20624965755135
12229621539328
13191168523
19807985479407
18568523444207
20091673944405
23487903215375
15324811637008
3592448851729
16746548510400
20608827924977
11755055886635
12785851039796
7991779011600
34779586217422
279223289949711
17733636047086
18758823653359
2062287847439
412650388340
16688931213333
15329043236049
14368304795901
11017751610400
16565979238367
16084115760756
2538525035859
3160839238933
880784313595
264914355483423
277218091405265
1377994759438
21840086891877
14285617762339
946532973811
18328236970012
1364693639710
35046954054238
21772027944475
4341687997990
276935225601599
4329401892064
12275570004047
331669569795
34275652859152
14714842002688
915049202674
4186002387758
10939011230480
1861248619854
16856473670161
406708813270
1917264507646
278978847117281
6227986862036
279413018841109
352108326651
12176776483167
24099847016676
278034441318174
15606638243662
4402862948096
20143110615523
12175494152527
14723904714294
19396880190798
6251005807189
280333958447664
14482934074368
4145091509342
1099010596545
14408271719393
14375276199985
34219296428748
5768597285903
836177212171
279618260901036
18614915360349
280526907842351
13898765897746
5437344333583
13654273236803
24417715634669
12241024724193
16518227100125
2353492008671
22819092037670
280370796493651
6408997515426
19585869545566
8734891832815
276802050289134
22127486964026
21969598541872
280501377122285
280807659740372
3295603068602
15260081963311
277004217728325
5132186101410
279332945616188
1245476533071
3350040359438
35071614448144
281204329413821
13465031540543
5694421626852
6327847809598
265191416788545
224734790449
3152228016053
13035460427759
15479500518609
15324076466724
25447598267998
17460988933216
6598399181045
6598767075564
17601245873682
11825875799002
5704242942301
2426408287532
5819592525084
5275324301567
1383355850848
943752002333
13606167905538
5432911271678
21783839175023
4531538376143
2017826324529
13413148402417
265073903068609
18687974322253
147425676830
3120911401042
19858358218822
5626728941041
11082893366111
19770019283392
5180168929551
279345824582243
264781007888400
24176625671713
20554905930779
34900974716176
12107496796362
263905121027154
277846751847519
265118183403046
11206060363580
206459524575
9868501262
4603381897999
17733095727612
3354639785761
274893928182213
2182191541026
20066373706234
695737651376
4359390686666
548954623139
281383544869185
1198006664977
18293068979389
279230354210558
265171611528866
4281515122668
5425043727407
5361842315771
266081813156371
3157066255535
17939984887823
280161636015647
2052380017359
23032836869792
1060492296466
1030892773616
5232088845550
265463389949122
4339273502578
146382513252
11965583724365
1874202002127
15264343305484
21852760050497
275252327026496
13005664576598
5221608653253
34415034174669
34389061742833
17466052757182
35049838611071
17234897235230
3367240076547
265269560939711
276244793009419
5904708940543
14500652666847
14289150671374
6558728266229
20115163708478
16578541104611
3002469830833
34167306662176
266147677868704
746804805966
15688899884767
2066634312416
279326423334726
848760339135
3706307931973
5227010997071
4475208019219
3663038112252
13076939202219
1250910340156
265377730783505
280507021702683
279645678358255
22059166953919
7563956408785
24516797178960
14644513222209
2520892187616
1218630827203
266103237578772
5105679322607
17846094360300
264236819371346
2387744838703
4285240712273
34371598878195
264943139353697
2323512426002
68733181182
16642256337158
16281846435331
3452677799212
16221619531771
5620786793474
34419364188976
17359784248371
279307311129074
279550249672626
279289726569311
12039027355582
10931469688429
14298196021601
156291448914
1319036500674
16589057756147
12925166883332
21038303948848
12090872373429
15392908307284
13054002844637
5510981222709
24369680154188
17516212837699
16407039616017
15685670817308
257682829584
281066223633651
12991738457018
12318555460374
14162334981342
1230157253629
57434587197
11406179398655
278244323750178
2607680446892
34992727342300
12051842973422
3638906703375
18760768303568
15672900928045
20071407309154
17527459397791
15682721938865
3088077573664
19102444511228
3525378711749
281339155985666
279616884387265
12167895319825
15797715976212
17390307114766
1215526269471
280675880234788
3445871751186
13358807007214
7697671020978
278289213734736
265067648119057
13998092303889
17257569695151
211731881936
4629637177679
281458838928607
13945795551731
5561630498372
279143089824605
16814523473949
279669732998731
20830595852819
1992610200330
280443665765393
22858050645761
15807343710561
3381174195214
11217681669923
6856156971291
1039935623218
277257573586033
168326831589
13262643395054
11005029469953
265273225313298
133933720498
13197910348847
14092033946222
279603782074720
280387226919088
5312960659165
34567425366815
12299674845538
6665272300012
15613813839084
265962040238303
266016838922779
619285750223
280080701196090
12158268999122
23046499070671
16158022636010
7632727322949
12189787620275
15002273673212
18617558107843
4183230246181
1190231563343
12493258943713
15423011810863
2203094806835
7749765893901
2289840436205
1099746690570
5614761947199
265759322996851
6592721337637
34974636879215
7637537112860
17726956839642
2747589970479
202433954049
281227160575168
23155608460274
12309145439247
15663247593547
21985084703807
13474388983741
3217468481889
279457143980268
11068904964463
6664703836667
16178287281423
15078577411423
22398526020400
2426622635824
19927873502737
3305732305174
3448094065186
14224376935345
23910146719761
2284212528129
14273488842006
2392112168722
16758106956545
3292871393338
11064578285650
12786586489076
16306460711858
1911172455514
4256834644446
34015318102016
277078103491398
1280180593437
14091816340685
2393673490131
982946872026
4557131494927
278317990014461
18494610541585
35138000723550
16696183427840
263947750207037
4274918651360
7354325457910
1375815285599
6605995257700
15746915290892
21026840701999
6983920585650
279658688029003
13327469043684
264896938709985
275864594232913
15054645998083
1048506595071
4466182688989
5288160735343
279986010633740
17412402396
17689947258833
2915509091308
16557102839294
2005514978363
3384474988818
6735603376385
14695801163525
15560196419562
4861630415393
20092684378592
14177516953708
5175233339439
3099914537695
18919315885791
1533064524788
18695964482829
17789939082083
132602590050
2060818043362
16745895498290
13215076569611
34162665955663
264030149525023
1361434366400
16884076847055
2256649925185
16847819509002
5574585352463
263945859178774
277426463782195
11844617757174
12927025355490
16571644456474
13254322677459
3574239311269
3305513292820
278317908619535
16226655146051
868607679789
5295147386063
1215295261920
15058716077778
281135141481659
24331361059068
16606139111201
15603627806191
15394058950128
20126720336086
4180602115603
5828891182290
12794427794962
3241649467104
16788340687393
12102947524080
1322548133423
16775321112271
15599512724469
34378510839872
1388098678496
12873249584
1302029261599
17914582282529
280630343635393
16385301367841
16657527238419
265741277259491
14422853145951
277420305269790
4205325777648
17664828065110
2182298518227
3031507316755
12153896509117
2271539811279
20271726968589
13943140692754
12845186421518
16562182012127
16472053191917
15319779467853
11891190603542
279423207534891
16355822730220
33870201030065
1198298149732
12167637972207
14491490254916
21140133026539
3509442380763
6403965006671
162719273229
280113523597045
14633217171728
278515562000544
265042281824797
4314587334228
1915924512448
5839880138480
17114035445730
12258107001596
16265359543054
34850235744959
4395092607168
1842359230512
2285092736541
12042931994447
271035121218
15454631116895
13341542716950
18898125657647
34229750574625
964997603141
2404379656213
264893751286757
18897574826066
17948411834876
12788904895233
266009706647986
4824406163723
16971263566945
21091783733696
16355710611438
1163130048032
35115185381635
2200901059091
14409134174259
5231745446126
4325520700433
16763275337501
279548952645333
13889826925836
15315858232074
12845741101774
3324354236778
19663478045616
1104152449519
16700705676556
24520152924173
13193087867696
3427199164124
12791202342410
13413983083036
11012487238751
19798522726144
34323952130
13538830770948
123296103978
4441295033599
1241770827827
15748121566497
13190345789295
4143504411376
14409933266911
19801211072273
948064817759
13327720103983
265257749757476
20873829284801
11687060743124
278228485738942
18885308074801
850455019793
2366900350974
18627521540063
1312393134338
19111447880512
5097576864258
14439652757518
14624107141969
114910060356
11068422930704
14598871830496
4329060753370
7555128885488
18537920648131
279143643825375
6598144642306
17374690152442
280581727191534
991315355051
280022770538962
3454261202978
5504633950676
19719301787813
2130823736076
282375951622
5623107957195
3029047705377
24072133217635
34565073723981
276387304906064
6675031392014
14581363376624
279344924568750
35042823155487
2157432951291
2667898592436
34359476154382
12099457755940
5828757184735
2670464398587
189214481636
264094053897311
15602865216031
278236653953517
11335071038205
9895836348830
3522933291950
17402871988593
7905991265810
12802486981391
11349751771852
2998168138831
6455573048564
13349131783695
