34363255309570
34995724094991
34933933277243
5595838149935
3354320028219
14213173741275
275986092378803
264292235482077
3373231514035
15663963755073
33135705961424
24197630013957
16650833355295
15668897582355
1378613523514
3492632861903
265759203906348
12108569534193
16796906223342
17870803309746
19984413953348
265106953726978
11081280876094
15460928306670
23377503851756
15479867579950
1927672480164
18464137031169
278255449154845
3368257958885
5527721877039
20736450284288
265110888779747
17384753876646
7618267335421
294743359583
2631977324114
19183137309182
11084762046758
2205216226787
5506320307141
21080040005965
5433705313231
4832207054097
3387507670778
2062639959046
276260704105252
22315509347798
86635363296
21020090432480
11409214742546
10796490441979
5505344994509
265896795773468
17319993728303
2272525287949
1028187370465
16548251825173
3714292296947
19863621990051
11197228364641
21783237299780
4255458306721
5266214880497
2272236876523
4824639938270
15101357903424
7902486708724
279420970852176
17668243394662
6943084048306
5570591768162
7495590535727
2968123659235
20082164710316
7559413895966
254308196330
7062347820288
4599658299680
1175528955617
1856670748997
280034768781325
4124841405423
21976343175930
277063792788510
16818856260035
16377499792544
34132660739407
12244854177301
264852659176507
1103536088320
1794240419099
8751988974640
339639682271
1249797074448
280422474756331
3989236468980
4380633075952
16724874305818
13178337316847
279405723796176
15460826480356
34837624713380
16616452460339
1898396430539
34071081392689
12296174938703
277020827431365
21299790271749
13005189209898
1447755386721
19649763726827
1032670867773
3172741332691
13185621631246
33118465230064
34149047202817
280387818749361
135832535296
2357934674128
17245652668367
14083564896212
12173286110703
276231074668141
16159357522004
12102986986469
1430239916362
33998107742240
266038526622757
13460494554586
15324724441358
12511019917796
13250273120474
2260196065280
16346978996734
12096540380351
276381378355734
12794407698207
276024963943503
5575039668479
6377728646098
16972886568994
5371895608053
5420364185653
263960450360111
3035232988956
33880695389968
265284078198739
34889189445105
2406854872308
21144962936591
278941150365202
2469654122930
5225369903457
1954467998719
21005107789678
2223238394283
1254298343107
6626276798927
3110615057188
15878529371042
155059009007
19111525819120
60168085520
15420527150141
277282567700502
14156833022530
263913111171263
15233817894843
20894752831024
16238254097855
34909193088208
21788371953226
12859404538353
3108824350396
24408603050741
7949677547718
2005501337548
23179867504458
17571587555499
20073700086516
11253165413814
280384306794340
15195057595068
34930199352272
19863102074652
281333795389452
3074676661488
24029184524795
6252146799071
17919425660209
16656222826211
20754793320671
13122193743966
263887055054396
5711837748579
369030525517
16837554126022
264350170480908
16622359499282
2281951657980
280315967750954
23022706229488
13202490703614
13261299453214
15328927071772
5644218977878
11413004569345
13126797871645
11814465056783
5562802638623
13513627097775
2194006996533
23012689792591
17668692291526
4531506147819
265394379160838
5566581374694
14010419395569
13112096984784
34112245077503
16703212871494
1155397778484
7353083412294
17325331781105
23022299724470
3426691899197
970777953524
19795051211744
278259353712112
4414185554947
1042082084046
1180126309117
1331994735390
12557662560530
34011812772593
16955092095213
23064278385619
15599286952354
43784364126
2183155342833
1378175222543
1469668438890
19539673803616
4468644069902
2254936646395
264981849723338
5493546365936
266288477630821
14297456394477
16721438328109
3307074827029
22861845490652
14213064106417
270900540491
4343456607699
2408156614657
1030253387797
16220581650348
23002415976927
3370055500112
11687617826333
264982412525408
2521446746997
15823749072176
3231127174882
264720579514096
13056494313995
16300522539604
18621944577116
14718063215566
7644325993552
14279463800093
12180462567395
8774602449983
25242010467356
14707063043100
266003418144300
967694819314
6446843300881
1881484297394
264097655549136
264226387158196
34217271607316
15277723709905
16206434233006
3371501097981
33732975045904
1920473306132
13353310026322
12221078769643
747345536682
1355805230765
16359223976218
5999262178621
2332156632848
1047002157857
97930641374
5580789649907
15259747354033
5098865562380
5485726938913
15353687846400
3093283672370
264036840775390
4561058357762
21162904346203
14220439329770
33054674328113
4339780445436
3440761508907
14081890141492
277471297737422
1110752521508
16312290324948
19811089461297
4041855786689
10875095151123
18906745787987
15474484957682
17656859524097
2586191454238
17682180059184
266151422406874
18838487459508
14452315120082
274951209090991
6256207186719
22792049856708
4355570010737
14658203554026
61203327586
6618176444140
278933717827328
6579654746364
12292152115202
17721876201796
7689328088117
16084177575363
275755703493916
15261110686531
21097067753964
3543350046895
264088904081406
3105004205306
22132685549872
15620543628000
15742311268858
3036206474687
9961630209487
12080436235969
3182585248545
265815881768513
17786212691796
6670589538290
11965512609219
19925171232259
12030479167989
15489107411616
278107469979685
6257260679777
22355854296029
12786373485009
11342288068690
1104092196545
3296051789012
35172555804915
15758821377195
417919383282
13889215537702
6406648484510
6587756687964
34238911045826
15672877765040
8783480376879
13326966173697
3993731339345
13130556042800
277890036928067
11824102711043
5519067967716
1802835853680
15748925741579
17391650206182
1722883844715
2200377241025
14064960272959
34144130502389
3344405885210
3440031690962
2281936131083
2590942346914
2262461321926
265488063471872
3917028012461
13311105061149
1448498700308
11966083720482
15808940100336
21796895964885
15122325507216
14229264278035
11129236909788
278114131296495
15610827489790
21809827278335
16153745295098
7430279735828
7704121681393
16422927344038
12555268652308
2125421596901
265828968644302
5519315115499
5756601331363
14296653030448
7606638478369
34939035655692
4396706046046
20970785989198
2942366859326
1395371811490
815268934565
4058441040755
23024994836047
279566769992147
11748366170847
264845618251296
885567462595
5910880804310
277282266994370
34089307203107
266219218018143
16749589164243
279207062999530
5818284900867
17798297313809
13053280335338
4044720483363
279297465798582
13343107968560
23102398800371
14426881301758
17440274492635
12837455660530
5506865041874
2541577137094
12034041036386
278321111891469
5851070979871
4065786371917
137964634149
280403919241428
5292838664945
1158869081582
974373540053
11732861832161
16411082759699
280031871182385
18836826742384
2413301251855
1052483957046
21637276688549
2187533971439
13606811918342
14224871056875
16501816845811
2130090894667
20151951888703
2417283150323
2133815714112
17718557434573
23859165245904
2416695112641
7357010785776
13284120005717
15161291050478
4483978211519
11765295097403
688019202478
15733537235505
5651720130570
11768682319691
20840439548417
141812233299
15100516744155
4539753059086
35046191664156
1175987106607
1090687913710
14031458795442
15325892437235
15672569626306
127692506467
364808068316
275566140979746
4244437430033
18050405458867
3317149197532
24408937618433
19855349775892
2272823125466
17608658128133
3392840933025
86536682976
5966496846621
5432800310369
12991483551807
280527433129427
16355520767521
14033340388014
15071606747743
264777035411360
3427940680193
280788286389471
3723266654012
14384644603728
6382890852891
265307928269155
34551686297058
277426100901554
2113676139019
2131662516726
15539440227059
280444197012497
13259711135775
11699443400418
14114362544357
34158407630812
16423749554757
2131308639525
4187256328029
404268736771
15590468941058
713588210715
17652064645198
7486692989724
1104427037487
24098308399407
13217230470703
24132886334677
20749261766588
20748411215538
265110878075936
12455730991375
14163729330188
280675913961814
14346823409409
7019619606044
22278073077823
18291665269981
16566238711502
3306772697935
2487086806261
12175172307489
1359996629419
3023957639410
15393951261166
16647290356670
2484030459141
4840494264081
34274639932948
11082628210958
4530418705409
17850159078897
281390895448557
280560164057090
18540499396603
1284366475567
5569080329536
6455055939058
34226571526945
3162102768030
13280942558207
439096121341
19985540641168
15067536053471
1391037766690
2142418296300
264794581150466
14366407795234
17656089726211
22839010599664
264917914144082
15191496540655
7481812238303
33796577933041
3446459314668
5239842336191
16369736327197
16571348005455
277240397279505
1812137512628
4420023475712
264887572674030
11078045786364
1173062930972
1932982903548
2256499186426
2310910256347
281424845357364
277137599434459
18833799458798
265034044396478
3549035184130
7764047900209
3246962767535
6734792954286
280533827252481
276377639059520
4807693782558
15045455123920
2453838908304
265179620163518
264771971653334
5822382081082
12099743711700
6536925690846
12906562326799
14229316871482
4587080788978
3235711241651
12486828233951
16625815667424
11687848656955
5973746982655
11023573560016
6314760690350
11399377890832
1250164995109
4329138428321
20839730685181
17430573085197
14562860802256
16295160451357
14486940491247
11765273657902
281340961488560
14302439026976
4403438615392
15475410982909
20825259331871
264079500433134
15183817909478
12038859071232
1460506078452
5209774407165
14494971331642
1164576690645
278267703265828
2366523557868
5577012329308
25512872255920
1078571495713
6934766489565
279061212757999
17317764199164
263902669508331
1499176706130
5510346705438
3788663431162
12154773024757
12989847328243
280468428754125
12249582611494
13074418486961
5290158281473
3457081719994
2349375474964
280032167552301
23282194580528
23231750136575
19386122130432
22106433057908
265144233082591
17386493092899
279146841371634
14560245645578
24001085750476
2280979235837
5376733888779
2959031873761
13315288190721
265072011123456
14645359136749
17185468907115
14110241635371
16485162791759
16689667579887
12923289137007
34381216018001
15444971881919
1168562498634
15062502285278
16543142179171
3697165849185
14516627850241
12326518202591
4187965333728
4250754998053
22110811271259
35163986801157
15204267937316
1107630608356
280534223418191
12910941897809
280303270679806
17607760361942
24184772292512
266013082960333
18550185132742
1010025356079
19631756663569
3071160634078
17518166096491
12112311169522
15503473238301
279491789384762
5428591251743
17318701953842
6469022002610
279215494672300
14448006886594
5703952325132
16926712718326
281359648893971
265192738263981
6622893051649
2138407117312
15466013014559
15389108874938
3466359428411
279138883207407
17304998051340
5363155681042
17659597163482
16639255900913
6386117537218
17501994229518
279131198955886
264761873003759
18759027503091
756244630595
4153063266881
15807003292498
3359318600971
16162382528788
1433750667981
266228985041585
3918333412449
265931289661204
13597883126234
264990377103840
265334457114582
34974240211169
15801421790369
7920134972380
2468784844836
15513125060282
7649610562588
16235680022483
3526689422288
22660785639923
971406106560
280431335238928
17314652012541
22179240677651
279482734927371
5553676632063
277075354452400
460566102317
17863139520318
400350253851
278508180544997
19092206300178
17528637423377
265875087506912
2138963792434
1588957278491
6669477276992
15861651948591
19525944487133
13045337337649
280182906445153
279615407899356
34448947102559
19078964986126
24541793230290
12095000596237
280316140123104
34209062390813
1156605853423
19423637451074
2316076792908
17580408845327
278451838108914
23223674626802
4136492797120
14362634552353
6884883283923
14560781275743
12417303248369
277376488785139
14367205671201
1306428382740
5144901143838
5528333972428
14224915628242
280188091051988
5635729062636
3101185618123
15401950761151
264682022891789
188139047726
18640122502430
18963938689341
4496682069803
11469423530480
264798887334067
4547466612704
68197347294
280445882488574
6537768406981
343423061870
4674002231072
279412538093886
20704952125995
7489871353377
1846500851931
14552151843580
2010011268593
16753328610646
264647612497421
828355260603
17865809853088
279232968141875
265077416676925
51854172242
3432000455164
275771297262336
5792922136933
16539719906354
281389428960564
33951362961658
13473927872750
5899947144414
34157853875539
5617562551501
277566609040939
7542165818291
6654567436720
3076356241923
13198752221714
231749786605
263964502991264
280762662910734
34519471309071
1026516235826
17672678069488
2920275124
12428223970576
6674585423695
14091849282102
7331761888449
14702315823363
280733558367990
20767743156689
34777739624252
5231504135878
2174008562114
20224733436438
11008236867770
14155328406315
17386547951027
6849587683906
6859585043542
16317070334831
16444322918380
1353212275201
5760442294207
14723612143055
5634135966957
2117752243917
3583275552021
281125725861571
5544808202498
11801817299809
14284611014864
20889728238112
17591685483279
34888540503763
4760367456796
13203282994142
23154122690305
18713992724469
24734089542
15255724691439
281050022489312
17244834766284
14572856528981
1163214451201
16478495576382
17725349773123
13062340759389
34274138677504
2137865793841
1110971711910
1984931029987
278614005105603
10886697975484
25147149032940
12149172035537
6876207366652
13389332005116
264788514205681
482062583374
12103569817109
14293917640162
278365654614463
34204035251953
2482957983713
1387166523648
263967663464274
276110809064516
17322728099890
16081242556995
16221374926094
276998597636819
13624443602718
22075700163082
1360383520960
33103022521634
19711049837905
18618974924837
14693367422186
11261641387772
13403162623187
3593862906031
4196736831503
2137720500257
34973903757552
4303021748736
33956079522026
214485101824
264012423296590
1933760741616
15230554751550
13262568705055
1237962399985
112202633471
20805155152703
13248269466927
34094590464989
264290897581547
2470396883249
2963818143519
14225015181574
1422970085621
278430685601984
2255130465292
14358878995685
24116218630643
19890362265163
22063009969962
280094815483
17257176327222
4309155934865
33880331211011
2519721639094
8735876255963
73553607504
17798925519633
3441979870406
2202833988702
17649720276252
4678810140687
7001149164563
17433508319486
280581189689294
6201398050016
4738945759935
5322388475
19636320796945
17754957942080
5355656461990
5560876576795
17323213648467
12017633989186
14435124240387
5286589963974
4282094968150
14293865991937
2428230414048
19594665469118
15239064734225
5414630174705
4122279586371
275075217559574
1991611912678
11966854451730
16844579601683
13337447366411
290810038542
20615774885156
264003518591508
1176203480686
16247557972769
15054653095611
279151465788923
34371517435151
20850941367071
34210992865392
824646679490
6545172677599
6481374938668
16488865883183
4514830631668
1172984430017
263914452067840
2290084434397
14774191349774
20676497112027
17527729206223
