266069803344098
4755109834050
17317589119317
433067201381
1873796198866
22210871172061
5230512693024
8090841821539
20964254377508
1104629601564
13249995280719
281196168786386
13452591439857
4398364561691
15416287166451
22292239298843
7533659037180
6320968163916
16512717976063
16163758157056
15336539685794
14361527692640
279765849255419
15805982006193
15715048440830
13215518898853
18412540274257
2146661569277
3684837362507
23438677580830
17950394937618
266236120351684
35043979892496
1311776706602
278106685504048
3512690627594
5911491229217
4415230782964
265060418322238
277296040899388
163677285551
11737053326354
5902330187746
2108104638961
6786028673900
280212861689356
277103768044346
264027496128241
281418930000363
4328572318930
5517872546082
15723909139888
13249072663472
19773487431697
23304072125424
12141018961107
13206437163873
34225206923119
24125919928367
265120060776016
11009039417633
348424389116
3686140097069
1873143488511
12993649247055
4337905572768
14294305356530
6726423166719
94503619933
5889288242443
281363542440543
19675798090997
17249447098900
2397939113201
2134912466961
4467660614685
13196888646931
279463383458830
18876636929765
16535047438099
4173638864605
2473924639697
281067122635025
1361201397488
2194994683370
2890698837739
279348768613597
17112675574545
5502422541818
14268084047876
25306403154975
25800339731
2213034463724
4587574916325
263930570405378
35123404972533
4401081331809
266133038886318
277750551003378
1992912078095
274950457130255
20827656433765
1360797765356
14245353898066
13061280873820
17119165660867
3577963637707
15809223373247
12379159338534
6618483069170
17652328382720
22613339517485
15486353982049
278258334541327
17514558828639
264300778419250
34486092768014
22939677704354
18413344726816
16286015112221
17939608522066
13271118340012
5836577767750
35111051534642
7955152892156
280786925387343
15233414185006
14567191089261
1023726833717
14370003231412
263892740866061
15427506938352
279701927173969
11335766052401
15032939188256
5481926712865
4272163979487
2272506857988
278176891586093
16555476594450
7975838008321
16147214041315
279284801011827
14487779528209
3231492284222
279260164119825
15694838430718
277311544697037
278252422713840
14301719609612
695444119056
265802887803885
73026068467
4541456698927
34225233273564
902782861603
13321563280342
6529456685071
2611912623069
17735300878111
1285858324973
15195339169013
12830390503904
16771814133956
11120756916738
21243162969794
16347130118660
264991130576625
3019411358195
15406666473747
21770942802960
19426701098772
19850016902736
18893257642274
2290410119684
14023364382735
1907334185420
279632352117324
20702772468258
15247399276045
11188435866385
20814420634943
12138908310101
2560059187130
264160862213121
201868694235
14297851634940
34182872711667
2055960900653
15272210742245
5449661411505
35076765443293
21990052114170
264845857406178
2336742977812
2222156944096
264285700959936
14658002358763
265905454977541
4583354794192
1800784683969
6725431006706
1116454842642
3151731773538
18958222806787
34312533310642
17519193867100
15475004223660
1184004987675
15305923162642
5571360268751
11129334359381
18497061838330
280733219085072
16832734576976
34760556856371
18692525061124
16367514423564
280043164750366
279766056818970
12918233227713
34178343186463
10587208635956
12309612604846
6995260171551
12979641404271
20882467591398
4564694932465
5550185305136
20524371533315
21234644354116
2285123079989
11952327628031
264627645562668
265067108828479
6538656952558
1371405414384
5369498962469
3284831048190
5724283400987
146760802605
6796289552564
34107726523649
14114083426334
7396147913456
13263916245941
16772176477391
2895562686285
19925662028063
279212621582097
12069964480945
15187474899471
2388100276032
265192018933004
22865646649885
279351754883382
4745204617186
14435732041744
19855875232442
19022221361137
15096328073406
17687429193723
21844454166046
14417959473766
277961710429280
17670598942015
19439338902028
59324756178
687498911697
17609975110636
19572418428702
2226122783774
16708468122352
12433647148196
16561695608843
6995678596876
22892175576241
915431828557
279438907413503
2555285355069
14139806502685
277004836428496
16286580125181
2886246144623
265122496130065
6734860958241
11732309244910
15170358599538
13172127851503
1157109120879
14232384115242
6582926576702
15547781693359
15181130607389
2074488021392
3639166848847
7672646988797
13460208611651
11137644829290
17261239591614
266012575452699
19949801967630
4683159499488
276247164355071
12188027715898
17322126630993
5891859669524
14370724711123
16620922732826
11329828048844
6614198345474
264788867362333
5436797038156
21863240880346
11270478606508
263952058555925
12301524537615
14518328483107
4330109395455
13324122860107
279285281654381
277437194437874
279342038887930
264863112564322
1869118938369
34211547507386
986882878448
17527480578358
15050565811996
266060909315072
3432702422021
34515432050912
265820309635153
18279718261276
11752421237998
3350145601030
2203118739443
16488216652611
14511432381779
266008719662686
17518097621772
279225719501338
15676988533338
16497786137759
18755616645455
34904947930080
13533946421309
1229338767388
22939408450541
15586777884158
5378654917408
279388888035535
281428047754208
13460596407039
13077725534994
278364599475438
5903229218062
15475616432213
17716189996278
278996962831947
20153444928725
7446050231519
5407134965951
6523771175023
264024343370273
13408652091922
15492506049314
17406917109451
15332281475537
11423724739649
22007333956965
43021185089
6375296012596
16543371301281
4830946848321
187934842685
16960477838544
16905596239646
4815258139077
16433155204541
5439220814095
20869432471998
263955215802625
3561330243185
7571596819524
15603645624332
17794256196400
3693936194352
17397389848122
12458510044688
278308444654404
7547502391334
1260106292911
15213922049313
2036072520956
4534701402870
16407326281936
4492175023934
2010362433051
12316789530196
280302792348173
35045573971614
266018463542612
16283310693169
265106828960107
346636018397
16680884232977
1425443342016
11898215003584
15504043161267
267100228869597
14306540264180
13250326171654
20246540893722
2206237269356
4328600166573
15479925105594
3633493446593
2138978661439
277466735561292
34024720625489
19368739208864
7776625148126
14135537680961
17453990023138
19726061975074
3367692730555
279337344507931
12089443746901
3158135914096
34440828830799
15355687104229
2074288247133
1305753956917
1227550764211
266143000404193
265726688231488
12390981699099
20559218977363
16901452677347
276949677063920
17317748532208
2270949738161
6859287572588
12893807570656
2551731080704
7546571327781
19701014795039
16376826885211
266077600461093
1326339526175
4336799248431
1980098195022
264209007905536
16579347689456
1221494190113
264025534289471
17250112163920
15807076453653
5596271153204
10995084365515
2616171237952
6613428342830
19516835900144
16521448000869
6924007393861
3715499049158
33942623552022
1458968719092
17670803031313
16617955269584
17591130513661
13195751191296
6534184201773
20822349648160
265200630586653
13859307781951
3167052901646
19921453829382
277267240530965
16613393777570
5445520506862
2494305275829
5511730345519
275231993169535
14387403567645
4551922826269
17660167337227
264074807856741
4191604900176
18068187913515
17747610169580
279137978745520
14728467403002
279551032737282
265184220421899
10655026697570
6473417617234
278033685340418
2126282546284
19052406710033
14014813762384
7631890546369
22200654756805
14428367351355
14278015557921
69495227964
280172592952434
4402396790819
13259321063948
34840820076799
5732728656036
5541234516956
3720779595794
16218094418926
15475266272778
1113717743885
253336038483
16536608763590
25242709838606
22681220750572
4407255550788
17339574411692
12184634905153
4534682639328
22126064174543
4463243814592
16926232595787
14224410477231
1985110520384
5286368903228
35035474440652
13130525826278
12301107905242
2620518498906
264903397138603
11288211234139
5557759720450
1112108354993
1218781241642
5206239225412
279284354785215
14645872228877
7014422892854
17665255415122
263947014628098
14482122395710
277012459541445
15130990886918
281127318286172
3303483244474
13211102196038
3761873046832
1104577294613
277836842673375
3218041044749
263895776038101
14094990040245
12022450376563
14525380294239
34492716622276
2389416227300
16170199808832
18631837873169
24668999536636
15392916505524
13030444678641
281152654737221
34982828703055
1794154628346
1383581629490
56976354626
17249208382479
11222283891712
279418258445796
19674626463170
141431125262
11965774902739
3370227407840
15885662490445
13513376378933
12153080638004
962965810955
948618379009
12176451515867
20873262341678
18824355317252
13391892529696
280651714844336
2465020059392
277969776595263
14138491286048
3153037958177
17467696231902
1459185513762
281413240864271
280765803511823
25517586845674
11064586907390
25244866417057
16840048761874
16249187787309
35045637490114
3480256364290
5364377313620
13529634320848
11051660931520
4353738932724
12444328984833
3366729700110
17179817559487
15401969634593
1876431936794
7026110504272
34140404206773
11686086053186
15411186765293
278241132421165
2965139009522
6936560930767
16570257813345
12121789512917
5290812623408
25152923410959
13438434464
23497165332422
280370946641665
16247800266318
265810398793967
17580705248877
3156582149103
12214882935777
18692050051917
17596716997437
279298282884858
279507142381793
3366271676196
15746481324299
19861255496684
3069540581356
6868429947137
17321961369397
2461583528111
5344078075106
23360410071395
6546670746896
5777237611045
90784972501
9969120365998
2120407000290
11317493625613
264007110618859
2405511863696
5192784276256
13469538448074
16471487014470
6888149270351
13048012025180
2133251368019
3577926721280
1588535876326
274877608406507
4819435465932
3634081342477
1237506409731
687481691859
6674901626544
15002339385887
16432769197786
12456965399457
477798711572
4325521998319
3014802203429
3394890697502
266056940793373
4395313054769
279464164867869
21008077312288
4690333983775
12094090038799
9435095519
266424534760435
3514714289201
278377768744496
13401371644608
15267579977956
2152312662996
34295128396255
3274714341988
16500675054864
17807236239361
5850298969438
1163351732001
279336145568198
16518363149804
12553061130244
10728394173104
4827242553094
280517686923580
4527416762107
3304101527542
1099834347500
276826727358496
1401195453249
7967480226515
13258126422299
5346261933386
1313184260864
13953848328864
279263423951034
21015496303682
2396337093728
265175916327675
4538772699904
16488377478062
3475069142540
34136581548907
7970301719409
13339801640448
12163182444625
263951963249649
1111134957568
3519510406652
3353244463348
17906086004079
4054713651138
265953950896319
5501819282513
277307483767345
278193639472928
13392508920482
265819601608959
17253734485155
1833649008799
34552941781797
7564881035747
57260585653
13960744527
14031424054768
6543098961675
34034926429749
264966197141279
21849187160529
11427850945537
911453859603
278248378604766
17244828495617
11909916906193
13252996195084
278116097741163
4475540545344
264977490301285
900848680931
11200665685300
15556979805714
1133821345055
19722254941953
5424342287810
16122854306558
18765031293356
264014929879051
215086926847
6676053438214
13202530112510
3628757782637
4426837003087
3147429057504
2431003587295
1645237775122
1145732989258
6533471256515
7397087340254
264300247295136
279670924659387
82041287442
18811448545269
14580877049061
12927079203406
15663932379066
3569903207215
264982821465155
13546837376277
5908985416689
3574536550991
1991538430978
15391771439119
264282188167695
4658468037823
5639592027694
14251202649920
278335842538157
5184798400479
20752024477936
15178951304195
16346398199092
18022757618511
279073366532605
4475038610671
12810578607198
1923076731916
15341669385664
1442593957105
18858854718945
4830768988144
22088665271066
264019410038784
2215854911999
18960927120965
276862736932781
2352869393092
1576853439157
6722665196240
15820009677220
10995319099104
892334173202
14456404253990
265249094495837
17798398943454
25404901101316
12464818429163
11335191433222
3208088063698
1025959269547
1572056736509
13546305600051
12141887304466
7030571835806
11117250084624
2290074205952
18340032872530
265720781270476
1367445548784
23420895681852
12227469110863
11894108704866
15181667389774
18705034780992
5245142974126
11124016873756
18671596466098
12125198147338
1439035973389
5286564712706
18279917672017
17196759707644
279352991158031
15067585297189
6885671705088
3715200573884
13468786778609
6738234441517
17455054196770
10859290046240
4393488289741
2400467238724
897382937023
7650711790661
21300462477790
15256331350289
34554290819893
263892483875058
1301111127985
266075928134434
7351554801860
279113506107492
20803847636278
34206524428208
14444763508960
15521438441426
264645903315634
17669496896258
764552414255
18353268765121
1156941145327
15552561229115
17322471325456
17374050578894
16680847503280
7817576628187
418334248979
21016304903189
3439283941909
266072922073923
18016363412470
14337338970911
265997762109982
24099108552978
11730092958177
15737116647403
16287588401006
1443170964557
5625607884331
2358235500766
3659056365361
7003481375566
5659428904127
86751570480
3439802344924
12185964952797
7296650756165
12640452546831
11732510236915
6391476142913
280654935869717
14316320002756
3658171368467
14213174074784
13214759972594
15819435941372
6489237490669
16557695657230
1032418574369
16467018128204
17653377126685
2349664723709
278452616769265
265941407869693
5300576600319
34978500193085
279366128574251
15746591816540
7698107740671
15392708948397
4401513951952
280509165061341
15246816904864
700444384165
34303679791126
19919794326801
14390019432734
15516911928413
3371578884592
3165427457612
2345283854829
3280790281734
643686876
22330548632851
265125594112091
14581583036406
2362553799413
16773124072674
279169430054640
123920829503
13320079859778
6794431877808
21990750436850
14358364355396
17404619285548
1383174577919
15667571184700
5428887944796
1862427481089
1157208083421
5361723691281
3230234910203
23322492144449
13198454427181
35129331684355
5596021543999
3634400193505
11132891877520
281188574834961
2344731147281
23553265169900
281398994165742
6202482213153
16568830071474
34440770135030
16225593782598
4878552204301
35162910041788
2229009789646
265320531817286
265729637481499
17805841684235
18773583335712
2257539121133
12903072734831
18713256730689
16972471290383
278158895280882
23986955469819
14275889654785
806681115649
17584189936369
7829221409278
965043553759
17797575204635
760278351286
15067806683040
4200259063846
281341759403286
1009620623600
20706025472800
280474199204065
20539004252003
4647391396018
14628585348895
16144528297043
16071997390754
15273743491088
12232278752481
14453458677520
264854729863220
19768325837298
15333052579580
15887018976694
4121556627282
20550883601679
11420233499487
264351122575904
10934973378289
5380318234190
10987400728337
280577078743339
266628046782964
19662328418870
265205612273169
16707485541361
264918482950607
7634863142181
17682146590495
280303268592588
