-7693380622
5020912482
-1608679827
867078901
479706666
13348167845
3768977872
8093562483
11963661716
1097065284
-4344892833
-10348267990
-3956346439
4297577027
-2050323013
13533189699
5941535028
4672187548
-1020948937
-2756934848
-3327917934
-3247307920
-9762213069
-1340893031
-1713170250
-4231400363
7901988265
981205621
3773218523
14652264710
9325416010
-6128461660
7104828360
1504395786
-13177873256
3633109754
6186780561
4362220348
-7342084650
-12430856492
369808079
-7325926646
6012123058
699318329
6624297196
-11235438212
-12778434350
-8314920583
-9765506517
2930519786
5423683666
-1660405992
-4371886440
9438857225
14375418040
-5478515989
-4268794127
7771377647
13849539599
-7244897880
-6386669487
689563700
3797722765
473946551
-5743963937
3101597840
-3215498118
6544721271
234755941
5963182395
-9832272729
9483302653
-1737714548
2392977657
958771209
4436957957
-4306877109
-10564821762
9848050037
-1198457397
2592223077
2684839081
-10453780919
1404222840
922417450
1357686635
-10604219163
-2004378423
5389909298
-4530849276
16174064391
100830795
2207064620
4500377333
-8672034942
7389881405
4285474353
-6531228914
-13896333318
671519039
-14901138113
10630759989
1404198764
-4370061270
-5618006684
-2003729053
3774745243
-1348651497
-4792036970
6506598906
8556263488
11965335181
-1939539791
-11624192641
-1397500377
-7756832998
8148350142
12431849426
7908258256
-2704713467
9257576298
-4149102196
5867655270
7209096282
7859072500
-9018831457
-3733370866
-2845703635
-293180899
-3077077924
-8545583107
-2032360392
-9878097431
-5911744615
-4089183728
4103190929
2975764455
2299254404
-11810776691
-1122118710
8070842625
-2984259597
-10703982533
-2996328567
2026615254
-12001539767
-1504297802
-12394146851
-11670746568
-3208734660
-794185336
-8204724563
150837691
4593452943
7771419748
-362293165
-4224990546
5243119615
2957535397
8886284231
1271725613
-3609349891
-6250142160
-539467292
-6350290814
12515596642
-2582697852
-7483048583
1460113467
-2091971509
11205470984
8778704332
10676975528
9893483090
2375859332
-4812869121
338894876
-10036166500
10407600274
-3657787523
-6223996215
10440756055
-5461075795
2885595538
-8063929599
251783779
-3224738572
7744997435
626951949
-3444202315
4219801049
7346928869
11659465586
-8853256974
2417837644
2244412016
-7977651360
-2487983573
-7820180859
4485103592
329057441
6522590010
1122188874
1688349234
10032322499
8003398874
-1358518044
-1963387444
1244768451
-3584016758
5523354655
-6316597907
8207579442
-8935327544
-550197144
6537165083
9670393604
-2390023620
-11387127162
-9763100606
-6064591839
7726962183
-8303281252
-4932967666
7037222215
-5939747089
10572825334
4654911673
5309897496
9821645187
12485325092
2347479005
-6885383433
-9434176052
-7342763689
5282379246
1467550648
4064067221
1937605174
5828181699
304677965
6690616796
7611009857
-4590745082
5669534840
-4154702691
-517448481
1378829789
10862725703
-11919882295
-6668705767
-3622851457
2350016992
-7118729412
12258209925
-10597408674
4960896946
-2933070328
10720324178
10132223417
-3996236330
8827892147
11374356358
-3155809610
-13455057616
8766245207
8827382396
-56594966
-802621015
8662409388
9076196806
2256407814
-631647112
-4869820204
-937219589
7037484988
12496627417
-313830627
-10387291465
2850489493
-4760979515
-14236055448
-2549443787
1342230703
-7259176183
6713988241
-7343149906
-3823449606
-5607781201
1034202607
-4423830902
5158207254
-1811933809
-3804020027
855929864
3749541855
6219583157
-3944239517
-6153154390
-1712862122
-7805307005
11067605502
4878491248
-13598449609
-5161320366
-1591882711
5947108492
-3072094613
-997089214
-5960431716
6489610690
-8959356027
4169806748
11588188642
-5904636468
-8451686003
-4962909633
-2743473837
3090484279
-4185374053
-10700713555
-12167233286
-10741128398
-8785408078
459317569
7614569042
-191511880
-1212285346
-3887530556
-7729884928
3344179973
8397033968
-8001349591
7787795076
-7102581522
3155251078
2146451899
-2315670813
-2794567829
-7821499994
-1386525508
-11870759294
-1573465438
-1050881337
9626084447
6809732784
-3773266923
1179237892
12412885165
-1926091466
4104026832
-10696606241
-9711485264
-3927403401
-5572855606
-11635226386
6021651262
-1956358099
8650614014
-12500714597
11487596269
5975624423
3924437975
5062297647
-8322180975
-3877401462
-1891202862
-1416344229
-3344073687
-5596520159
12931994485
-99469791
4774564444
-1166913007
5157313441
176267733
-340917016
-263201338
5121901605
-2242708203
4205228607
10518015510
-8463160255
3577388985
6205134116
-1727916548
8840710872
3824817880
-1454027886
-4642801784
-11722344732
5996387862
1439793487
-3513599663
570364148
4406526590
-2478958104
4507529686
740788099
-4928153172
-11019328899
7083603782
-7625225364
-2692763431
-7451548565
661933157
-894907191
1523300704
-6802178272
-2137045157
-6759507675
-3170762628
-4342201850
11442779522
2150846828
2930555853
-1938887534
3704938401
974423831
-12322224484
6322854889
8661667152
7671846886
-4777727839
-1499005006
9524123538
3356037075
-10763791357
-6619922131
1735951800
8217061663
-3227882635
838195813
1477707421
1148789467
-6470278159
-8361459680
-4747918973
10093560491
-415967245
-14183271048
-1609995080
2271048025
6794208812
-6137934992
2853988224
5991939669
9292174023
-2330484957
-7666260395
1534816135
3092708879
488354718
-8137965888
-868674632
1154819601
-8299422825
-1736058328
-1331898547
5600055836
-7669805221
2971390624
6484115982
9128419960
-982802571
6914049701
4046718950
6002593934
1785064316
8765276489
-986799960
-1232811019
-4282388800
5260258189
10606219856
-7084762811
-5341688361
1909228350
10849404742
-12675246323
-1005651822
4207572398
2743132061
5426190223
-14312738377
-3008313723
4608058629
8567916347
-8397764683
2663149672
9356099915
8929373676
-12234747816
-2326488590
-10201598590
-7263608389
-8193262734
5158079466
-13328729022
790788396
10381619657
-4979990808
6306164065
13285010597
-3094230125
-4486880175
137974164
-11147739334
4312645651
-4308306820
6845483511
5864036820
5271090340
4068044810
-2682125138
-1961794182
1131807805
298849067
-1169851546
14991881918
12075938028
4333721316
-1522742260
-5168510303
4406200496
12989866271
4281855328
-202852517
-4584443825
509728416
3719381012
7075014172
-5479683850
-4963133342
2991370402
-8921343029
-5833055901
5336315138
1102485273
1117015114
3559892388
-10721812073
-2516050819
7267744350
8741871978
-8624558910
-3040732650
-14095652187
-3725137914
-10486572060
3243740562
-4245961114
3938727768
1093856845
-13560544025
1837735357
-8538337555
-4691957539
-6721165317
-2735665241
8153232420
2360469044
-2756956960
8491413257
15810938804
-3373883236
-5892188871
-10268688923
7133244767
273395954
1649100058
-40901790
-1739618561
-5975746816
-10447516876
9454777122
263431998
-6696585429
3345338544
-1188147235
-3847526883
-5434783076
-260750405
-476584511
-5184907485
10515067278
9760944516
-4061693808
-9116173480
2494910912
-13442639273
-4788189552
1712967953
-1291139290
1784229714
-9793567361
-9097238529
16602476458
-6305201290
14975607313
-406558454
-2558755699
7086694690
3397354946
4023503980
-3790354904
-6489989600
3158081596
-4669706175
3200068286
-2033268457
-2115057839
466612546
7294853480
7444145885
-7251681438
-2073395411
-11828313075
1522521018
6961364895
-903695375
-5257046803
3734242968
14774203519
54486224
14588942758
-10906968127
-2586690146
-8061761041
-1247182931
1709691567
-5320858447
9667083485
8606218453
-10646749326
-10256453135
3197557716
-1433481157
10879812780
1496778156
6832171073
-1590291491
2504124879
3834315506
14345537139
5310721352
5924037269
223196525
-7363954930
745026802
-5989667139
-8524420245
2552815880
3504859856
-3756274086
-2363159130
7022409183
-5825334428
926512427
3774075328
2022721654
-16261729493
5134701276
3728798973
1346705731
-802938517
6612134744
-3942366073
-2248778398
-4621108079
794576972
2937432111
1424088277
3468562118
-7743233147
3079969049
-10558478907
11872455248
4897996039
-6600034433
40567847
-5932188485
3669339929
-11580457064
-3886321056
-3464172556
1025161900
7917773351
1928395956
-1064370360
9028452865
6077500262
1033147345
-10770376666
-993222868
-4675769340
-8038882728
5145930182
-9377099180
4397504883
3244934590
1076709292
-14422809584
1716652257
7904609387
-4331491773
3818369370
1482360000
-4969674672
-11992244782
11894363426
2363401520
-7294835085
4555732160
-2317677938
3372888444
7447417579
7890269945
-4015441536
-5385963479
-8454928199
1097715200
3689717044
3142553084
9012730223
2549761954
-7746465321
5365771561
-12411434855
-11743791664
-4056337326
-8021163017
-1721372973
162758087
8250893525
6202834995
-38832547
58785695
-4799877832
5297199547
6385415581
-8782882361
11394064937
-5578460927
-327736373
-11687804698
-1894052927
-6780466583
-4354663236
-13003527573
4461433312
-8761582987
-397005389
-6198546596
-1773004918
1188312391
9376591297
3991623970
-3073114506
9817581580
-8496591877
439410359
6623441862
-4279213386
3687219757
4386176735
1671905968
2651594343
1996128970
965484634
5257897379
5680020838
-7760898864
-10150713773
185046730
9709934525
-2657389323
-5894842210
-1762852974
3610673359
-7514649821
-3588567731
6013001401
3766957215
509573890
-3385555457
-7988861825
4618638551
5656221070
-4327312928
-11457508787
3745026471
10308797432
-3787455229
-2602164388
9470769887
-12219122635
4441040623
-6083627738
377612028
-3287936736
1590017273
10027458865
5159140792
13114261186
-8481053184
2192397879
10020108709
-14524554867
2460190820
1867096157
6532145768
-1278749676
-6443444368
-561112310
-2872118954
-7145534555
8993469414
16154898372
-4590358293
-5918690810
1776267114
-308575541
1846748277
-3609910117
-5452654902
7309964294
-6363198008
2372662720
7752994858
-8407590116
1455960952
14445746516
-5273048161
-6817813966
-3799823778
9714517088
3846645070
-6340956092
8382475162
-5249631814
1593125309
3717851714
7786425257
-1833567308
-10591019073
-3818355499
7036485760
4044213268
-3910529991
6704106957
-1339432430
-7771978800
3051483037
2379707876
-404652521
6402858277
12479851558
-3484299703
8278579933
-8547855366
1306674585
-7696228142
5606113252
-12310862284
10377992542
7594391448
-2898821648
-2070761046
-9257623974
8757759170
-637075185
7942993441
1033665775
-1794165933
-1586926136
-1653064162
-897885288
7586117027
836018699
11900763405
3482699405
-7705455901
9420897470
-3319041337
-7839648634
13606707274
-7327423439
-1472890453
-2544196114
1745459997
5446451083
2502009318
3940423129
7067422942
5710637271
207989400
3486625060
-5141154587
5667182629
-4442754497
-7342121989
4970293473
-9107798451
-3127070108
3931117835
-4604456688
-4236993670
-1285930700
5197635245
-1085760194
-121661423
-2380906276
8562559557
2468801653
-11266559111
-7927414155
3930540023
7115948757
-10538831413
-1436017436
7525049911
-3375391219
4285841000
-9541703451
-3679178416
-751742827
7950655502
10819348297
-2974059450
-2086641371
3372363832
1896401308
2448548909
1922750854
5917732
13410415947
-7221664733
-2635553346
2519523965
-512744206
-11955483272
59377431
-4200268766
6659086936
12886369594
-3235529500
-1397658356
1642664311
-1764742380
4161203620
407290625
1035411109
4036565577
2013532467
14468136673
-4277829747
7436428035
5598284567
3731688113
-6170838584
-10374322615
2427342089
14674820908
-9957480018
4634536017
-934464934
8213648574
-2674000282
5079462141
7297971540
2244929118
-7021281562
-8355230461
8998251451
9850208848
2082117037
-6101888593
9748894753
-294095233
-13108691334
13553092787
-4519970047
-761037567
-1236315527
7612915766
-278609625
8835910083
-653239010
-3819034736
2833756694
-9935710386
-349649928
10399625424
-9431665679
9899596787
4596453338
-2738282041
-2988546261
-3121508974
-3415743480
-5101513487
-2861149240
-8817412580
9415139898
-3321537164
-1177518818
2518332394
10062154559
-5607268121
-7836661104
-7635876999
4083929502
-7676600375
-9430611381
-5516017604
9409399454
-7065704055
-636926791
-8702091233
6312814421
8789720519
-11016471396
