29673
27650
19144
32094
507
12485
21225
3478
27231
2436
21288
3632
24546
6292
11622
22126
30288
31516
27463
13719
17478
12941
4510
10131
30103
23145
30107
27946
17206
24485
27432
24486
7210
13550
1962
15732
17503
25864
20113
22276
24003
30652
6167
14652
14535
30224
29396
5259
11492
21690
25135
22458
32201
1419
16664
1402
3250
2409
2949
28905
4918
4461
21178
25166
15643
14453
30476
11039
17505
10246
8886
22706
26264
3234
25625
21801
20950
27677
17438
17581
4499
27609
7677
23580
26523
11065
18757
28588
13066
20476
21580
28374
16306
15654
14122
2934
18339
4104
31371
29017
25145
21029
421
31982
5452
25474
3344
15014
9014
29709
24181
31333
7621
19936
13733
23080
24756
16039
8900
30327
29586
20834
7206
10680
18172
18686
13747
30778
29142
25935
15768
7332
609
31127
2507
9602
5408
16984
13194
23505
3446
8333
22357
927
2107
30857
22772
8883
11695
24583
17025
22837
22687
3870
15958
9603
379
12211
27532
24718
7803
4535
3667
31121
357
18415
7199
5969
20386
3206
2211
16801
14113
3626
32503
18362
22016
32452
23626
15247
7425
7456
17221
6838
10790
18084
13457
9381
32063
887
12718
5649
12243
7872
11800
15126
15601
27330
17470
12560
13228
10334
10674
4327
9164
19823
25218
1463
17073
30449
7024
30579
3743
16553
30324
12372
15959
30962
7365
19178
30516
12698
2505
18788
15659
711
27149
30005
3891
26322
27896
22743
32550
22919
22662
7394
25337
15261
18395
24355
7002
19134
15381
31354
25087
2366
15364
10248
7727
29487
7758
29417
21694
16019
6490
26107
28081
13947
17472
10815
30798
7024
1523
582
16772
27220
19591
19516
13289
13586
13487
8457
7951
24155
8475
2897
23911
7873
13339
27477
13040
6813
888
6912
17021
19282
27885
23524
6866
27499
27861
26844
3244
13151
3688
27535
10325
13995
29364
22702
5017
24410
2122
27822
21714
26225
18881
22410
24648
12200
17016
17332
20169
8539
29808
4018
31798
13843
31088
15708
31794
341
24358
2607
12418
7950
10425
29855
19687
12854
17147
22595
3495
9285
27235
27032
7003
10211
3502
1740
9370
17792
30388
27254
31647
8058
21580
20139
32251
26227
2847
12158
21253
7571
15263
10141
3101
27508
11141
10909
22367
23241
23640
22918
9488
9620
6780
17400
24618
30741
17566
7845
31820
29803
13567
26537
2182
32325
15926
13829
515
10802
11106
1729
5072
31164
25034
7126
19082
10745
24239
31821
15109
4725
2625
26060
16958
10302
4568
5955
23077
17764
14471
10659
23435
23231
1406
18371
21041
1486
11405
19496
14037
4507
11746
6590
6187
9373
15007
3790
25240
12659
30519
15233
25032
28485
9526
17700
3348
10959
2602
3523
11180
4329
4899
30570
1260
9339
3431
18907
23664
791
26943
31822
26019
7313
29550
18351
27464
23424
13532
25547
3978
13462
12014
32345
1253
20561
4830
2194
22802
2016
19723
23217
3788
26949
7811
17848
6977
731
1101
18205
30728
24732
12877
5926
27315
19079
13050
2196
12330
27934
4493
15424
18474
20552
15278
17856
7790
8068
12628
10571
23106
4155
29623
78
8664
12144
26889
18823
28232
24456
17378
3165
27826
1130
23145
10946
9602
9887
19392
4853
26327
22105
16121
739
28716
27094
6321
5959
27405
17507
23794
28177
25051
29098
12125
8820
20549
31404
1428
7422
24127
31790
19182
13391
25966
3712
12573
8259
10580
25999
16742
9767
13555
10024
4417
15280
1655
6786
9058
10102
30690
17339
25379
24392
11347
6345
30633
13570
5607
24806
17695
6704
19563
17258
2524
30032
10575
31317
534
30624
25902
17302
25050
29737
17857
16219
3105
24305
30047
8404
21628
25889
5839
12832
8632
1408
25858
7022
4677
24763
11379
23626
31072
17720
26130
24973
13734
17582
11414
9395
30725
30949
28221
19299
11811
7451
28358
10239
20540
31928
6689
1040
13684
29360
31992
16915
4582
28228
25049
1026
6882
4293
8041
21165
11385
18334
31618
31673
10883
20277
32557
26745
27465
8813
12733
29778
14714
2496
9278
23678
3269
30413
31967
29
18065
15857
15122
28289
8694
14036
28633
17577
12834
16362
16756
21024
10440
18537
1401
4701
16725
4491
27022
111
966
13482
5667
20618
11842
10029
2647
9284
28208
17656
21924
1874
28211
19578
18742
4820
15202
21503
24012
23360
17994
11339
5849
14990
7068
22327
14910
5271
32601
30473
23668
29867
19174
11057
3471
3815
12368
11861
19109
5694
8621
27962
10704
26183
8680
5885
343
20600
28355
17707
29858
19638
28150
30474
28032
12157
32762
20611
17568
15395
20995
14994
27498
4975
12123
12510
26624
20510
7712
31263
1444
3037
25860
142
24065
25406
27247
12854
23834
4855
14444
28188
1762
7143
18285
15220
14703
6676
3321
20425
31807
303
13703
32108
7787
25080
31059
2743
20462
13234
836
7768
28994
17657
25272
15411
23892
18606
11546
27634
2418
19063
24239
32122
12829
22769
8608
14054
31502
18903
29799
15661
11106
8651
1014
8331
13181
26330
5188
3227
6505
26714
32
27945
1762
7586
11264
11848
11554
4444
15677
15199
9647
10568
10913
14293
3701
20329
23093
12210
23843
26307
25635
11865
303
26116
27690
2096
31749
4375
4399
8044
14075
13569
16730
17932
14174
25744
29666
32497
22074
17807
30198
24681
6432
7018
8681
23842
28486
1201
16557
20795
28956
12434
3778
1306
18610
21121
1851
27656
7586
20411
25980
8530
26594
2723
27015
3690
1844
15905
15390
484
26886
14806
21948
31086
4277
2736
24005
3969
5235
14738
21375
932
19957
19529
15177
29138
592
24933
30248
21453
24680
2636
10985
2833
3495
5632
29754
13388
32128
15536
25618
7004
13003
32291
15281
7074
5281
6327
1432
9868
18157
11716
5600
7905
14637
27755
24084
3685
6848
26557
16750
15821
9597
5512
23117
28859
21785
11604
20309
14947
4252
30220
31912
25916
26145
27559
21056
21581
32568
31188
14428
32709
13722
9387
26118
28068
5793
16791
2046
24883
23681
32086
27970
16742
9581
3155
12228
3059
28399
32038
7086
10088
5528
17880
22888
14753
179
23579
23824
10818
22134
4453
26860
8648
15207
4540
13150
6356
26034
1613
1324
20908
16364
11698
10263
4907
27384
8551
10920
438
4977
1946
13483
27256
3119
8269
10357
5925
21848
15131
18492
25291
32200
13375
20294
21175
3091
28013
24497
14044
12761
13454
19821
5465
29170
28943
10444
26424
19351
2162
1472
767
30569
21590
13104
6966
17426
17432
32631
13694
13843
2229
27939
7354
24838
812
19983
30452
7633
19063
9430
20744
28755
16458
17882
24692
25317
5570
16725
19190
15728
5120
6429
29872
1466
27073
19828
3161
16232
19066
9505
28394
19817
20825
23802
16668
9708
1327
20730
28493
14866
6095
5186
12090
25203
19601
22585
11324
31869
17046
18956
11946
16050
7032
3986
13710
17273
31549
17534
13328
21345
5186
8280
22837
19145
27478
18718
2005
24773
5125
18307
9396
6130
27205
19418
12166
24226
1565
19477
22401
26528
31090
1180
27270
4773
8000
15734
17321
26584
23190
30278
2260
233
18820
31665
29833
17215
23419
27554
23985
9183
12968
26451
9912
19521
16263
17984
28365
20316
17117
11843
23417
15121
714
23781
23824
16989
3925
31946
1675
3087
12340
23300
15518
12425
1377
11244
31886
12019
25363
17306
5401
14830
21608
29078
24481
14306
26866
3272
31881
7476
21806
10434
31239
22729
32162
1388
22802
10497
20354
7380
19376
16986
1171
2789
5347
27821
24861
2588
10397
17769
13600
24111
2652
12859
32281
7762
14356
8653
15797
31725
12459
2114
30902
21061
15577
10634
28354
15351
20856
2283
17341
21518
5312
6128
9285
28973
13792
28737
23309
25458
14467
23197
9264
18638
3306
31022
9455
11672
3186
8309
22624
28330
26569
4311
15262
32618
3282
9045
13620
24010
20172
5299
31296
19875
22529
27164
9620
26222
550
8946
21021
16301
1873
7240
18484
5803
25254
6711
5277
2152
27924
19493
5314
2222
14363
9926
5224
29191
21111
14403
7459
2633
5511
5699
2338
6985
32410
19258
6622
25297
5713
24002
23475
22070
28240
25902
3888
29947
30699
24944
17639
31126
25055
9858
30499
15581
2750
26207
16934
14348
6081
13448
13526
26861
24396
28553
10589
19659
19346
15546
28952
27793
9495
1375
8986
12892
19382
16879
394
24856
8811
11572
15245
26858
447
28713
860
14300
11529
11429
7253
18643
5483
28792
11752
2431
5586
30079
14495
15715
13637
19089
27819
23887
3974
28357
19059
22399
3483
10346
15406
13088
18321
16850
29709
13549
30463
10698
32619
21029
32532
7392
9863
28149
25997
12287
26648
12955
9742
709
26638
17315
3114
25228
463
10850
7804
4147
24862
29482
28862
6510
22350
691
5133
6209
29140
26910
301
8297
23130
23725
20535
4786
22182
3400
24732
3003
30512
6602
2401
8302
9194
29942
10382
17226
17856
21945
28223
13852
27302
4013
8117
6931
12074
9777
14971
20504
31892
23018
26101
31316
19808
644
8713
6539
26339
7683
10834
19600
15382
31042
8738
24500
6394
16913
13945
25399
16905
22447
21435
28192
27709
10201
2849
24866
12766
23626
28958
26358
16689
11435
26296
25850
8203
5217
3598
32405
1180
2782
8964
21683
6297
28897
12444
10313
10559
4257
7979
27343
10999
28759
24350
31415
11123
21657
15879
8346
25324
21631
23492
6116
29005
11381
3526
9942
6880
5271
25053
2561
23765
14624
8937
11451
20911
3197
25059
30998
15467
11993
28157
3233
6869
19633
19119
12924
15183
19890
6053
26411
30293
7631
27958
14486
18271
27864
30140
1389
17450
6719
13256
7318
14714
20504
9417
10157
12845
12707
29215
17146
23925
26886
2579
22305
9205
5635
13670
2337
15877
13591
20075
26928
27012
11051
3188
18483
29601
29976
27081
9642
14943
31432
11197
17728
13592
3838
9663
29651
15510
4679
14485
31045
1547
17735
32423
22936
951
19122
10535
24561
5169
29670
27958
7014
26646
32036
8946
3663
23842
2300
31190
27790
23015
7350
20018
13862
26655
1094
1772
7967
17803
29102
7940
21994
16695
11207
18586
4971
8720
19028
27863
2829
2660
4272
32401
10624
10092
3777
25450
3459
20835
16553
28554
14583
23581
16964
19174
19754
22628
26333
32051
22356
21613
22560
30382
18132
6985
12921
8135
32710
13139
30321
27203
25535
22535
32612
29146
12978
20441
30285
12525
7653
11515
6082
3761
32478
30002
13674
4979
23389
28644
14110
25215
19680
23508
31689
17470
10895
30655
29501
2714
21223
21913
8019
28874
31847
31347
22211
495
13855
10086
22285
29764
25174
18464
5030
29663
27829
10235
21970
4100
5432
17730
11157
7802
11594
29887
28681
24535
24236
5318
11221
18439
13641
29688
5959
13253
16719
23529
2717
12768
17503
12416
26281
30462
27737
8672
32560
28231
1117
18568
17743
11437
27078
11508
6312
3572
340
12460
28074
28404
32233
293
25883
24407
15532
1174
22156
3479
10931
3852
16649
518
21363
18657
1244
22915
28746
14415
21277
14939
4651
11562
7255
11383
14392
12963
32416
20654
18863
12918
8268
29452
799
13681
14789
31415
18136
19740
15663
2963
24814
12973
10989
27191
21917
23054
7536
23891
15535
18113
20795
17696
2983
7534
19628
5810
8239
19491
22282
26764
3577
7129
13083
31975
17453
3317
27832
19456
20449
14733
3073
18365
4987
87
17717
15023
12361
2848
1054
9489
29761
26598
5429
31123
11377
30108
7079
19641
7650
19866
13101
7107
15093
21625
31950
12289
14358
3601
12044
28604
29917
15328
15935
22248
9454
18358
18735
10235
7443
19690
715
10384
20363
23790
20774
13663
9345
25566
12296
26526
22822
19667
1836
19193
8164
26258
6478
1538
10238
29496
11817
9692
4632
22240
17097
27688
30124
9013
4825
10956
17274
27323
23497
23866
8042
11393
4427
32064
753
10258
15212
5201
14658
18778
9336
27823
2492
27518
13958
12296
12580
22927
30041
2963
5312
15463
801
23454
29463
18944
14912
26240
28595
30387
6313
26674
17687
313
4316
26988
6171
2750
10885
17077
14268
8129
32749
17039
2150
15679
14299
11317
24817
11864
19474
16192
11436
22667
13162
20247
26799
18007
17071
18054
4013
1186
32011
10856
6934
15559
29586
17186
27641
310
6277
26367
13170
25869
15412
13844
24837
18026
5371
22932
17840
15588
29158
6296
643
17727
32670
31848
7717
23777
11081
7928
25402
2852
7475
25118
21633
31636
20911
54
23006
29809
17947
2029
11522
14536
12102
5635
6971
27947
19490
22627
7881
29826
4677
31511
5614
22306
23129
21914
22704
11708
7219
12694
23497
11621
31056
25324
9377
22947
15159
524
10146
8692
27507
25474
32244
31640
12410
8874
2437
24923
14547
21991
3328
6043
9231
30804
30409
7237
19286
17505
9840
11554
13119
26347
32748
22084
27969
30240
4321
25748
19839
18380
12260
30965
31943
21990
26042
4575
26057
12312
16990
27635
31234
5431
30581
2440
6415
16057
3158
22134
27829
