24171
30462
575
8624
27525
12936
8547
2192
30910
4658
475
5113
5745
7966
21086
9859
1387
22037
8806
8172
24170
5115
15804
31253
29156
25863
7908
11897
32438
29554
21202
21750
25648
5157
875
5448
2041
19797
21479
12403
26067
12389
25373
19465
29414
247
9620
7022
2518
31314
18733
17637
10271
13328
895
30374
569
15307
30885
22301
10567
5307
23996
6345
11881
2589
3678
26989
4967
4273
24405
26205
7175
17165
26843
3160
20284
3383
18323
29146
2198
4977
7268
22306
7607
29464
2242
17790
9524
30791
9053
20398
28220
14423
26867
18876
15960
26119
14511
30944
7991
13102
12368
18099
12602
30528
27747
30519
23885
138
29169
19319
8101
24242
11742
15452
10446
2662
15482
5019
26978
18613
11150
26577
13316
11468
15331
25314
21801
11056
14918
10794
9361
26722
22690
20746
17287
29469
23218
3548
1610
11480
9207
14630
4641
28161
16204
1384
14938
11963
5540
4716
12444
31302
11073
28633
22929
9991
32762
23405
5553
30591
30961
19692
28326
652
28974
24092
13296
4425
1629
17483
9505
20427
16756
14761
20074
31021
20379
31472
27593
29915
23555
8809
4302
24188
1761
29395
24114
7399
3845
2249
10040
13012
17293
14856
13138
26246
8387
26286
1959
13246
16970
796
8832
4745
14621
27037
19825
29280
1499
13081
288
19574
14783
13713
23827
25518
11080
29608
21013
8167
10025
1995
24349
4235
3943
16832
14621
28409
21755
13548
5951
21981
17927
11243
521
15651
23396
30620
26784
8891
32150
9270
19603
8905
5631
22160
23180
20994
29272
24326
24405
15588
30090
9000
26218
18087
17256
23996
27723
12618
14539
29280
28318
25928
22935
17718
25144
15207
9779
14925
16359
32531
23273
347
25392
12957
12396
13113
10034
26370
18356
14383
21966
13540
30524
16779
27782
19547
21790
26065
26466
21699
5343
15571
27400
12076
2070
19543
30485
26086
20733
9565
3780
2730
29856
20586
22938
30202
20420
2453
15299
31948
12414
6536
23770
14389
1732
9237
25158
6567
28529
2678
20987
1181
23755
3390
32046
11321
31473
30868
11789
24926
21891
22762
3256
3943
4278
30235
31184
27834
26591
26990
21280
31341
25969
5618
12129
19921
3200
14044
28266
24692
18221
3717
13921
18979
2749
19087
18859
8585
27066
23890
9003
15001
28341
28543
26375
23434
21317
10913
11770
21419
32501
30217
28346
15010
3831
8614
24305
18310
9299
5557
11964
27936
22023
23382
935
26000
16521
8693
30476
18046
4993
22770
6106
3020
20770
12399
3451
11612
30308
31592
15068
22178
23696
29605
28367
30237
22539
6637
3173
31815
8499
9514
13894
7565
8534
19928
5908
14941
24967
16253
21434
26986
29249
24860
21697
14422
28445
21147
10213
4424
24649
32204
448
6986
10236
12792
28165
21886
21616
9149
8943
11350
3391
16167
7916
18161
22596
5717
1271
6425
904
493
29661
19278
9635
3144
17495
28758
26485
25672
22805
28806
5544
12230
32594
19288
21368
4091
25633
25824
22774
26679
16962
20438
14457
29731
9225
16136
8932
19603
30697
1421
32125
15222
17807
25995
26705
28341
6477
25763
11570
6137
21821
9207
18732
28610
12732
4450
146
5889
20511
19116
8580
24597
31384
29772
18219
21393
29693
15616
17642
14180
14069
13203
13211
4205
24022
4190
29445
31412
2032
17863
10558
4765
16417
11407
11526
29552
5923
22673
27366
223
16580
18192
32109
9547
5752
26352
7930
20704
19047
18820
5795
11111
17454
22621
27746
19405
31851
18591
5098
32517
30130
1407
3556
16393
10545
26172
27402
12613
20546
13482
2266
2343
26381
30939
20380
21467
3920
21337
11247
16984
1472
27112
25593
12785
19223
30735
10418
25682
28182
25613
16815
334
3564
20517
32524
31745
30701
20545
11752
15920
10590
26672
27680
16626
32581
32223
16060
5072
32626
24130
3063
21292
8537
9384
6292
21480
23119
21908
5716
2579
23498
23986
32582
32598
23173
10778
4169
4061
18762
12797
19038
3115
2114
32300
15129
23827
7227
7803
6910
1905
10987
5255
32549
18987
30302
26915
7648
13680
13745
2005
31109
17653
27279
2513
29485
31725
2595
7606
24056
26836
19467
11612
4809
7288
14931
22621
16562
13911
21348
15723
18220
21227
15634
20263
28497
21763
31023
7785
533
16412
9839
22039
31313
19220
25032
1282
24707
24498
23731
17147
22777
21003
5229
9400
28418
8183
13829
26057
4489
9330
16331
513
5935
32661
28632
25974
4313
21467
2215
13548
8175
19576
22117
11897
9374
30432
29335
18837
10089
2421
6672
21654
27637
15164
21754
29571
31588
25659
12126
19838
16570
26821
14165
30952
23855
6904
32499
24874
29471
6433
16054
22558
2027
6901
18742
24665
28093
25377
18679
25664
21716
22303
1350
10235
2266
21865
16645
10796
17033
27255
25273
21424
32717
1324
1141
21663
13415
3659
18062
637
26849
26702
18692
18177
18046
14440
17772
15074
18304
4250
6033
28969
29653
18755
26080
28482
18552
17746
24043
22068
12569
15307
18989
22565
21635
23830
27710
26795
22136
6400
26484
32585
23254
6852
21652
1596
28679
16699
27514
18476
26528
25920
21996
26747
17276
18839
24608
797
24915
4915
24127
13579
27877
28170
24315
19096
10622
3679
10056
13111
13463
4517
31919
10753
6562
31846
334
31723
29519
5260
5491
14740
13999
19924
5379
27512
6100
4343
5852
4599
22467
31709
28424
21143
4029
8327
14049
19858
7577
12293
31668
8989
22791
7744
14213
29832
960
24580
14265
9617
15888
22833
18283
26574
3789
6839
14191
2096
3642
29721
946
19013
6795
31218
17737
21553
13320
23907
10552
11109
21176
26170
1251
27074
3976
8879
30414
14982
14840
27524
6796
11069
27628
9385
17124
29268
2294
20480
8752
455
18561
195
24905
148
4899
22918
19395
18574
26149
9007
9924
7261
18404
4307
25006
23942
31153
6825
2549
28712
14757
10008
27617
15599
9395
27189
8355
25471
6400
6109
26850
8368
14090
21751
17825
21461
21801
17895
2562
21005
31400
31007
8641
25478
27331
14987
4293
12044
10227
24376
16005
29741
31717
17013
17985
7068
16093
18657
28392
8531
6
3410
7730
4378
19701
22350
18313
23618
12473
819
12913
17844
24771
19794
25693
28768
16891
23197
1518
21429
12176
6574
28264
15199
23981
19265
19551
8749
3339
18229
23209
15311
31417
24080
29924
10673
5164
12190
25482
31657
23847
14189
7010
9365
6566
13185
5151
3149
19238
19117
7148
7182
12885
24678
30571
16021
21527
