23418
21592
31807
3200
9244
10739
1365
232
1983
13505
1224
13212
5627
3039
26865
14069
28259
6783
28484
13332
3806
30717
5750
17887
19909
6297
6418
26450
12191
21844
27907
15299
7062
685
10860
28822
9506
10394
26491
14005
16930
16180
29994
14611
17972
21685
28204
26619
12500
30751
1014
21065
19030
12090
15615
4704
13104
21810
6440
15374
17778
2021
28221
8422
22784
7973
25128
16778
29142
23437
21945
5740
16334
28689
29483
6750
21906
4391
5462
31573
30554
22399
30940
25058
12981
18042
14266
26270
10658
31529
2068
1995
4515
17328
30018
20032
11451
24737
12439
8034
293
17250
10561
4053
20795
15024
5856
7324
600
31252
21534
21799
7367
10382
2926
14683
25555
7376
13481
5410
21617
1632
31169
8973
15171
8543
32532
2763
20441
17866
3966
18640
19045
22654
10074
4510
24897
1806
28441
4533
17546
22448
20460
17086
6203
6781
5717
21426
820
24842
13937
7988
28306
15982
31606
20027
22390
6971
28851
17071
23631
26584
3575
11915
9966
18857
10784
31218
18112
245
31668
4361
22501
21749
18099
19800
11932
3371
5121
3588
8325
6376
18070
11405
20514
31891
27588
7951
31918
21037
12185
5469
2583
1433
25184
2068
24759
18615
1336
260
18744
18787
16368
11730
26916
2425
20499
19061
28968
31469
32632
16494
28533
14400
6297
5843
16303
9401
31133
15475
24935
4740
15055
27459
8895
25794
23598
26465
32553
3629
12647
10394
7124
13917
2292
16004
32213
20123
4463
21252
14021
5109
1311
2704
1940
12866
8128
5179
31160
15238
10297
12962
26191
27956
20990
28949
28386
22348
3323
29395
18693
20861
13944
15745
25154
32429
32496
10795
10666
18931
8477
6572
6586
22803
29350
841
4789
8250
20137
5592
30943
4
9049
2311
89
28386
20114
27392
12629
24123
7632
15383
15393
27007
27883
26742
9902
19404
7667
6851
29301
13911
14875
22966
19839
21695
28852
22973
17288
8323
31473
1113
18991
17537
17227
1754
8350
17129
18004
8485
25941
24648
16106
8690
26354
16461
4136
3596
1960
12483
670
1562
12225
12247
18483
31109
13570
19155
10440
18158
25903
15183
15077
22809
3861
10589
12031
16859
16159
7925
3220
18155
29755
4618
21670
2115
11211
9223
13576
228
29787
8920
9173
16935
14716
23343
19904
30494
9818
25076
20803
28281
24175
23322
31505
5710
18720
6898
26110
31595
22978
11124
2326
155
27845
26287
13205
3583
8184
10594
24376
2326
32404
2461
29616
18927
17024
2133
24638
17022
25939
17107
22033
31485
9291
29353
28334
31429
17173
2372
19330
12136
19938
26469
13773
20702
31660
4763
15888
2979
32516
31439
3697
19370
5697
2326
7877
2172
17217
31904
6884
9276
29134
16956
31109
4726
22627
15107
4288
7393
2699
8513
29434
24623
16858
17834
18591
10376
4005
19195
27706
18283
13068
30993
3329
5511
22465
10650
6867
32338
21133
26154
32059
24192
9263
14837
22199
29787
30033
29862
19700
17650
723
14406
15639
27700
30705
10853
30062
21653
18278
24870
20923
14321
6550
8633
19022
8585
29184
11710
2626
30297
14076
20560
11478
7140
16607
30450
22115
6645
13623
6362
2913
21212
23616
8256
27007
31951
28588
9017
22464
7325
5513
13020
20857
18662
9198
30589
30526
19449
121
8836
12274
19513
31312
29273
5973
18144
8402
18246
11539
4463
878
27921
12381
32751
25617
3817
17834
7280
4956
25275
15771
21454
32751
27558
5540
15273
13772
4596
3491
13726
5249
9732
19117
18660
27567
18204
24761
31005
4939
20647
5562
17647
25200
24229
32124
13628
11017
7846
16977
14042
28880
12240
6557
23758
22301
18183
30754
28798
14979
31026
14921
23986
15440
25420
15282
6870
23058
10180
10640
15679
26143
16061
21535
12787
25666
16689
1396
20746
9945
14578
15278
20059
16958
8480
11517
4836
28469
18934
31616
3316
28688
9527
4691
3279
6609
24210
16216
12523
22562
2643
13623
19134
10992
24136
16867
6146
10602
23780
28268
23523
13897
9118
31592
638
14635
2543
5626
28477
22276
24500
26849
5967
3297
31668
26857
30616
1942
31608
242
18072
30236
29292
12895
12763
18486
11386
13358
1510
16528
24073
28151
3170
4763
14107
11662
18080
14715
12566
25915
264
10207
24137
24429
15529
2389
16970
7070
23373
7664
10637
25382
15903
20233
6095
26219
10365
15961
5844
32302
2823
3585
7325
15759
25195
20265
29839
32720
10531
1666
23188
12254
18859
5484
9762
26634
3404
29663
32393
10251
15311
729
5145
153
22423
275
6539
2786
6309
3249
13935
3999
31116
12290
13788
30776
22245
19333
25796
25987
26957
12633
29464
23853
23455
8370
8076
17561
848
15880
25167
28142
857
21032
12683
15095
12886
9772
16709
8430
1416
5342
21554
15565
14502
9223
22479
8064
4295
4771
11715
11775
16724
7299
5691
16048
2944
29712
4356
6717
12681
18900
30543
19589
26488
13947
9513
32722
24239
12161
14056
12842
14881
15669
19028
30514
2715
28972
23528
22206
2636
31292
8078
29439
31088
30722
19547
11358
2755
11100
3669
2659
3052
5792
21481
6588
7620
29058
22622
23828
6689
9291
4527
23968
8078
25986
12256
28033
9343
30552
31053
10859
19837
12388
8078
22793
8464
25009
3355
2803
12871
22484
27174
27995
6939
8225
31349
13303
31491
11700
5060
13268
14590
17266
3144
1611
31896
4355
17087
1312
6310
20050
28304
1298
2834
3631
32452
784
7606
20889
11191
16668
28813
24344
31407
3765
20519
14512
1608
29594
26419
2965
14311
20981
8960
3575
6072
9674
22062
6405
23058
21846
12605
24309
15756
14343
25633
5822
28814
21519
4182
7841
5778
29731
26650
15436
4222
2648
2163
27710
11452
19350
28398
9558
23474
29976
8915
20174
3078
29330
1620
19648
14290
15802
25464
21670
9537
20413
12792
12695
25324
24057
6573
23953
20859
18068
17439
9988
14227
10537
16237
12765
7180
30999
22371
27356
20879
1754
21423
8566
29805
28631
24366
18243
26444
19629
16197
25990
2960
19260
26452
26092
20513
30808
14800
10870
32215
32253
12420
4609
4356
28443
9861
29602
1823
32373
7438
3122
12869
26172
29982
17716
15423
30070
23015
19703
18062
30938
21985
12634
14049
22804
32390
13373
24033
1795
23866
17514
10968
6968
29975
9607
17581
8857
6844
10509
2950
5822
540
17572
9206
14576
15372
20461
19649
16631
26152
18821
28788
24053
10167
21739
20648
12301
5724
29034
26138
2366
1446
20951
14102
1058
