2960
18900
19369
6038
27819
1632
30082
18346
12837
7880
18739
31827
29912
13000
17841
14896
4386
13359
6238
26767
19707
5360
22239
19743
32480
32395
24508
23988
24734
31961
3677
20712
27481
19488
4587
517
10841
19326
8691
30340
30497
4759
15014
24815
22465
21724
9060
6204
15542
5459
22469
29119
29162
5274
13277
7293
31878
30006
14363
1702
24585
11078
21551
17984
27835
29554
26243
30482
16785
13025
305
28428
4307
31409
11508
9516
3985
29122
21234
28987
24504
20637
22282
15012
10284
20731
14165
30616
4881
18716
13740
9496
17095
28597
11372
9532
1529
29176
24377
29932
11230
8869
5064
14829
1657
11569
11610
32446
23689
22462
13004
12170
24333
25518
4223
24933
18897
23484
1286
4832
16533
22746
7257
5824
15489
28668
25977
1450
9922
13315
4979
26965
12409
14041
882
1401
2116
11358
1125
26816
3564
8147
10010
7360
10060
6957
26574
12283
11054
14381
3731
25854
11636
1608
23316
24386
8996
21830
10261
29668
14620
6850
1635
5752
19867
25389
29774
3806
10755
20359
11895
18418
17129
4100
30945
6395
27948
23869
10078
15581
5804
26302
4352
3806
27426
11844
1101
18071
10374
15842
12451
4861
22240
19716
25025
545
13296
4001
10884
28346
19504
16136
2882
19791
7756
19211
4348
1575
12033
11764
5090
365
17576
8298
30694
4510
15523
26127
27296
23977
12707
10036
20537
29802
20032
13668
32169
18604
32333
3209
22531
32566
29993
32614
20001
11652
19083
22199
5664
6671
9600
20369
6109
10351
5489
17484
5289
25995
2069
32378
31060
21428
5804
19795
23756
1768
14556
20122
32060
9762
19302
6865
10965
28745
22487
8132
11475
1630
16906
10395
14192
14388
28273
27930
5981
14337
7127
6507
21198
7748
25148
27356
7437
18531
25230
9455
22339
8673
23689
8020
31227
27942
20464
25610
4178
14748
1146
10355
19462
31450
4488
14589
1634
27313
129
27498
28299
29739
12685
25057
23836
3920
18891
21617
15215
11795
11545
15820
13463
29569
23380
31737
28100
30151
25270
253
2056
29277
9189
24485
31427
16386
28217
17019
16173
27957
25460
29658
635
11983
22116
292
13862
8401
13102
13592
30518
6539
23132
17503
23578
19918
2504
9207
15619
31382
6879
25808
25784
13091
4993
32481
20140
26068
20030
9524
295
28041
27200
9782
21662
575
4344
2655
8340
14151
6244
15283
24122
17374
4245
12143
23657
19613
19841
26825
21259
22827
6637
5359
1983
25795
19152
23271
30823
27993
10293
20657
9377
26218
11705
27565
27607
14625
3355
30129
25811
21922
16586
21252
26166
24715
3387
18756
11329
11295
30343
5761
6215
6838
13069
28444
9533
29753
21320
25676
4552
18824
28054
9268
25670
12973
27453
19992
21836
29961
24641
6126
31683
17228
4213
32496
3690
6834
16816
21035
2884
3586
2658
8254
26517
29523
28537
16423
19586
23847
13495
19071
31581
21688
21017
4613
29587
23595
24341
17175
29948
19699
3238
29605
1703
27505
12009
2501
18575
15085
27391
6029
27636
21191
17635
11362
23387
5162
26977
8710
16631
25665
32564
32701
10131
26795
26144
22531
12314
31190
11010
29328
26425
18313
21795
2228
14443
25746
4002
28867
1347
30293
28801
27444
20305
8260
31681
7403
22347
25048
32143
20897
6333
14081
14860
13917
23905
9239
1699
20109
2487
2366
20175
5888
9071
4332
16119
19685
30892
14288
351
26750
9238
25422
11280
5390
29400
1971
6801
9685
26053
15194
504
14799
11012
13934
2034
2247
12481
24544
26535
14677
5109
22874
3785
23005
32664
732
5214
22966
13473
1986
23162
25004
2768
7765
7904
21394
1127
24653
27692
30369
3595
26095
9641
15112
19817
27768
3524
1933
19744
26625
9020
12036
23887
24211
27560
8903
30689
22371
836
5697
21855
28093
17031
19526
10897
14647
29869
17596
10143
16358
1098
22933
23726
30714
26354
24723
25428
19088
9299
27188
4014
18557
3703
3019
23849
13541
29747
30667
164
32503
3903
7506
14170
1412
28601
1505
29502
26023
13611
1641
19192
4933
22160
21990
14904
5746
13710
30740
3793
13254
1507
2141
18642
2332
22982
22948
1187
28643
6955
6999
23320
29808
29538
19398
3660
14002
28117
29788
8616
28250
18827
26513
4535
554
11425
20255
5253
3054
4428
30756
32525
26878
5019
15325
8536
8170
13077
15791
15433
5696
21560
24231
15278
21011
14788
15705
25429
7917
31038
709
4777
19827
13036
14439
8836
13701
28544
1699
1924
15
27132
21106
29987
32114
27457
22440
1142
12797
9651
16218
23424
29363
5560
30383
11001
13122
3320
21571
10795
12400
1776
18604
1574
14705
834
20204
2903
24980
7274
21328
2958
28753
7378
6105
13147
2410
31158
10237
22797
8767
10240
910
15663
11266
4241
26162
18205
16245
27989
25599
4419
23112
20908
10803
30375
11987
9188
20484
1462
22909
8756
18205
22031
8686
18400
32607
26482
21558
28168
16668
26090
19553
25487
2483
22920
30909
31226
23903
22169
17486
2007
16225
15740
24345
16495
30039
18717
17639
21448
18317
613
27053
18734
22490
25963
14967
24212
649
10648
29670
15799
19966
15754
7781
25868
130
1480
17599
25955
29616
7582
29811
20183
2057
4798
12036
25255
20515
26959
4365
17632
29295
17124
2349
26142
26547
9179
28137
3534
28853
6415
9361
16125
9365
14995
2444
30714
1237
5399
201
2914
5836
5443
28873
25625
20354
23027
17043
26268
30500
30192
31502
28715
24714
20313
27929
19040
5022
3549
32495
31185
12922
11640
29774
27158
106
12664
26705
19794
8853
21166
17025
5753
3674
30286
30223
16752
10711
26189
2431
28471
29955
3930
5928
19256
5232
1025
29760
17924
12871
29005
2061
11739
7529
4888
17933
30832
22253
26127
25673
30916
26258
32027
25085
19748
28736
23229
27480
30720
12244
12592
22540
25595
28531
4097
6120
10431
11425
6863
18634
10700
32035
29910
15688
26251
30214
29416
12703
25147
23885
1646
27466
12007
19164
6119
12649
32270
9919
20101
15686
10667
10546
103
2828
32418
15849
27658
20818
10673
10607
8753
18116
27533
12130
18320
3400
31988
18823
21681
16676
12865
667
15979
11747
2464
30148
9268
17522
11825
15963
13992
8804
3502
24461
13131
860
378
9753
17110
30232
27626
24712
5480
2239
15743
4400
11528
25182
15441
15788
31545
18647
3083
1414
2943
32628
731
12177
21530
17707
6359
6452
20752
6218
2352
22353
17213
4293
30596
10098
2880
29599
25318
5750
26242
