45788
53995
31460
55040
8852
18913
27376
29319
47288
6891
49882
9410
37877
9892
17977
52918
35347
32600
38724
45966
32050
17337
25334
40984
30362
24696
31077
42931
27715
44671
48924
54957
18154
41457
20567
30309
27307
55548
25448
41025
47895
33853
7215
30354
19741
60975
31300
36307
31882
41395
40547
29926
58684
18564
18095
32340
14187
8093
5315
56376
22736
8709
50304
45168
33975
39444
50178
30084
28035
30541
27737
24267
43009
20806
36504
36747
50156
44874
18859
29724
6013
52130
34499
55301
31477
17489
26496
54797
36428
42321
32554
59558
42097
25937
16541
20965
26450
22577
56443
59044
57624
28144
19854
36992
14267
44488
24209
44835
23624
30956
46290
46001
22603
34713
40774
28785
46599
43431
30149
31732
50846
43394
16539
29155
45932
21037
43848
40188
43869
41221
16447
10053
19647
44425
34028
34627
22701
30152
29866
49910
23737
16070
43144
10863
12932
61173
26431
28905
40788
33120
38063
26423
32008
20532
33248
39695
25264
23381
38707
52954
15387
17718
13645
48557
30698
37034
37874
19242
45253
23423
22832
22715
26527
24671
39087
42875
25814
61455
52506
45572
33184
30514
45207
16765
13912
19190
18814
9813
61554
32392
14864
16120
21986
34350
34328
40326
24532
51724
24917
16649
18047
36748
32451
25655
17298
48974
44705
21551
40975
31701
18539
55524
4180
19341
58199
17133
45040
37995
21580
31284
35530
28559
22401
22455
18063
25263
27194
61354
34045
48911
50555
50808
48708
50425
46794
10520
45209
29120
44829
46751
13101
36318
29828
33173
29362
26777
39652
12779
32026
54478
25736
55790
42215
39276
37069
45104
48196
19122
18120
30432
41793
22025
3210
6175
19518
42079
37381
48004
44633
31370
21497
10792
28658
51819
14452
9857
25739
21448
33820
34613
37553
36108
5278
18767
39267
39535
42626
50728
11088
35670
52793
35949
35364
44503
33491
53632
32294
33239
54326
52984
19334
39893
12990
50150
23774
36987
43395
32599
29643
39058
35244
20149
50568
12900
35565
33659
36917
32576
63425
20744
43094
26418
33904
30604
44579
12718
30078
48619
39465
35557
32313
30834
26298
14541
35653
40536
30028
11437
23993
11312
25030
50532
32999
28778
58177
38825
47135
26299
44498
43063
32433
41498
39756
7820
17696
32874
18802
39555
29041
14224
53641
26477
24427
49515
9874
27501
18296
38060
27796
50627
45885
34445
33867
57631
38378
50668
2935
50244
36375
45867
32204
42500
31180
12289
31275
34774
41705
15068
26971
27727
40798
52697
24425
23234
23942
29735
18073
41633
21819
32003
44592
22275
40316
18527
29208
38623
23805
39004
47067
27364
16111
52132
27623
21519
30145
11432
27592
32854
36097
34299
25900
31209
53360
15954
27820
28752
29223
45590
14419
34845
33425
17366
40830
37057
30506
38728
18310
20906
32953
27897
35835
13947
28507
33781
51428
17216
51331
48246
54836
45225
30251
57452
16570
30581
27476
57986
29914
34908
31833
15562
45359
23248
36150
30025
23756
43619
27875
22728
32273
6475
23394
43495
32510
31011
31499
30517
50910
45384
38589
26566
21961
34105
24325
39251
28864
41537
43273
46311
40308
8707
28749
32593
25351
5755
47987
24145
13750
42905
51023
32760
39060
46545
34593
31992
53749
2733
26762
29156
11868
13198
27369
32085
58024
40511
34592
32167
57433
45138
9780
11480
39432
19540
35517
44207
36279
38390
39132
39166
34260
61698
16184
12304
53128
36015
23826
17545
42268
8006
43949
10933
11849
36209
28093
28914
21442
23616
13361
19160
5988
21239
17003
24229
44182
30643
36672
34691
31642
37086
33926
15649
19998
25696
29296
23003
33953
23848
30577
48488
32146
54512
9630
57870
26205
43370
57431
37692
21852
43994
32974
26844
43419
18776
37593
45838
19129
14987
22001
17245
32876
9319
6935
47835
20310
36534
31304
30448
49861
56582
37203
26236
42055
13349
61983
50546
48978
30721
41293
23574
58247
38101
27544
55768
18629
10152
16818
48866
59518
28388
14575
53718
37451
17760
7413
13625
31793
41658
22377
46588
44543
53150
22168
50171
41618
38037
57954
13847
24687
34655
44303
10771
21698
39117
21457
54809
41731
269
24159
44059
34130
32604
26527
31373
59135
48312
27655
30624
31330
46678
20566
32165
28650
9663
37316
9148
32468
1373
16149
26040
37188
45095
32677
17085
11935
10872
58740
32983
41001
23442
52690
40419
42370
33101
31121
28951
41436
42621
31985
14601
18933
19480
24653
40341
26941
20496
40464
49676
42624
47486
22696
12538
31258
24379
17730
23378
27256
31915
25592
49948
12028
32291
16275
21901
32368
30498
28671
22874
40583
28135
49035
59394
59921
38604
36630
42548
36505
36333
34007
47045
49473
22303
16456
44564
26974
39862
32157
41406
13409
23498
32647
27858
53886
52279
48639
20350
50577
34573
41218
46832
16448
16829
24262
32126
26668
36914
24630
44173
59239
21664
18513
59231
23910
54287
62871
22261
50569
33424
5769
24601
48731
35282
31605
46905
49215
22829
19263
28977
16501
36610
48122
44341
35287
48238
34259
44662
43106
49065
39302
32092
31088
39598
17905
10030
42231
58333
33970
18975
28302
52075
2517
34173
23563
21914
17660
29992
16579
27450
29814
34365
37079
14250
15542
30613
11704
37233
40988
15352
26274
50287
26190
24522
22703
50110
44438
8461
49981
18416
24604
39386
16280
28659
40820
43052
19714
38110
31262
52942
27863
40598
38276
41518
31113
35514
9281
46486
50182
26041
24445
24501
30741
38379
24557
29575
27327
25602
33693
58277
14502
22313
50073
22373
54302
3793
36500
16110
23010
20418
20381
18007
33655
33210
51099
59483
16888
16868
46912
23718
22272
22312
48177
12280
20334
41930
39503
52612
23087
54897
35645
33415
38310
7477
19834
3722
15113
9574
31553
26310
49653
17166
44849
18502
41329
58801
25064
12998
37211
11664
17163
13946
25618
32391
14363
33855
40537
47286
48202
28316
39283
46277
37817
40064
22475
13944
27535
44890
53096
21027
43213
47135
6837
38609
56885
52526
56451
36708
24975
32134
58187
41853
19575
43647
27560
26515
34811
45563
8026
40273
4673
50725
49483
62063
36756
37886
19876
28862
21391
23204
47275
40746
20111
37990
18049
49871
55087
39227
3317
47014
37334
21148
36552
17350
41186
11639
20512
35035
40228
16211
32817
33483
3155
27872
36647
18084
29089
22848
35152
11069
18230
2802
29294
20665
30098
52935
6665
26654
38774
10092
53704
27963
34116
56541
61876
28931
34081
51639
22111
60027
42788
29240
18616
23069
42827
37361
32470
37989
17263
26673
50225
5156
19434
30087
59323
24113
27435
7930
25421
32790
52460
27025
35722
16066
54735
19095
55786
1317
48167
48243
39375
40587
17184
29988
54591
21205
33088
54229
37180
27432
43319
24716
45181
30882
27332
33206
8651
31609
30468
29199
22707
27107
38682
55041
49546
31850
47612
47631
39605
23849
44232
44015
18063
38015
16988
30211
25511
26910
29460
41835
40033
43482
38490
34960
40122
35582
6752
44778
19678
48384
41400
17671
25908
15566
34356
54057
41337
37430
38393
24370
39140
26991
40376
18952
34153
46939
30171
14374
27537
26296
35976
33065
27996
44355
28887
36084
18439
32721
44348
23840
53155
34370
47100
27490
18980
46033
43280
39752
38613
35935
32633
45137
12598
42059
57568
21238
51668
47136
49456
43988
35601
37235
31993
48958
42349
11172
43331
26597
39395
24225
49911
16168
3628
27024
37919
26128
34741
23957
41734
43164
23465
26940
40775
31273
41982
41672
29133
48663
46916
34232
6293
47297
31603
45225
36954
48387
27890
37891
22190
52043
25421
40302
18726
49858
18509
29127
3035
26492
34357
26380
23188
40418
23581
31236
56835
4675
25078
42034
26640
34829
27312
24629
37107
16371
2433
56601
33677
19082
24600
52027
46480
46557
7771
41712
45206
9827
11107
37391
60615
23392
30057
26520
49422
34365
45040
30063
35475
14848
37844
41474
32719
9088
24246
29925
40263
48339
13203
32616
48663
6170
22647
39313
36969
42644
26394
52599
42466
51336
34970
16921
29084
23913
11735
23032
19135
33139
13224
44343
18613
38201
20763
34593
32208
57753
41697
19459
5835
35967
29077
21324
47146
32571
31972
11918
17159
6212
37415
6593
7528
43916
21260
20834
48113
6973
29116
51975
32778
42036
53256
10312
62475
47557
48491
29888
55365
44308
13119
33691
26989
26964
51450
49258
36482
23702
44196
42504
48737
55781
51824
20159
20284
37303
20273
37929
53733
32340
6454
31963
32558
51004
22363
32311
33326
41046
37665
19519
48150
3596
53614
10420
46880
37724
24978
30086
32928
35492
44743
34796
19368
13116
32885
22901
35508
36891
22713
29042
25038
26719
32385
35031
36322
4069
24423
46832
17098
35175
18091
52223
37052
49168
27229
63282
43399
37439
28471
32885
30529
52528
33321
39528
35943
19630
28811
57962
31713
28583
49524
23437
12187
13274
27394
46342
36592
60086
38064
40548
4493
9390
9566
40313
31720
19160
25975
26281
42399
46303
5492
54009
11368
48619
12286
62118
14830
15628
16849
36946
37083
42947
22173
21708
22830
59858
34816
43261
29413
31496
36496
32303
18431
16471
28835
34065
53346
52855
32212
48221
4129
32049
17050
39360
31058
21025
33137
48081
60403
8740
34667
21633
35847
18472
25600
24393
27141
22703
52701
57494
34512
10410
49816
44359
24462
49703
28915
21948
30765
32419
39478
22481
30830
30409
50956
25092
15600
17068
26828
12558
54625
25121
16426
13836
32338
18713
57465
39874
61374
37309
55530
31002
28160
31464
20144
25633
41179
29643
16049
47570
41646
4500
31357
27353
12475
54460
19649
33145
19394
21559
28548
21717
8513
51079
46860
33192
26923
36450
34255
10540
43519
42046
25771
35918
43197
37813
38293
58042
26081
45891
24781
50166
50789
38992
11042
26977
8912
25890
7589
46078
25258
38640
30175
28341
35990
51827
22373
26208
33518
34632
32858
32321
14515
42891
28967
42085
44775
46316
44086
47181
31903
31010
38981
36501
42396
44801
22560
25859
52484
43476
41901
32401
5087
28729
41631
37844
36062
46636
62564
21786
20829
48008
35632
14546
29847
24673
35293
29260
47444
32983
17144
41979
33117
37803
33424
50888
19501
44240
52981
39334
24776
30629
39797
50896
2233
34166
38248
39704
39821
35682
48271
42878
38964
22922
13938
36877
47563
29590
21416
5044
36474
49053
22563
38716
6536
40687
25439
43425
41673
52672
14629
42943
32516
51236
19934
22841
41661
53450
53539
27461
39578
44386
46814
18908
43683
37126
56115
44805
58312
38771
37319
40706
44039
47785
25992
38356
48026
18993
39911
18712
17223
34710
57082
59288
28388
28405
36365
47320
45199
52088
25091
38836
39284
20496
26956
42213
36865
23148
38981
23145
10400
47343
56463
44332
36296
19912
20672
42199
40211
39712
37587
39506
24677
50731
45346
36868
50221
7398
10867
26827
21042
31042
38555
35424
37734
31969
36499
16684
13476
22379
38121
61516
13252
19829
47022
37083
9195
31339
48532
32156
47820
49518
58090
19585
58511
60311
33256
47317
40436
16377
46487
23936
23906
10882
4448
36859
33930
34545
54001
11315
52047
26381
30966
7390
53659
3679
29946
23187
30954
3841
45680
30053
20608
32113
32280
15550
28166
25173
23890
14170
10238
12188
15657
19538
50828
37119
50606
20234
25832
32076
12276
15034
37186
62722
33290
40229
20795
34585
48990
35936
12529
56598
44903
51145
30382
26609
30777
22633
38299
20108
9926
15044
28190
34716
20939
35732
53401
37497
5517
18520
34377
62430
21360
31049
57808
34333
46572
43239
5547
36008
26150
29950
42470
18875
26394
17157
10937
37342
48054
33027
16207
58741
35054
35887
26684
22897
10087
52307
27034
23862
15168
48041
46060
14842
22495
4661
42927
57863
62325
42076
22609
42992
22201
26458
25627
22279
37242
38336
20324
16479
21468
48064
29110
33655
24480
44287
15232
42728
27750
38449
31449
27018
38373
39680
37902
18474
31581
62146
23437
41353
34712
24233
26974
52297
43825
37875
13315
26889
48419
58910
23896
43777
35359
18288
8792
36681
13974
35705
30959
24617
29913
18829
30948
30513
4731
44994
22129
43327
35497
45081
56970
19526
17492
19429
3767
38416
39015
21407
43092
29605
31896
43627
8816
45899
40647
1982
32225
51230
17816
34065
42065
25436
31574
31976
43376
41648
6720
24415
34419
40746
31513
23265
39078
22683
19955
37719
39440
50321
50804
43651
41748
44619
36296
24618
32507
38747
7568
34548
57948
48556
34903
5774
34450
34179
44565
38203
47112
37107
54985
45813
16226
54630
37387
20523
32288
26850
17110
18161
51292
35546
31061
32719
39625
29712
32949
19179
19213
41463
23452
48248
24689
12851
49437
55212
42973
21685
20091
25786
13207
22659
17360
39423
34825
44838
37351
36550
34390
55646
22505
28438
37392
40482
28660
17132
33163
34579
29227
23191
59435
50715
31888
36460
21598
27576
31300
30973
55840
56980
62021
60035
13713
17521
17412
27217
46929
25461
9567
11629
22094
48730
38783
27947
24973
19269
36979
25097
28694
56482
64975
40032
54858
48123
12010
56420
21545
39429
34932
38505
38505
52300
56434
16979
40409
25208
33193
50616
44777
7580
42302
5896
12551
40971
17033
26360
43331
