18142
32509
44602
55021
36070
45143
46345
39756
50736
22982
13995
45750
18027
22319
45238
32805
8722
36804
25523
25299
25775
28914
35499
43072
49105
29271
35304
30407
46799
46296
31172
26857
49619
37219
37877
29865
26323
12779
7450
51719
32586
24768
22774
41795
16450
35370
45365
11225
34131
48997
39144
36831
38389
55372
15387
52974
32139
9079
40203
47583
33337
35237
35422
30865
13495
56105
30308
42554
37128
41214
37017
53549
40565
42053
26995
11750
25508
23971
35059
32014
35610
45288
37567
36781
43502
55989
11740
40931
33655
36512
34556
38148
25485
5096
60169
44941
26885
39711
64084
25007
27421
35716
8949
51692
21083
58182
31969
14314
25306
45251
36832
9190
5110
23901
30216
36742
43403
27771
2553
40616
30762
39122
9785
36839
44279
27318
33163
49105
54050
12394
41676
40079
55608
60137
35872
16247
12434
56687
37363
32170
10480
25275
25625
29391
32001
39350
26165
29697
35713
29076
45510
16695
4396
60536
24673
24309
40327
29575
29989
36444
37919
27110
23652
35669
39549
25202
35205
21227
28334
36137
19784
32804
29526
53342
40452
42594
28855
43070
23329
39741
29669
58244
40946
34877
33636
21053
34358
34040
32409
53317
13150
22694
35999
31481
25273
28156
19243
45749
58744
21657
31350
40801
30760
36367
18797
22936
36979
20838
31358
29420
29274
4969
35149
9512
15316
20422
39419
5678
20128
32310
14793
36039
8325
27633
57794
38150
56289
38702
26521
33514
43759
33638
44328
30247
31277
10063
8885
1929
19458
31907
28633
17134
36277
38627
10688
44314
35823
27463
22748
28527
45216
25296
42354
34127
48024
41894
41134
41065
24910
16339
49124
40292
25552
17890
20748
12303
47413
43532
54390
58044
7142
23112
44845
34767
43596
23038
36207
32562
55684
38514
9618
47775
25739
14102
44896
32654
10778
40691
25158
47721
24249
46250
26628
51483
18349
48087
29938
53779
22378
31369
53971
55077
12984
38219
46115
21487
50047
21425
27063
25403
58154
41668
22798
44290
23885
35484
7779
38238
30849
9139
52752
19781
48120
46118
32062
22715
51832
56007
47136
20679
22927
57182
48607
3543
31090
23424
23122
6649
23442
21858
53216
50051
35566
38833
21583
10548
37167
47724
62765
26371
7076
44827
17573
30318
38082
14637
15529
28341
35722
37851
21103
53400
46810
11508
46709
48000
30471
9670
22981
18656
18979
30556
25167
38836
30543
38298
56702
44905
41648
23903
58774
37648
31974
37122
45174
24373
22535
19811
30755
29933
50245
45341
31399
30795
48412
24467
18014
19921
31232
31594
11980
48676
37703
22790
52839
17982
33381
15414
32288
11560
28990
21608
23478
36563
5186
44479
30291
49879
24355
40856
40312
16020
32386
40941
13946
49820
20055
32662
59469
11891
29798
39898
11865
9349
28161
38016
22188
19687
39485
30643
37887
33700
13737
26435
12944
26017
30341
24227
40414
47028
33061
43105
45050
22307
37673
9690
33862
32479
19751
21271
18441
58138
41188
40631
31102
37463
26766
16265
30083
18829
16573
37727
23408
44823
21123
25224
27459
26309
59990
23991
13862
14174
45049
21829
42157
37293
46100
53842
43896
48354
43180
28532
38848
47014
41242
26875
21150
50108
35037
58997
19334
46123
31330
18681
43980
59479
36165
44703
30251
40921
31123
14951
13187
26151
47633
22591
31077
37003
42758
34787
38583
20064
60529
45032
43176
29825
29504
21259
23642
14466
13842
6557
32516
10866
35335
30949
15752
38540
5431
20464
29937
23013
41655
29328
33631
16259
25425
16765
32332
39232
36226
52562
29588
39158
41676
25889
44781
38818
21171
28282
9278
22192
35475
36677
10252
39359
43863
49400
11657
42332
1788
37438
38958
19656
27193
37045
22343
33996
23096
18603
22309
27943
60950
26189
29791
13095
35907
49335
20485
15073
14486
24211
29560
29888
49686
44973
23910
50351
22057
55753
18494
30032
24697
8023
16303
39470
30225
57584
42939
27923
62970
43915
37230
16399
21697
23674
44182
26206
42443
39323
46058
30974
56956
21782
19320
38420
34784
32169
22360
47832
32424
15577
31817
6051
40170
60103
55279
24369
29203
38316
19872
9997
37599
26180
36699
21781
24056
30588
38467
23314
22245
52857
34736
18073
32617
43933
26177
28438
36352
13355
16824
38189
29334
44475
49929
37718
12583
12021
33384
23492
46052
59698
31040
17942
22007
54871
35203
19311
48628
22439
55761
58342
34029
21491
31647
31928
28799
49367
21764
28863
22179
42835
17667
29661
36368
48756
38248
52979
49852
17259
47925
54392
31941
21454
29337
27424
31284
33053
24842
43227
41987
45674
34375
23584
49273
1770
23065
16121
41476
51768
38276
52145
29867
26955
53006
30158
55120
31165
21702
37107
35611
38309
17694
24456
35802
21760
45702
54768
40041
33480
48412
38917
39551
44992
41530
39997
4121
59469
30792
58151
21215
25909
41662
47155
4250
44320
33109
19098
17155
355
21950
13881
49436
34252
28345
24974
34229
40649
36453
61533
34579
47364
17827
49011
49990
8354
44608
1793
24063
29201
23873
45280
36350
43566
34008
45416
27132
52809
51405
9084
23365
38244
16993
14379
30231
34123
51184
17624
44944
31223
31486
36272
14958
34828
10966
21810
46874
34414
35332
49965
57717
50455
44096
32486
31653
33349
35280
24002
46718
9755
51376
26660
51500
50598
34891
17266
22403
39643
33239
39815
11250
25970
44805
30578
42250
1113
35967
35735
40193
21935
21061
48255
46812
54185
41350
53807
44375
37530
14398
22139
26819
36513
9864
45676
19003
38443
38846
26729
38891
37850
28635
48269
37606
47884
19256
23010
33944
5694
5511
23710
46033
9479
17181
19907
18985
44114
42654
43731
41673
40914
48320
6064
59803
45716
21415
23515
17652
42832
26363
53969
31508
31951
54034
32671
34544
47313
23365
29047
42573
40088
31858
20357
54717
24335
18143
20727
41875
51306
26175
17492
16744
46073
43989
14759
34001
51524
29786
18229
30504
38705
23212
28289
40820
25071
59863
57497
56121
48443
26640
33923
35512
26448
50100
22071
28990
24962
20751
34425
18135
28821
21689
28188
14631
36789
20391
53593
36292
26217
38579
41162
20700
33068
25622
21271
30730
30452
34150
28013
33959
61603
38978
16366
41981
55524
13761
25296
29330
39442
34321
42815
43502
40964
45351
29005
14730
51255
15453
38260
59733
43555
38290
38268
43651
32600
25894
39334
26680
15661
48293
22452
22825
53480
19354
20868
41287
53035
20156
31508
40169
30718
50129
23545
35093
40632
20305
49355
47270
32879
31719
26543
43076
18444
13888
31512
33348
30170
7765
46806
37348
37597
18962
28912
26578
23734
38730
42046
37287
30096
5729
50748
44426
36524
18117
48663
16448
7888
42299
12399
34959
15510
23495
53865
30998
23280
38303
38983
44549
11014
29280
19895
24712
19914
38944
28392
30782
35133
11786
28616
12465
51713
41400
37467
24499
34427
25410
37461
14879
61110
34343
44559
34663
29853
7408
35388
61827
23096
45251
27981
43995
50303
29410
53928
30020
27518
51512
19113
58000
57736
12251
36829
54369
28351
59821
9287
32776
26827
6785
15008
20983
47848
46233
39387
28579
26222
45899
28231
46555
50100
28944
33346
12553
33003
31307
17470
23687
26949
1540
46891
52702
54393
51299
45336
47801
29606
54681
27689
43734
26615
44996
47456
17952
28311
24269
24708
34099
46520
34349
4962
55932
27148
28176
25249
45342
27520
33828
18382
20718
62446
37018
20110
38279
24791
56189
30246
8003
28959
25303
23723
11708
56404
34300
20558
28795
51445
46435
33430
32372
30984
28773
30849
27380
32759
39395
48804
24704
29946
26590
18641
35952
32816
35598
33255
16926
33439
33955
49399
42318
14927
32440
21027
18601
38947
40433
28762
18329
52205
27714
12860
40696
38016
26113
30497
17784
40110
17430
7427
28107
36396
28498
24469
20843
53628
9025
19267
38684
33019
44349
27898
44799
33095
22745
24022
40288
33122
58048
44502
31007
39288
60693
27561
41541
56633
35692
26436
3447
13447
24470
20943
32274
35718
51712
45672
49201
35339
55398
46028
59987
36625
48121
12528
48181
29956
18192
56006
51032
22911
41670
45270
48906
28432
35198
59807
42070
38252
42057
31480
20558
28332
23894
58813
29060
29222
17952
52159
26511
31621
27946
18686
9517
52396
46929
19491
48565
36333
29507
55066
11674
27489
22072
8680
34756
15037
33294
62151
14983
56245
30454
30485
33035
42478
20454
35950
31538
37427
44980
37661
6335
45278
47386
43537
54473
26348
26672
38144
28976
43995
53338
9367
20183
28292
8296
42658
58663
25461
37270
39811
32693
23054
27194
43144
55485
30725
29746
19020
53183
39765
20178
46800
20941
18327
26054
22691
15925
16769
31807
19937
36028
19062
37950
36594
24905
40089
33653
23322
31265
34848
6704
19210
37391
43514
21787
43265
29992
63637
40094
27966
50451
20824
48410
34264
44602
34123
21631
26041
25854
8162
38190
35384
28171
24414
37659
41591
38191
38089
11486
27025
42851
41623
40102
31925
26606
46766
7176
57970
43920
46411
38819
27111
62378
20898
47238
36094
39941
43984
34701
28812
34156
7024
16278
45635
31027
34444
19827
24556
25606
47152
26938
42936
24026
39014
54841
41882
14860
42544
46816
20369
39325
49657
34563
26875
60887
43956
40788
39466
34509
18126
47153
9802
4001
60422
56934
11698
39774
20132
24350
14683
45747
31428
49418
33678
19964
53566
40082
36669
45171
35580
21229
15948
14319
29835
35671
45178
10097
26833
19902
56110
14265
50777
20098
29924
11397
27369
59786
57515
51901
39687
35243
25489
51788
31058
47144
30526
28659
54240
55348
38715
46982
42666
33372
49053
19893
21058
49529
48680
32260
56476
25178
20958
37584
6756
48595
40657
23957
36879
32585
59594
58164
24013
27216
32885
17909
37635
11457
39646
40364
51897
23114
45566
37581
30535
29313
27676
58796
46824
49121
12920
12916
26440
22869
31095
47420
24368
17065
32691
38287
28465
29911
11931
34540
41324
28395
41068
25701
22763
46982
30135
28576
39480
33494
39599
58759
46802
31847
34212
13061
22380
19737
28194
22595
19169
10668
62205
31398
7348
38812
37565
9306
37705
24063
35701
48674
48661
43033
39827
28943
43056
16672
9144
33165
24453
26010
31098
35095
33185
35361
21967
50429
14991
24764
18180
22164
38052
22032
19048
38049
40183
13670
34936
46859
50992
37815
6286
61299
37629
33220
35046
58242
21141
31905
38942
46142
43468
53094
56332
48914
35512
56341
39274
50016
16077
25959
34408
36862
33975
49682
29313
39319
39766
40558
33780
29960
36024
54570
63880
42779
27015
41318
16718
37249
56360
15898
22758
26292
50830
55560
48297
5439
25616
37889
43177
30652
9135
30882
54404
22102
27520
26583
36526
35989
60236
58644
18371
24649
8409
31069
41539
44040
21687
18002
20865
36694
19016
26244
8270
15078
45829
21808
22737
38369
59594
27683
25519
52646
62680
42237
30787
39700
29414
50720
36759
47845
28594
6564
39632
61762
14952
33669
31133
39604
37215
50688
61581
12616
40767
43377
16918
40783
40322
40068
41792
35692
19030
30142
25868
29627
7827
26316
19553
24883
32057
32450
25191
42331
23702
13225
29365
19714
9067
42831
18645
14152
9728
46151
16455
28356
7312
20155
34133
47642
30288
35640
40911
32441
25879
29636
45249
31000
42606
34977
3385
6885
16617
36886
21044
42751
30755
26205
33690
18175
22580
23823
18227
41770
37500
51681
34700
37721
44510
49398
34467
24993
21103
28459
44091
30177
9163
4292
48092
51429
27384
38970
8059
54620
33157
24922
22497
32210
19455
39933
29348
47332
57352
41172
52461
28351
51073
36720
25290
44191
30010
9437
49378
13160
53891
14386
62616
22842
30847
16802
26312
30742
49844
45197
12260
20173
49680
41755
55302
63578
12993
32421
32654
56289
23750
20559
42250
47799
52386
65171
38476
24622
38302
29088
59197
39398
34096
35793
47437
15546
24986
22402
39425
45623
43422
17580
35642
35789
16814
18311
40746
38454
12510
50896
57178
55059
24643
21906
45065
39810
25758
30940
31243
33238
45889
56675
21742
39568
45048
40800
44384
24957
14011
25439
33548
48289
45109
40533
37804
36558
35845
15532
54721
40826
32142
27650
51754
37893
56642
28366
11379
22756
39595
1757
24278
58716
32244
29922
53452
52645
24442
56010
56121
45994
47118
36069
24200
30931
28003
12956
30687
36038
53079
38538
30400
31388
5392
23660
19614
25898
51817
35654
53564
38575
35694
13405
60186
44288
21673
45983
34009
35259
24923
45383
16745
7906
21688
52500
48135
46198
46940
21601
33725
40663
25577
44778
37255
34905
39663
44699
41119
51072
44072
35144
34524
23461
46403
47522
30291
16133
57183
47584
8051
34215
41406
32560
8743
25202
18724
17031
22175
16296
32680
46990
11784
42774
42501
31165
11405
41285
27640
28761
20805
18484
26620
34492
53451
15077
51320
29106
4721
16596
46408
36721
30090
28064
31003
34234
31038
24701
13641
38903
41777
34273
35004
31919
29031
49316
23736
37191
34751
26929
57333
35219
10028
16838
5931
28782
32291
8152
31455
40745
34325
35014
9957
39046
18924
49090
31846
24661
39444
45502
27573
53508
40897
40953
47474
3498
30574
48483
20777
38197
14256
45738
28222
31782
17804
25947
