27131
49362
19944
14662
55344
14568
38629
20538
43747
12538
19214
36940
35657
20966
38927
24755
5773
35396
15044
34939
43877
10475
38043
50996
61636
58258
32416
35885
57172
61515
24879
42462
53129
24645
5462
5965
12882
39123
30170
42743
56564
17148
40387
44280
51879
21971
18680
13226
18060
36773
41202
46756
39433
18602
14172
37667
32447
45313
45248
24003
35152
16385
45547
24329
39716
32143
29921
57471
21752
17298
24710
54633
11482
48574
38351
12676
24269
32505
39557
58133
26702
25614
29550
37318
17891
50195
16407
48406
14405
49507
22793
29894
45315
43020
38239
28408
17489
55295
38888
60876
19221
21971
17432
32928
14259
42097
39357
62965
47574
22600
42173
31489
32434
49760
15965
40385
29343
26146
16768
9851
43511
41359
18407
32401
28805
40136
41308
26764
31723
24371
19897
37759
21770
40763
23572
22147
19403
40827
24343
30364
5174
19627
19217
21990
14701
35118
42778
13667
25992
26344
9271
30570
24080
32910
34389
53019
31925
31821
43023
53073
20173
37441
32596
25444
48193
26041
58748
27898
24051
24784
13524
35901
26634
24527
47701
21156
48022
54890
30457
47053
33397
56217
27907
12615
31728
36032
2862
47466
34488
23241
16296
7110
32280
32728
42318
15401
26434
30247
19271
54632
21463
29382
19852
20587
16588
23956
18969
28612
31858
41044
6589
13446
17864
27872
45477
18223
39350
51645
38376
53585
33720
18203
30562
31797
44381
17903
36112
35436
46954
31618
44286
46114
35944
54595
37928
22895
19604
37850
29060
37291
36384
29260
38259
19621
25092
26389
10920
48155
25249
53372
60332
45754
30209
35383
53846
10768
40774
38209
49316
33758
47025
19483
25504
58025
50805
34060
34410
19348
42050
25602
23971
29313
44632
60461
29254
14684
32519
19464
33594
20861
35182
53726
25793
32914
47196
22995
52863
25452
51471
27567
53017
54007
46930
47309
9521
30319
28546
22431
21532
50993
34973
40675
22367
36878
3909
30228
58155
50325
35623
55259
44256
6373
34190
53565
27629
18331
35315
30209
15195
38806
48538
38304
56629
32829
46257
1434
25811
32667
41235
35806
62900
47254
40006
41945
38064
50719
28716
33601
4913
42218
53300
28126
40453
35391
34382
44933
56487
12157
35261
37424
26778
33962
30770
33899
33840
35099
20800
44787
28533
32178
23852
41066
47206
49958
29033
24525
28636
56584
53575
33216
42979
11488
16114
24074
40841
44368
34590
30293
27953
25988
28550
30453
32956
25170
31805
54761
43282
46209
7572
31359
18504
34488
49628
41317
35816
50763
16399
23677
30147
38617
15156
39177
57915
46217
18423
52307
49507
51527
44953
51489
48705
31352
6560
50571
19828
20809
44237
13326
14749
26766
18977
43385
34500
46006
42754
52662
33801
43684
49751
23690
54115
34120
37666
24416
46485
62165
25089
13112
41919
30020
32378
54382
25306
15983
25759
32385
6275
19753
10574
26415
49113
35240
29808
22848
20490
24340
43156
38349
41216
24832
38512
33371
56072
49267
47146
45981
35492
31929
35832
48893
23071
31596
37642
28325
41349
41764
44353
26467
42093
50922
26860
27498
32319
24765
57674
10131
48756
40887
50371
58696
36836
55136
32621
48294
23884
37327
32831
38535
45157
46923
34527
6678
14589
31635
24513
47983
9927
54890
60185
57216
38524
29653
61374
23019
39989
39228
46212
34100
19544
18286
38882
18107
53350
40651
3731
37972
13045
7131
36592
17295
20597
33884
22042
42358
58258
14511
16931
44942
41347
34969
17032
31742
37330
22675
25848
28505
31848
26305
17958
37420
38758
33339
33885
20838
17579
57061
56665
16084
8665
39267
14330
49177
60066
13345
25760
36448
15739
4329
49543
55943
23148
29232
11824
42731
12374
41637
29164
57481
29188
38880
28864
45847
30235
53450
31706
27546
36559
26959
12584
32553
56411
55956
58261
29448
42441
38291
11426
32369
49535
44719
49612
51749
26957
19719
62495
41726
13206
37650
9635
32317
30018
52194
49473
46631
31144
21667
32797
51174
36596
51155
26876
13797
28018
17602
48509
43464
19202
35618
6017
39806
29299
25239
35828
9308
36412
27928
24598
6896
51741
23920
52462
48905
22552
19426
27455
32745
34902
30907
28786
4654
48127
34057
25577
30554
25243
55479
26422
18611
28129
37096
44469
42019
20222
27913
49465
45511
26836
49477
34461
46776
33032
22317
42448
28040
5786
19466
14267
52795
63838
46098
30051
16607
33243
32668
36808
32938
38210
26699
26789
33631
43696
29194
28617
41762
29918
17247
47369
1222
10712
52488
41668
40413
13149
35168
30759
15247
10099
19591
49249
33003
39361
62546
56792
41277
11231
15218
16323
37872
51061
44527
27314
59954
42589
38781
15446
41409
27365
39221
15941
49556
25429
21609
33333
45078
32374
31413
23328
43886
4985
35654
26120
30770
41240
27787
49837
35901
44513
31070
11590
11145
17929
33131
20886
36958
35238
43500
53262
47023
37136
24436
22049
32466
43790
15646
27250
21121
28311
49611
27448
36382
40077
23126
36172
47681
44786
25808
34201
45637
55743
38308
51567
30965
41472
48655
55269
45971
34738
32793
20996
38790
37375
48175
44205
56834
40853
24039
47932
50902
23867
33905
40386
24086
54642
31666
51726
19125
37176
55590
37795
46713
33030
26620
50476
927
26395
22514
50082
43195
35459
57981
44498
21153
15420
15715
35311
33626
40422
8882
49551
40048
23686
34195
26476
58270
38698
33397
9025
43593
20414
29285
21504
36877
21095
6787
36566
5836
27866
31910
31338
26979
9472
37200
39674
40212
30604
29336
57936
39489
52983
39246
42928
54546
21273
52509
33305
14639
19437
55328
49468
39496
15429
36613
41349
2202
16306
56426
20740
27866
27961
48243
23490
25227
43606
54130
27304
21820
47365
28601
29722
57029
7906
14807
49670
20214
15865
57284
24720
23940
56633
11446
28863
36797
7182
38413
39584
22708
44688
25868
55821
26406
36926
48003
39143
47310
49378
36487
40644
19505
30996
26847
50601
52473
35250
12945
12980
40137
21620
28642
38317
47634
39305
42877
34606
55685
35816
18812
51997
32253
15736
49217
29832
40625
27920
30544
34832
30924
51501
46693
19308
36024
27434
17815
36711
27893
37885
45194
26678
40348
40470
35129
45518
19198
34413
22057
60380
27354
21687
20086
20595
5045
35680
34097
20777
53766
21741
18341
24738
33807
38763
28598
29195
53229
30022
24057
1896
31182
29286
36806
55890
39911
29461
21504
35294
13149
14867
43411
38650
31099
62962
42727
33007
12087
8107
44818
26213
43834
45377
31896
13369
15817
27318
19403
7503
25502
36451
23410
37744
17280
15765
54277
55889
21771
47769
