10830547310749081748961280715306325201330615931523364325673783682975581729780
21854140162459585266597258067876630109796884795958687980841210627403290112861
5876287024826147834344792272563575589781713413342936368540902569622302964748
14144027903948962500318711162266076271591468473734478374523685618177390204151
219649852403235384628527757851035884036532045548992012929421051246215487444
10848584723745411755912267416198935959355882703431122735066469974981404331349
13224519454567581649597450346996788883261644548240083038387901637790743675377
7577698972259033916832261864101621705562825159034515255099489107533731136543
1563357896838350866719551574992404378990531030341681431579750657747794916300
25303358129302722120253155684353012272196956508264766144696334642388766324167
14029372707314235416613644766146460532292305715091088954785629896981373878239
10792702806502987492090213528175414107251030291196178050585575556501778480455
25226635275906417055207401633390891183949919300289412806777222213799658178013
5515739504512339078487072807998117675044972254529716266177419298698530118979
1524990872706941213071971091577624562357431534541632758623962400583568871621
2395847641244147606265156006083649448887436801239237980570033741939246235440
23407832181420198981686543531147812807144846696228665148435443292825036607424
2410143521858509418297828533993432742601099783963604934784979515005102151447
10777663495423657887929137027869339762233760576269622357991011000569251510213
540414943240442120178288104573280400176435831455146282869922697271307996375
23915621664707498265849743911799301189290169177702669532678107106499251490113
23881236444985181005513788239559318199767603957657780047401205812159912660337
7329760351930701153099351008805725809042106258422593613777233769563993525317
8643421215641640969379825888846659245860031956932627117594257149378219155396
5436611604063726374751087363514535407635785815085467646536351663647991744311
391033031816489879105396738442469945305710720828519818032743968901251322685
27149067379142065363778513762060496224810346219413524970539816016989456240497
376278661490618461395640416861930189458604254898731902420391964745191659325
23218287400957456632843663096075222214736371617198223579267693971852775356243
28923043320968084085290799880031986416257675757132472976488605150100988609341
2257616653708689813310943795083126263788233190488532080017924144719241475091
5581476541907404812310265494414975322186293577151801122987813486196516215828
9583743014622487990567733829096868931367586751863797714964446373600848364807
14366725132869779879407409478429541426520567514178791087335842734323472069071
2348031370500179244463796967560643154061427106584966851141595328018332382591
1508591089634145282027557512554709610228961259177233984274492080907340952844
22288806455279974216607936204009856901011586813385492585297822823228279632081
7363233361934210215589916348890517818576302092586059880407084611876425252343
5906687089777254222406235888110848913249839078100827712048312783955063591680
23177154309530906365941087491379141460227478163727051252401776968227387592004
22144386473598721775634914444825514427062501515661571641372903033651342882580
24114047723225441850105020718837684697578181560923516244334424658003335003935
13543413949036502432281063092010843001488798995845373204504398759427426251124
27742932261646507543299467890692835669864466133890745139246697760504429350961
1952367874379975544248869315673972284155705263464964546726381639772717200252
28534284771893118341876800893972301502355044411061788508201017823805691789175
14395986947334377964960759682113505064378212366108545529205864038091505823749
27508257228006276869499386288784837659677867671960109219701787161034780563253
23292435900423742363142382520673065804505903454104240835287979843448594333440
13243980353477537558815904556192908382784341478088266109015288555293335996243
25324218677454881192239767944829046719348636877589358934549164181958603691376
2288849139632566931131758230465834337424473836226851477639546145875279331551
9646924671218918087633115433219197106787764232083916393492729533483042735924
9614071309080839075802077241071006110780138054230747509246218676755892237149
10850684375599507905451388906572042908793609059451571459683073212321384973505
8602760833498265385888341949830382352961236469908671270498037864474414480719
10850317826970427362579457248672679298018628125859426200288068151403499060503
5885727089064499001011789639137390123461299611130110290507526725648918841155
2261466434533204036814054437943270562565821023531014188274045197185511085267
7586532525361968286800836010929897675503968891308612153253067227529747633015
23866177265495874529483666583541216771101874571384185400866360178645513924659
8969043287119141285861743362443635105003966994889694390363379502079015251971
9850510944412002273805291756827530822097216220736767173875450520076330059599
25018749096171544720151024819097925104376870641659505058329346002940441981132
9193553645929463047493786350353116230544055834850747929993388108553136370800
27176015247713641314598861829668363173993429491106724135764901431955420356035
7406397277584468992124806473390394601443975662280719314398237328358704930243
21861723375252326315520531830996211180656655468308958608744486472212085014273
3335731281573249798154419578589690637556390792526683114298987375127877672445
2346955825687887173641935725510527994460059395358849222027684895314567978268
23890125408692730378615324858968143492929472689538397742398372318247754480956
14455124443835965860248423938713267851029327169360967402125876575249114427407
564983527644280464688380661757309722357334851275495834469933825524274367696
24324632290495155633645004625940995892505506000760992620974183643324111587324
5465495985005807685140899122301882527750163660376634960450069163273587841021
8065324194889688310880325703521714088453905659869535713402833370674481019925
28537680896623807373934418935316395313293273287571454366669318685158150718844
5457551509869325442843398423781099844776158606697388879058597346005491058463
28621793906494984721919136046047741419406838657467628982209515601357390482435
7334657249559089077293521197789359332876004528686552128851918962243268795477
12875043808815705834055282629157102563924198927377869890597590836364649520965
7892712890472599829639723296204871887856035251703833560251513441540978822448
6015679804164388494694075925252429299649867954831068251624384230258315696092
2355366445776182968544916839272240172428554620799540143208447257068778750837
5966987609920601640755358515102878367638198210768065379477753202846795247820
27599481927427694726839648640024516675807244124348845536820256531660622647555
200235815906086733097336047623367539877136007752718138960498456499233018845
13122576691794435857887546083849614492413974590679050274327500668241103355251
13089464026593311173034480074970683950811047169843824831797443917485012993805
27287319495246038392111613178951412797004247019391846266659243111948326336509
560648612789882345912005992027296702613961797430804148871439373236795821104
27344280426535158992590167304278781936207311272472919679877098730399408274445
9031713348839720947129543351313166478823013409973687107125021412508405535189
7210183802702591451368480674855668267610365358437605119872087416833601259469
23525664001199364902545777595390762682112832063144709495944385638153844426193
3541571608748220463548626732224628948119402644954740782536463918254380670412
10795348360381023908492161527581810269147983623706856211123587781615814443201
14169795908322548195751345464053102302710076977491110448155801374335850251389
22193843839833967848133655733771220266496392668279258365193425084433418735871
22361333702093785638828491862668609917738227181781640812635432235677015409988
22051583917799540707198416944898013246042013234528585183591105371464425391173
28642480468679205518000187898262620703020880218311447556455812597094685819891
22261165206757163561811955098482397547612278083386644330322297476329873673236
578351333962109396104860439928160561268520864314286886369102383110728529212
7164930837064390978434066868942398631110763013323087602620983898923994174515
2614604214492198798936221811074934862537714535469980088016182282862632747776
23444748134043522472831475239487007276095779624381629252581259545763638348801
9869173441561563573354324351819689246623581074338811667879317812223735619524
24911418764023586447711354610957891041864297803497854476937451584437507852275
13507539448236616572418484441430081878778441106733602977418250321181726080076
1737370170789432298014718830099541798921016660141095392742056394572697902960
14059440160633680591824515004323983871143319701098672109844409143484993062724
488312042590400473824177639525691203559356413669850443057204663295685776140
10544441833738268028366385268186206048874971660377220589610728512915019674675
1720475655299818967282119853704921379382752764391957706708016720912076506928
13541318302813841555985738188135570231260454586381536565277641340623201222964
450899907186948708626988272696165736406920956007445514934850248700078808305
6808518018610764760993579103630564932617866091790201843070824873496375943116
468215192641245245599252624144882550281583890934909763710268302690289089
24997768904900747365766284013347056340584605459360573810413452998239304539393
1804426110576744285264537856687938349666608489643959993036159330444530630751
2608400270150417037037042267295104147733087049796095039333893962899477552199
23739729430910180166538429372526435830177912463070110961520950055750600062933
8069634553702280946931029275677835448623908235717385784145840950542545916109
27640693528720945243669740484523669826543433189122040877269267682967984864311
23123197044383791833814489033321119177772946046841313342849534983320306254787
23631774667920715509793237690722116536902807280291464497136580475694679415839
10833072278568992114408554190158312898407343929525149788294314059884111187148
22516673310714239677426326181989584353688435202461679655607657894639052902768
6876992369225516376458611271055975501173224137064981085214964808071354052915
9526880386869820075982179860717878485345065680323872807622336222917932420292
363081487455051291152262443646859896416672077409784607972640527561499101139
7667759934667980692144598763563327408588210789401781717928912819543451185616
28519318962544485433711983119552669142869508495279950908837500134635617473869
6786137763013679287150271053036050771530136339133807247184491514842490885971
24967752332359435273620615754911243076016981299229916947140967849661141344095
5479485335151199355269918329571216850130645533369635306789140140415163302687
22311685994717185824801908261893616130213331055824847224447456706133321041276
10494768732452227419087560202955162253851258705033774936072764458868998931697
22595979996412417104957312954752561906242662493926758632528662099278852902103
28862328873404377353197033374874523474431306740043379771059370003662302950161
5479857112553533069255784365398224321367856964797558230648386676435038584191
7612159429300100130892100980817106312939429311850525329665652142143001882884
5649190654953618613290620586715219809566463089565520941180620771169094538355
23910409160035251773412945209157538415876823838300520833783993237697140626484
9844554285503033138589463573606159414646744846242978952421636285342824234367
13154757770120027142463060508276434646203965850515419287299848416135921784125
2030964901578650873894626720003239852201939905332606395026618811037850784732
23944775215715055032317743506935168331455151992038517876746453699050485117125
25309808028296067959338942352126118563930547855869476092184054686522764773233
10546235014802083670543898918690669645310325744819356841416498965671582915789
1836299480379736029593139515719494345890165881137880600075129694843140114385
3542303737750123077492027376311378939604917778244809154485862438072558368591
10772239559254462826347104274659887740241716566909265042857943536202266661725
28649626148124571031940122404355295863024213632549225497533598090377585214407
13172005462878311562967936577902426151309908132437979486246036035190599799617
21921471583618397232897184159921553433292291961683027460190629486225208593683
7179061870603808885644298546598495734420883238940881962040646663998063605105
13034839615538566614870897852692194064783693177591452925460226220753199845236
22260985815261648534878417609332743089363581870647012491716856191094095666432
1482943651003788984329936208882071456967761197476339967025513365467245524172
8960504106924257926682304647544136292915967772570620952524905365573902552413
7777380161573681964720973860938061729302808771654875014381141637801419223071
13053472956224507649394680455724990651749118949666279632736727132925803306864
9073232206855239407071307688743836590106294066775627279610243041132432322757
23293831878041295526074476187485958799704599298379961703862416797811643604956
23288896138287760909458000213467406112691564010830250148451735790937932955079
22508420127722543694721503911838032136837385745684247144545449432491266268241
9165514739239240706477862902057805638471031699374449104674106749451904028884
805454608147621987814098617376427549113136485793873513753686363350119598039
3208261267097922819919024884224783540531680218105549234516797617023709214484
5880847719761168270194894397688712458737455735785851464021173085127807463647
7740198727229026107720399900767391014422850081173827113024520214405967858993
1904314433155239245378301759365500060542311457942995135237383208021352891765
24172882077785229018473520202341217631815781087561920357057949046620498517341
27794298440543595306904389043220019591862693670715602022915065012485524110785
13151422526852079391908307108127042363514349722045173298591476518140876116851
5569654608918387059373243376414750678986654292978987714067096809688383115357
1560728131351256233514070579047897876344630296897333655892049985532230123347
8986163135986624823668865310606825621969816168725929587368918859575605911421
9719849001658133051106176580946515475121744036965594831753745397463648433407
27232531147330382201568064805859597698393487010279783374343525725488903631735
7604949793344121223973459268405912257525181215332776313506917778348417536796
22156600488035167072129121854603113392334603645590101179221142391887162822991
2404729244911089743483331599492000029872011083773859062554187105975010447356
21917382127485334418214505738697624583298461649740698155585817240570506184188
10455905911797629499024398556948647389251953350679591598734713670721783989236
1790258253493406380213260177324368133141240384542549466265214767890200351559
23442139948686130934698473175374344554515324119562426992772910511567822197572
21801510793648712670063842149905327819001222686690155712642481630610089521475
677128738492253866683560439039527477473430167489324601742894422312131452117
8956950200822194469285951887533418414487247257388676808913511903664883904519
28868852898262859172240686548973535561909763369066770243388972634593417168145
14164704265144053060959852725836253986793164062547751326887233706592885080853
9055643540871898410837195269031654296573842173861795754895339314337403698956
2346855596264269774243273936908747230096315823490964605062167577200755068725
1582114646275377561202323371989144078587491588849670462899005253955729224468
24911191733415931640529841039154183584634913111409001343823202605975844810800
8703427058025727769230400765744505096978041789858313104958541251868112706684
473983038783490570315284463673327293460673822976697279452713631497032383692
2699434953800581372705038315125601017179374502724736976894502128925830878576
3505980067593185971501726883880153073546908727939072026728940547261941013877
2008575965008195795617412911143089070523889430448240402099991711781033680837
14397706089806666041117600983514237679176309358580247646290966461600233700687
6228118304950588722832940305521314067014434344220108109884730318475441739525
22332653340886032816289771553030886855942031255557493393618086055393897989316
27622447543322204651234388455494304431175420076262368019598234175410598514481
24997553836994266322609329967355166998121697895286994061408773953132001742132
27618077040226678395896252943846571053693708050191279912911963689230938371101
28619361585077554457240020936145453512006633815729829250666473912482482036047
13159154438851559273560367843970474333376140881402262309493470952164456390413
8080129522583801261383023577632666143313457754995953691160713105471691677491
878326486250869436070078688794326714731508428651251993909444598015949225077
27741185451030842281857151481765664165500843598933078130085670525489665863693
27247121995927278603087282321990946172087441641527495319371307778627989762933
9068061663061725954655360478246518925196817775599457846934436614267281421820
6086795565290851080243383412194852795487020101392542588204518542771341030673
5539184505416940580654666922335614091592013407599279069552624282723506279380
9060371392240388716129858534029922446792901771717090371380401446326520503312
27342433389488071594910621757242887206245961555705831416893071108956451987407
27600797953766668128233139441375825841897926293349184727145555838791824405329
22136764852335036104552858723073933806921887605556841228426358829275562656221
7783342210998488737391349513929176609440050504050327575765233171391214509524
8689276415079047228798474816674179666187186161510693992640671385642777714636
24194895048157630717479344921930473282450296352284421747090490494919233519924
14191024185748352777768306563700140236786417888473518739968936470998236351747
24985539622395297979967349355620018575555171429267284134762773484007215871317
5987457812636226107670935598069750815851124563179650996815586922417258021125
21916330334296816283286769702050489036275703208526213014911564691677963617540
24997821708053564668757313322834280837945254778089584158263633352821362331601
2375008819648905345392470236573809350846978651675960942746100845270093216788
23543209998489079696021811091151890596008110632604309128561770106471448659395
8814915748210590352749204547963416517999561510370624339289227297822159732509
9080158766468568924103189962015899433593021768657471273852477503060610079756
1836233373173232125274389803362434977793416190391990436145597410939329385567
14220931380765868063413650980783537466732994449208907362071761073876891849920
3207241939044316316334770539367059801688384249007194956859613477102832404275
563673071513033674303908041843477900328578188902642417236066954405382206288
13127446048618931699579068681288342463311009046704780937539099718920538226803
13094529977396955301088116099423126463695311814476506073219085976413390443585
14168898892558447896237576252033346458418448981139775885767299960049667374419
12806885718089717435464459975500580659925046408941451764413133698084192416735
7154336222149581723281507230490676711026180433468445590613672647264978279932
9619253655375683188084239039045972120013520008639951929629425258932123017045
22144536160748632356885292075339806423488823617931596721117082042566256326476
9539768502615703595496197702755721671833197556949210915067308426512100185861
879788152819749353657090144789471484133990988890910024445368677151475718140
464828928510419411273737500443746245392431631461017309702607884715184607199
25253930240045998731999724063320417946492539907592881057381260665243016942849
3275328741225948527340857066603291541768887586870871589538198547192237993999
13497821272145255019159172570663287800301846445600215056699949971027738498303
23997242229231484169510469699848734701429792903794622330005068987707427080060
13238993812469226995037775103175633091776084460327279182373451535234748997079
14392413189219696966677661919364414362924034361385386474485643670500061347696
1450590256515482608902688437700826286708837814512107048271440547800996475772
