13261892743221048619709129483594385170999373879765549591865603757825387158607
480672702302741714473731700064554090843153608192513858949847108666926044253
2267327964745101188613861570181540733988204511835111433971994840863015705813
10453004126722474320031784132830224129691852547316973639504799066781946039313
6221220329844942463768177307243675299725300607445034505298637216856419990865
7231621135870845963037641247231229684663125931453508991427446182678355562545
13025310110140755719990556084837260115824514557872312222168698442165124942916
433324501189421531606615545918496347635173365645410131576345842372250115540
25328125292216238819259304027668156687567127463800020280404919692926192678140
7330339397910324858048374771123766595729889641512002497914293756945544070367
95301625374079174182076901566590958413112020930211422671957511535107790668
1817977338424244779858722493001490220553904656227095913785789316785998602048
27142201891441372335138006092874468183501468154757976877068741754105411892243
27236535589748000454601473954020427755878405960871508349673628709886083166208
23278701955993521939458707008487254726217756642248363886187580073992336651340
1568614238879930355725101776430010620557868681051918454778435264578040463197
7843056334053288594613384813550316934510808853188690704996725925833268540403
12779617108752525468432917696675123688955876626846042156880084843714291560535
21847479984662746493858661957865844032688541835776904822280910315657069608707
10551265259790783636012781045247917772221769298967283553018165025044165901588
7892536795263294196385173742620275045263656334124431135227763306113468745564
9387598723506709097894810190701938511988518010234406070309167535564997490629
8758367646960633814087539293123946205785285228903932849750562293014775730175
24335641201259119458629161090709667518943197368805247875403548183252308401215
1397948655037563435671319853058250880397513395749324530408743456530445958396
10431141445778377813862489070390724196664251306352577547636602009609347018781
6270976527539347608546206813155696059630343259601750693389417619032657394944
22053557829085637948233659849411976372343145396171829199646819488291320959191
1978448346461639804739020747124281013544616404500903571275213967516579087836
876497393135167375006392781033601200418520796301413934565453674577287043059
7210994309084906447695001947403306852163313811786303901249803830318084386935
24179495542304281107276721322891436102295779458933999429113368086737462359828
7604233295531245733100759406547084663733871157483787837857834174959137325852
2157072316809622341575529551404023331694024530557892246063368818155686466423
23555590099583011447129388642164891692482334056144827028691831957980849855559
8969159336191401892627533232351682012048903982988233283882513325647299878128
588506433837091893008258058674659198345226623067870629289442474645920759569
27225045230484395032275893010848109012100107814740683122457944638537661889663
24080281461854059635790656607160172886078811062609277216246116465274222628609
7802335972006492393728433294337958677634066080301271263540172217353725304308
23688705266881176003715487688309897980434759370720368294694780618436700340725
23447911627658552216256604913083057147075069467395927760994258205589661603709
7611783937759548669135270499367548947180811661196417432336240400621947574212
652602159969274266392142790047527002470859726056869446463135341307414150924
27289315149893566780755640496896915246283856222037440806160842055014734955729
10601189048566378140254173347002449509975770116944504872528587384092560989213
24972216009631797624887326487467569111151954409831950500832222220923539889461
9080402009137269167835796958641128323410010710503194142331112882988964248691
23944454768685279536167417523156150245276680453445983064196797907433851746263
2695224160689129374526380434156499447337366012551208626227612419337447014365
5449170735361013542322568653793864066538231547619813704828714770234667488256
24177625815617747845480334422961553806313155668190309107459116104340219904275
7007076067776689786303561903553163593827664051368296948799594163706535047503
7322374067025791568671801751834797792547443042545856624734188716523837180957
28877050140306671003810565987112547372135910378958462963349768318493234557007
7579416346971313750165180165584577683967986824527501958712989489953566110071
14175426711073457919867825759235373036839524938947969869864017420673665323841
7331194275783553005366562313016702216264689379239902564044291256339589455313
7631587198203730925798046828432924035169779892863849152086463252134933579220
2465393975878407615963600605494922660260429694123195720379186974174449487951
27592448915875517919820034099303953474571634944627034544176698139441295588564
9088339502182965524885666408455686671632640048343749830647152148714517197653
9499380454429111303937356037430786015606930569428160312149227222218279539157
10415902490615972229394721815563972574532079474681077652427009097276744332753
24989326119863744238428389332634617147237649155645371461866435085226430891133
27250205211254628632176342311877279989785390954720831367464536070267073512465
27149294713018332291841786729688547745586985095720790391661288090731711788403
22538245057814392331363068878566191510870769510764234481198461825994267383620
118496108394848568602259551290545167845995563397436171805889803309668069623
27967982991210660099758445413996427302188805262040548873339296241644503248991
2613325664974692372002027875459584254297969367483117888896227837941644348657
27345940744769092908576732438272720348703205147250581678283731095226360382209
1843423242998167776565323650908953826686012396942434276717951835300105277428
27513117025334734220819722217430182891508540950026025819776922256878606512147
12671509238355457206581969878633332413486452013059484905456784176961014332660
22088841546049978514656619201054778261774138490600677278069013697965488194887
6015809404373799646090669432794518026656242024220967772155656395702121224188
148418524894699612328880742431270212034319870525550784184468648045088421827
2431125969442754858314180586137567393473014569343304074205111472022759935953
454163037352227345390848224271450859370396048493127280201461643295757040705
27759134036989403368604621725563788265230745990081755367355823385228649903565
13492030273640004761642311971921058233845935918302113566713333760639157402932
8037581982935227228721195302510508806223798501524079689270278579282810814800
22504032694568607993617042712470026854678986284233323764368426695681445231825
22307257654903015531460773266135924161373881750760632176418043325186126868753
878152839200022459521068547735220741452864489487791227377376445208669392647
22315253843729501135082157281474493793398996411519714718403982625383035011063
1358844184668411189488126439840466958213376985610437325948235507209035085621
23267279093082278808465322418896024801589186654635179914914885280825086275779
1702019509738958843341336648616142808348427232237501201601403002551051030768
7235575671172371652969292126249233465998341868186861701285624675548052017923
7215741782090970487572865669461109598874719655813031011232398596815782540767
5854922576091270923138454374798077367033647797682427529778911088781502012720
3219169197225481700651957861744119108080766112100233066877365571241492354544
9519793547959852994914448372902928095029327523120357480119318237951619240704
8737273117226031093895667198619748800078109275822036555768061533398768862163
7802157640288876833504387590451147362711322833926996341910212902289352757041
27627082108191112532948827709311136657191594659972717725562528628317613281741
28862888331832774798768298390024471422923148026999750261272549311700216970516
1555400095696719681391300879011495406402655798121169993427939329584814060375
23078485703377089069498496875319943772188668712191446119819109261574722672624
24080065234235449549488913831635955093006032212232967347679992648804935780180
9719434528497963765731705309693175552618712145384483182479258214312709986053
2268659137844786685434669257681067038114060943758827625639625751798963558385
23519274900325674284664200353363713187885183320912667017636747413896379356211
5854144228694298377919934633390172463535522496189895520732117384700343104305
6905375297468213503116071459699193176074916448456236235713099147528279389440
28695287254381677538792698611941525978550560851061706066450120662331634274063
23659897929595677018083086931577161281910174149959356739502228774648596673740
10748260963578528348855744867977996676997849880324296449595778124150067123399
22189915156697573893753185896284449570662017668084320552402968623808619872245
9666982441448317645584469564839389699936924947892976870789050729305239285813
12700551812383085452314429795183781037336641792464333794227426120675532169039
9419607152551626785944558225560784488476367772817282839876738487670543537924
23911078271717089667620639993077975119715011750553193521693482976022076914893
5988289757340261002729744417351641973404522164822530154938749830418343932115
6786480604710421151140179166298127818981914056752798424208648285748693522255
10454851290603506871431483547418040215206937075234930707226891012727264591108
13507518674198414649109195246737685393386245185094955783296901107600749187312
559672094629486696274990577450325636940424825169010444580110563612056994631
5430109965039011841275242522264082435826426719032598160242774349275695416581
25099494650320051110358967702676992672944365631351630129952692850188493323637
23617978442798695608000831458023077098195941311219089355250678293898551358844
25080873482511974062767841987823296745656472649715652903530632420658284283251
25076889400646190042189176283210142619640426159648930964461925952405449675527
6795205862363561563724744458504248112461102436477181204341576472368194313457
22106441699475542380115406663103025677934747255155965765864011490079211984381
21851089610773450772211720628616330648175325236860531287456491597736373668924
6996313651989543727583280408663391688251905447716498588518096166195232555231
22595085360883649266904859500717109067821401475284507974079321626244807082756
8759681722929904207542064500107652419383314725681634791661179075112145256764
2695251330206750051274354490639214198666945680651580905797246747444964085981
106397104449381697975807211440110082608550974316606553281120606424011904471
27685174174176027239342690719205603986010501681959650266067915748923033907711
7741159956505896975157293172973385971510495026675725114847082071790816582736
22361339479966370621203370606264987600638598317654789874081838532057994740496
10778407313350547407476017539262279755039036467778521351749569738895502083132
14073574016987815233176265720439187961204224355396543959379672371084181634308
22204100285246633957789562896419699270319926007288516398074852121802436463821
5993120770923886310450912293715490259867116892188200954430925393324420678940
10408607111839394043592889260531181961062613322108001667174212786530826679669
21933246068289590440033939340747008014280399778854415847732864751825516302275
7691964061454365330247265187700680004804339083708280381710954511938184365132
23947548907410026726780005356817076949791362272928189354522473543308294838039
6083391313131706464450619372509446294677368223255116641656722231301882786928
664252304325948029314298285154181884289920836054108303002178136415829606605
21854657602061242831728476625081893836726476708038681891595587877104889631071
21745465931649722761846043338093184213610853296072653611467456540384658658356
27707284795316406146258991303822565099170788877633468673033030002982363548720
9161680894841127454362205695323693423754317035437470878428821618306954887159
1505328389205107978521697505626160847173859160257951498364700825331017306115
23193560620866030397470756558313946709961292627813310887399368923872704535868
2155476137060333318132439735808421908042386972706918695762136600212985891921
13489899864283956405256191243282574879264654987645456740293586645725399011348
9410151691058810746729875884758633176624414132638613607876895725547230645441
27815523924171529416552348659867333289195870464409139376967071616701560205511
27255050573340839054488211503237308908265576686289595491792276683222326015052
9410170901439605989269564267178267199058421120119916923247595534267894267127
3590287194750549162834898447294319266771548283226053628637505751046978360433
7739596678042203852928866787884494843504526293017370060939386146985964756743
22533049337229478506775569215705446399442675570328363911044503979550751965277
5543964528035671593085229450591563317889873421444013403114096713843297309501
7690988332589539484067577419545241954824604251156511148263212068381656157491
22593169101538564878025845179907394017756027372073620754245294418655277600204
24126304112210693349917551593602216740632659394848759871684816086993518056959
10773110278818670935363814964778370997365329664672279419659618365639036485965
9889507598656927190964696515487235660811534455335877206964699976116494744861
51286886265782719814771794275532151301833901468642680462936893425292875603
2713540252374331777859721670913983558560641922976092791481987878474511042419
2462736465147674368949996141534862474182379108729069178453008065991855174655
7173409044282190196236617680509206171690053231034607211719919626581657990003
5888461209474187214803415773732838520192995605282841047056653357235988938525
23639289546332050885566936659271891597062843437071706722389991595495459852083
23548261527512441699101410706693866952660809434888479907125201258601719992124
7124288602876693535897134295024934467784951267587003339100826898549315982707
1908121225859654377077707613782467465309764577489596700624871649164299338179
1916144006069973525414637350471597038726185832626082574986113210981489524496
6044803447002410504384450571677330055068218844309641872853707319496875799756
28859436722195927748705075103149773771824546461110839126268810687225936433619
14028925283719060997861567134303290758677095530830322898095267237540665302801
28593546913005160348952932388739301998199929340383238146655485335925547683120
7901017766237193089756832971539572831560111232986171503854163152606028647805
2379970507224647955251851360506717795019332249268039079065368389255400093456
7443832772933754100956961551373622588119461324093837060607447807708559573855
2316677847306455011735207364713060283588378346820565732853043698744098551761
24424462376882038060879592295096973605628546133206452858036230232488058769183
7617369640280521993261754707975583365846738804996048692132516362868081235268
10567177209269487244094728583100886348946944532045743392023523699089006941141
6932720434262136383260930414556254681455482128626501120701521798308225815376
9950800197961831910656477846769082286248367704987664425466975204543317869012
10440657908137383298499107336508620607679376146165124876637397962239999169351
2257126021283374911971739550952212207386747612208772025772330999181942739777
3542977458333860047036571798667739111007296554865654305016775933871976996048
5582029130485841210411717059212880024818956215846939681702789736019980652499
13497161858225626945042662181585696578970227487430110503715214544376683556951
550366053287743755960890165879923456250758429933661083566585016801128026051
14135556179870350841635144431422222075842001730167771296868612171483607056656
21831709871211562134663317709425178822771330675018190136465550801509125768391
2300199813657222103438740830543568168603851770095743420483943498483951997916
13034391845865223261212679289282812882252906718766967312887073236751184327959
842456593143910124698149494093926954289767278935202953127602738381721436276
547619113198666653047958787959985442489426503304306294802858793671180240340
14184606886350254408867251409088236466840344416008953122542283443344055749757
23897196646675537378999864685704574839111083817988055337213390761942364308416
575710593976032429624597860033167733594458221887940271630176514362272765424
12698978322574596940572903082971439740620482490392721686671046997827017579572
380240499571582402336362615064426738018968839668290246787994447649107627379
22524341754664984282671789662995416803879449731159298234841080180722820255827
28017009618686420157666031173265908101759037962143005653481797972413633270533
23996916137165596911926106840987779199049440175225596784389370681277727129648
22143480103309874573715700819349617162964849467953012087568590975198287839235
6027193479254886297560760873348869077407226511090125846692601323965379839813
10405454871939829705338514253096057961466739379603046480603643382949563679091
23073821478740758341738888148844166981148856226748568176873497624886093485847
22101462484485484941937237534579967863505782702454909115097406017256065154556
24915134275562314866798495470411419157742932880537075095752022629013081305856
2260356028285493094334332958302362977202050508544145672853727003833188546037
5639771998753471035913316971508236485454525761851563844653224991251225464048
2352143395142437492373250180761118239566583794407770869841994842063749710860
28551129350337650829888978186675159691504888666904805168515036411771788264644
1524817426389904118214054057565120090394082160787681941140477876232121472453
2708299558950658460127913735727182762192703832041931768465447076051238859615
9257101557097401279671164030300032452814718368577815450968370819913748373299
793784218703629004215252851136124724863329976507499978042721480048251177987
22371405048849952884412462118087338067191138256269094696598758806551455022192
9647129917457424614522438244145035773692791339215606073837515798230374236096
7247277127014389989839795046822798301922301405076718120470789324964232001284
21745114754772698010872877317162203064049665592557734282974445811457148076853
23543608188268992953299515398519866413473832153358269324137186767377063199567
13098298976425678931470564028684657147802856292322201576682958356541542063124
27302752869893219695733151923020675155805440835969001261143226343826203561975
22313404302725575586874582311896332073542166870064117817397978954039895735519
7712371039442350107183078225527985392807044153285313794015451090268903715905
13261055586227829004719359641093603040842548744721643295514761665594815369587
14373886320411788736564793392355627399105184875698821627394872121227755140343
9838379595367990579002499314856811556836504015094352474108782373060229284801
27303068840482127725986938711042782430842594662975847055165381877754240261427
1865687391148427980952597865503034672532229176137613491475385611008178345287
9082397103383264346024772458269021992330323748011681254756693172742567434048
6271405008625398267523776227671758673237755166756291284377346743155975835132
7402108192974493311938095366701672582195941888196266865703297491343284125645
28932269047115915365870443079895857673965144441216339859130719269888309317060
23161537883420080919935412189662439634196501222651630144557021966649273996308
1786426971764998996508641377191518150701688796078928671090621187288759320692
8735455962282833419797842025593540509205984392329057806306780582315510756364
12875449824310594046222893790135823836249866829274190616232493525731804185663
5793967960673904952932733953258704616551904919534002296209695195840498176988
1475807943161141025277422914309389796942927506861469709296076067720633582535
2610494299619842334938586685225564111826068054091139099286643683967580501767
7779761276327635712111278317615858870659233875659469141933305154002162769213
9141595979978030715445179605264199504359675951595197588911557847220621464004
27343333428374552797704759435989261966881892316828156801482818075785665119548
1524824039165299229594717442100787318766513189764801605923954199419442950647
5563893390901459287354317315622770000469645186883731032024600756072221754227
10515319710271760155575910639658735692562355890329152694555473524043429512275
