3391352723734889319980324676996557981182272570966692812586876660392680313311
24121874293586198391402241159513483301005808288006668812014603958834698345811
23208322060320955020524798760136108879254965370947481147880185638668125293633
6035251620509220519217965345539252143738355746547723948919043692309778890509
13550329947912190884195225985747727826020172208406974536320653062744285917436
8705699783788512321544822703190369912857969606813852041381017907733740178527
23647072293213040349183611934057688290012356684838520341523546334980144824515
13466890992266852527886935586929150227428413830075275458990718607844202992957
7599540532748441847682102181774844737010359289298755633794131457672464389949
885742944306510152025450099103077408448155735882286748159177590681303270476
2657056638064503580802300595445403384722692210982724485454340783273733796693
2355235108010827858339820528102558465248723227003786179263347596366948103501
23657666915192213364311386585252781109852841426560900342928677685826229125445
12672159216761395652611532696073829347786982085410964144746485558641908532703
1412268258928338037977979687208689858100428486848169149525340228955192819149
1525337409791338842262311830668437479992382540065918352586330678497780911409
339660976086526861369499929804706338670270452565520157392312893956742705239
23628620078183153615447008005907070577967668877181272689635348724147684330847
13210696680351914763706709858524269545355829910925160192914112322905140172287
1483715356525647166455340912755419993915061202092150530100425316899398644529
7710555633574228353067928189388818362315784751508606237182199576768503300983
24136980580933601563947174998416785483260437601621934682846303979191345733377
22063173212102786845569090642900499131247884450600421408033278668453558830032
22057408245598877180078024758959705783715627317776892864376407728866474647501
21853794860199215028921347469654151663907293458449285321185983946080537268435
27810706477372262259052861331868648857655289379670412232480632068025881968645
9931110931355326846661527512478955900026966156749545223571855584076756696845
9633456587454027530818651698312038297401296906296008656907598946593055984983
2015001101782364612046886166388604406721480997540763494836639759017128563719
2473475820713206432878285427490577914802697442019005998491582282613317246151
13168347066314125958485317173941767106864452204303009298453504840571308557373
21931788843880633852220506552873167928167024925808337597010328070668582638836
3561548700013871431754828578744774325151931556054067338823214194987944497011
7218369480841332440479188977768641705276192887635446816049627582264623026549
10755132811270980617174154090466618790056542410468992743657491829876823167857
28550618865195931186127493606245556651906526306118680151905824288585112828993
24929875300269278477035061599553955787652277252922716157880080299774449147853
9407225832915431165076333146913567341370201757914956801446161022515591073861
1520849612383437703796288816429002637230327728993174602172701557068183953247
2629853592156912905896863264847865365953491977052509233500274874326717373457
2296896096285994521610912902652364175124338028038871774833526517644108451089
10544577491341007952049631655852245861690746943712878945019992139110426923863
8686622262663043241098489792936076294456659333432006609688583962135871361987
10756508634292934934964908237818433196783672152041144148404230632672855941085
9189344124834532415348781256765200277062850918583689332417742274764985406740
2687801951749991560644737366850661486395084139271282769231572876823418909911
6990308027965795294454935510714241497726725398173150849336689306397648057536
22198274416938419605891063743263100668004565020213124908573695448425905282384
23204815337413470094544504516516449427496381838545075131886121194520063063107
14119256201108736515863086398066293272594408722335864129805086771559509884368
23459237414369407641274534575683767649463010258758947540378974312845996293361
1365385363174362865341549532338428121462377885551413622352913706439485370567
2622029445498740595358234642923092435463138846300259453924530713979714524252
22184911498121010595679740569431907402562874015437206364474078020166869597189
27513478829310558072371498058215338466492384561720294650800984205753186373968
8712677967616269953371242582398956270439482293984141678850860412884663923508
21720654601745633727326839721218907774982518731678218964183858681284721194879
23438564321281358170097831234038006294427189360742950113498552026610554379479
347767007559390763895110761827292110422730407464720713856527826043704657215
25313765997020871190723593294508086435618564166245687024038159050995718492932
27705492448022591986280604511830791715019741452244596380547340644822556624215
25020847643587204263821940100439196172771227345255205783561671556255894492211
6890712213103069412168831152436607098120960101462679884260361338472063104799
9585040912972294963393473754561048885419098759887828146297319830498035359031
9161639017857593742718754336024139273820649794940794888772592896065094369287
6228598413782479013794521291253575709888404283764263481499877065493547800528
5593813309740959859421091884726535881350239744290988989068754449759479226160
24333488518838562471894840793330191408995837885337393327184290699494037853121
5788667582078763167716657129392813649559314620201194157277842780960515438384
6892885037491906152259256248530825864459140131707485771671795594476948509749
24905928182433489144254975085182536463073350190291174492264171923194141013255
9166948654840399921051939039744651065434389704123645472291311051049117237329
9253317664069323119686826853670779647454609189432547941977165670396785968580
7238413542337478445772455602155426541432695297934377220202424086568170275143
7626263842125313071168391339758913564650820964100659086771993824878270812492
24094833680414702915020539697481146432516101544382675015471927952042501566545
27970966163179811636019421701318633085558509712177940161183344690881027130437
10797805451664246256431110639124467185368884821101968030930361206381095010624
436949321533354981809394009516205744180666299911088119231091580200906719728
23120718790656842869950884387854078990788299341485461419946582852168526545375
7349847440150632722553385363423527834818781641638139565243281256414264513301
7909827638568737843852311838700008817986753873060824849147446135063448900413
22186214504361628993600754860778238522455292965187730828298397873578150002949
544285206594766184059105445979309784446829364146265967019948869358560167164
27794307337656842196573976151036279770178001628696134964233830477591070865407
3273911465576378279823907455921882313327474412699735726890937507802374159871
7894914451921685341747651226725431506169705977355457153473645877708272504115
24974714597997529946557729175316787666917940963094422211723487752720568751376
9618914004033665959732586832363268891768414315376110391299634821159993677811
9534547532071992494944754934930272398099446675893651646509333719757308097296
14071752812055486151572110252892271929830662270733116758622449239854420062287
10770722061878453387941492580544882981813706393253066648627240804457847706877
2156023083779524480267023574998248500614510618004198437176509055344219050823
21831257987051500171055096213099311401348127691668236553810625491226496300508
13155612586999856034766177211358960100417677182864007772643474040232813778711
2399087248911864871602970555497140477045631900812720725986364979441946641747
8688064645117546972999613149302365042712491964122970170774573103057393376451
27575195875773114102250276578694902661570776692688056548168889155876088123359
8601880840306664457501499881391545549028804755880187632147829687303378392400
5433860915514163921106655097004978142045276422771385330875142319988816213068
37112761177011389194614082949570201056805194750561261722293170817483365716
23181515292886252853896386760684881013873137294555540857509026190276920029681
27303136647051406611950873406383168769786203396765452973349195992106115288540
8140511795123735330090180128629843968503388820162438854653589509378137349172
9530124819890347281056619907643582744612823400305499764576922560749513852279
1922714414997775183564446545748232101168441936000755426679732848366045303745
23896647690405733796156468546253112476660311456563694075394710824304227676508
27930354253164012792379077553026911265908153602390840445952941735362327216320
24176121817567137734126932902190789919252381553169383027266844955883242307916
6908089505355356753860695006107663554648634325488904702903208484182434368735
13118777794273167007609195337811245927872563063017080511332988489787720913671
2177280662234210308834882365082833544538653879406096153974541977718229243231
6100812817404768950795876401765894690676841881430868477061576698739508954196
23190419871566933539977035556813224854413611632840698270846288174111167729917
1469624675626095787712566284100842303553316894859727048154244575291268493811
27286064517397861466541034979729287372100261917384179917830810479230779338876
8748541624923297497512272446128246259282992598167776123923485846058347739089
12714371393877006310872521379552217156004711947379667500312112225119017857300
2410400753048445844697362876261045985121618772492675901619857892041897636860
13512772597219164939926341950701125184959387159473548774526201955769480584572
28636835492274922778050531465761203877936547480021995882301339965908118871132
28872496858587371849227250995671791582606138951185253122197794241568664772095
27624791608795889723490419122651062908373869485435702125954841110524846683411
559097040444171864883269054186385874595305651289801779631031875084280464183
27985655304469794286268899672558135695347461876161477679574590175633024041301
27255137470930278656202846160742917763751207739563119553010413528410014864656
1562309088429636070255689898632827305640244717286739353491695104417074773836
14072614416513551944764076443801283784080456611122486169152454384961807778124
8036068681972348109143486646670931035877844160909540143582293077121000542545
5921258903282449714840787454822152475369269646934970413824881322076812079555
28884452240072255253566864577679987647647008273686996387302980803567197999391
3590728956803400493984196928077631014146372145302395829472066751932453949504
10628075750557373057662139291927335629428265017134578874246051576034288284685
2289859678265614886996739961863369994293596834678226885826123318798706625757
22558662052505895765602453810984862193355851715878534127527382833754856706391
22298215921467176029759897913643432140961157930473394126290999468143132602561
27982384901091455236215904498083829849415667051249399385392132876627241612663
28594548273034352355686691519690225453144136039437162044543357388459733808119
1929391507466259386815603972338534811102479249949345827559546960718455447391
112835517782889622270210725701097894547512760746317299849011984244808937813
23273706611383823400488168562958734309666140048353820979503536073476124537843
7582023587961967389474527915543268826414845089327215133221805449709228258116
21859927715848007846580350850263156261836588540781891431432636333304876319041
2008823918346837636149003946941226762060409077070997384966354822113430359900
12807432777816320312594505388924219514483760683040594833635974868657774884693
9196916938522316546653565461292894674680498853138028056081986835418301141269
487330731468218637132394677792554749924127534643175788490007680785156915648
13096223756366223615812444691548243488622111006209572808197780900508790358860
8599819857252044365748660002124907847618676257901353077586488698614746795477
369739179080314329370056754832894759766718191146169878640858898281392968796
10441769083323580204195366164904225752074062133183358899120392903641569513535
6079927797212889678811619850126954520661109185862303919546917282563258893297
6934883498321620320679404021228979074699390567099347081066544425878538929407
9441970795411228813209411357122474544883341001968505269426943222614381297461
12799150240570725094301576026255322600083039114404144779201146392084233928912
5625653991604942451469223426711267037711867176387828739056054135778267321847
14410821887917350000329280629047439117111576339383977602640744753635039203379
28721574854604745678037875434708973901020743258330543490639483706760146400213
2275308186493767356715443280110564131760744603729926826412933969212807954499
204873294581113032660645147752363602769968841174804269487892711371800278291
21712922074500127365821332016887757837416884952449537289414183184608884948863
493524584443204096130335481452045065083077988017549517669524505890311361741
10523017167423142972301186356904592687263378443743764141409779900466551013589
12806003040603259369173979343029628051834735898945756687801893320432467082557
3555433471616724575858243292404991913957089868603992048411503402895558964541
1383910727756117534798865823839432108948494226003083818437378827294254285760
5805789164305672839972261633084254873803914228367113602843976995455259578204
23551849339952252446681068389943872956050518662297180993913632282912867014412
8053053990741078889305023763787011882835254993863601036775043963775372702769
14468607500857346267053030881971046133490280061665370430387862004748420107505
9040930253738730697183614975104202594049407018685746442351950441149904132061
9075989263573486370036980546808106307207717664543537886195725615945473719351
1562475066494392854208799710338346040879060252913768932257252643655311475663
25225824160267507269805049743952170844836225304417613868495819535724950912784
1931971979274678088867717021420498632337168382764943270402287798731354144627
8719530009972022642564220692686229364669879818950864800659548111535746272273
3308088903825242463673387926281044029968445917756870942932750153289934654963
22375074006050346248685674392676711073121349841962093887639496045742754381151
2314269321792236730637153102622995369101131728337767372794642704667341028703
10622430895104248081565527541887508779666238177582058506284524090941226840525
1708900038161144177460273200630441194271740574265914315849696897976614339804
7738954606149258389371683287142788342852232304538269315607639181142117019969
27253709073644856375185592714907336117201415229313913937545507108334473671517
879785132225272103496426058303728955789089342964131704118782589346996122460
13158513905269801492712514021991916332547480419249167345743199037515829167955
3302840826429718789990697709550855240914358300925583646545105553331237975308
22385654605305776130217290603378175340637512802125166053897500226699611411477
27247019575803240172899480884777080439738144819399477912505068559043295905780
27754270036242859630639984900396102985938137389741005790890624907224583327804
8708430932287786014909702603258549209633812628433629944858722022601985441885
7609929089930428384299518624574309140445836501819817121565820440376168943391
91802635829367770892068872711850497553768054374600770500636151395753677073
13337541888830417625916187604602553602181702908571240420860514579623768440263
9873279547179073785793802561543826841683313982000955225186877364343936151891
10500834562244702065736140451276125458041676579143790490999025856510321229140
5936525586843888443111752277837702457121929037950190022984029152588724205393
24878581603172858136365929325525407358993179877263532824096072659909787764599
28649873493060487901390539945032174184073386217804477847402725123286553870101
5512707899233340094360235614953562622861825571143212316151083572518522278164
10773951072874948281783571997635133169895497373671143865749417418657824758979
5455777780884840842028666894833390237640285631190384872920078086382231084103
27598591299855665605771800059610125463914585226903140194942519768122532165468
27160407891408216699106060743202869260915203653332738838964997057896175648861
7774653045132262593745518834865994893672364408275805022810415446988828400949
27628106052786297856251868032083651623228016109544909096031897816338955059393
1385216428129188241194692178817107308504634646905564328339238240221771543559
27534132299744638461485068234062219089691797792564409423639947726882472751920
1964632498298484243326809256703753296024989182612879497586557738546193613888
12716359348087715661644520878947815311358555363034659134360580561965171036467
28921573953273839687582256553023886972911970092895240699369703442238913173503
14060245037993605961395934345557005977295067012191572970358435860039466274581
5593782296696998614492151895447145387774627854690138986464652616224372249823
27302100501371987026708717284992565195063513018585093892803049396483510269889
27753850858883513612654505123392759580394667418794999381673765459050225816013
14373942729230361041166655111732075345974562765338831751349748402962490847476
2482067174743557430502146296059002070199191159845637865832592216859939640141
25306660056852181268838164617285900961892864173810633597263591643495721104627
10827878983734655274268696804122914769235942900921257471572268990154978104639
8731429258352671487289158218840902208798137094840831985964232728200881377036
1578001197050838001930230235436333131822059066457410894221305636185340408577
7713952105057145625237629444341512497445008973231077142061543036803870742349
10516377770232123373547515327960973132470135536352884903651632363072143217111
8802183742345501178945731618432542003605586337179187324550404780942103609599
5975230020880100575810605205535580903335799971335820938999852510575752371413
9252879842025110298386175952937119930714879634267831125345246710045605939189
12806633439696510622439779020245605397261156114269787789887271459804439102453
5977458341699478250527558336554279375534111026411170326971696342723481518204
1818618843188404948858689039959104495349463267750854562574807175630843543025
5638100549489058665336693108648088622387938886544957299912320430446692531568
9161296924251093284930079050948576166998995565508750624221551282106668532677
28885051134227939706116858717804383274237186267326711657651142154156841686356
2471854342225338270812699973646779396056624618240063106690643562584759128567
10432986819729466408627646465731026392587433541637631274359778683580992262096
24898463620027215899238206671106361779888925230880381716476276501249683388352
21930632459981824942000815311009013263853735271328662545173033631343483553045
21741158497031771282762497260061534410393841608896695994899906344177277059847
24196970926191282800766956147000080550928710405119218456568995924126230083399
5454463701855258201054493897198693074755746572783934723480741409849198739319
149072248116394844532244688798154199105598975922908648113529850412570310449
5780814897858776025158325155694100811364387808546936684345596155780039509340
2698346792365146510154616148523509116937763959510603521251084772534990134533
23435556020874929239399367621629793002597363825960862062024784470396725711312
28025450373106809638525723875873935056282405234900484658297102278550841258252
1576388533864616617760677475057918059250668687709403327678628485012295533777
2631367147580304385992925564490241778983825575615091659205133132351067402719
7611168356260140695085684831947022480819580050533766214116207033765867246019
22135697185179035023200736498635207353411940994908587206433881392289027129393
9252545535889597623566380489381620998862284343174348973549552511425575139133
14221456844773187335025792463143577893473418246915700157638974907752104982364
27584546706207119451461467963015674107392376913602423829174707162356860278020
22191943907150040275415984797372990068700791659224852027124812038953341359197
24000531890073451838340127931782909778144216516216714195816662814959145585920
28533692283268997940549537863680997629576241872610233437950868611731432496323
537659603063732205813902464554415167705995168462054638530824030170812453205
7005914412836693009699613956739725503067043588214089781060730836360095953859
