27508690643638342444838262818224750215667994930858566987146909201017764580629
2009511076637101305446996290688868102285199977250632576905895002995516535893
28635897322226900967514190224342046745564063526600072464459549861825839496513
27798405510921172466448554616957823383580176241008130723789437937814414913629
27967352767067612840742182771029003677770364136406470002000484778304810086471
6015837766174134436213066120933150906106685230923483408201396854280150041612
12870239099344280844469153151296865218426243236987487984935405686957462591424
22077284107477498570694758944143707874854607233051321346657072176292357406991
2198752765312267299628198864195290534317213876433764755137590500923301822415
13031942787785042518015580142543990492118460428279966280214796888456433791988
8081469110971175635700994428125255004850454106660134037183212225237418968444
22614469130739633590316618063543748478980451177682996181177368681118772787025
13124714546942271475138020064773279341084135090331333478930556639488180505907
9928364427272101601012022708366042387436285699628816551518958656513403847807
21718561830642963751697902792634005763810239227158525417102910657812496436317
13172044693979974809713537150608878095963105545463791301171047859178912905180
207247720798029573096707418917743609846102436209435765476568198792264556336
1916948408647756744370522935621367677977207661571390391718627190942358273523
10440325969165174283344101623849071793055806398865578099241168363324549070099
23893618511498098665734624872714794719058037372274521618081151412564628092103
1477967334315534705966897019731628165500945925651607849449843934272565802047
27699230652619449892888163851862628383230006253648336407841776397648947132181
222209104343219059378970732011535949472768100810126371442499006729904657268
27327119589970137943325427124764669653875663027299448405382316916637225971
8940176249267330697890050966608604823879522593931740614029118136686222573360
6016536888250984376167722079501674390267786389665377957557696964346983249683
24006240361862886888420769450377584299248841040830140184147076677513062583557
7324063887295056586753777680864261399447768193629391563111638486974000861392
9049472787519247789912435033272146735374997217487182806139312132798543036864
24028895354750257363366899087457182880449366276687140302545022800157999232476
27619470975346841138570152323196100914568857439790023360051029402145504220501
1357720790392809458541437059436930410107637087766220962990534030607345217815
6079396723383238491915133526724275091240633628814978824523081864954583784957
13260319758505723893831989333306562103151388130812077085775785785277382377744
8138096286819708364323773656801462039008196930511579297659572849275012370783
13032791635500520410406341923049139259983790014081538406859721280074747824067
34123742411159329356219833659819886505454073418504936636841875278210266908
7390833829752511796388876599920853276837770693961647281707577447218149081040
25310244340543492992120418202504092846266983146424035552118576682434142458071
7804524615226390785118936318359102868945589648719633111855396716486592371789
10557770054903622901838823062346905910175294691450269463201163553089895300572
1903238132549664873328128141026975776418494905654222738708202728343389459399
5972075916216812544156518208881537560786657289037254735422800554144171902293
27255378185792510434451827926777525082940433243709587251886903653933847956848
3204158368089176353752175574197437499500175245706991487521330518823258046704
3216299640286143075660591268668000182148558629257206874327244195246479839196
27981925323726291925975879080634341050413229497248819114484318071870941393364
22255100928595871518555543368016123861262228638449957148338863331575893710661
27513907082031320261389994733319749374951845357791716809609121203848840313860
28551084250736263089426370026455098272129831766540316207701188760749407799117
7330864738323376543445678346164081236475091409523205809269298681140533517556
24057443601917573514101335699821460846564573443559375307494000091706701120305
2255155674974295023735291309763082978340981718218997079682593026883766537997
23174554996962840000002998002624661828871442153797301382992650967850681130335
27964339205523694037720710772252534740605198888145812294655333177335276320529
5780896303392350946426146220130450431205139333298915904813589254018059486023
21767167697448710166739502711054371307766112760239908748892401340218755596631
3204962846461267614385565415377966169839211892285538102857614322034179642579
5973352341098396407208361497261527379389161819032728182039975398037325110595
5931802288123677434342609730227721511568439027928141022659874625428886355927
7292205724846569611925083954574835306758177597848210671636042082253203247991
23547307472184440280591412834464794664879896501905886948286379779851760944624
5435265138718900020066324205989164218282371778743705691363501327578476408945
23980423441970999075403690600509916691490231206978180838409260112227096446300
1838158960071648781710386637959684572511056076092507020946705880215413978449
3591764043286284118895628745422638617300744815359516792460565318125014553364
8956149869230283825651502542596109851525104241499794397200353781492457882705
5932664028040734777807966028983083987630969605252072910877774727251190075729
9173167663588753112471937342003494080344008599712455850098746770360087090493
14130911217153983167747605446040338920956947201430613921837180806759872709463
5567755219366440555555181143859322256928906611139602858206491535325309784335
12812819373506591050871944303020203732601851681493803211161750335760437948493
27342836689667844270662700091377896086629853292697982085676208486915131949087
7889073098667736996195020802005179005034845921419769028166457696472608972
8744024372470002027457693054920430755826344845417934285684137688565607568691
21930118703350178239325274287495911502749535489820407116609192504445858956095
24962491483209805752916423099076895202923110422557849524770077200025393265669
22503901754523147638386248091431388639041533157315515210330732838110851026385
12804539668692189086198480215048933661248077679727706637334478672241429003763
7613930649458737863464028343984982492902800177724330864434390264543027512405
3511331118678283534587569571155492180235098121201288301497901662472903870428
9499370027616522221061666278174503390708402188703860169958241530816426475767
27713861134792240822535209422035002564275986588825808914080326989917644356675
1455591793128972928888104431346817236091563801355344496191474658378218802177
23741105378736625951910237646418186865845010280351547269422900894511864990941
28857591748128432963320273224294582896984447712324531234974689342499681586675
22384557774303319346125137356548985750662937054513817601150502581976601248627
8631529455313452231980857314887013727136325575588546101396463983727815771252
27337085352583860262020602312408482703391949305536271540782463937448150843200
10516421788319111331423876355714222234446525811968183095990318566975825326864
7825814356512153567380959493330016029076334906647815085847482415345250867157
9082457091029348530757475198453888229439419807214708262146197521773057328208
22332637111215633111964191682451488231188709225654903567079080076000444677328
6818793049439190791565337223525642490576606742967569462092367157182634083701
3216520691470563362841375477853360439556594080486224346862217051727794222964
21827540423828375687127075690095783909145216462565583737171405044774503187265
9416085805023579374857453160958055706968082740336028230540493120887145307220
13252795426916909633972034152621442499404670305631773519399841906993959080269
7777605269368638863181413602554854473438561228823516668917357584367705346245
9928439842689614049590344085103295936027603313354194570231703285482352660316
8735265142320994985035139312881680736231484825389041009138526436648989497181
5468777863336782374427749815989571312783282067594646050633299067289348685004
9055448572963401015515753959080283705271852280540698144644683678981412570959
14044771622247229046791554640899281045966022421068972775975625298503911469917
10783550686284930107071839711907373058615840733590792111772030643447016543493
7892546002309330963603857622956835049792982503559980675354319469296173276624
2698612935967926827609369056922051090179440625375639508924048752682158048017
7688331202035540159891543565369348335437476362709771949740999286344985702609
9865745077860202738922473171219862076668801558011233107897290034793013868028
5798786655231673487140399058024122251211295394525597081163173150423724706828
7379877036585039823802996847455410693357509706001671327650109872557598233604
22057781631603147916908635151045473575267728216062841539427181326294018409777
9624397385827189731045780082625840243460286309330988941615867191193428574272
25027976716623453955476629126343346256439891839324817468902505793730821025853
27985456827422716059985727032443817919059185982717553331910060224546852029207
24136590294315007814503476950299273614437987699978239343001154067286453193940
546300588022132018457857400692380039177201711748682336701865086287313486595
6101359917428535854005028319648282029146281636984912826753557129933564968388
27302841733055680776786834372675587087961629939041259798398455682352079975285
14391605733867812130998140829077803523318057426438201504410688401472078758733
1717540559520691913107273581668900562869046336613044918927697727956817337585
23744795398109528755502114572935668400765070676356416327634227745913411286327
3316078592360252919060784191486626914308141193076736356527996278145600524061
899429438875384621368424186629627024658314101331340106819497577000075054333
22370053841665846480163369560645289374369058995967966991895444029654831717684
23428855983839659431385908876380330023133820030527044699935835968774170702320
23569788708130933077618553556186301364865907428422055957425036312230984892692
28611141630081328827602747497368715804103420480704303458767139764119619441863
10411786613191226949614328797221502232179300282380598814939620277115481445124
899463123169779031051234409703007855185443564139792846479236543726550904899
3592158826160280891036987557046009138661950039122981213925164385311639434291
14396636001711904328504900345006215385862725698829661071489966352067351409733
10778345694806939879555839231136383043334720336374376227863145528355566468364
9441737052662526290604312663124180022222466930322243893437124114909737721149
8709230604998604619287883208029281557583314395980256877370537333992339108941
13244266383489874470936521245749724758552312438572688949137219778323006406981
9929831244389139881806673249049920106725472535198324661677145883020451075871
150982299989995116756388600295368897247699307848008596330260158954782590448
1889725979865150208171350603060611094606417289059684058308368829167500495
14190406078626803945746921568400714710235661941391848921670140425323315322327
7711873758886095736548856358956914459650068091495061407663613143430908887879
7802758657999045233231397335954495093851276649910190535743359179729874963916
219282500270748752860647513037889198062335641598612050271459307577931149591
10793697708044848714073102747340255948795009850485708683528813372101249544439
479374266496727645218069820418932882871967172462053844487514795885818090740
10601550074982953877342861592448937566197717821905706734168800422262918414835
13202682391416907328136878638859572172227641877879867400116216154749852144399
23613474902127831148989151181555555167355556592082988285071809274217692487105
22200567090180153893580703333336816344664231322929888294467934295265866751313
5974491557155837396479872891800254423154237898728965059296564254899572143999
7781611922452577636084160731462959309805732736132779054968016983774016294260
5429681908827973278372904964185286076617187761422856557821878248325324411137
27479912953068310215640424635028485450869952594277520551179013511838258443524
2606522994706115420778722057127094510980358588754612786663483514583810915664
22261095958312050377781073173860435354993589920416503279811346810582241112179
7604710435140683593175508798854494211733267720303104837760404444100218864839
3530084120564085163212028115785951003070938326638564137309031945422303907892
388760463333118530338939489172119101546598877170274045306479304045489157245
5918696572562550925061371695510578184843091127492896119171368429508370060759
27585784846440659062284466003951973643059221512276000178186243146726231800863
87443529174267784999357368083021669018902583185749701125015943613085900625
28868933479802925361598585781680299274655891660827104221108661863558210770719
24183700301059813742863113461383841564412426971138074385280298325366923527253
7266133456453426509904470809432404883187830976951452910904344674328039607751
489782513736637336876956392082557652628839360932024349409398060296769572703
14225046290336595588141125073003070549700286605408241105216861496689201511695
9095820164611121166177238237131713668500324604297820699495590352281492724764
10546222991461451060514938323713046222920364730441913572408463796494238347343
13479718809979437012559569293335813277138676751534153422645484238835213615411
13321124654389631462427981715890945112321387072177897014194747714888678635476
1738185603433854557071538802857096424697918781384125498910998061212606758256
1378920291910118048489237106332800532779488770561331543240668844850262007677
12800414051149751077674661276193401370830912155300770442523856952429032849789
5804872648355215753657042352927117558310165381444391187252666708013955273584
8703419537788660922915195310353779916223543516680766597902869498815252222068
23550504604309407241718213339060805109520053498606640045829867750797320636176
7330986340751018009767465590684968779064268620980950100555936991400124276036
23982888500479229837972438988587275442588186029717503466607438332411199406339
23193818893884783322845665915724620324407123578533832700343447554321069065236
6899117260375161327992596581878204884822056838433671108951355054416879011649
3207320016086249438441267621877041086713678344548245277511698869532488682963
5853780792506679832365889411628474148781504082072558739913053054509834661955
10405403692895319933290406530294403200578675964077412574660602045087360680308
23688235975964330766623057565177302831323086406352038177976519868530315973951
25267661330769672243437739643506942633001575935646303306382599413763699733299
12673809405236548723755021311243524171169872101397521990106301588194231417948
21809904615579903816301259890316021140568920602348868875594563291943959622675
2240844007591272969571601627170707466910599191751276195781156738172750597189
7357246268743576070769323670852792081720069070633196096951682559099818242819
8625741772666006345966096120268991436407951364742935255449292596285812232148
1471709109263429645029021572475880947736980786863836965579113269416644842748
2236739967279357297782873391867837171182226453044185599405117000819326153473
12818565503277168196274019782976429246952616477943388714150679678242305298801
2182174889391085671603832456859323675969206455944671165502778237117483765716
1381322955195497185050013961009928439961660489871048271995644166472086614285
1477301334206982308395886428354958394110049734870688170652362888045896499011
14447599607435521105772494403700962632816386340206588117701319805823991633740
5789053628835315229440225195966142401765480406301551393238997106206812455156
24094696612785871271117143517576724959897843097545884967126629433854643670261
2242731653601309697376140782961663012736620054941082005707198472428723205447
3387518565874524848335685734346888210953749107245537232233708935976400653376
25024214408832628824313121612571175312885218457139693121986674332733338340465
27979795866935378607710915582574819082505982768098087400052275005274470580212
13458710382446959933150672267894296428272948000635685411970323876392003126223
21766362186992021487646772067085425492180468600094497449493428896169588637492
1568862376839324198912898934786079224393702764525671735247091135233146696816
106562028323109147065955229064354292837103663507644851731389940527742639933
14468718351311177821985825517048375506109509531546879372890783617524277166932
22544563098437501614441619480580602218353358700451238789226944907136184996943
1956266350534622849857914461524241521689467312706699133723623089681021105015
27794742255595613710336844221894816849190929043417800729334429023483698616085
2686940420251205522300477895741977282921001603378086595171838706358046151665
3188912426538472117489262890304972741641940301785969846719668897756334067521
21833565766292487110710230166667936619285761114771597643261782671677682684407
13115885970146643251770111101032183256239740325790586481171971345051003719620
2698505610426878343252565482429038008795796864437686150538772882077477228663
2694641515409676069578273830009797692418048317219235606970905192017461363713
7604984890508170889921494922401360075909084416246665642928584187543911715149
5550051994886989786663939297688614354289370855854697520531118101532480752884
1557060283358909527264516434019913898069023335714200528526473398525410768655
7741906047143282867069881139262718160239214702142092582549314361494719646803
7322179684976268718552724431600860118125930250518190342285155596524152249667
37651264443645328162764928974226546862517586941831096059851583485504193917
10771085864230891185397266116079945132019980368891470932027567355803133746547
7798571446595688192514271779622440030013140025754292255579645037413922786804
10434088296545030153629683950154000378437165009071698523643955326610527225845
14368339320604117349180750779021644967244758538783704134767892759669068845407
28942329163839324845197638407454865592620998921555854455296768077174594286961
3377918237012622139658353923891480570424016398415354129446696950859799778559
22253641222827404542361222004389565959879137186447142006165345879187980665623
25024502369266853862021002225124389628357234776047644640804959447126074212417
1901341985167250258594659481427109685749185378965422176134987854242849232132
7684875941085104212805654674221715089475035655644749594304670008422421299216
28526307953841929556635991566223835102895769770984468531072666291121838707968
27958258748098230787318203826371435804226643290113128833342160400118798209392
5776701893740242695342813454221154466492513179479515428132217488262772557004
1784095317983226860543051587275134022947715188058069630724101278317183840707
23179848755814029472642534089484184802432294577089201415160217120063913187264
1413401862094286814317512093996560777917696163875028258937748472500138872855
22589300102484715497062017420169106931482269455392925279624170383955297357831
27177229261154258277027473886493725968050748684618176630336004079840707202332
12827951495010750637078923484971817551529966772814896838488091135823381271508
9646966342689678733491277230098958541312811083945071788079546932415073301828
23505832041709012552241735414987146808239627280552916641612216409839047394653
5459452662147312500115015685686678127633154364175405967014901021276385035773
13046042147732524708271666750139142956618926528368673091248615479941837215056
8815216677407263219822595350527138977281806803089169231225914488316320617795
21717974125443154929104564640671025722816816129398493753044601219544025218509
8136696979585278396567263435186403295468627873322775255279796690228098875519
27732517477810836158578272075723688408091386243307565982039483947088269280561
5864361791181957685205239436806175168785644204580012342334371154945155020049
9501697631204218550922678697257337887986727615386946989743162294955383538972
6091795081034608924363381566494569276107882431885789978595443706990639804869
9388061358506377122659804226356005064795670156178486720229131204625886442951
25230572340669582436119138746163330595296640882857604563251915733248105206020
