114114904836965967499194627773281628655
-70268158073897939301418601465728178186
-159588032099891957441786094149352968185
31247971417184516547758198227596353252
55378841863815790292197971185462842176
143409675585025798656529477033475080296
24401122384301104275076046280007071100
130159460566812638501271015587282235148
59365474052083695474095292280415841265
-68357466396689251443988351335334909681
79157375667251631015875384724933379272
161490279289858186876122598130225385008
-104852927662719671854714177209608045498
-2426398066808824295139453167493853344
-28061044668365339833366005448322067230
62948448179608897666589413881526065017
-127149227147494852323171651312348023403
34517831621687029321357530326253079374
158751125503632746781096523905753605420
6834486384208979602909462928756473610
51368247860062511146000311434933261550
-62060445943689418070921994637364980218
-10773143280731587330264793524726656041
-26837424690705075879691818389669348719
-108648106825963915222290458534499219384
-108588374390127951810171120533522334418
10657087721472313620269092453116699748
154399228678708089604326123397427262152
-35057958034002499958898466670464919364
-94571276824029242442401053918097138812
92776987190022721143149490501792259838
-108839440713567715908970290188788351108
154558696876067010953953860545881243908
-65547571509303065402311525536411977444
154223814168948718970224052935563654310
-148716591989111801011301472039871037545
-112421454954082923294941048432640458172
212408594986472791544630896599221676144
-33243294750978798379271548283083766199
-54936122908454954616444275747272883297
-29633636335402729760722652570458640053
117478278660266989690327068946458993742
111251962899239781065679971576222593149
8824258457316236425874676868122266824
202285110589844774568003419360027681576
-90955800853920942113974208343048236558
-40732697436262799369574149037547556453
-191943034503005358693455614077342954101
-201586953430587545463066022181441526793
92319056834130818327559609768711236039
-196119541020569163480569496375891078647
41091259724515855188323370694688283954
213314334100031180947399915755069269752
94901760599455705434881218891922009822
-40086748216089938004780064331552928139
138123255593918574168998065255262975331
8185061652407172416959982170656753158
-133670617702203564117745501697237743308
13567711301339924041950711086344013956
243159885324350693696156790539721063
-151460988753189129240122653995276056840
15680510877575932598249569626128773402
67662379284184284615409533979152215014
94830396363555066223721527726827195875
283186963517279677324134458532504783845
-145079508946530064988285750675365344269
67424669021691980122895497109172780595
-98361916397185073974032463320511433670
-22592939986595589228213092497989994897
-11249211948999644133994508713135625327
-103143360272374979000069713984243576805
151050799454222041860459820613454541514
148025886889203964622232487768871359878
54434291413034978803534112031457672603
45077803651773543330253653215379635481
95853427241112798955794650975366005236
-252983156145717902484437844355949679523
60576758420236326496779057401750585769
-150164835443372955585863675680821859101
-21006427205908207055923688246590269384
124632272352281115727326948865464783698
218719505039065304276945747775760824343
-81433818937613084599958862853670026659
81403561237945739018818784232139806345
-127706834058095255407613965249348389385
-92007018136643336672412920819160453776
122948405574280379185392565760492301974
-5386025761789585438875477029515621721
189603188134359233278467315389455213266
48995744282537128964416359415980421239
40695676188258288019715700408874647457
-17704886814314826502774136860178934926
84015554482580262606528506852613687560
-151919049840710617964413301784234102031
28831280623857210670551300133552128770
92229437879970353575864904402493195361
162048587883874461658541947521747520400
-106636035676317498256735624634274093332
10386808506959838726996862275445225389
-101642745094022652480280206591629103200
-86852894277193802268087525983541566871
-228717251847214808529931819877895250392
-179902194248497996966792380584099998384
121713493512757490653425150263409266824
87155573066655043052572199460349154192
107110087024587112020040387089242980249
-150604232242279066933264808376593246917
27599390912263423363851059923409698434
-76583846622746798586861157431842830951
5202031981399040985814654539567042175
38757626167504024234468399545245229253
69163356183781785015672255934836223763
10328695482530836710766957026071135580
21384568073638005289971963645177897614
-65000911422209653987667660311453903537
-63900402705616287570318105437541327024
60828838145439608491249221493135435874
-19192813552299017307070228633762614564
82549850979924590848046255740845950027
2860997975010404566168310438854647267
-180588781236122258418274907428140110157
-92996611817388370852198646442066249910
-142169096187047083055379370330667562686
116707920837745506610401172202913959460
-217800710412243512757904500510442893124
-220297521477638416133116547010809318949
-65358776213874773715790287313005293641
113350155684672594438322533165786337644
24747692299930203567784521662389912369
-80399666952324334445333045350047858286
-2165441393835705466122178289611181653
-5859580689897529446595315026714671149
175449892569647109562549074437338294187
-80421482235362667916932234480904530606
-137751202593986039767508021665927763272
-125856650674323710812443843604174290478
-150370071188863130903622645956445108250
-203953579156567178022603421190291723049
150119698406269722264165848532698622254
-87463186165080603136665244098471095364
-261559278502991300655033670944321740328
35655887871083609930279930495863467755
17903317651397707347471906763049203691
9613545421075179567907410733680868797
6373961034573619499928356053838186429
285092189313789939839780020902404182664
99225196827445751735249566520789318003
75538722963266604931819341817892509600
5527650903264677802631424555813071530
-80830299660581522264550720037324167937
236988472713093235495725016637489585232
24528305151939110853678587483634275442
-25662239576699953526727911793445423770
217908435043981243746327691738796415434
-81150062504664543851635862743568580635
28422559775193161322230233527242422174
-65520804905671151090485071083233128658
-220892285063210825224546452489886130140
103701976719704416510640043218167053021
-63662762761171182335698068988681664733
-91589110144726667144391748561424118041
78398511530058023601036309164728012626
217586571649639478096067558659104747328
82645805045690852241376733416182732095
138345653682705310385262265068262620838
-129638777999845147999407107934569232910
-147130018376157121999006988840552089853
-111223197334909910909875599866343311749
230956169674517773424709102222466381851
13107649112570499606456648650440178914
70981276345716695305311758049566460833
111613289586812806509462306668334325334
96126078061299351479324288873583532754
-29584487602471179939164777239322656821
44003642783167610172035915127242311118
-26269980361604841160281215194802687986
105668280520323826676282905316262180118
-82977081453229329950418765946969380220
51397696658108672769442163194525766868
165492503361763818639516525344967005402
121794289607474220977479604987453747179
-19113467605667953134914210133148123378
-36571100383355092635136676809735188755
-98279750383749992955706530062740415729
152175974974446245452320749627058311133
-46213278110028619469766311274206398576
50281576176074078426374405889196933965
-165989086633674049569390735937205818689
-205867288275365682614296905903801602316
-18380620605938025840971605067097163678
100981723178775231411975600306994307952
45034719199147097842157664693763491990
-89939583944858508769371868909715468322
182990140525001951463253176659721431378
235532894138050653960278586440461677388
38640925824513097954742639177756402348
-83970636418107299081589605403220918581
-191290757993482264638389855793086680621
8997290980373011479730365791931852920
121295719045329596997898325843596045101
1832572197913584646684803835365944349
-92649057215878952072555906870397943023
-83302747365839121702206508061856293994
119807770632239533468572319296671656804
-129517615440927203097096564881181031476
-67775051500744585852348352109799860869
-237672680164795465604479695275729001223
8669378689302683611039142034414541590
-63159019428685317223204132849487063250
-298848212669790620079607793801842037514
100601914306894122243193121647713018854
70437342324133570925026034298926612580
-107131335058882091525609815292755984144
-181438387035498898343364344560873833210
-120597356894303512654718112711897365651
191656865364560405407617582327711114777
-93229370200142012199753337697298772536
39731593045380076955203343033826325527
200685341945203704926618225824840160882
-139867673998230303853725124655666124874
1818077725601642402766115765252099604
14801965883410302284352160530280868696
177357043124013434328647508635224105887
38474130044166608083149419529320827045
116990089236520298074274440547279826453
92074922258207076845151537665833603030
-94579303945703302002226862486242260095
17267153129028091930826156851596923320
-113160270908328874881473531136276006298
90034168616891844063183743934769104696
-81632684146075296835508632749196076892
24390164839391995684161876060552133484
179264051032246327469522598938060259807
64808607222158381806906418086197756390
-42363514741985122450224577930084752992
-52789636584148968594598453060251928247
7457280664674121195078236311150968036
-34254394500049931004507958939623917871
86563471221539777184000169942265904208
-27393151880871332581305536693269498205
85951815534370091305415954263438739950
-53027837453985358666224301793001982475
-186528343770887949193112982923917918608
143930418537920026891370858830503563196
-35691057089546551734939899831645919969
234552493837445221940513655203429493658
-94334848820608737655336644273821032769
158276558983283659067938820624486232596
-37786868286974071798875345287839401909
-131540356889272804110430164824778919249
1114090478663806971947851209211129276
-48876514366420831963891099677490973822
-60873073053682832557936595448014573756
33479126820882832542472630720606154611
-82360624384844216397363391922707262887
