34807252020058592848569539850867113257067666797863007823300046115451217117965
94227749182485152665780521155472227244527026028918759207981707037918780994932
87635704142814117455395274464269018466266012241523241655557703572936405811277
571133421957572866284141011302980863902936763902939317372975466050787019792
13469146415197256298063260233305045913416089965110199039383818712852177580032
30390131514145044379521876374169180492580678749840352271286848822161453380672
3216467956110476024666142534330879979146395617163070423812599256538118832336
34425615302022223993510346600687635011337640614853222776951845631580852519216
13485047871643074933824688930697221159469943296030133937743713520707332735745
25245201673182155531241644876005415230212316811896693152549638467558999916813
7628135940591338515662251336243311900875045952973374645898622043269948190784
30430850115886830705122017965754595300584263890102774204719297495899466630400
99973536478522924356858383656387171228232851127505327521828486256124610220052
21242289970305499975422471911535886828938371694822666502998443410827580416
5987927961174927635066884970893252129265576381524062484181301658202487720964
2267671351895980053023452018001445487764189657255830954922045167650046263489
99509649722941584569211277237410779644523005405251847082251418398608164438385
3286357972433854613908393617644388115021964011297788783950993039857421193484
30419459648829433102699714318626454831184189727721489167716533535444514706384
210448482698209056080108195806749029554404238448303281357201483525355929668
13477981940259355420484979259685803533298795090959744901060055930987409913140
94546533201044989175672050213632040592837239543951022823553930866387057377300
1470376270872159016846277105654449992018638765469189227431816624889457029453
6247951179504912646358583346806958099151658845183347528977315009839484452609
89127609704215871268905852264520454441704476192086640212902367534955102236736
100053134323043622563201982225713969507426629830926646158195949200310269320660
113078651652268038624805213292330678751334265466812346406525096622942178320
34856553870331255835753243296476292933743686585209076221008042690756993208384
23561374927686312010472002901435825258737872166739790010911790145157506027568
94433056512416308284538266954588674161180507995045808919146754246830147551248
7447820725734453470911852413078879575786323589962542340956480381392222224436
89127026909812120051601680855319182824586063736048429278629544199735621796688
30503623877627445164263078444805168318784095114420519366044897130928044179568
6878687612246327425059013515393038639978004328551373531243924430890346153168
30502860136104525837177862498382205066888725746043492117228089737962081764852
87296408788555140833646808181297824708994165236462650613490150910981608359757
89478898744645929143918006640161503916318692999707309914420447310783920762896
30758717474968613682451210470238097534735152881536239305008480933048515316992
24334785951495388546513747308030004814105247841465064230757597346187365347777
25014715795489685881234132933497455626898616160470475729962781390891014734861
5549425549619777411462502940054676803153755874520001730484976510384652882013
7802921204505053594181525828548273788819310157779348112949573441360443240716
53854955565888457620539635489307254954294156331407978097833289764694900359217
119732014689176902521798911333433622088782963536334746961345736183561400384
29513443291914652918858554872486415710854195138603423528577891827744012829760
95585149496141756615042016737916334116540895878704413345694254613196481236252
5430068128879509880298681882936621205468487483397261449911370287197981034333
92725657547544148387018411224600404798928293801968610515884244238391636475997
93063529083521249838718029029590044552502051590787941345182472611841753219917
50799082807810610327780899052565820537948863048165820824513370950667908468813
88288927300672762487707277370477789523035898197443010367510555231147960566209
1832581135744721475370052103008902788708615512066311094951016515288660644636
30757720732093793565800101583464645903694848824121966301352046087259760165696
7355909329745571636780473182260772572920027305577421859505343732846392718548
5435202981152740552496998645392018119495304060339040531673494198133938474257
34489225869538829797575473719414549936111493412023616654243638346026958255133
35542270363544734629976300174619649461584243596705573840435774942115790924
89026654487547739194751529608676813399575327578487118391372288602058034060656
3555099491643363606244634744406242498626330019989958780441279507684380393584
35960258125515952337050414967782404881408723134011055645951748005252173
87317590335613574987052058200762099200732746370419987359186351746901257028416
141691558745184081660979741034247383914018750091005131031809089769073345756
8646647676425580338755212891353485792597674678658571993696222046907958037964
7356207387285189154656637018417583593331560522167438732061912371949831195677
36667431077893397615229596071141912944591328684491109282381313521099245368433
87305578195601391896804985495903986049005412636717887828054864466578785698589
2465088149249163861681147087360348933184037918886128916155070567679043334941
99996476481252741934688671151208098745653290334497369640324909020333902689092
5903036237210728572672359475518111061707861576802054746065849058788749099789
344978810315162590586892428369789131622623391041193957758542801398390407425
99968743898319379433282490630367541284277037421219456666318405000106979886301
34835574206374797391806174254073161232972217992495597580080715497847105376708
30310786355300035170861529781754859246743316544110052872465104100711023984756
12779694994284127689484068555950156043303299637157576695757790535455126013149
1816413794902142954460766232532086517243873495689916795946074753103329035457
7350112723926678611559713894027201897844198345052438664399812231679136511248
108610337776146435020517826177063005418496879655443862259118912685997019894993
13204100104044783341321788631063488183585822436441816426445826281633093207489
87319361218825466214108192115126785298166792129748147672809934455313760586781
5880198274394427327692721063245235708624308101384415522151630961185076026688
52490928958067271352897355341375347582821686999158949384146871336343278285060
31636775772085533449965722513511697884520243810897986094573720159071250678989
94285701096808066034096730609190759424591219806251451869040773419463902262481
7606410016745046967695418881332301925065981263143420819626357396265058976193
88653340368943799689797980402098986847278043228580594809036208692480459931853
94454210246012729003635003762137982938342801540822210305848304989064121500416
9414202953785374371940010272743021922703105826844677465471650250118870714228
84829899861595317040472006814070140314242131881334211039050932869538792525
29494392590175890549657018122946685332268196636302920099869840565908050611972
1839628148682295225606720223834340295462425829623065813518316934504898872141
1901598250524665674747668133201181718422153341292054852567026050327669425153
5890358937752332354732954204760743378916700475833030906564383717377950565124
50682142255470104647029022813738811758210706030153979030001531514758799360064
87389712557799765451029395650814067645716944504926660038631828547501656703745
658792427470353857745589242796931864984190798748442570643165080759641636868
7267183134664312669961548358244952644257641440985959773367068677480941360129
30425467272857155028046818848369641039046226316887648843637282594855159121664
27592574250598537948041229869015691619500130185743052781583945193042752638256
114562095650085283818538299519909977961796130491991791825313851628688596273
95472076357503676814716700341393411562601051963580277482720004971002757071872
94102756115856908364463064463418722175152596729888024449974513696217103602753
109035687139624842134787021514838990563364258247023041511448899898815147676608
88317370642712473108698158903294929851910663999035293653634896750822114685184
9437220388836879210622906016979524534422976823216448500196059319940136583616
7249822895522291638884078397481669753224474982234210861456266429882109740800
7689767480661478319732295925588346918130564464083461101575199262813175471937
86993055461975530954092523097600561495938310488156521616702235937590404911325
3195012421729257960959114454912182362304853832736714103405675034836934180868
94216153599419070374874631308588745306102064750603030679310813345064964015297
28354212745228556665740871642081238742296489156033758790388888037753077773
1895856241039975058887823641739504764297330147936833998828339290721319202929
13145343935832166198230178576489067218179456568308141060347085577627068858653
113409955994298613560726361464920577525474157462688612479573181996379239632
452363256990349067333527245595238120888387724989649630623981214095199979316
6790026253779724790635066163910710010682891539252506123462222715575569184525
22163696706059732514430940469741117093922964432658064546837265242947095566080
13138606841402610673373782493070477935989239700028556054312256641046453177348
5892883595271707432076306344607431692854709749645958823953252014338950902992
7328915169662182021385468300964477657809533929230501367385231934875457583069
49501400726605495589758348244847831082270277933302875151245268985802667037
87183497838317862830455393276477990202072468609204820573399835544587804198269
95558168763233060769133699193195515715021724184110064156496712666444973961692
90209964589192172310544847522502992427875239878471817858115660967866070929412
10517721993885188877453849476221359754449352407738149631606917663017424657424
110449340009304879906169763576093401642074097453977944162748413084576149263184
110710750528160414345123821512737814018636834104983413098622427413183784563933
24900516937536320735618387802156596069516743049112103674447053302989575958733
35932481280793032234732382211823447037503352942829495949467410764222448487728
3218782661048650369913193428018066830808951181883757402560250388162086241537
21745031578512785396050327305055427381232811576101281017924928982948530407196
92015512548535579050261621488498081126275473510170969439664562518712704477
369045361584896793607662116871247109989482563297865855232604598839369806109
29824378785108618588114383706897550394004840855740264077531120220324921138653
94110667552145392393366799291865097339493736264563796048302249094918542790916
88992692395714321754111981283285878121016059520695117425594864051300249912640
88666231679725016442544729737659794267382555661644985995652666917733850165508
87390105497062961482257999651245275597902623768173572341929301045024198243404
110484045844781095862574120269570152446774161197783904359918242277332155315405
30359822836790218159131940753094757356109079799056610068784831982613441879348
94103137902636600752846817918893138468859140243618915456485119799206312205648
108924249572957177872498765481207001196714803283495710111045023792467976392512
2158804276471829016823074500306181791475792078040911638196348356225071789533
143647772910998734860136070243735733537120197103442930330709658786131399773
814628306501836946786115050301092215591928438211071405636376852451655209009
210598684879829570940531139519499973144796099971560931653618691218734273361
36842742686579887088940384555160611171104091648949877752148833211460941529152
7357786678120353392214412711669254767173035198472674621447492882460886123293
7588988172397121459138409108505625284880779136985872886887816027106701270016
28464534879215376103267281286552211045232889758792202544618577122807372868
21763049031015909794000433917525251869816872610784795239806487562705798496269
42114678899067524124390081807469713910112094573147665010259791857790835783424
3176370447394777451570018180774997099818110853665404346181096594157136265988
5572228567759291250385431847020687555177898271498861467541845255467994402252
41810758684261489165367976745389354434298199563558405226854946371490981621828
21762279103245864420543170492678671521708350611464111316704610061643241491569
3366645015943245003016078755389802511132705551812720659971255503055352054836
22186636375679252513591796261855025119016520676591357212842053521691620220172
92383691716037095316125178502208075513921088948235982345079564833371885405200
7781197494491302204289256446530550002892498480519730359648522504481936323633
97247296010537216644697286230968097309996762148800420016883124100819890013213
95559973543051992892850199197087947372886364983581943078341844658684315241933
7627484467197446220570618510094291226385777462849381612797428271977585250564
30791320149447068765817598962059220802756847659607717656932599433538285277184
50680373660321640778475646991331460152702870607677670215604564634997557260301
35167331322697338095905521052701656443551555011146333456021516736932010515476
99530493002364889702937729106692484969654031050859474352923272340733613572868
87308865057812531607902500274972226732398575225384227094784813284483146121245
100329424408605884614390543088662845338533964828532604294882630051389929963741
42157302296654676648188154930218466133651053379768352843040819660249102288733
3555256486277917340536213943399183591829525827081576034848108107468805442564
52151668016394783425750247438900670734877671735395807674585451617508180319233
7717610409943547133791818360238903431202082053694020547050225975613836228428
7350201148136420897158461039170398512243054597679854563402713417853024679684
5548236784508036005612968072554031541431076722309209994917826850122675310685
1811051811716852448059208090057773276074159380844268119282679431947460292916
24058163971375843387852061785066973373428167535377399754278176557366121595348
7690644991486797836897197777749033746206044732649485831223667934839551624396
94083288103762039767883669448125111605385667973420898296153175519958585852016
2014780144978304106911013812969271519495181903897936124505369481549511602544
29033272730440400935172752213862917920421069072216365130137799746446175581380
52837147416372193685004172873700601770861355790009144978088268318240359318333
5882304627540184125973877007214620129404819328846937979697555463460786209076
23551635319556538655183423137853163871363326941193428638972647050864910732593
94441516208282392534306943574101866089692556372083729399245920908677580914957
9506084527974569860682830151187585830530337790423401432716810784876051565617
23889655289096618611272759863232161416774194677927940953494584055576127555328
2020065669119139211747553647652284460590931877180776811061083111737131888721
86852928790965655344541359915555211438117485623525235750453140612471622807565
110564182384261875225496186996903918286617589876214179061540998441145921241872
1406611708333139931744971872277274572528765445103441476928183218186919875588
7774149523705678049648738138486809427488950113175728553280398218501939055872
12673290515540698973829520516487384863271839827016179629806583558632323957108
21796649827967009241049678314824475459315632197063772893655097497544728564788
29073940257161881621517400861247176564792116634229366143132600027929268130052
42067062023812322160744738397984737584392085523404263701217109726151530574288
1895833911488861592856508050634114604700909512792815281214970893802051329104
21713163695906250187168828792585674800633622259820375052052547203350260822109
92724184100038170345529985699643258157284358259099445213773947675997011456285
813304841772459062434494061429724104316032775317952761570150821920403112768
52859536681793446703711777346933900642555084829722651386624588877909172908849
55572889916323851191936616118691673650145186209360089980809089205767504945
95558942205029690093698607104153702525179295718682942878399360478579302531329
94094264809626282849839836178568879411596264966368653033664564067359926567188
53945402944106634978393623681830048859841202476186659484743040552154697004048
88659992333047930828708330564313868927030927489491151562705767225157162643536
94619961641915270557609790716085260103891530861080904108734641053250213593949
109104608362188341102011278483867938193147280053259835280927349211793775329473
134722648556265923025147119518738755158185131916485038395830813135308261236
22163776900021822886006896033917658267165969505438742529016286341453291789620
113988339830288282522831335526658207635001471024468958448605919671555235840204
50806163651108010608253545669549033258218814072660820019193532989998478920724
13327333147386273118786583428351971678393545284836984066923707299732832406640
99966977041042039329234673598731470226275535538037530740755750956998272158976
110935468369714253437258644355182939936631504870688233828397476628385754054772
27169582381745211954529252187140641235340294974257158247162667326835187043793
32114412421967920670350244282213383414121812122531410709453034231458119812289
94427734747254485481051911597968884486099244616547721282831498633909560987712
12756719060204605020906344799866402911148674415808769028952621847934743349069
32232596943708435627971095255243298456834567662854057881564626438941253160196
89087631962450212793837909822089149884521759944806100460547471014287986668404
8752816714440727311299930047066535594460530384591781493584462070360047888
825311591455765424045001494383640439488260138078004942769125493400999368512
28989192717854876927325387920384628658173253490013881742585877817940419599373
2189144979196891977721062993343106294670633225975742836061799106985846717457
9385492128477627596032078423054956215197669547954982238284845013806580238097
50858806395906606600557188164136297224938445107275278269115102764962328622964
94422455360542060302366246376323639646674587499394165981122545541972258668545
821589620877052394881579223923911359507953820866686856799988453231671694144
89497568944783516890822057235587367743307942336248800034981340357794494944372
7266716301381860747860296867043475290192249548566270699141822737705125245760
94088589049260153991608760681482620738530390398687867818393799174544433366032
3215780742087335323202960773527296082457488413491960090126351161262092403504
29084434058755882649750037776002050019283793337742081617564290976187519077389
13119170935791558926153851744863791195059561712812713588219244675041616727156
23520295763588928970780080474870145977216289576497938963635974478202293797888
24991059794757432764937596328562261599974399250678883823316329513419165102145
135634415311857235815519542324884937646711330133437190354481849029266312304
6240637479071392201900525832196091396188705063667576036043091607898068037889
7239628261210841761870942617825675514688372413379382796777627305837105018624
1447848781680889003404780112480072375948677331753088469641700978029185221661
7237642393521145500822029392148601166285438661713691639383005242222180054324
22276607002873903715661946558499018888290042456793530898260209510358317269873
88235149712575265236381627151235377208299151972946239335515439661217716388608
53288229979735427104702412085074826506001662555767820839027248211368205147472
5457818732261056547243253495628935931383785117840418153395486457994881205261
42065629574201160959498303847552466679250776863835405209677523547585945356100
94422075736170514691243269183832013300910678456845340475573300538898165608461
30441015762974602812881354160002987844693699355775564933273345555306972454768
5457563587096380577836186045301489837769215267752864619416074260191475929565
99595404686603155383259665785452906809959540173166062018902094882677999820045
12750659702129944611715596647326599563007823756212986715777078124294000688
95980566762660748092177633149617326782670523130342093618593736687416503386116
22170431920931046577416287525724894857632611034209179550787352009526557896816
3281166138029304347128009193537747579521859139350096206523143624341344974109
21718085959041778048585683196693597390602487668848425052980929000708675849409
