110372729416655463885172517727054494352594201746384584216457139598115195962225
86937800060333379882931375036602589344734841326933828879637808905410608893953
87416718736787156628131583362388579840517056263443531401920409512261230723124
87189052060790406262178531939193789601342947572941330878185649135343866266065
52841587023616875829401169835057360647087086508897698511187187226351509816177
95891759789387040728048701559384378019295567992416958910057309304570049056001
108592346976143030543646731237014746190870800148788288993279912219334857197392
346750751105298401992080605083632486189469148999176874797863814371207087296
13117507851907678518241921621000211100674286659703746017203764219338619568400
111834722809410739838819921082194290476770764961933408542312127202737656716544
86845440808640279247109839191518402669839229831928068196165919823166682711092
1837858816589316266485783946020748706201931568680979947251228810559456661808
86851603724006918197072915901297697182531087319628550123721340776736445448241
459485819490879136960396633628302000875711434067054654265482701143161389504
22166532530105783768281824400061366198395114711563195321005521433383435178444
7334388114213217295783874236740402970614840181947386138610835443064078663988
94194151156074100684357183276576284019271763574806881127919328613955242754061
7237540366658613319863992457208465075456347660650294843982330076075538990301
90061835776947241299472600870542595529669129933316848373393648905141372067664
1902480211052521183809626123451991238500067474659322176137848488228568432716
5457507958295277819774976819263280574983335430876214713776963448432177929485
844242368526941479204080754392399038874125601347597768811179296088381048657
827338223495971715526200727827380071473442226137354205210587242740273137409
9047064561955756932085968668435520719120143323719967125922117328399378797392
5885988733068364255699805801869062238491239612042927931070945530841406749
51479408247427660638033802767505089071020528361656201307837740631280838631172
25003210643620403449672721658878497113834030416655093187306325987744639877377
35218695404198029120856671790735987591970023619864471589817704098898268405872
94879723182800212473565926078570410410133887445058892774155549015956431884404
5542206403771993413447386541449482393615484938358863224182295625264278812429
86851769817563446912898843532823626430525062863626019758048472070592339955741
95572423856522708699646131888822830328933388492939676150365295189854336257036
1811026545509129277401386833234009359491460671398274907077036296757483723856
7689787825568528727949174336796650174829344166486754100538705784779821749008
5479574302677686108075055814781433913851133918334349600009542444538427082033
7250015567790572605687466890838019588766155746985479331321478142009840524404
5832759536614131567835053811542419582040228254188431335632682312193398016
453722902769629548672378086265017943121817133209516603471230394987733652240
96027830522559147864008442256719595395331000392666810883732637750671490154752
99624999410411255840904943534929239791759641037760516522271700659217423712461
94449925556217222933924718412927403850926301787606443792102723140062840377361
22142460015637825777885442621547345689340514507097805280048627903424465532276
88659425446460005371018333663345617122868895700226792672585050211892523237428
94083200049827329569506779760315603809876765104078222271267913922918892032269
5525456718044364187469157666568562892520159093241910307315827110507556487168
352244516027941208995247385477323018208035480670202239254418507690554425808
110731846152284307894012129270537810083251607874990467650319931231725638062081
52588458596515614417371437396871917524624089332109773931203335177635340486428
1830794957992790617492489772227084621409068808903578908915328181823713625869
110365667231410533499041437940998871703951150272056533617012234161598505174016
53288556107573642842152570187634806841697457982503486550033287029950635835709
7344878661774226873925930559154990703857556654553110430777485669159376010333
7350547932342391528896956335565987640352031707697094426095883403389990032652
43132360423178097911909860426688710517018073820717451381213723496652055039260
1812365807380621401419669618077773238235126256559921536998397991758317047088
1359168247018829860460784281784926700284354091286063505336757283697777755357
23205376353663403576073494794870962297844129085284713617548593620913326460016
1809778092600303161412052396536220000378858124289946324582637909919310610752
6253336024356617709743264668936759480336562650679206127298615203386858668109
87308941064452037383410432300829261331772121617350396782255102493196191546624
1471868308168126254247978887211152250960548955640765180466510736852454029108
7607050951168674644374369459958963594306996470683535269898521846854256172289
52921130929556286120316882072454007935220878610613961411168746832159662157841
30174455279810765613874921895118896064850264018167715150124808692013516756
2013796752444558985498309725290418867384490770315404366238130304210647069700
7249486975230437803349181554249158596830703133762679176428943378082902651997
36332209548407761217879282263268509057254114556895142270805783096926693309504
1858923370630732439127470629010979096081767379071070508291655069795805615168
5887245387001816332020484468924088355011748967768513402077366060732580443249
10537918981487945774792376025788829587143696824888350108348936763959030045709
22533071992335198961903895819394805986172659776255721549292109315941926503644
94625289364323083926398712491130822307803954982066762228075634462079466669892
30391538868732150210840494830648513252860406359602285283285288400118809101581
87645879466622610743440994365225790568685054229831079321417256499304480180033
9054187160784399428597857166890741753095610451991038972091579806148205744349
91877781235162909135078471407031106281951057614632512332669481353825710157
7722999384959048628594425692191702619355408907807452932472579318405738382385
30129282496585948704261873515712058310314062141734903383573719761826208845
12783585915678164747616135030814792823083562650856438912614576696943329920797
100329417188414605511773554254911191925795170396399190792389386912029753741584
5456394710398237717405323109948884312778575841330343566599176745108221710353
29289405134853587816757086665069680418681157554359196792345441814773121418560
86942052348658315878381993644658182531442283307694272619342509462083316420624
86957153363349887716296311868926104801077515991317405058584000165969220653104
2154234217993218616067865596150140487736691731798205491818595235120779366672
8793628663782443622150217742858714762204414624929817248531486461956394597853
21352758137572931971093446791743395202820426207930003697183189536712390477
5452077232514528432639910145938404915099367587458388643674713193382956977436
23274676575046218216105084451847157967731407067813513139716916781091214405645
97283074335449883536506456327430747517777869187560744785247569826454329149197
3174798143714210096421417393423529077763668458099428798708474654115204641092
13486702536690346392327016875557481873750527978806928704826681452556343865420
29746639118987637440456708415596134018515127142481102069202269995758161183197
94176240712782449327441846343109262421256258604119848060250761271696204776508
24320703335208657294046966754722515718664373070732709792893368462631662256349
1363586247662256788238989325189049481245324815901085819728700075946480701892
8740594159950597909021457934054004191957154952153845228185148746123630084317
30883277926184689870650670248656858101677251800652473201959600222044030449412
94199894375377724516067505183796540958184430330070762961037121767635618422592
100168059184539853254957875495098324522942892344390982614492366558860259958257
1810072789663156550949782176546965549416242944683461727944895497514313860048
50998384126347689089691875535622734895506782475122337422123933671590530699341
453753704304181785767566088391836056059398192710991722974013407606445557708
1357070113390387066871734236080601150676961884896918188209539449522395090224
7456621222510340103453276498382589908407753153856116460619382074735438397453
13120297530775114534026085736438106868578951708592367127797724488988687025996
7398862431529453933294770597848249973356579223476811807021409364530644160
51478863326897582655226922277112301075796907721517291128943870199507966820404
24494836991556506354916791211375432224808176915109881979474223478670741628
346780059619976711687116035497172383063418141795657424579223486304150171953
1837721228333365994573024034552409434965612140326386391122350482302262427916
13117521224434808029179070367568331696219901433243914120246136772974909326196
13123734136662241612720500369698282438389607501904222889604344363283935137869
114117312917902795443772162052646971687636014018119565197564141455568179059969
454082823030320279367362849635940825907113647729597542163503233846838587613
51502626476062785739868905824977001171945862350433846483099477716735617955652
538888793620253983351072925618820652705580457005932459593697216954238435780
24311926062493402287153881297369136427054951823402136834101528587608618176477
52492721428036207660839405805315976622154607876110915508181953505034297869380
23550418082226995213618857347536461212635380766785982912034044562740782105457
114871482148525967193407566625661265058274166167514080024719636819316048180
21804302462402386638227119379611124457262097044024286388175613911916030579008
13045412532081388656835978623902454280603695405279581970587757696788588515444
21732776733382890571951375090569197246717125812786212154813152230892585112400
100161152607337652143367604668320354095222531748074656881784895074843964686337
87347647616352393902932091953165145874846106338290601775663097510782654529649
1840645903164454585292683922560055564963062480870274085075837921917901262080
544521954499314232766502337066161088634443021945040135564037748211168641028
7894714483236281991412282164008143506562992232986651546502283788253731749965
52923806212342934139890302224937124615192155266948144712307472318870805934272
92660949238946771430847105005738606190060287060004488216457223296290778263616
5533766739090040515022619191099001657412493886767375684506821203090558009460
24312455775619987236836490051324023941075887470101461934947290635728702460112
30313476720742652862605428915229244637680361493224979530241481791724496891904
31420283172672214847195513617664408117332743007452595012233729974563352178957
36575701347831472024434842261398009258939961458490424406772223528677802836817
5449068614234465750511429430449466772002391485056778286081852529017375233868
23068150287240386174893880262599978678494307542877894275730841627376621453808
94105566838605929748406492958680691198229348587572666811123905630909603315924
120230574550064227023472899959383414650260914725594603822933648219023675393
2149833731552303329522766805506437967360098400987151161936463701620437290356
27642074062735672626131651036869342114087569463465200385706934509214399664580
95439976950273859356356233342266136853631842595318586559633281291120294347597
1840725083879993627814955625636310552028258412091527850685496171552261068624
791569860209024876591603466130355093150201801199174029739735985082816859440
13456336928861386338315823764922774966378026854411989767799790631112391590925
201112062736416398382972177260536797693032820546512000956501943335659189745
2650355178868231633288522232635386832277387672562408519814341669516183655244
2201252039651647648846600347233285047151169262182967530152255359975183708432
24001383774132376262770803290249749650272018999114935123449553758033676079873
9087424273153845651051454601095017061946709085617111848157805421570543322052
96270837889145758395751183209579667264498355048249856406159718043650883614528
801756898365866948228580311746932528666978789006325934477711030197959462925
119015525798136480278798258107420482539976261334034992709007618844336902621
5638099187924503250607502407839642966525648341733047068363580664161297875213
7586421044510975351388035323223529593070737268741173640489684145218415260416
32115979297116401550259924662688499701374251097934888564290741307922544934193
23527667565213913755122048815573639125905093985826354109045842945334503552196
94456196228236797250746252626694502184295615863385623068376701916140581015553
23871879762644717227250303668301032689879177647745673265985373992233106657472
94083612678243940614477743318861637848638464574363968074549180761487246627085
2359182673411772507333570586481076967982640348090653490222996246198148401008
21716698251021806103563200083761313953854016934388753109312836104312609390592
95602443543182493916823098592277241980605085629991830615504927418135315862273
24346159029899694263522249762818320137255932708260263035587757770394977436720
24340732641648885346826662476384738789023817653555841155016996298670092636224
88706097723603555309118086941121543589913510552536828793968672979558223314944
3376466869979611782355975285328513115749752618939149493527442692434699761092
23500446778891191338074901170492042602924482952089838249738185632627376976
1560581197139086361901724311539141295370929018213926181668747082717231105216
94174308280568533568270825631051622644398670043750473397459022377430447873473
95891649225699670433605872371230730283495344128175540951151366942652101575696
481362625431189547144526486819159962057613320441761872348205409225030180096
88745390667087815135456517430333906057229435899809838576093049224279577402832
29152983598976891913045346738601445219372866403134163711710624459871584583681
100350620293907073137830961911115238063356999857225321798767550570009495343888
30759068163537720348576727959543020480192020791273492821260231835282023662032
5765039489316910355380094854814504934407266118820077572026036349220762368
21829865586428473151828188479470958716522179748056226936680729707413697200320
5429114347724753894014839184440479571587736038185158445282569832638945149233
92384989381572389642974731215917678639582899103004587367514719078398154562829
5546574842486136132863449346374407997728700458065988110349408941431188620509
50271046882731606384746620966238219737990498431552617568888813005486359556
7249815266160395582241994667451514887004928773189929551035048038909291778940
7334707057707354157462967093439589604802462024107746551331254482010681576640
12777867655386399581690100280020391485467728303622563342219705205012632633373
88655133616753812977771899826093890324696688674861478250599752419782855234372
13145535492281649618776878284494961022073694683428332418681445268526601428045
86851244767361554287553339826098030423290464024627882521248430130520302601220
114553468442845299751761687608539844194997521334129219191807187485757538368
108577664456788684346289630787092327446014926335577234167896240708522010940401
51502021442623050503628831147920510496331088058029733549325667445667200782557
87387047718083621974980695038049917312255955575897727226892048576392099644432
21714108716046484066007998689726743040095532632413795801919552794767729389825
7102087922445455562946020467674749961981236496696735107674706688063951041
52481223122497636300040040411366033873310663180477813234737173290189595938880
99594187580349019176088008982277910575947550317570701762057739409747456364609
90038980669257353224755034242907822865015733845613352840947063499623524143156
1472316355127002197754918331866034571300581142603540725439367112712881897500
96259186774419946469369329107546641392705668064960734077663130519675341898973
87050877897671021422411598553298716150435826177441104802952428088718066200641
90357339329303961584296348435806753160619490019822478220996205346457626901773
21808835210056829726646661683653646076986726477293026783038180111910918161680
23184284569727368051060602361014516915143773082908710696169769167803210842176
94873111740198169623274342912002373597214807394966292054458344695939449704909
8601065008301092726473573550056787489162705548583374709868565422473470833741
99542836768891800799630787917415258470447944797242973334614588047532885017652
52689167074248969555399612370165040376061395206913735023373731332861875997709
13119177997116472015321705304676445081283293761664064257934663408854456809217
1491350391954146986588079484524606923203497996990609002535130757724948660432
799105227537717932736549317418121923697823979789953269802419020474541413441
1860905791119281718996759238407331656781646661780099084639372289190252449988
595187281744199052557884283903692346833324671558830594198000774084374502657
7351874388699925872823032309528652854191072732944918677593049733443855861581
100308766745465743114291786853402979406384035087799250967448262142531145314560
99602918956947329108981318941772044272133338830034105301682960131641001169664
7324071215653239162959569857564662978319609524996326525006445123255725527252
87296386705358596383479760773035548561182104506306941376513341232347822162973
87388284215718144741110037472348705899854234391486940405864643012793932517380
30786200838467491759195558167158481858189130128639560855723625408997863048205
99966556465951315540277046647698881401879330526884856562057951148504506440704
34806920582608640616574066928650800984731808199819006939150955333002221876692
94536489497232234853732193812240633805777091720314912270771461414174780817409
12778364603764669087994072018835504218602074385350714438551979549094473174020
30313470405532190834047080188471578012162448309416357072970790497408282608396
3190596349707603159451878400115961795676801980016024886621124743553807025156
21922098800777224746761827908643930226149530097555538640713681876378560171265
10601275752153148615227447760207493263470398626692840903374252386288708419805
36303518903268042856354290634116533708740243660618341942247580357866310365636
97455502045781515235707469519899180602486245335805415095706611152705432662081
94084276405242004313674882596913699021486213086912742836593081243106578341073
23527469136906508536130661047937011358407263272576066902078023334317650035712
88852620853668306836411810354525558991313379817142573659049349352393499854016
453749906423370594886921865702503203510541565956876594599839566738373226577
25011569871987882096874407643153029345169938240260500939624043696831222717453
87387291333639181226034202902556726126365099934752463078128067430722797597916
95524338608320986446918612897877707507407501911641680258913812925137911340484
8731426913264535340304970429349323270310040212080265047294384267518838428417
372807771142336665849591790096453093051574537029199700177670531203247600460
12687778836825985040822748730584307928146658623275754220323584944923734037373
100012072896340046350932177567614327864810097971179759499239027253456305930525
94631004107187674867645595396597885834311770475595126913397598538780086649604
36757047758088597623345879773035647909642498662869092828715698077822962844445
88335480831846873721219244456268298344261337904332283670608737175508156747076
28949349271243030926141917406647235297355682428983685679466312750041397051584
24325041130705156179760266460851603002077773442536611646957410908343371068865
452644563963003347050600096192888087288296153183913281228773720266111193088
87234873144232755223371989668606404795608588325796046008374692993010662377332
3377246753394533249928191877412860893269835516625910732000709540106885513216
2380387929348301521880364846424726881775369786530628980037650756722592436340
29746770053158843176576892267326035281568854756704508267462949321630706315584
1815331845217834286147661397151137395146512542306726623791621226712735418225
36208336814656539934790320679570410574411458118622119509941230145939730083892
109092742214875873501294444843912633446204428518621927632111798776726428910352
94217315079424205878981139165353298317553595095791384714811310553057076449344
