8628370124561717225449034984064650422934857008307151339194054815864127762625
1858856297551085577561751173088104520280281595683628215774877885441980518417
50757078806508088640594301202563048514773997650906777491821548194920024364804
94194273228624850986495030008875799874849972425537314949495608365052227441484
86865304045117795223045950848145235871410267983374455283047606435269516014684
23571839308293268742779950511786948198355088129146011329392703337032429940848
31554680352373871783740010643404090766435288498001722994119010456244256181456
94420772706664068063823823843967392087432963623496821824388527243984425455041
97368754218215562306255454409374164595268082026277739945690040274580444857601
3189167591357233185039487366494852265371385697779508536132193826238790370512
94086407928974242514194141029497044897346364287254191876827158183023843148636
146655295770463988802545811653260994740043369506885818244532868605933732096
376678318665825615137584679609654253290982881699533789732676809114491502608
31506504239613945634747410460059014619363607355499934723771903903856119808
1816325712055904403320090498874485136285055075857251592079327108607485418556
109349255108363081469197856984829620335102798004707185130114438190449515382641
5790316836755451009497890320864439189090607723333397132815998688988765356253
8728588567331055319768175946492475509854252828300696161136513523699711804685
10793779173960101089992433279916038094005683026521146753865703529804258658052
87637070694039358508328488120620241898250244470341720385726294397881389891648
565508440552237485711742868603618251829839452495186014568037287277674067136
7372108024138101813618009923637855301828687648461435962738218308206711369988
108583486228342608696467611392333337016436856664855488845614490951273383998660
86846315365830174365154180147091910617828271013142744379608063558660677382989
50778003241722697743850076803231362178136162314988837964045234775818830837533
793077959261053349596733183158067171035325864217840487055594998375684103172
42435801530351943178147105016538225895394140660119259846834015095230785068305
21711574529687976901483108448038987204083718068487500032235288169600337855940
135074422261225055710657633355627096178197151611793390981149833134188793136
368948711466903617685599621585551428284508561659640921019501257523777204225
33604650279503079678241453449579556768402831175302906622229707085571358784
27591575647464415443475478485785005014890621962960756216161758839855665709265
97372718698695255160666699603747364263222154142656225902177646803504070073808
22216086564699539597369489371772642839752680181725497980186273651411635983360
2198510402961069521712123025276434363544930268424456482010611893045303561693
1899852352489040509886909833101638507383917515902734952034406115692526964032
7712818919427977753671381040455576069729743475552577181216752701173823190877
53938638913821380978790675054595757064971889930332131402514852206833774220404
1359147892238327791526167797581882098658175246451152237635794936468838564913
51451000658113645696376428623985701007206944151032940917164225937130282561821
23068088465385714587033638315891412811564203203717937200012198489299786976269
111772539972450794975754752151699482108761958821068385561686432752681634700737
7605374314717031831316776302820497138729995418276607615100527603585842695437
96102022460873478314950167263222634611540445301449754785168961686578567119937
5634508511124352929948746589220537031018329272260287898274194536638871260637
8078831098435993146407586854134966605299463807031339784235408162414944849344
8839863329975506360136847236776732221721907672301102784825318972618182724
28953523776277535501403195442072009840341422660963403787045110497875478398724
94132732509899378402316103686451989325451096610667475914135375016424273948941
51138318346167952723815072513778156740381963640975006246425764007778492641588
6001566702370024189439286317558316445693744130720076764541392191563112764253
13118846553957388201278467062723470100181557817411415298425661096284470382620
30439326533294421898294949108535291523627482030394481370488032973448911525693
135055187161717217140785715270998770730151326508225226305034500194193907021
24890016363614196359648799157909967146206667965005761191403348899492730308545
29449917315595922515108242646167439225652162188491698429063415502071703354381
24317455827996860085866510308487666519070107614407712236569348071429788452048
51209334453324760268358278600598506182660495721903376946540392234126495973632
1816318981049593225747169030140307003374680631312079102410190871130721992753
5546913346343358602805104023471550026075552956766580195748324678884370701581
3194985435809949313819750063930809676348562712124187673954992686903721399348
29168881240282212187583572580270722435256907970001785109582660057741556478256
29289362303654046827124187655379480783032707411447675106318156677176442831296
99961279385306578241311341194243251825134794955653730849908390018323745344525
96321434741434835653898292924971707014394685557337874267434480037683476575540
36545554498708451720588816542486868302612820400821152859600785413398223637584
1927633199644853636573396727908294476552234679602139510277748780035636990401
1858838912219979399313287255654383548755721559395603734117141512676224270532
8714111724259377141405592429809656721299647723711827487762165898730077740109
23893610250148337890886734983312970350644921946759201741855138250722904428400
21846629152411737564750925931733683568820840381286748791386061418581651292957
99644902840856288100771030280164645416749208773655137331896455220764196801537
1859104551187371317239138308823338783380550051751134614177299393444762026752
100341033655256551847108739632910631954636347742934459571947908330464483938304
22072254614753459971420572615567977331655965111705166752049020299149038334416
13208960847734466425946999653752688890433635209700423851714563150221237292061
93650254842624340614025013087557395112024780335389513779525422168647931648
92727358564842825583326885717017615209307510605679108784136897041682210508609
2602153429220067424673783355450651126200548970785620656970446585868638995457
25075535336487990227115714779418772539723761105058497210320005011964675505408
10523672484230624223332429867374219251301629299042741461777880708938711817680
13468868531945066072513069359246174276290476442975797658673442598095254920496
22186504378143895370216205374841154156108938958242110535001999060203222627405
7691863532503640214342703877784346862060572749013999990373103701517525123377
14157746290514442561706334767855412404491922592768347132859334489842467540445
56136408940354661009404814771999839579370887826094946135853612510750332646672
36575197492445752936614766479299624301376763185480702860907712513080171693148
53846879949236133928551524934318812783864413485095404031486850946395234172988
12719580461440897966917925022766246400467109727842839154614102263091174573853
5888488890650380327172093448629610923989728411836290986610539544743315850001
52858813863867505146926758323339786929631020383171404560627187813869380771037
13209040301251048116933690433282292133094669427422008462165135515990070984960
36997882808357219395664837719453541780853533893557924315281805138122263186884
99644550064451504890570729700907460271017972032065732049801013991845680461661
7249572047942015878686759084801078667810325917653794690323477624309431781329
1816783054857728794001703126565279012312789528675841629491016229146020221021
22515147930289888866952013312110549212116084768661718646956393438123576800449
52471493613058549797242228780176195870492661376538353435848891936402396415092
2203459070376484330275055983647959592459020915792227289367022265457327791105
12693062533209370921855731347286347651099902700765439326885777347924343999569
457946483059641080848018222081764941722272350076049664811328710412633687360
8056956789067530107751128660026339222508924183648731781711760317498046559437
28633728188327075276272216351549655195763189599196464653701793352696792836
6078401143520254590170179894194809873337412605309719466893103070700987745037
88766850785563161527718694509668551464777435255533262437356451073000067854813
87213690514845105070492387637271377963719858186144863287553770270966355017748
577786604377054582408807463528986046089699710647212442228034073208826431233
2185264038194336651106876654198745021680224171286343404872325669190092247057
94133841559490749846636731154338405901434922019351963898655371469859011433473
2271772358793309715509786862319636761590057049701272575341164156607997101892
6784746375254603745092883657550286853774066023231920049737173479296596718605
50801193929080618144472483594677150379224824381013798526038391946293979922625
1918356045666126897334013374978583010968295149311612522023551042479332644624
36729218076711475267655620062533389774270426389052471447592022888603760997424
86851265907871534344072994211861809940321183336532554661531458630262824751373
34948367801625532695528197925732697819325198666027920301847050433068720718045
94427899867009637944284090766720931832198128658141745119641308182592724145117
94207331780421881407324524654518665639624090178723980832640209072420064145616
108894368017303332857292348221528285636972822042832622005841909368448077729732
89311138995231236646487954239864173260700020379628525089224253816091462455796
147091344973712178402418111877927924207615549219134571872649611641163471872
114826396935970832365514362660038673943450178432655907743663123139398389996596
30335460432166848184027314503295106386920710172470416280244764603214839480772
22515574138638025824980429144295217615148497361652580998419540801207626695885
13119176003924947527194334931746801848360222501279457373648862597690497812417
52604690991674592151403612601225746587239096942069354088201361247980620877121
1359484035270734747714200347597460812212530773042509813676395261608900740381
88853316748941554243487391043091991703748715160090077971892587104064026708993
7321843589401571705684826676960323785686987186275901930165071428610226901009
28969224474152875403260456337268565663531577603077897321862266362432331989265
95535190743158934138037065032937329338536188522656485339275222181648013476180
2274756607882382070693290408176974888941789527111345714709057267269365978161
7399590351764141472641059265302743783564312955211619579566377701925120376848
9385630162346118437325321720580934828028481106165598791832202300386711912564
210394893439568313408553974255579636789982138493337010974366737690404933057
7353212009044160540311437062328897443912661906965088040516261966504008306900
1931691514122815141431829084009667525786296602399441165604294672785525131024
8692452797877535770100090055047487690407230436770688776593764831403541546449
9053767804184386818507444402759150848949232853725921712332642361799517619213
21826055149216442220452491322654856191116316236613546329952128488613942936397
87192474186339686564633965836052581969315215371619749504836696385990962512204
7288583630311139238699937621868453040523218583914722040241309503185760816604
827657539436987245094642559586093177536704924188026139158426427597080613108
5454285817000659670177755505722016196445437526936399308554585346289870109725
21719416245448883973765969308732164794781019193037855237406752164132236034241
5307768151725398233506220943269493998798366412360872524711811737331118144
52816111168181798100890904897376850079455456036045932901555949949287769584640
5971979643697507737654151129228529207510084587512199227428914460454143728717
34942625899657448222566162689021702483398162370446535505706963945431469657164
9419068698151397735247492738014373908567421641594145529829363162605378878720
5920711448257887730398219764893720650164261181654382974549687212466459955204
99531448996931766448057305570721453672944840646615378193644747092671180632132
94443610793001205704772403635439523434198672921800672962103420048395164982529
34969532468932676138929564922822658213127261416815340506632828165741954207773
88704672680196057099798240211118438265932892936337002224988105319421914075933
96259349648359505676899031774068549722203313785104877709362232979893212270593
825649531461866825104139851398259585294887675050366791516478388407071671153
546335366373258382180437776763475761853911466799128342432748889438712695860
7887325807838510296516224800045537848344478452133459045990905263177816284628
21761289507049362009373561007351647603804018884622753206491701638681479623617
452890983503085396093405194231763176965509678707833161895271248075480432753
29012160328803843680489927660324384688941618895062230035073892847024056121105
3364106898643508126975065574198008854939231588044383470294430334675548832013
8629414113585397154282226928305530253511292223037534766425657470018607054877
1903254520855651231844038063448486367802757806303878724974439786265902599436
34467991485701470198609737057110217166898571098569387054586156529147625456640
94900985225941609833802169737953601078914112820230263729322869139905972584448
2261979833579711987298002022569293630036290504261113603953564309878980460852
5590951286585821251988518128959604863647769912063880791529202615043330148208
10458497641761476524881977656672882902913881954001273641036014611771577598260
25013597258733638881931396312257111851221533020792586010834063757357942625373
95554264500022077897058274146228211917810523401407201825686233473681322087284
537124644742990815580338802466614067649396944816642237502418921785039795313
13485951971434230669674190240626740148331825398449403417291160702051372462541
22050778928779691708107828869153425198263960622736596558491675366387135831041
7825703870622437286355788274196603579862441450510872706421419962594152431692
1837852278876054460593553165802230146041983493641742423422510673259062694352
7265639386228372431550023499552860509457055954697076626136298324021096497201
7268573222288280595155264069145343394198936007767275546482341260829508190285
87346382930644887161275082132370408665467174495269900796783789102382841909268
87008061572851462803864066654336320582806553057231025128598828870545676714752
27735662867201413182381025053136857390662235026012523267515010852574804901965
23523505149446620711487508104923116617427387144974856104315522655469224267824
459511584025882456117938137696543092430404296975710063901281829347658833165
34859533697290116104459212817726450893517274652185860677059312610854563152080
13117080920768714851387893912864902309805990617022687420941540358575968236304
22271268276578130084468900164575184979721059703830113890643818109676625862464
5549254254173805623170781098261758825114328168623717358093040601857222893008
1362620408872465799004277496914618717472821177643733850846358228202436280529
52468374575968810431117299676790599389568692628514650564675211785200655663937
87275180124151106982303246590774047464717772461899322743230064824452553851073
109359523607295234657039783135625305354987024966504746735861613483295044083569
5627787610268544083011800550825151941677534149975344658255480917512269362192
344752259127470164166071049029020056732941004145028301537777054500642741713
35204511038351571964836769133779520712720703381005509790060630219757979709900
23872345657844460163165344767960450044715974459338232716231939367675221835776
95553213841813880541049998142412611185806710213606725075680033075538276064369
30305074410531795719921255708700383791695019731604811469811154257517758660660
3167522414299281591313398736646388701691945933578896880657109793564845212445
9049459906083214750607161231378103129699084088790765028152856438024635945220
7324382009628403733168349714017199961120059202801092540766494857269014810900
27704376070328670745370996352514084491609389248811036489223984348232615970672
30513119251598925900817270827039840320704068699936679296202627042318319687632
94195924474701437032575199016071041641122748332495527842834643617704556118016
9077073291161717250117126687026617882925295617295204514115631872070919652573
8984168991275989023839904922997894136671090167230077938744477687407255422045
1860849293286075216240672903037487923167797109707911272522239870060232381184
1717824041484091406060981528674334943318045277258419188471262974943099424192
35176540959249816826772511583456267943918395327524406334020962587072978443569
28976782344991496024299255402082185802681745917435922896982037092284438217741
1356966712576562965855002009993074041444375088122691909834384554969458242820
13487756886049837692318703630615689844049944764338929025294046683788189307677
88851328327767120805309892846272566378767906092124606630721327267017420701789
125983555731263286393667771211464319859820826443539048233764673371442593840
1447494634893427490541609528973516136862452589294469166260781076261912134708
30785543284167105905731163522414130889876399920359615943239898220137716961309
13464818748978677238134284169686146227683998844243840152730339332365490329412
88653402439551061972953062134424160477351488979800262578037545802441252093969
5774520784457711342308335418828456915127662697475297280255284806833212780609
1922331459995689114430253917199082793304946593134076822959197842998294500289
99966976804846233261351450612261188600151247302000561307857235476153338435396
94533504006359035255362101804672400813065472202380146258337608097839417475072
101076547075195857714669591548098277101258063677104031270317873713970748093889
86850173438656743195405345891077892981632755190030127016623699483297699643485
7284562931433544542852178262949093600718120671758832598479557916645733376
34850093449838364536479098767256461777338533056930532346389550050532091052036
51005456763027690050856683289821031675689808504738305806171611548876126634820
92406129447243926169129875851206513951303515303943610476124670130204476454336
92923906349262341095596175966059266364508999130810265143107586097115762266417
99963065149831739263780242672437655824729455626116356259362613090564741018676
1837964720670212817461662051032028263762007757454205408787411176903074345216
1358458655389346075408861794970161917673253887492131359248710191625955237197
10439063893225580592329941608822427592426720763678298721367698218894752813532
7576266145600120147990803289683666791668391057860922050121471333512055160832
13148461759305642741842509734055883326316216165031142778188369390638921631565
5430879472798325124816959500055659826406143184285744803566079697933536706864
119710920557662922287132088923762959876801203947616296632801899574071443484
2262006391129272833190029922949959157289013742816038205636159920705645843457
28948049916842747759631965199688177642747840168919069935242378926539856417044
8804309788263236516371102061066866250012885189796385239010409283637375877329
21711839920454276788071879368562039225282203508270034906643418814138443366749
7350166639190184265685997873401786347987263830539066829786905978930497402653
110709394855346797704582882443112968305194624589977060517310176024168123599901
52835822987042902898382763756880007223383338213792651752832621563478652509213
1398349214582778818455652930466169154791598910639054215334851734062886076689
21723469721793319518339791450365462569986196096367339176361369988705164575772
832630071596455712195227268996799330399413674550027319466005394964118553805
86942686097381196718300498583330871467196510267523746229695272870955840916544
50680717447273933672419874374140472819557417979077385833292265042909426119024
30798713084676217551582598862928314447093998914819453536022933601154597979357
23617484405727748230298015794483566066531533465672977924845372163099990376717
24885047489371672039724369657544464007292405734041835630481191095425440991040
13120361195749677875495083922056560334066250834993775803757327093087740954432
23096335393849804129227629439874443576663025153534525452528398663556759559360
31126925712581151813791850867488129791380978554894967064468015805743833809181
