22283499047391356778749488985310356809465239385751029231832892050107827340496
8715531022923420592380044442450818459723874773197634258049110573391526777156
94281523063619283306434641214678770683497544926485774461297236050063195402560
125889983939976683219639372893193086168707121898011026755986517631003116800
90145144276988832880934929561932960214273405685228805962751282361683323175028
22055572662817945508032355033024657494575665206380176458557670061012016985309
51029664572670808131079420164920286356694914634300454792907080414467194215684
95807663005090964390247851713810087474553675626644132637215437087291134972125
5517912019495026034694811813923966423130278256691187200545672584951864806605
53875143165979580398767171741497416730781271204311615218242106473955433918477
7363782581963264818716126016440490388351655359150847928882024021056159744448
5479198420829285135347528148553078604741278229658373985028533884320485690641
22214569526214741468983072627386480467635508424525709220206398941095859114252
2208991456792259317218808085527379191835621857341864402435588541226447873
88314196189745249758349358403294450913250381497724517444149971683864902373633
1944858283248505681719835562214996989241559528397594837009191025460419546225
9075348347710463477900116420650747827636873075257158874754458229696144618253
7287011782874813761851945806767415848507057952050815343965547323251251006720
2185155488079236818301771031088507207163370767477418452071164393913053294620
13251705000645906599405523140716701570245416324224776953661751906910797414669
7786700343313380592370817028967602242183638274516350618666050472243935380349
29717206673980648931337350247699610813936005042050603722767497498705533956
7334646416183366573490537121244809088898373887862506675556317298279829012685
5628756813794934687435973998596232121057228015871944689624252720755775713328
12755029027642630829896816914003498447339536048005220841838190954055106821172
7440636023097212866270663950146267713938837034815794365140800708226029977972
95983607932107837343877857498704065024102022741620885051754040931433213002781
1392408534515636718749170466734810843527005767609932504757618069353385706305
29752070772932161985249997673635769434576989269438679725209178630532690563844
1556597629284796149300130600461307785820517913631619831930414617331447829297
88321515573042502476024386600342477606514854853770471203539776978069210992656
23639088916405428066442415617923250610987710196621159231967618744671491114077
13456797706184767981226211311972910912874025377071523665938610785097223047025
7825703864251355894217123953677204192774240163428159956847155857337657184321
12876693607042326755472355047578020906886989135807097856807060308937892708380
50780979442606003598694791951539008388239226235871049139411078088125806861533
2157526347938275712186514380318540719150100222026223825582843368093119614029
23635148050572030062516160344889839155185179126736577213911616870931431816497
95438647739295702699987100870548808042135754749433066659547833136795187478836
30769774687327002897099152257632080841681718991867045993180804849625107542481
7373101545648883998392465258140699660720169518706860844758816393675658433281
21853885388992733558719880970808026484622544084718158245230389220379834728656
12806928914314466342917283423975007018581491903849210069341285035123445612609
94455975880808975932067752180321531483910600785612206334327876899214591049732
94116442751347249882766753019249918515421923194361377299767721113292354569985
34583828018445955081308388610574398139604892364611058704959128635978909027633
88326922599048816017313794436242746759177502766905994040841077100926393926481
13138364954719324493577333627812538135147803794088689369943731502655613370420
88210033156374836016851291358793768288396388545002832105839578076702739320077
95552890727214980384488431636358525000553207247032076476498561742250479918084
2179385936822396145364104735480770777895630801486923648895676517894894666612
95897392779035415493878285707968046976191636181137822301494556384351611011072
6306657586844057688806477445533523529759644489238113544847915877869667337328
6313505039549127158058410255216441347237136795033497967027827653593977914416
110025631953633628790805285719092486327173135314773750658964731394777543541956
3178647730036433001793369943556793554910177025741106924735040111447713779980
23547263882973995010961226847442048893991264166038233773882662157554869866868
51148042331321285865944481079758918057268724783100434435083745280473611436096
12800857394445714922293951380562028839763859435794168163626796382949424305265
2016105386501188915782126085203141644544758753473737086585374603583830110492
5880230960458800484472671206671692003812933635790113007396400692738581623069
7286587852838024999093593705185416052238331949819410064706888263188165506077
7698152664199993669712727591336425671978306653706390933921980938585888588048
7270608461644336705797350855829345884570930012860892546146073473879633560653
5971993549744647239921242861925768048865637956843478688406987647671246210048
99595424517328594811489683547356751327197178994403134216059809592503085904221
21837264885173507942621005596944213380266781170473271664015660440596476920832
94081599180141113088421145546640217746384435287932336971229673647415603774797
52920809366438149027319854748742322125246611066200491120474367775851533523968
23188128490634842669796356045612647228418640400411525473742816231767996829772
473610437013700976019067201884142588878820614216705998628265877709810375684
22170418138001811856916486231772564584681367913737985360746184652518404068160
94217205710052385056995017919338932868075956706789868613055684642957031845965
88739989184253126547810942050751905631658684488689362988728262800944108339393
52553132358335901513269167155141810025732932575130541659353820502119197720577
86846195766287101354408112650674695269459461282018787583557221930836442481692
94088913020178599865101822142121018492318064951173446780831047497881532566545
94744093972150915315880675690520504256911567512588235482977012420081594929936
9073284986018642551856979552669623392150336165711847563359458728674066285312
7692544564106985009477378396560992489321838616388419487435911303738180489536
94082927459096011208444942482733773562078919647727408306169476513188993778433
30849175671365728551509945380996820516575052125356459880887297946880724900893
36160406227445464946561884456735217309685282716027048958082080491688546333
95636450070153106604606938336026500745358877451219539608137862409344192282836
94105394366365570878547621155556155925112794401337621046408841104269511810304
90400730421472073558996867289427174214757127817833992910177486571709048255344
89118011227595527430069758732574795576225620990585719186437672354460249997504
12779617524922212954827760047400173807239713321184578918604339967914861134609
110709395095374542599884168265208720716790471640577295019148830639198872744205
50660476358659105302374062509200918220382604696405488681748037081978842123328
2148608970003200802304278640422423476903102017492522656377590072527573483572
12780931869319866168052999925056489451156307140180434288337341850449280237937
100059101309926680976152258040491269540914180169341486077692317101171574845504
5634056204078954109371961479759342110912808219304313905643209853272330601693
28948072677333375817962416975490047493189544528459338915303719774997229404276
41416490512691875375215580879493024967957541997261069883600075764564970512
41818270893184196982898961305124054895986235289731396727913057480513892123485
24340858532040956137022831013970390755829950152425766598534786859449535759412
24889574717799534960700603211542787292416867592488889710046946108059045596417
52807574012589562569228205374328350995238384206059530873199379431242478960973
5547470230607325510872261497562101671610106957599492188960885611017705430029
94555144916335033342621989958502641467553340237334433349223704766331975310608
39387991113151427142520061619528247614934543859575999708217818826944567839808
7239127436030044325564284253811890650562339770066778690250501901253485789184
1379992110729902885860542925629265555882424463127503393878580636835902411060
13458081080565479417947605149646426232573521648561861758129351026288870520641
7016334352477407636305632645621745492961389084466602613245131643499537
22590518429938105278111013444471014848890820739360552253504130489875551076804
7795688575109420800829995140688338885194520370567541416820795093633620775104
12694439776920330645939490477832427035848052900701933081110390268696416490317
2151601199110985989006506452070588225189502686166569418834622526336840764481
13145454686134332504836126120383839339208591030113702970940620295255850225104
30763380798927236869486972050781903865256734336845634396638416278646270460977
13239096859387032188170056674689188198199244965992596806142161321863888175569
87043484795354453953399898015762340623258933063790366612229930909144288641488
96090094523043121276957485045424879403894159165683192712326882160022732523329
23521725176774497865847287327538254420190172261138495537284923086215240249456
7443616283693657097432761864741252561841922735606938900546654202498160998224
22366855530744193338013055550346338108777885765592553644710010408722227219933
3302287223648373386392780304672937050890555344647487944245975286731165994240
21824205500486517453431750330449610758579957449468928785885510783644083474496
94506447446756715827291775243896681460978535158129170309967270139917465814032
1521400266512159071897456370100989050035683894073560761920609214692597108849
23951822274385428828337435809995046033174522105272747647957774433478665634292
89473163426993360626946652194226338781774172950663294268158968259056727241741
88317372125800564066030994930437477786100155024382376431902389156197972380865
88759773098643836167304961562155636221885155547045576624966566651132892742465
110458427964497219256295271085599418706187307755177044105811687433414433362717
12799150586156338251025085690906769877528126075925691918122957492736647568861
97593928557568584896936731461479883249120372350760807921646975096437183927105
50660480569164879046247135063851782186510292434764166446870435039021122407921
8634722666753038443824988809969279113021313396865592071576748475504249996308
50772580123741716666176973247419796133744674667744300180732241267872191284445
113609693987260497194311172169136758016343309440655426251129320729509053232
29768363989997037326682338572288629576351037446695545997407096414070254862621
537585677106680785322673458362892433349210046207295444667332235151549399309
37572005859372332819153628735078877636326563174415845755364874968347189710141
1818424582323925597879196306835596016176344432122174333259677074486624786292
94738782727207667101705163429203538717882325510748023869025635379990033711920
220745909788914157875568226441107586026053520225234803054948912900398388237
30844208938110097744055620646623896485587355787056538601422387471393157559552
2198423295919857456745232897560069520660644779586846526558531354422892000049
10437538942741997795915358036263085101347280677595262576694547909380908794077
12664766777397722115677271247810413374057694579897429018972529740361466134620
1849668533962901621830573496581267352813351073607928600158679520000151748
53261944274464778671807606064223179883676335153854762530393400890102294724804
1478521004928309938639879729717166964245788277732394718503649991350996435404
88656417532405731880652253980601408939844346998390237627955425479910020415565
87296739076866492721865181894310937536619540207002431286934771839580266153793
10518040690042540135096777122661367620616374453255182804919992688421909679308
7350422022382509929228673291500674575137563202496091625634646914114441909105
90131049647077246206298430959393996887004103513344694950169320428682234314973
95443863887412549361573362499173273257574564245808814077304793156613500310541
10454026884439704399417438568573536953907963407617906785997745508216049778692
12693169187138043045396470115036477697518738853659529208008085028122924991696
5966759920419779737788758689317865298357151315821483548898008608545466185500
99967958555415017673673079485973642884763328062807504859880776214229956166672
53825774672818992859566213782141755411751540062439256781062828066942881677504
1522691042738949935417256869314986751125964902124828726818327187925029441796
5638833333396962177993605894042956493457656608611348610100712517266612239644
94204442951947243818127820969367440792233133802041571157991694554674526356544
92757815023411206278989039949374023282927447288611544762901803685277332422704
7437985923774013361297970325773822512392983021984170042769134540758884550468
114605311598136504124680451686928555310096413952391979935123889050484750093
480585459999275264341623202130964343808689754285898299468684822668639260732
34377550438638362357793085853209424074572224684604934168954197595889642492016
36735325286877197502118430800448297618554475691720703636781561267800868401521
52490277707830842368997907844125498493928909800313148038369458047478606021632
10742769822662071295929425444685962690861682611998643684148845631571517244428
9838186298539485268884704990525412625372272052318020661058696542775175267085
23202705113704194844687637147335641623871402484920429524897874949440695973325
23521724505630472660361134188243977215011826336021148512853049060959374572660
539000509821902094304478980965221641575926436972494456164045372750595912756
94448625487241867886236288408170809254793654733578919796482704371773499031604
1406527964694543830864786067981499871339598620716915713010398762223276937409
12816650832538412322057687703328236026560859636660310757589260945833346269
52820225695432401102521605378364238109387240420104110794495889303423186661684
96722963115421834903267256885635260942399075916936645402464101693177173445745
108561163148282829666659346092310510111692295360157716878962600333396507970817
5548234215144858084398893097530520285778986868554901200316540607180282584532
99560258535527099798219491655647813355343559114704991130005113444997392054093
13463740426358863293000705222337934581153599693282811015461343012910291538116
29062451893963833498568322679411191044825219252584273175363370226385826116676
2261604129861751707345778226209594682347020512832257874971801091930371404924
106018530845928886705798341537711134104175019900875755925091632774808650560
29622317225386694380379739532863238003696353543408307984141167260579512381
1519572592744034664560731443458383601561835036211021710231686891680980554801
34828089752241988490276897308279857754250465676929990533905060569566850367812
2007601485415741278616929208350665366634752982690148913504008506460968537565
32325887198706754895251889718428631183724351745406762305090158841097365976912
51132602830733798470503825495196275087985602812326736169905356544065314750941
8934835370311446487744388032890744617741441032857845143901152579015058394180
13258862888344211018899028307058844949693883995995682320525869643053381209345
114872756876448901830216133643015876465445734182982785793557445940229209921
2178082926161894193984526643155695165538953207159178809897803732917903541456
119237614993732248626255021355881689167064290628889576995683879993299962892
56466859053464541674121942439401131350736000971166381227411997439049370727876
88656500170299811359216143894494260473565392709854218775379405837523195463437
2268995785013375780258437357829459907775779643020946679596694030624403750913
8622767651141445758014936772582592521641667815447197688211187984623977420044
1896639670791669950959055781536800789199359147815805364609500926172223845684
23645916500056241982535563402891348124904202122813676347413776451445491564829
21910422419169420225742280157218349248070099216572053129739878421494251179457
115336485123870036567858866469521793878196385200672412941453274725632446257
96258275415908991833042922669411474880889059721916156159320868680426563257092
3279289053250189485376739890980955530602002459144423116217341147186577014788
1475430768135277378659581714100983617894862787854209353490917537372265513012
25224952543567684939909881434600468457202127875823476033200010816495383793729
88208163378674572742957823161740657913595631704148272589014638899581163734848
2161347113370657816139421013477012855446295704947159157445680785312491819777
93065147975994697145386720079147736639509147226456829665419886892709316669812
1832343673896753506716062978681255774934186951246279525938270931599832920064
34398856719526986783753899549886855080195375993328357616690164021314033317328
88323442563139683511711585822197325527784886343514089296052502412909586171740
24984986073841707771982564971906151849751441037018698541602841031696002106320
1501580532257338233495015691300282077119631666112335816460178067154435851121
7578391922549750906442323007991978431860323268608452517303789598491861057600
1812543643309804237170221918444938731864389942190866215181758580390409346525
3371676085752011046128280616173662299951042131942239379912131347549106946832
87050836880936234262593243600145103643281703394849207568410177105851191413837
7779919378595782283846489857555206849209309338741535807191607273142494433652
34473589531118651381968143054925497318096277041338881809865057280588306740480
52611522485750989781597194785383688208855906757110163930388359175188801245236
53866392862096644770004750300587884920177961739772880096554932024266077505308
1822061084419268952792873181104477361814706514581095176078299056185804259780
36671362570868328472886991213757404399186586217089285808112806777410567659277
50800862056494490503770416915083924343124706776077090233482173946971318715869
108754761231233715583927852190143681979647288691114879586642308496664840860688
1391093564285589077660833701965653135843741535464253220652549598967106400716
5436921799999849159824201893448176426601911541268156759019263245576822587741
87043725834857971828968453519006268224827341749808283572211967858108347461940
1504410328657854836438847266292921870515538443381267441493934066881294827997
28955097902266719475715662243249926285395619168654371251784061634786039510481
22172163923765154414691233427436084471692342427101816534930316987339413475357
23089626881422456928674226032397436253376047346221478495212506812385085906369
7265615668617998389118208151413001364835593648143538559292000549339413037069
87318947223041358003111465662300783255835509298768825894893543006756993778460
22269456763642653775283278820587678541646787542903495451487402022973445263361
51248868235999754804651616082369674645766614274726542336464320236903518716977
95438452763463663017373835131083832608290607278280072218263707786996537039901
23979738201754051360106638035883893767716177690787042559361637370207792005313
27591097157933767279177663582780052119273388185993290741797771492687406286656
1923662960816471028292195905219178869580876117016464763993552843910926521344
101205110304264289379258945576567301462281197031530923560715439851900092813313
1809694912423504709093477023413851516946832167375352125238791468923791409153
50713812060615121638086927968398903027566903527625010028770329645340158920561
791691532468275506728695489918589986359942187769181757190984067979394958337
95572631367987565579766402544698378918355077392432920854486602441343061247744
30679540656965995830751237871780061840889871831332912870347022301688686917404
137407631323716687331549482011726946437761018256086394611643061060318057664
8627964262700367514971377451591445201028248909790405686830542915824613806093
3199875990749013549129397988454534376043406497011469835132054250678886093872
23993812602278837240146920371962429944479412278101554667527818688623556216576
7237145453542233046809474409121648034833893925187466113841162235487762527280
14072495274194786371586462158514595903288858456400492235859397462908602482737
