-50554348001868524798988691763041043812
76750657755001892553253959627069642458
-78142788245005499951697409947990035880
12653921113470132480077979186238352048
-139868380140292451993120238091200718458
-97113568182061670503950216402664577957
80631433645786979483273477166325407410
-110591172788934674521801207549893603781
-49107917901140738138867049060842491049
109672114702543531866652032445635360703
96360716172333252399722621488613643272
-38350531995498287995977274533833541771
-59842118940110985150213146124542949938
2013985442711952388156923236871963745
-180406386516620046069029869623194973103
49821447873592115191902004636414521189
133354384940799504563878501695445324207
88339221943987777696626961215983908208
39319389542630329768726486001737662146
71359826736264618703429886101034439823
102559769157696070563025551822292110579
5028334702970761395577678049851848738
81716459389880918768765237641528558327
-36614657509142687820520529913579788100
36288049149390636571763872346987397150
89707850917270730152850127966768849942
-46017848178135883206637750330510992093
-12995785211680904498576497426438079367
182401866098829426103907391296047385522
-14657704273716003526327502182169547987
-178302799264501653609594618865157869756
-32576911439586681219116403527545901141
53937012969275371975708037121545622293
115400574600103997008073188669854568137
48151171710411973748924777348788454018
99846385838754567790987541603828243355
36107278918059538518147361438277007079
-30328988279121007985553527910104733139
-105464066350655594423467616445662637810
214304788697455160278255852438448219597
94479432592737887678915116210719393073
-69561368125487125451647635215691462020
58896539741341388209632007191089601673
-88044409212820108832528739444017426558
-76950543651126768588423273676015180399
136214593296144912078679637639900474605
-178643409407304990405908071657439533443
61087342941915873698290828447648953086
-187246483595506298789099847157271100561
-94115775850910016974020376006439949022
38811604999518954639239897514558210166
-39890700530445232436715254431636662656
-35457296319526341735059421958572555612
-32153413638014402811043825371119300836
-265271706202886593283246973074992912102
22530131442567644322759653094084223566
-45751193813896567619759353259527167402
113826164249425383148478196588210713864
51957916617722630561415670813808362341
52135913968750447846302147233445281234
-20891697133132112507695394794139609517
88070408188702598173954210793127695587
110326604156847013022683899399252248852
89185563140484202290485246582197510695
-23779471254249123059079119902266579552
-131707798005552661376884270970680834341
-72616977886787248372297822401357933792
-84544155096255033433146204647624611657
149091408695327022450370213608744565152
-92880506167147304774309751176438921914
18502237388662720697718620470987747618
-61201993300066833620976192062310856904
-75897677970905559739741292731667729209
-131700875736312436315508149383199423239
122438385314955158452842891316897161345
-168962408574587819487413961432813446110
-82071374991730228289943559890145766171
-56445198929757283639725825106674023372
124125661583308821741033822198999564912
107273690252489993348727849227928735960
-83939471214238744865110436430611779215
209900034074110856413502149931686347043
8452695343287856533688796998104045251
-100022074210470106664965619010545724674
-86906831164461152315591748206375189584
-155525669300590543186420029248397122252
-104963861119680815607615192687044512136
54568897880578894113621980998139372021
-224148266287766376559353082050618794289
84786350837538183309253046333388589544
32297631690125464528229235178591051774
53880238504606584401748725242981197333
-109940875349976621287027476289952841272
-35257805281435388194032509959591153125
170257809649553655005001281297146214150
6941902541762885085802918784023820132
221266362613437135056437539247463998459
-26260942026105029594039311816948848866
-62459398703923404385391823202517394959
117083247300156823150326407540080906135
-33858695943969954073626353741589511905
-65510957562098509522840577144644064972
284138311452123675541082512359624308712
86006158773453557335036805394074892288
-22718946777310400558437477758919535410
54575669679474362175660998979675993433
96178040640159989940711047462709477
-79051499765717259045071232436087537526
98218265864922973981002603417182537272
47078497509446179701189978930906445367
32535617584212244278525749791961757673
69486263741169609151822438889991931884
211811894640790183254257743687561426973
78730523764144573973626376603992488205
-165268392419665407119469437470966922356
-35616529796318175726945329566644114791
-42934826065038665559370551088901889468
92054738777659219656176963902501915868
-60070847495744830124868356627397294229
30695598873621004713545658689382854896
-74096841591059040254414206755868221496
-101742211305879058241301359697521359836
-6062180636184383946625709145676395707
-55116324337707844339804788862992418042
-111463560103179274454906504401836236833
-179917584175325580893272110998772858663
-134858800688636423058721758590105013511
-213268741062046345863285261790621100621
50840732144912388090942122057105258283
-71988396999156528519329776065331219527
84710854217689042654691108246140051813
70970917748754396261568898208554031398
96305432128592709614144680187278377755
11218232647868452300334138473680787820
186601858116303843901901836226005995539
16579057355560605264510742449503395343
240614461460432868556481051085409546731
46286065135808515870905053497534930518
-55172989659285691945852471730857624980
1680683045443270028492214362837434463
208529061136649552521681306628441729008
35173415716241189310512324865200116013
110649392889530040463811225409380981371
42631692851284726774812174958019284106
1163588063956413658848256656797180730
139304550854369534885260518187931127674
-8328857194299114672159041932610783738
-126866726378449286543736276388042901241
-149056416544821811344804188339899480935
118310844105932629426636738230324964950
95458244520594580378624802706593503541
-134694526991242500589819406175230866309
-106656925301169281183506407247022322593
108580276817022479977824949912216595074
48401816984325291522277840806750687644
-24838312550248407275430127326588413102
-108169002979218615627091703776944981468
106773273976562045301767237372882234744
-6964243227447971758539192773256013870
-35453395646776109859775077789615934286
-70824040860849743301623869329489545944
-187055920175670157703004943708339508100
91039419099856795028846351755220908570
10258171062079196342923463700491205583
26612097515849227444476975617506370490
129027185704809774136546626309293136068
273099957690475526535612252400373878229
125329186858189481473988927086405203360
95440202422427124953810405801154410014
138049788141896677222198481338609677423
-97517102000627715871278894925388730393
-42939400359746809571724886468512209882
17655102465971568844231779101873880158
-90279768090003351395436113560165040258
-18201192786539128920626418826900728135
2087484227876328237202716400412605083
117961016100628995116747041174647475278
-24522821400676364618790748610357391131
-256242114910109588346615198250675438223
-29546923048500103575446820600711410258
-123448340860351757054182368053353584937
55744734608705116015819043274906081210
179979639430674995090131860407979064426
64016752482779630142406308313844591074
-7878532340726329329594520418839358088
4817152537981678543870158560530813051
-8161320634532751176030491237333196579
148860818560460144203880772776398824858
48447207642796422818708320177364454251
197274547444707447867580267762180898652
103788321455721142464366246276610686987
52178036051623616590936153105644757994
80431912330058224133453747799880681585
12127665342596009667214933466728012313
36619801329908282983752097740385170588
9487337898569552502648688487557204958
38740486211199263423883289999630981738
-127006541610247328735002831227897856241
66247626856016496188947757918650499585
70169883620248151821670981202028662254
39086119813241919148241678254085329646
-30287419369504917126437110494174776045
-80231613332821501682654541357899838103
12700332122070835354777166207687963597
-47204919754415869579641748199068217486
31825934733536733255084458903160962050
-11612884639511186191368234251321977858
-72050528158135234463615711235136943159
-188816748542963057920892725583828049640
34011225702882796192092825462323600817
-200653458566222991593909906697681272874
41593227649544254664069665599801245632
126623691400234496905793817406862788204
-176278757725283657788891546031203730790
-70409141183849700596041197734300119700
-4364629769179774323323314593649233803
75473996315279680163719685486594960904
43461722257589889972962862152104403243
29843089564653176073611933065658709876
-160739191548431477735787138215622056857
100482004996884964857675146706377494614
124436142610528034586833370961591993456
145311282648271074413490482607275730110
113538815606944841568935237174497099794
44533074088696401137547921266976111882
281246928281629782326687195102946636943
101821044779800140206468186299301253931
-248619784566285682323051347947866921116
-16158842133405740317057880189348109754
-38844749087363933688416373070566236133
-163534754022893987590122854451330624050
-6166885801147572167242254884945659125
172866603492775282100759522496772484333
-59804911657902709001273061539748784701
-108153699571534966879856108565164207959
90209062547939878182990768527231475583
-151962376144769434333393188455620723086
-71477073307711782044664318951457527103
115443705240338072717413701637657163421
-105672878536518810055257271420463813341
-18679672659265948811126744984163706887
-106319098064448864726381322873650220392
52564973317897929739204554586147256800
-159176140736624170421497581212129803711
43236318469795504886618152045014385921
86408727913443316988932721814438612245
11096709912723794439504842762048058017
-98564215322183259994816266480555927152
146282244633306380564714377482984802514
8903518869924877260599208806993155032
68533886552926942192115710224746893247
25542124754396050103488378086767078108
-23708656561797625611763560332953287280
85622945816689438197980560828113943516
23275125820739186614630392355503432957
