805528006
1172431548
1108460663
1587033676
933072421
1125562276
695704650
1547675708
1140566365
1343989086
208364069
112800611
550465744
433001918
903527574
1040745209
974772732
533083308
908268371
1407144466
1769706633
1071992612
1319907643
844576965
1637246254
811604210
1559907365
629190461
794989072
674800985
449100137
1730897557
753323004
1205169939
851632598
1396380117
1454742625
1457987826
1068610829
1234375250
722599665
1633471117
414990300
1211718325
619174809
966248125
1086549392
1051586015
1458930883
1634875715
1477139814
412900310
1048760064
1054363685
1208231866
1553881898
1170093314
795458905
1736233644
1481742743
968327071
1696649990
445535397
1830591885
1022576430
339127878
1190197229
1282242976
1167108411
755294101
1360492854
848554739
801317456
910900389
1259796374
1278663198
1553432693
1205674545
936611484
1170022490
921211866
1456532672
450862659
853276548
878132770
1173413330
1215759975
314606495
1516013140
959255238
1268833715
1127535898
679270886
557516238
737578031
801282898
1720423869
961493881
500142107
773051086
661675664
1945397198
928859829
514872523
823279779
785677624
1390524033
631321041
1492863059
1133238226
1188574299
1439255974
1186419171
575406114
494933931
1650503318
425944950
1167882018
1322402717
1710867182
1207765385
1303291164
1402039644
790374155
1274747232
53972063
1391153092
809813510
1001146328
1295150805
91976012
978950163
1565506605
1215345300
1809111683
1653078740
1044131767
1152646006
719590280
1364034735
1713129335
796456517
1254364383
1821538062
1572151327
1036604575
1254786456
1604487176
773229502
618067945
1067242920
1046779553
1019763377
1341375616
463910237
1713516710
604860728
841812889
989250909
1617479129
732900979
650622653
1013302971
1584261809
1188562729
1790788282
1740448263
1424372988
1335508417
594571173
528291357
1074687692
794526122
1399511899
419170515
873429332
760840697
1102086449
1315491704
2005856946
1124731001
1418652723
1526937793
1268209173
1595678367
864587884
1246499309
1274182746
1451317879
388116368
798230355
1252261339
770605843
1409834287
335032641
1334714489
1351931658
260154719
1061941927
602442228
354814137
812330321
1624011728
1373891806
886451930
1158022426
825511736
1296105771
1385337830
487195262
943096138
1040374569
818643004
805427498
1833080255
1858634545
471779872
469355547
1208717270
1487092440
482116844
1122223985
1126479564
1356259747
1344467522
758489073
672332347
1456130032
831806607
838237503
1090960190
900086501
1099456482
1162759458
1889036407
1345956796
1106854833
1043628168
1736453260
985394740
760002516
762153799
1659246957
1625680147
851549138
531250845
1121467973
1550463865
1663588587
547658344
1455234328
1288686554
1615852224
1041138769
1388665598
19924310
200416798
1100598166
1225341710
1206955279
213462895
697138890
608497595
886052714
1390023894
1987798043
1671777215
38607894
1335067166
814373203
574803170
1000229348
733197199
1848937424
1239037530
1432194995
1173018400
953600357
1563571708
513315916
1618604637
1438468277
1009583136
774795480
1114840839
1175139829
1054486121
822319613
907477276
983476363
607458802
967601218
1235964884
1391380031
1077965147
555216280
525957614
710038354
959523154
345070658
286020525
986384774
922814401
974574706
601591032
968150046
826700733
1220742227
1416186840
1279441582
1262868482
889815165
1172141795
1267913179
1415821503
1654386708
1109581771
520221730
1404776651
1158397391
74790100
795249768
1637475412
1039339015
884300591
1952480180
580280075
1101783494
442440740
787959293
1221524562
571637569
1228809532
1017913834
664197725
726748198
1156517102
756348815
1050677988
611357383
1831859197
647481151
1248262232
956278345
998472746
1122533122
992421299
826760674
1349229605
1359311389
1567617727
1816012106
721703928
787982137
1460016764
1300979375
1245581478
922633063
1447258378
1033100207
119442082
1023992909
1287822933
1963301024
713383224
1108793870
1084265895
296310553
1329271333
1563095926
633085010
1110920177
1213908092
1148582398
1153189203
1605559393
1778761128
975890202
335944497
1014946063
1077141770
589863210
1652186487
1046436078
835307849
632866780
171633629
1375383328
1819530763
1704734305
979220957
238664226
464511000
671432403
1127604395
1416937020
1525457231
1558621137
1548126890
1820898444
340284096
800714198
1478791309
895606720
1147730840
1487420257
1882241169
1441999551
844884815
851887709
552427766
584521121
787728023
1816136488
1578280069
1280916580
662412660
588310911
1102447111
437753295
949150356
1574980824
1553036790
1270627566
1097722035
1545513967
1216975479
1488780461
523670752
1158810834
1143486353
970580161
1961337420
919361753
196257026
1244469485
1389949400
1391258332
937480606
1316132582
898662179
795641635
1199110806
1598507167
626548676
1626657458
568283588
468280551
1232884658
785513504
776288415
1415267767
2041173810
1564627870
192825891
1230783267
1680808114
837839813
1429437375
1038792245
826760857
1388651642
1385351330
1454844225
999077924
1633599033
1208210186
1330686076
412885689
695380360
1230509720
1462549595
1507172378
885976238
1061576305
675604115
441616636
1004697615
962854280
489883964
835069520
1399080509
1055061784
1309191190
1653420800
739010546
1659907306
882335478
1393259551
1836508035
1545653178
1688232693
394296199
922319680
617963032
840211423
1793785337
478505136
1635409028
1267491429
1479503623
581569571
706566686
1152145727
2066842723
1163111632
1035550686
894379930
1619418809
998313675
1347160104
1386357839
969727382
1218913033
920323335
1787541747
505818728
1081314555
1914467185
1102064596
1374541377
1243469893
817330888
1071610910
880438900
422569617
1091308024
521474004
1668522964
818780524
399490572
814318218
810841326
166105760
1228865309
1773208486
1863373070
964481350
567143578
1394472857
685966416
1393316910
1455857162
1592245793
1292163071
575689006
899739135
333160009
761721743
808859521
1725725532
1655868467
1576700693
1034773426
945927901
443070978
603716221
1058539055
334229512
1312323335
584853529
696119169
1735520848
1226887937
1470865906
1008056696
1629502148
1128084845
1260844512
452106028
160346825
907650151
1569615521
822180962
889271914
878359892
706422922
1482992347
259245869
2028917507
1513132798
715619588
1427726755
1006100499
341936419
350942589
696330803
820723662
948619415
611730840
992694836
650061134
853617390
1249687707
1890122761
1726662903
1411646820
1368123047
1161885001
1316002096
2056329655
899129005
1548547495
1248603957
1125153892
1501820236
1966706732
1147870009
1108192071
1171150119
907884778
370165555
568130882
1048344352
411984691
750665521
1145471893
1224379369
1750143490
1386636104
623182959
1182678216
1482746741
1406578313
1023427303
1275513576
862444521
1217517364
570420979
707420483
1436436927
516880411
773985571
1238205556
1511868723
1134563416
1447351751
747657081
1460422212
1027225320
910068640
1063778345
1098164421
929789484
1383308957
1329371276
595650146
1419287140
1581983277
811440045
794795276
985078280
1114091413
1063613782
1906039141
758509911
1474983243
838672321
651795648
482251184
1858499595
1344965127
719583439
1108199591
219684405
590991282
1788979504
1857533256
1531132286
1620932018
784981097
1163346627
185083345
1982029894
878776072
1542592999
1587699908
1536378486
477746245
1189961135
1281524449
1182506833
1964982065
1817037018
807227358
1380248975
1162206285
285618218
1091568657
1619288512
815339823
695234682
1724181252
1951334289
1409012374
913466374
1803042907
1013887842
865431632
1612496331
1065677189
424542625
983126741
724950237
1296953681
802561536
1150689217
1071203564
785435228
833573761
790960780
179454445
1166861546
1203070783
1063298397
260912715
332248450
1106661397
1085889139
1954210967
1041423463
831031613
1762022209
518538250
305506913
1060291605
989212321
622498888
1595781660
1529415049
1020302241
1642195529
873758825
1366802284
598865423
969986968
1049074076
1494446052
1163522989
929505874
1365428769
1298675854
1633575460
894570025
871709858
1068987023
1913915881
1105382355
850443951
1832734544
1440064119
1313226666
1689842035
1001315257
1474707195
1706456881
1140560326
1273758441
1549289965
714680689
836005076
1254280239
1030778972
2017463115
537873149
1005859607
1166361620
489620429
1214842074
1159705759
1051100973
808920925
996514094
734015164
746424260
201376874
768627905
880759685
746769631
501028166
1371559602
652016063
465070394
1729472430
960606632
1619681895
647070508
814136022
855794040
1311687198
1292755709
1026980740
1294676762
1591916476
251009306
728821365
1343402212
746006949
776579068
1889364821
1241410058
1159503056
1619599768
724993222
997414502
378754836
1163205234
1342867328
1257441084
1252208005
1173064431
871909576
862721545
906788876
1231727815
1193587011
1450451208
1355559603
451885203
1714434989
1251882844
506157927
968891671
1029193080
1322583594
1158328215
1231844357
992752288
1075735264
1412504358
1796959545
532058662
452853139
526054251
359079841
1455104021
1914807679
155683124
827652548
1643939988
298458384
1002559359
998644711
1099577242
265477715
867089262
1200634371
1584266665
1005136244
1373435956
657817669
1161936431
1054387084
437694734
809873588
663969408
921516894
1914601142
418787339
1056527097
1950051297
1207369029
1000833892
1017992723
1078685332
1446089517
1567919891
248115660
1937520084
1039061924
1537485994
422183608
170605441
1342380644
570505529
863606119
593069315
459413110
557943198
1212354503
248132717
1000086352
960781623
759504426
1051323684
1402484100
165436775
1245155701
832211545
1619070104
749563939
738196224
1545793928
1197281044
1307450201
765015259
1542141795
1577203197
1732589099
467771858
869488010
1744746778
1172295020
388181566
227301753
578480896
1444851628
1268250077
160685637
1714560798
908707743
1743600685
540219382
548740253
1183008165
889939934
87180603
1539914410
103870606
1062408224
805028487
1792230122
1894717953
1454855707
1745068318
1310191192
632365569
1312274016
1106381443
1093868920
1133475852
1052159895
1558842841
650816080
1638506510
375278301
1395679698
1709951315
1003912078
1246532352
737916997
1669705676
621698713
822835273
1237167184
1478869989
781535441
1429526592
790579017
964156405
1453457280
1368060190
1957317439
1924207351
725194800
1132899522
1298018414
580480982
379964773
1026995863
1259012432
1207183711
1340818894
810578313
724232475
1209688297
299381516
1311928150
1252147020
1173091331
345998926
1686135708
1381273132
1913033841
451472036
1739789923
1076195229
723932760
984513026
834072443
1176512989
1376237325
641397298
1002736153
638036980
213431879
1238142873
1075098096
1045532030
1480662181
1425260458
861344388
1402793346
1442644424
1304814803
1477840069
1172285949
968171530
945780943
1325531971
1145367374
1334834894
1194708499
917027561
311889635
1141161696
1359383169
858349835
1112219418
980769654
1426170303
802051878
680265596
1052066280
1184306854
1775660778
291654393
853584382
1584393942
1002432415
1675255683
1341522801
1401256034
196728288
1894958654
776620275
1213473606
1531238630
780753695
1495497814
992205672
1378649415
387701426
318182230
896873148
1441220541
2001466284
1347377391
1584968985
756632756
1741715522
1128054326
1087392753
1021250454
1590366604
280822658
1009748700
844100078
1162528621
1357673677
890931012
1164834415
288892586
885113871
1304592868
1304183174
918647016
642139363
551901279
981545350
1063064046
323339206
962304965
1645715813
1218048583
496664192
1260169865
400576804
594917600
1906757507
686984958
720832403
1662696984
1313865662
1371759280
1791067230
956860914
1214706733
1383846876
562962706
202908445
511481971
1359485936
1288131336
902334677
1473367469
138744634
1833859136
1067181153
1195905623
1421008752
1046197238
1527526174
1358406398
707255267
1762739671
876187671
1568579967
1588736696
1127728001
1517278997
1328557465
399454780
590074838
1396927875
1076964094
1116078586
1663627852
1360323821
1361821386
712420230
498702058
292135682
944168757
102577045
741239200
1575884356
1799247488
1272764934
785181666
1753778121
1305275170
656383904
1220801211
2021624868
561421840
1491607870
1694945020
718036265
1066210795
728395418
1327638056
827771565
1019269689
1237390938
1089667916
1132194107
1912412386
589654533
738189712
1075672461
1268492434
1325323437
872645022
1476323563
677425218
1000320896
1108131716
301293279
1722611383
1520870420
464760433
1037226779
1868760842
729333940
1669991779
1612957043
1561404313
1333134971
1086491452
611531207
1237966905
1174775485
1674955137
1946722813
1598169868
1437628246
1126457724
691620421
776000881
1264967917
891119289
652677945
1327512250
1718587511
1764593653
943937750
637471379
497556516
1498670802
1021666940
1266265984
1130080921
1532564475
835299568
1350531552
1235034874
1474703456
1646054889
1485492365
1363297375
1214632304
1882258020
922083198
1480784860
719407213
972769091
1314441595
732103882
1141865132
230024663
1500904734
1383447314
1000269024
495338260
1337901228
930282624
146978500
1162277934
1011612379
415007459
1876255923
1198989919
1635230668
1693364966
1058047658
1099498624
312576622
1120265468
639733962
1244564759
830489471
1339573471
1218495912
1899222200
1069998857
1431402043
1113583333
254485758
1361774137
281128570
890385659
1245217468
1877239500
1244301749
1235657071
1199711680
1619899105
1898363548
516960149
752787080
1198847352
947824319
1107448894
523403047
1437804874
1226593911
1069411214
1340281638
954820299
1304171675
1440219190
709866587
1404391999
1669720010
551854206
1045380839
615472063
1171035454
1002468943
953727105
1647948779
1390450274
1511448569
1162814003
852881995
1057845808
1038616903
1077081279
1628900571
1388761913
1550670142
1872285937
1243997548
946778460
1511991404
427896538
1375159899
1055527512
1589508748
1018818718
467289978
1016820132
1214436430
923830176
1336962074
1557410771
235028697
983597458
970745077
1007024995
295569998
664231194
1575186337
930468137
877149454
1361272856
1402437420
558891476
818365641
629512020
971706488
928000073
654016716
1124597253
1627029146
650311142
1490469623
1853811790
1698522218
1534469031
2075721423
440559250
1193610407
382156843
1202365171
1471046726
291170318
1282619023
941536933
179525411
850577429
430565015
1282053541
1473921214
918831159
886591080
1188321377
1088505889
416861122
1572453990
1041122489
1398302909
925494181
983903629
700115718
526623886
614271649
1867979071
1414096243
968839415
1988388745
546506264
562903326
1263140868
1903530095
986790375
1347559910
282293654
1739771769
1745259952
1224316037
1561042409
1000878573
1120661935
376793542
1610021226
508670276
660351578
613777614
788198640
1628012273
1776380166
1015406971
208907225
1405660481
87829992
1202674309
1886861230
490640460
349958262
897110680
1182050002
1045995968
92484127
1419013071
1648729252
1396502310
1437143092
1231293654
1550501005
1464133649
1264046278
448182466
1345585312
637425204
683848802
1556416311
995426949
1608918258
1322987960
1101330113
1475810059
972912835
1577702752
1259925551
932940525
814166867
1707292286
670903849
1589318188
1489572022
1060405811
914841521
469734989
1144912617
995119554
777670925
1337070117
782266881
1248213971
1463564418
387990234
479424949
908052394
425572016
807033543
300453415
1326533842
1381929138
1605049781
1734372330
1198317439
942274500
1222776288
1855808352
1566320043
1204411569
813989479
534483280
1253034535
564861334
1420348693
1439806072
1014633474
1388162428
1061017572
674220571
714851756
1431584732
916964440
681580315
1341757019
562586330
458122539
966029252
368009417
1644081673
384588372
1308194913
834198979
1435072053
394290679
402276406
799848217
1206428765
1127598326
903127917
389644416
1415133690
1530290348
483654862
973004079
307517242
2078974659
1461085813
1279647588
1151317143
754721825
1711544040
691002019
534734835
1078176389
309560548
1518746860
669421463
1008581600
1717789045
195698361
1076952051
1357448961
927693099
598083904
219827006
624435120
525878425
305927779
814595847
1056953788
1115874710
1433529969
1051274905
1210401398
1785304169
534578558
1411043141
1758670812
1163804176
1495801043
1029068673
664747254
1368311083
431689351
1108671140
505902780
1249205969
1054318220
962908647
1762715149
434314909
722755033
896800481
1428237570
272974216
789252356
1263782584
1763015990
524568069
1099403889
461064532
1213414835
995362319
1521008544
1449565735
1678532196
839125213
651410385
1159667285
1210141407
1182953876
987450116
1318782768
1077792097
452288319
2040562208
268375757
1486344722
1889982995
1441025269
1599812556
884636201
1027748613
1380391434
1740817304
1058720510
760568250
1158994724
1685474296
1174472508
1469532964
598362793
597332759
1366407712
869008264
1222269068
1623984844
396211331
854046550
1019637640
820320761
873371156
1928973019
1133880617
1573154121
658065204
1285860999
1136620638
1161166032
1877646873
696521945
784621106
993853501
1428080580
1151788023
1156880548
1259455660
991791543
619844733
1213860783
902868769
644807676
1061772734
822811507
1000100744
1236371768
1106551135
166336599
1154484430
846396602
1576300443
154062882
982334754
977840734
534637131
1265120029
529947165
270951299
1724963348
891789773
590238433
732662431
817683537
1433206104
274135589
649608790
940457022
1538390016
428043667
1382242720
1698905845
704338082
1277832866
1024598858
739884208
1768415899
1166454130
1010640609
1268788641
932331126
2067725127
765436315
1099768464
1650803205
1176504273
472534337
1002493996
940699816
394187625
1479607353
1365972539
1081970959
1083753390
97841619
1213117750
753413361
830861756
1482180668
1051614262
846570065
1342346167
1696843856
1229775712
964604111
851497708
1334438976
1609282936
757954231
1699051485
1157014873
1034876923
1321398979
1330426213
1020764348
1581118259
1716416932
1225765386
689620085
982034271
234824977
469243556
153821739
962304987
699512792
832782492
1515577734
2100337897
882406076
1699996740
1253323001
1531009056
1571857999
485931020
1417173574
1321686771
1530959366
1290774584
2120624832
1047088276
425982207
1208442215
539803958
1873245367
586933474
671877479
822470293
1024167201
1461135791
1315013391
231004401
518240229
621829644
882041976
417185351
1376802956
1811251787
309407463
485572155
1108301928
766882433
791230130
1773375700
1543258157
1554145041
915939062
643600576
672425368
1123249133
1371282779
1038691500
497547705
1603203804
269017390
1295963404
436963975
1564020006
177936863
822723000
1537049759
1651690901
1191025459
919810259
1635341338
1912194140
697182394
562876362
1025697300
332625260
966170885
1167794486
981738691
1456095341
1471846001
804595889
548071491
1499585696
1140637209
993015242
1282643211
803140640
1439394662
902732628
422205770
1091629289
1071877560
1239333767
1262796200
1141076064
1290199288
856343005
1539010110
492626574
1207642871
1857203068
605370739
401324362
863477369
928966863
1612920997
373218714
999198905
1070151169
1689239290
1408582528
1448312434
717025063
730260260
792793293
1272975195
1587354663
1794929622
1386648255
1524689137
1230505186
1157396494
1368472675
1482731926
1552647305
234831753
557758788
624233538
760704067
780718813
418931997
1556104070
1920290948
1306645793
1073372017
1153287777
1180561936
363212698
393985296
1135833635
785325060
620109249
354523185
687210638
438617958
522135510
485624456
904969635
1465358890
1347762604
870106104
751723188
1682635348
613220339
930802028
20435604
1558830766
1618657838
1006680746
883946816
1515752447
258127955
1700344768
1144502362
658671854
1297266913
1247908397
860215155
605994660
572910830
1129737249
982300540
1800491458
1249321205
329380440
977512655
807090281
1016313517
816518733
584266912
431957223
1266036956
1238739976
907265757
1752666049
1551864420
310866887
459143506
1468443706
1046800090
1017743137
1641301618
682399056
820730946
61679135
1030420788
1369945076
1025899651
1430448244
195052074
1678084665
1388454803
1678474874
968246999
786628522
440062298
531391179
970220650
1115755543
938745427
481282294
1567724090
1216691930
1286407444
817950915
1075909583
1794137673
344494972
1345153538
655882993
652892121
934838886
1282680455
999498966
888530006
1818339825
612300836
538653806
1717509286
1387635453
303379447
784505008
1066341241
705446746
1478576474
437764984
1849138917
1132839712
1200908757
1179323021
1036601007
2027783014
1608821855
806455278
1354350532
1392940212
1579012090
1250204032
777915477
938926131
920312535
342510081
1323223957
1026114177
676040893
1657398013
1800969505
1328408305
1478406398
805740233
155414853
1128680298
635959412
175736429
1258852521
1116753199
1171106751
536024433
1187459027
243768875
713756691
1422709680
907970941
793010178
1521610573
1092635053
842561324
1575951742
1839405778
700188028
715312149
880158211
1326910457
1687450798
1299078916
1567431216
935876408
1729551059
141609438
982638350
1838970391
1388843480
505300414
798949011
1237253431
1267017434
830255528
1283547739
1417925083
1052601478
1764179682
1047284016
992921160
689943635
1210026819
1026668348
752346249
1790405330
1505448705
1156417688
1896330742
1261681731
1547578755
1133295183
986746389
738588676
885621921
675454123
1485067484
862923595
852916224
1907817792
2100255006
952530169
1772354956
1339681647
1849332770
1425048960
482775443
416927074
1472184026
989790580
1275455374
815391331
1059836525
177638207
1843720366
660735393
117925484
1076246445
645609806
396741022
1121081960
1258639757
1573772621
1149567360
1686083634
1942131385
1865890401
659856367
1137678005
1395621931
998949658
1120501153
1061572038
1731899206
491831484
1657329819
1466162692
1695407403
1394320600
624083458
1946350692
1957975306
738439852
1414077683
895978629
1214626250
832847996
476606122
2062730613
1564837338
1319026739
1114723026
862167176
459068631
1304202651
1504816047
203754803
1499549346
635678890
1595887106
667747969
1884156050
524933448
129650301
1522069488
849274846
154667656
1074024758
999046642
1811559617
1128311722
1198595673
0
