1082081074756924165
4409891619922593036
303226911718883587
4341875207717597500
1442787185123203013
15617599606947284
90078436005051399
1292834210998769631
89293560860130627
4383189021402071295
1225337398788951903
3780759227044203583
4400038135073633629
4563629407411982093
3772995547381842173
1220577186986275863
89329091841868821
1715664059641426719
309712620865001415
288037140461260272
3998445261558116421
3780495107686489589
1102780208852179972
3823503571003228423
1372539396477416915
2235269744925869075
2240329490263711220
1427866228102296525
994300688122322141
3842643884701175031
3968041190539252543
77499417400701255
1534622691606147924
971868325431989619
1496355324217851932
414705054482963541
1458958523241462861
536789820631371571
1095785795141521463
4356067191263347805
3585925778456663889
1402010706661668148
1454715807316384788
576272142308409461
1676970820178874133
3984802613525951504
366415341460850508
2086282685264706769
1211316001159018435
918818421524460765
3473150751557055536
2269802512784891085
3477189121267221297
3589457812951160799
4464295747163897971
4558774631679414365
33567118479150405
105127674116439167
57440536357985503
4602115610452151357
3980372556304670076
2111401508926717889
3557054072720465856
1712225481794804767
512565107116743895
378374096019738061
4325639054214296817
3832920405145111615
4356515502304228221
4411219785111664447
4328325106479092020
4553424357819487188
1294169577992733559
221836385619001795
91218803701338396
4599032975261486161
3678613924427353344
4544260719239050509
3819602479399384321
4417209019652686085
1228778136539301685
2123233866768915953
3836032778905931548
2024352589680992207
504472826985701363
3518538574629656397
1167615780886230995
3977599720786984400
361260889257657589
2049475674174984209
4563004528521188417
343925029002874125
2035907774000715087
506463450151321872
1375269157191808383
2160869329385637872
1539408693713958717
1293394837253476804
1247300521231992309
1098303527362502412
1726082854442505235
2237392998729860035
4544189201859481815
4025616930729968989
307919830258774477
364072348775664757
3463573572728971009
3490506314856318967
1681070622476426333
1154970957630459863
414688287001948611
3746244264260522844
3748529670174330677
143201840953327420
80884486764844880
4350438707557576709
4346339087599474132
2112610196635520469
881878105882120640
1184965105558551924
1431024570459275605
3544690751696031952
2157504822198977523
4337192103300772828
1099193871051781628
235680115303182608
3693814592555782609
1499927855457448919
2075896599587127807
2076261082331154243
2077317571516895444
1725748744910093341
1692596725265691651
4328805278993924369
3746086639634493644
2052728145082873613
4396767848907412317
944931035660879667
1185605312461263041
2113876303084803535
4391322799683154932
1391344128327111664
3676977252732699869
383143744978628892
1226619867811530525
2234137222239295301
963009991815714608
2076424686695958349
1424214865183340508
1531786604422690756
3539780169789468727
3676446994103210177
572932513261685791
536443975017919939
3482651205526052341
284571558759324945
62240386856383953
3590993229645348096
312221855098557684
3735526937910636849
1459184228439474453
321224516798858236
283743293910617551
428708123478816092
1007702630683054348
79954015375077660
576256097044742343
76547125287548695
3550873926451119445
1683291652913157952
1377896801873785687
3696700274275372277
134035904652592909
2253849162562339615
572061621048868813
3586858443207892273
2042369774134429148
3779383225943835597
6565584522300912
4545347264418402643
509805115882805200
2157529009577462896
359181307830825041
2122620181396075639
2145698529740419332
57771904896797717
945126235909735251
2079663860730809364
1445932691269966853
4422341617269918845
4611500500559322183
364541415852936261
378675448347980147
224463586008980559
270708766202351932
940160589986909505
4574847179151340607
1693161990455083280
1085108909394216956
3888585583459588047
963767112743023941
3584889222580270864
4597331069585136863
289482750091877493
559418415556806405
920165303325646031
896504363280842195
4341420821537190928
3590913103146307891
3761381269306110941
4018720311607547888
887283099316474951
3548646378154352437
923542986568193479
4402118405394857237
1228413937802023292
342608858603450707
1429035744798692599
1175510710018163791
1513215210185514975
130628403434082621
94909865540738885
306263874586496964
4324514679303307092
107522407357498869
3484904161893448983
956864833448784080
1498592516171350067
898453899930782741
13595423526408512
297092705091449983
3589656377000314164
367039194669986143
60170620039535925
32500673668257743
3805811977370958928
868281961079231565
3463063381850469599
4608093984016834047
4607489461453796213
4556601989100852304
3516262156914247039
3873620426030860061
80294245222658368
73269071639430977
3838553221653448659
4540575447866422256
2043526280952089683
1660840627518882063
4393119665323110769
3837088105318113084
3514795717451530703
96075859774872771
14972893249000543
565011622823058783
4348036553830764757
3827904672526827991
1474103365382489924
4608859196435471636
2145388103614099543
1174332569682784721
3477188763192360916
3809838842845674865
1510047029382023039
14866286354652476
1099247181770513731
1103686687585530820
2086652965598270704
3760998568015264880
3689627046173292509
15711421433923059
4023716957968727356
343140834835025231
1675853578958098929
1720094540665278733
1458062373751485389
3549994138395263860
4397514467832028236
4601961338397117652
274109073462675324
1292881429071349533
1238826209593214789
78057426339591412
1388336105560752079
919280871555253372
1161074781953815408
4594921851977069380
107189490022430147
1496263869454374911
4327907514448687357
2050267116124559173
240059946362803697
3546386915580430195
996279635840715853
361365995300011293
1424483017378875255
3483326849111363341
1213544037423863107
233063237059293248
3708104894219091735
3731034877618756925
4343121353930964991
1116184622385083221
4547754929264521695
3782134202783258385
58640553688003376
996161778462612529
1664027617671716660
1107135419396338944
4574878792934491005
1178955543098129685
1670901936067833909
3458782101836451140
243177617759368252
3874564010691122684
1374151452733231436
3513660319883869456
2253862446050931777
273593936137961664
1107609934423405343
2239429003559371795
140470589714072332
564036603082699797
868085338312299520
1260196264135619921
1134982409184829249
1676268499891246448
3709907486913666060
3838489428825527792
1468122627669311829
3481657229621451844
3838047665486288371
3691900895268819159
78774494415302908
4342971411883974423
3590285672713489492
2259786485011275021
4539906652372978945
3478974902346125277
1387211421348003901
4018847214972440385
415734679367111765
2258552947330899216
4428022631112049932
942623674908857088
2022103054709897072
293068764048323664
1209030902591542260
4599111743355024336
3837574270049793843
4021666916937498897
94632719567517488
4403779149179502672
1474361791241008148
1136245279647650885
1463464545045659969
3986056420206795781
1581677648551137347
1188691023053504516
2018793300076395539
3692165405637418191
127644640328487196
882499971961540371
1424109520133365557
22588092099720663
348964392800343537
4359260241965143301
1258496840669921536
3593299739029763572
4608150253136639861
2041569016236265793
4453168280058941511
4399402555840877813
3485008692172115231
3966841209356349488
2094016010289941975
1455874122345148608
4404376158011913719
1725742113276368339
1715308358883132464
1716852734387765244
91573738554803312
364024046097254173
2077643701656689932
429944021853212479
377388671118067188
4608527448210691197
22253929609105731
2049139050345779469
1243411329119538289
969643154602133264
4543937807012393171
4337899084734919132
3820023371517414512
3976700723458301772
312750667728154867
4417969610530014213
3886966370192930247
2247302213581405200
3808933631054069583
230934274465191196
55259066644263251
3978745354450722292
18036609080456655
67612612594889725
1519920880213327741
886348479889363716
2098484246494018772
1429048203307667521
15698788418340860
1682090188693653267
3590759801333169277
217245353357932317
302080370295118964
3735460150812636983
420176441712299332
2269203731922751303
3780503881420657600
1004715098414347735
4566610980098802036
1156305528482290749
3773106091132254151
1373665316748136465
1657356486185129008
3517386364878180828
4380894187496866125
1086828985575364063
3557137116109411679
3750791443455934796
4032375080561407040
309644998363894037
2032340592387682620
415581069705806293
359236784750529987
4466801227322152060
221225120844608453
963561271838659521
1583002199456046143
536200780328590412
937729693525815300
996936319731189013
2104729103001146453
891462124810211520
4331703168145644816
311134319228491089
4463444641525792583
870821400806410227
2018694484106433613
877194808357872
233977023527634132
4392153220345442527
57455073646546204
4020853638762951895
2122305756280504389
6605805465714455
276364245838070980
4599815091192843639
1174830321980460995
1392482238928375761
1200687976041495
3855078331951091541
364039229812301127
67621304887525693
3553691202347091805
33712057523897556
428826235766862129
526707112269383155
3980342005960216887
4021100112130612735
1225011831737679069
566557850596101173
2303016151920966896
57771768270762756
3482266699774131551
887011436995481815
923574100303368257
1293875666400703245
3514060392470163573
951522264795788099
2234841479187037463
3877898145636835133
4602398979991354416
1136047402556310529
1465178775388288375
3806759738863377885
3734706159877173747
285260662904471815
1531298903284974069
4428093985591907633
132277114677690372
3460804473818185980
1260093600554801149
1100269487394114628
1719474816190191372
287611638875505781
4553263432993079489
356162345184082948
2023740303521089331
1712243553917288277
3679213662868197493
1402041504818332125
3520826744120799700
3977044708282141909
4338052831950344241
1514389548589960384
3854235987471727681
1715862103036249175
2302692910359117843
3986247747314244935
383928531542957939
276818879391268677
995075440355661013
4396920681262243280
1496819389247114451
1537362464931442804
293583173457883601
522651749593723920
3476026793846112463
305628224660002269
3459151541045805120
951663904618176261
1446856153348914517
2292296959341347091
4428572277654958099
4452942674266637135
26336538412503
1518660591504655863
4031572626069999583
395744221476166993
1426518845375762451
1096570417080720477
1510909637319131457
1681487307151310673
3690521073951192003
4553663781372641523
132659639747640320
1148423424378485775
1373840042473033823
4455604944900574412
1537117327845687631
1476318938843664471
3464188151214767452
2024156738751876980
3474263572607195133
3516410843308967295
4023210073923014007
4026171002434944973
3754969988461313797
294365739069471996
2019669820393346305
1296199965213810640
4453299409235811383
1227008590701446337
107263749986743664
1536251765049071413
4541659518975081795
1680780909835269077
1726092470155761487
4544998649704610896
1728264463502345549
1089815318183605245
4326858635357746959
3565732727318394199
2109127002133755889
3526692571702107953
2252072438342075901
3879603708014613455
377510736438549588
3845846275905568065
58953360248951068
1225347570081320721
1222675606000616479
278200072020521237
4409309664881164044
69611666350822732
1282681316205596528
1005846642511953923
4458373514710284099
1427716900259301325
68487754718592451
526718077815436737
1504016942820691015
3820552544758026335
4399807314316287187
2158208682808113101
374858764115854641
240081902714012417
2105395301963285299
1157640571457718143
1425376929855829955
886211109568191821
1692541147442934899
3998990672546567119
537613701630668887
1518069865896743744
1683593308946779441
1390553531728861123
3995761992062158141
77616742834490627
342630023717310704
310976182694042624
1248349546054141940
2295718461651091447
3698606514890871109
1518275462055448769
72053544354667603
17131455759009279
3692671333459411185
3837352001186771281
77916673473196800
1094388728615405013
2108941762591290333
305400418775339269
1085507979062329607
1463723571442679261
3555590932183111633
1675057947246088461
1209154924551353105
420015639967420509
3730406520217605373
3514146297202086980
248776722638829021
377547898759660748
897147905649926012
870880607784226768
2042368409017472823
2109311650890830081
1243377284630565840
3562630770391467340
1285566378337386515
919105078770479937
4412414981116347248
3769918939432039283
1247765641562428211
1375800534622025488
510539803318535361
518003244282180849
4345821342825792335
290274461956201520
1573741264001857333
1247238801797992755
870588932268278103
77429210113703709
2266812531522919491
2088566823439315265
3747546777691963420
1671386623180620557
1239553610721218767
563019309610194205
3761012379053317392
3521182759280005057
3588794715028150259
321827911902638868
4414386436939018304
414838529151204831
31900119394443213
4450989460386184531
519907423324261653
3526560746330476801
1247905105049011156
1444773659540707143
368451788694556417
77493867380539469
1676487457484623677
1536907046496329159
128304568412341296
74164621195597116
127173964857176951
3462414055717490711
3890054565156704465
920093809399157517
347709359415161969
271372903792900052
1514114472137134096
17382111433461843
2305018374821712720
4342821186836979151
294094577648653084
3888282221061373125
1004530587669679920
1287243853735255105
3877383985295077701
1243508915065144368
1152864554536260732
3737360818749108435
344320853487333716
3805524991480176581
103719960820138253
67825625580130517
3690075324912239952
71221777616295927
90931626763308096
3696823423603801556
505253437369225027
1156322295401176391
1296967910791894515
3484928758223436885
363666851852766300
105014112036412727
131551467336105085
4332186590785769308
1004796208431889409
1693343842705702159
3675851118762472908
522140534858583367
3761715978255208769
3761705601781923917
3998576430836703168
1153273722867765468
2161502442803461441
3480160004478320663
561899933527275317
4347240056034170353
918801618634570949
3820397445867861316
2160970262860231444
2151883953426072881
307323246840108053
275911464857108493
1465918123886892337
3968800811361056208
21902479180431631
379363689830274833
93798265831760
1657659838055969905
2044564213400990772
2091873096302673165
4430754745896752944
1658300827600536919
1220496655070055548
4018428059151832860
2295742857807138015
4377531642499374276
77114479002587135
3751217939636098900
417784594050339889
32507421867979796
105257712649880645
3538946403890893680
506618906110973124
4020642838864188735
884201261479871436
1712424437821043935
4430715412618367301
4381774284733268932
3527443430227566037
139683088233886675
3981525065861758076
1515267163647131453
536160756286323964
133996878416167127
869473304355753924
4547566710237175677
539816288118966092
1099104747357783879
4571232638380081349
1532208830497096532
4418963415626153328
519414537053852677
518421663049650117
23859140452677445
3549759922177691973
381948130747339633
3482462691618182932
3963259760568303580
572032745297179420
4543424170251263168
342292112232887125
346584963766227221
2025713632835542292
1140887354405805889
1567328332607177599
1692242263022558277
504965342923062295
54395091276330064
230813969097290877
415724254987055949
2247386308810929093
924873735783077885
884393515110567283
3985676011232687891
4427597314028041493
3563708445948850181
234483463593591745
1391422400986363845
4328184989968712021
1097769404582841841
1728475987904044276
1082271285453911252
301983290795490655
4539733794249497671
3733714392837002260
4018146780789895509
1173176568082059084
3751511981654134899
3980058160690722128
4561320138935173105
512497715911718215
1341356694270303
4392122477558105149
3586290254368003069
1222111937614393585
1474155060135187676
1152135350306812229
1431423422308287807
14456736642499029
140593269583379935
357425050153778947
320618810797027548
3517168114847257812
2041783733459580016
311817444011613516
1527091166975902013
3484714307317154833
33587820301186903
2079903213032689732
3545278541707156976
3520989312059383069
3967456256192249285
77431762150317908
1443261857863554300
2295847211386264819
3733277620553145364
1238860176322477107
1437708722771530767
3881101626702234609
1081920807359443908
1536590990289651524
238978649363432796
1157167757399414045
537349224610657245
4544544749374456781
2143771834129396045
291744776440807253
1178875546579031491
26209367897872375
2109107253466583495
3518779668986924499
3688501201016801095
273896454324254577
4558205185332556855
1431511843917283825
375871348343555859
4032700572468508439
2111910531930381597
2294429381915958519
1112887483283132623
54064416379360085
96569896903890143
1177674660621800448
1459121276049158979
3484972525685575452
4396925298915012703
4410560357970547932
2239349999764780305
4346313127985806612
3539037782285700943
1374813935424782385
4428249955067809997
3530612170393205813
2113382153480291523
1464615724946059637
938752019643877327
2288778035624429525
230598456748547088
4411002294035877061
2107530489195599632
927477451687139140
1726375388273531927
3873149658089116469
562105597336351728
4409151372685227315
3550838705311531828
235046239380641100
2235007106830070980
2040504809761869045
141039982706741372
2042369037156441165
3782254032123606995
509213886843256049
297082956379111431
4034342218128962812
4023121700475755733
3532036296041838407
3532869141968141383
4610696664393303309
4563825858908116241
1369512955859988532
430026702597850204
2103480229630955535
271623284340514044
90010150411402452
3773794135116304479
1140608988465855863
3528319979620652125
1534904420108882813
1214864471143991124
132000080911097812
3833702500953214460
996352100219028949
3852783110564156663
422455991041029917
1114629690876051699
1442495278704182480
3833960886928101316
3806620245222952052
2255563773975809284
60785490235543503
562764153463060284
4541252691752875359
4356481120544605519
1212537561354292996
4331462273320305023
377727101053694303
1249732537565532428
887021591408505607
3852075007215993149
4356139166314059535
3827240547232269632
1388287859044154839
1279149585683436997
2090879773104755184
1212616129728285911
2093968715469044977
3978155456350114899
2093959728447042940
3989308961574629619
2233869477295182967
2017918287967909124
1116105559398927604
2073120616302302017
3996751275518353181
3458901215176414277
3995554818998612255
3462658795308581143
3824784534814586703
1544769803954951936
1240108891086586895
56102706653560145
89170741843514816
1224266554241505027
62048036741136853
2022965898674717953
3852072146461274420
4554792631933390975
951932380061651904
1283827091539170319
1284637587058933964
897438018356713216
96682348730375221
1496171392638861372
1573150849336725509
3521621797508564349
219854273932785013
348256380647329872
1681888989332591948
1510761411571348499
573207319123706355
1283331517283947356
507997286758825984
71160117946342487
1100100815673376965
1213716547595753277
1575644637344832821
3476780526500781361
86920605354373187
3841324016607681872
3767205273000817725
1391347806080548885
346767642668659777
962741114238688543
4455216726242324803
2159217943036288115
3837057828803335189
998799761539715549
3854024930617291761
3782308266528225228
220904202985026909
3841786205812560245
516723585667133
1168105708442366039
1096062752125701455
3698386670821645407
3752928782285222685
969783291873612100
4337179530813985799
3890508715198499953
3697276573171599356
80252653720129857
387086663192173692
2248796030994833349
3881826992639530332
239671635920245040
4403752389102891795
972145400188334421
2150324998396573015
1282642433066612509
71317950020056435
8220796162215383
887723711745776709
4563780030299460612
374719023073412289
1573005381520842705
2077845476907680195
1095803065474216775
1690350913976365377
942454036655521020
305988798130741055
62013896725483332
1179754107020057605
1442567463615354867
15707061503145037
2147123915973984255
526877162901434832
78182991890173213
4404262399105286964
3874169755830437716
3566137618575192157
94537473626955009
1223859057087173855
3778573917259808785
69590416500421583
3737948345953748436
