77913542304403916
1096435145973907536
3688954081155304831
4553267880948354421
3513740326412308689
2289360519772009428
1539510831263465535
3536172129790557523
284873660571613009
4350256326002544711
4572804492601312508
2303328834461759293
891568635507383645
958686536976658704
1461365600319118419
2255301538191003733
1496325172659965041
3732392778781291901
1212685734101697021
293935592146949172
1177677284942820444
1510941667087441857
1098657358836859328
2024300059349375
4331605443050993100
343924066694809597
360234153658929615
1168464060598275907
1371328996272635188
1404510876148252687
4545594104292836623
1666293378228098076
87591837239201820
3780592409366432963
3971563892140627776
2253793639723446396
1679932064180466685
4716304466199303
4458409713650124048
969821238561305537
991870288760962103
3850893601032426353
396277207630044167
4415031703379931143
2051121612594156804
4331474113499749824
4466725432062902396
562754035557810179
2247397769570451324
3976922364430595536
1571183785569944020
80872104919316277
1535823185269572371
4382002729888515903
285913451765920593
3697697217221705716
1174666559236357619
3770938129184215095
3967675744197790839
1517924233601957205
428131141746438640
2076146458693554451
2031200351860101057
3734698784428617932
1242999493431867255
4572650045619506549
59887640949912656
1150481675675827249
3494003811290500097
4324518889103097173
2255265488508633421
3599731075193881551
1159069096742080721
869501722693750036
3481269369621921745
1658225252268997907
4022616562159321165
2252863114711597379
132786029732517205
1116123586051273805
1427394778736152001
527413858733711155
4400306956675150899
1082501089092263121
4392645159214464796
962647956442283475
1401689795294905429
4342603915724799485
3517122190111011932
1285728490402287988
3693186737937648973
1115786391943902295
1665300482495695923
33711353131894007
4337526031444460511
3566073809284067536
274092130124715829
4610683594469137680
351023278850342231
25910283372712957
1676209684925890575
505823783221051484
925284472323011329
1258142297847771359
4575464606607345012
923009581804965360
1207190633769197517
422525006620934397
1140380281981628673
3552246301661794800
2147605706689171836
80273234900909519
2293445963030709573
2113542640486539213
3818211382367434613
3818055522457874625
3976731485851678047
3494746857811279820
1495749049044989725
4392272925161932100
237832118935538813
1226340019997987660
19638718498684723
4402232867089924355
1085929736277134799
2108180571329131612
309867718475052033
3819071456306777343
2303024994220035085
1675370978690274545
91607994677352309
4544470430763913716
3778573814653466485
432191045619504591
1105021558872997171
971881693434467637
2248654954678140959
2072209110697579988
1167791288441049917
4561952938595727127
4401648867967718205
3976942412901979423
132237285645879104
1152710501257779143
1517648216960794580
3557566032984233265
98177863988239813
3989416610389495747
76896273343659315
361237760632361284
3976976439013334213
2152720364507062101
3545201519858290959
1372984298666264017
1177092202262808388
23713523833885683
519565165720728689
3768739677255976385
4556521136300824323
2305070173690842228
3874010812613132159
1282417847233117500
3539811748483452876
3752866570128719152
3590582493555660556
230914852849541068
923305842013569807
76369156296015683
4562274824857449484
2039501798040950257
1176654797094196341
519334888231236625
3459959890126536471
1280566098907092980
3773256123939014597
3698798338384137271
284606318233240332
508678151637818397
3996717160835566901
85587085973802000
2104240183469785149
575622084740379903
2075446137163370992
573295292086186069
3743438198633984371
3839252839616606284
3854242573624620049
1531738496607000439
4022067201912656241
3529968849727589425
3473425143567992048
4378444692807074677
2032761000787446852
3771043816811263863
221898295872656708
2090025374553281493
572252081621241340
3971419915778066429
1465131117047504113
357777870469513309
2116427187253233459
1509569953278686289
62906205011311677
74164272674689217
1467994745054638531
3809840034501096691
4610785257548992860
4600363193284249399
3512931403859038047
950318331788219507
4391859360818394448
3854366415355911413
1571690639849905532
3675245019050492941
2159283001215450449
1401482378475265100
3586260310138278717
4338645399121173781
537547382761784085
323510500039275520
3513306096763520820
3751569963355010140
141671875405676016
1404860799211355399
1509045718487236429
2301604492804623839
321093435253411889
1404348972877677888
3748424589898625333
4413806109011009360
98504546977273295
1571717581713265996
392080578508508501
4338124231059304561
572454436879519507
2239415189593249789
1444590589899167488
347144222757713116
1215392750954137084
1081786904406135636
3851435657429015636
3475746539832623987
2250770532506328837
1104719143348564307
3589159395529786821
237878361741803549
1251750278699369429
3742561518497854277
1383695058162877519
4403606793868107523
1172974154790597425
955612484896586817
1401549071205221431
3996037949970236483
2072835042794750207
1661845081878123477
2025793086563488560
1240478705541171140
938983275716427968
3801389125245915967
4023393796599803933
3879219895942856652
1584511777726906836
3851482799572832053
87675079059624927
4561570652586309077
1233789551887283476
1384281222581910771
274103916487098627
2239753657791764432
1211781750583688317
379446394426949973
1473614700883528783
4539859106214465599
1099851668922684529
955833847714889551
1224117936301816897
143393922236564784
2122814816610424691
1245196108117782748
1174827132535378205
4391888353726094417
3482475418789336341
3827847756646577276
4329427987587948503
395314507956570065
1429280759049356627
2112150024945655063
1570767000737103119
997370584662766397
1373898156040008543
379705711429752132
3563279687104662772
3689911782623501380
924416872072109063
1107284023144871421
2291519466086941909
375208192418805559
396268325443028176
1459409340259897292
1567269383477132756
1661671021584597975
2158076751098934132
3820728628570511157
2122446452973371251
222777897693052252
1292833316725290007
1683435622088641548
4337070985228637127
302797811032720244
923315994057765325
3462477776166575411
1690499192938574036
93820166688162800
1390490048814110535
1670959761459453276
1384641679038886736
918859399660835324
383653970364339484
4346189227601460247
4023052366935882803
5912301647246799
3746783516864379904
3837281661335568764
1387096661280510001
1142859263561724895
357842670578386229
428144698879843408
4409407763684311379
3819061023340776688
3599291383243734225
1082223195642261573
86435656322514140
126449286506822711
3693360563323342837
1172158506182627405
379505014572784688
3875098437758057843
2291576078105591837
1509071969041338561
1100504509264960852
925283046477133148
1495227337329955781
4418907293792170975
94352929322894352
1573221987740139717
2234138689107988956
2091661541709791473
2036846180667754247
94008585436991836
1113251130701774141
1401038399503125708
3843080232391234643
74122467228975425
3752964099998682951
1081727946282186544
509965862418007125
3563248309060305169
509751721091748883
3556963062374536253
1160905596553981956
350370117566158612
878498520851558851
1693106572407869507
1658177816045600849
1532313491291503628
3752993810332529933
1375240540938662679
999742291919968087
4417253741582160832
3521203524329240412
4023391275613163761
3557270873067042653
87815812962709748
3841955243372920263
528985985518477109
1437008102150664980
3732462992494692304
3968869180233683715
4340838370369541965
879070272003448256
1239682899072004337
3710217631300006995
504739419589658455
3838207131129027923
2257161158898449732
3781999857196954932
350229725110912332
510016263995311052
1107873363102060849
1676184994136129797
307393162820784404
374307908669620567
1179131409676096455
1474098486786855757
3845314546186133327
1728803672723555700
3768887527747028351
58502012015168775
1388521334549509180
3984864300493964748
1229205586781199732
1666153154834871356
3694442894471755568
3881478133120294172
1681515241654190193
1259936923906936116
14904997934217024
429280387201500125
3467557536022709021
3841805519215931397
1096581435695848820
1179764381215456452
1149900131699290483
1280232063852048385
933779018053317489
285081103278804303
3588475408618822716
22785578960802909
1167407913930543197
1150044911555599729
3773124013955446035
368294566015796016
4410224791505629251
3805542586220835677
4338588594570612161
995539570626916673
356927672996414836
2076677529330307391
2115834739659929363
129974652444606845
1229888929557630036
234288884874279965
1249593879690336119
3815045864524680404
57769384884638660
4327964958535135551
3778553007287827952
1393113416021114060
78601978326221685
94527021695054205
4358706066717678933
220888601566497856
2111571432785826641
314429777395846912
342822292901072917
959676028124165057
559867128983263029
2122171603974815948
2159252671160989452
521661442275393628
13735581120298052
3462564271741157189
1660706972668870941
1682032324947423568
899861541650682061
3678602093025104141
67923239182139187
414416653002175989
59677969283772880
2268742035206648893
926632190308482820
2288109018369806349
233184426287481111
3766641882722191229
2157748485719620860
1373339575060349197
932522205424457073
576183764524320513
3699483007276314944
563799000554216573
345918852108648513
953977242239597941
77771813804064512
356299780417123791
3676399463138719701
2301645060784898508
3820201839087833047
343741759933906368
923534756330425820
4386494859356079197
3694077995751823220
17113920864903039
925240474759069777
4451192854316076061
23605629830645069
3482827313269251268
932795375902579788
2241903508213989885
896600947969279059
305347419693912844
360390569643537171
67769565077373204
60046322871124996
995396884728643572
1137093228345957616
2242181574021813253
3886625115439219024
3494613015759435591
3773190535474270679
4411227732505907987
386214682330125367
375170364157155076
3680634192419102196
216669156703801365
527868664926638925
945558109839129908
879888025154713408
2031127215561995220
871397260665080908
3845467013866012721
1283759866774802487
882669453622653199
4358444045597869405
2147990262159331677
362264632235442628
1496135640772981745
4402265841674780611
4331653342735222545
558794958266954948
1510698257983996229
1426655169196937683
1179318515557844800
3845296814096961904
1284931024326695956
393286595932114033
294411677368087029
2266507729270853907
2302412549048622135
3476569416925976013
887332580885480307
3585277971446354399
535987590792566208
4565653813336036375
1449125285079646193
381768518772049095
4457684008357197812
1531454203812924880
4541102009428938833
2021119000413861759
6742466612741245
383895822172163313
1689783606854112261
1004864779350118848
1153228337284695351
1094900095477662193
1081272932349591808
3466945013529042703
1095858005485601728
2035929634921740113
1513569323287593939
3886697863501135824
4601838642020209100
1519916795599060275
3491190620131642495
4457844288584405343
518266296923676127
3707995157629271820
1404912820450022673
3805488105418424183
2089623299297129725
879289652571296963
3533024912635579603
3887113352274735476
1429326656072516675
59478181496746487
3780557432824287327
4396414620965797331
1672053741399694845
3513093882776123153
517917462340948469
1473787517465853789
1103232125266302287
284907651749870911
1374518534881494333
1229218597264445748
1688939804528792007
2115918177896762480
423146018368213237
3873607248745794621
369250454897446357
995541668524416092
3881246631428633393
992135247427800140
4415168451377381701
4032196321200037717
312807503765142540
3680835368447397889
919285557220301831
536790099326129159
3823931943763178513
1717895985486491860
2090584416727335920
343417187387432135
1143633123713447703
922383879922588887
222081313010425215
1383947347942535679
4323514741860726132
3556787609662718021
1515303782585782773
382860875440403216
3491424136445844816
2241667746863738960
2097577640120571868
2017740413036511551
3709865979249214257
3842693312428459479
107247806431052241
3513215893670534421
33024370757924725
3967635473513141699
2152654944816139287
3707338817049723189
3675430104797566289
1674443837051817799
926928124414644228
107206540686283087
3971107588432410437
3473469368497026548
3978915994074959667
4338942595729445825
1258535991741206492
1372544355775222837
1503304252721952512
302954881322386204
293582188014469141
3985898184474628980
3994907348618514227
886174812799791956
71482288793129428
2267347994541314877
2256053136392986368
2122071754532719872
1102352148912344335
1103753289424506959
3963683357003092252
508656358284643664
2161107750071156748
2095353002478209008
1663373084860403004
1103755748259738739
4377573937404671092
1726950157658225871
3492391116089352180
1283514688587683292
3490517314499822033
1212963872692895027
130416877214111703
3552438576261584885
4609219042756063681
1437877380881252439
2085461558040793425
1464215611748078644
1283911943845171549
955171134295234005
4383194375888325909
933637060827807711
415831137235786769
3536547266185491468
3554237605718589900
4554201305676838007
2239727382520754301
428339172828332812
1449384290325106804
1171812166039712560
1455172867801347012
3827171222963160115
3971558136573456604
4377714466963379521
956978638304538675
537332692993537984
216248980417287249
4358414980693833479
4328325608004190467
126399958834430916
4391240495478674513
4575603345396856080
4337525117552635924
1725174519716901075
995567594640721788
2089513372609500656
95637683849868752
1167929685709184989
306024147325023573
4463995240935603985
4377798443168253204
4572522998040363007
73488421543424019
1436722171031706639
2022411263708836864
310876142137576915
3750792413287232828
1499642898733813711
1458344672752562228
1248575954801096479
1188190332145982844
386534705387999429
513370794384233421
4032752959587415859
4418018040845496323
4378437051934430012
3820517055832083717
233997291581464012
4018852940718624885
1374994218855368449
56246032567307347
2144858972511788917
2260754226950264048
4032116968030436684
1142789779901122305
1473012364537169159
2255248172047473733
428199087908869980
3600368405885255439
881636609259009363
958368522130162175
1717216492486358996
3819057216887260099
4453342548612632529
1438742646556463443
3681679751591793
3588583251313286933
1167907834659410300
3755143392612275524
1280360198480884061
2040515251161289536
305197234106729436
3530102148081470972
2238293779197157185
1224789142397615157
941392855585735948
3837145996075156679
4546231532138782543
960427793587852275
1175471682724254784
1405076715353665551
1105426406761164855
2075582476968984817
3968007713681431635
1257586026985116983
3820598137467519184
231107581966086933
1521501979757315347
366847399894466775
129721221273367813
302024100723019773
2161672260643931213
4021517668908793620
1499994502272863429
310539198506479997
504689954719545335
530436110415806673
1171222184686875392
297096564503829831
3693164241420251973
18873449128972080
1081798347008508764
3852087329377337847
3814838972061810461
884236923798876476
3818441160969738053
1373581803827490876
2269057692574634461
528119349279420869
72273941154444543
3995820213915866956
22657691953495875
33061623181672727
1081973597313977412
2161021736380220885
527135775233473741
1156571076928787396
1662901649793667840
78047720891243735
1239674130865607153
3843567045426135295
1215757997626620981
3481665969946148881
3678399434719741011
3887100255859925
4559186798475336948
3481214204582852037
3968523615561176373
3478270888906669079
3773443694066218204
3846057388797792767
1689752780301267824
3778604822789877841
1676812911585068803
3698897103587382291
4543146643901149212
3589707283563824332
1572826090948727100
392059217418076276
2250748956521532417
1545863930713306048
3816732258788471925
4384058485990686784
71270327879462943
3881501176511286513
1443135744761989111
1517518529851376500
306192510279761109
1402729947109225807
3562646119888274943
3679214358872137564
870317346570588663
54065544138326215
3746787963562161119
3824404719052329744
3994974877253902141
2089759369956623411
2033147359066856711
270317632941311987
509767688884830527
3744592764018357276
2235035565279347517
1139645115501724869
2021345757771592912
2021223373533814591
3806091807454332884
54955722531010332
1279109522059690191
3971281850029949235
3980073987520803188
1713414141672015639
379416659396670591
233448048009016179
3762543932011412928
366058008627974355
3838211213217510716
2302286295521631443
3530222995825434591
1140550855649907788
23922912528660241
3964294705647661516
3773965171810570444
1008603234668957557
890832245532919805
2103277024747666901
4414658758534579697
2043794156485352468
2248756674151911548
242287641380331473
3985693663122652540
1455638977523275085
374352651551588575
4608656662289416021
919142343477824636
3828006998064090128
3994911981515928896
3809023844075557969
2123250777296208695
3593262614136500501
3545811974108944349
3779932978176967436
1427928128351641413
4324814660404578124
3734644442479445952
1427490549547359508
3890481007883007059
3751802166186344241
3556930852253533395
3602260974611750863
4022014492451879951
2260064014489874636
2122271949307475728
3768745205679092684
3986246411832726301
3987115104292589568
3768743252608218573
222666486835102477
1989106694622512
3981424192247028848
3585133533008322517
1139718016876004800
1107064677075013971
18085948421100759
994589067943116547
4610688747704893521
3516731867723718081
1135275923532673027
1581045081410057168
18363064241165121
1294736911579221767
1497294410404908993
419810259537524188
2111471615336337907
59885129903177741
420185465246568565
3552433934406382391
3563250954352839804
510170592013731661
3731046477929925911
992269100288788295
3529768045374148352
1087020298718485555
3593098654522544476
4343004819394494423
2267509849770952567
1208956195234979599
1537729706377362672
3679499450210923715
4396884328239821839
2234156845513838412
4349584763100403141
3562439111337832656
98817285783679479
1225248985611317527
2289174350085020687
1689343609511198988
417837722305285365
3694103142380885020
374998664090163143
1568765036694324540
1508808116146238732
310691336170767359
2090176515151187260
3698436386151472911
504962637748848463
379935357272150867
2288322223830814037
1510117914341806064
1679982598814964821
996734562899083585
992302643910308820
1284789194237694163
4457574553611663231
1711600145119171605
3491908399777566588
1718069724317029708
539437805604782032
961340331651320853
1692531322022510653
4455737014817782788
566345304860901443
3842504479104399111
1580982682178122781
1675607089290411459
278456780017751
4553195586211766021
4543251321104697287
1080956223229818639
4597264550583939893
1683633004226278848
14619502911446364
945190068682497335
2109744893487681365
3854267729663979999
3473902379667845235
239047232942048524
528043842873580661
3538774928072394503
4340578852051703583
96782394148861389
924451225854663797
1512582743538532167
4419425497875991621
307755328716238933
3553463476000443408
567388673220038928
3533056819943716828
3563605090927366197
4563127671437095685
3531738506835465692
73408135505706055
1459170940481900367
1097787341299324173
93797513000473604
4397500968773950487
3968039888346927089
528996209000788789
922345452293014321
2108832504834233404
4021705427892896247
374084742892441621
87245113594548689
306509810597565296
1427645705169749204
1440531877339332671
248758183952383987
1465707032418414797
4397752148394638784
321182679492985660
3964842285189825795
3563856891517850612
297022126107718848
1095275617567184071
3520706393884968959
1441464487655623751
3518458442379713607
1404407801820706065
2049542785022607616
287962642324987252
3476764976174011847
1429681989153476661
1503451121283592276
1658943511023910780
4545353582494301535
898204531529406260
356159809764777079
1572987456448453836
3462648529994894461
1214867769663443716
3460452539115002901
1149778298564066815
1456718523172904771
5972509370381391
3770363692130852148
4564172959141662540
431437312606597491
284592632527340548
560447839758504989
1243349761290719495
216684553568604928
3877402499941349205
1140805287982217027
229971499988319281
3737279867285209167
2087138557629024211
960142017857581269
1540037918351258373
