4563082191801496627
866366539865804237
3890282684675985201
1455733003148670068
310133837809913685
4392508302441957237
14425444209139696
937835864646234577
573073656625810928
4558707115208209485
4025610250872898771
3591465797321503543
4566371863379627504
1149879985797058943
355871744169610335
1386250796866212309
284014294843094140
1107741272560196849
510022882929233725
127504870601594103
276341723067631381
3691910581234513757
2292336022053270832
3699669572057685972
504895970597948695
2095321701830608220
4021659309078494467
1716377521664511315
4410289694352732212
3838699888644661077
1499933752624923605
3538770774129063133
1692743460681269567
519376104930497629
1103663367976728529
1465310698619597571
1226619661090293631
303154034049634295
55667480042231059
4601574358689723152
1158832329321862385
4326970093692219724
4563205613266911261
429882061986270321
1390833965109071828
4339206489731193924
3755295382521073941
3762542215769718077
1680692442640008463
3764432171576345853
1440157119912154181
4611480410832094007
4031671597562872908
360672069098222535
1152028526666371100
95767589283104596
3773312250495906820
4559137075841732604
561881008535506963
3890051185823911164
1532285114623574067
563265861149985807
4458335016178382159
4465274246240107644
1139653097693740501
305193765048368604
1575995244079299957
2079808793491083125
6012629228141821
4395756212226184193
1085356373401884487
4397044167834097139
3890490868309645277
96621990896420341
1375644429624278039
4391349644618224407
2071675061191121935
1156576492533871636
1384241704386944983
1671211240318782556
396265372562294229
127350784454542540
431590429352120535
4346049289077620556
1395552181856519380
285716700388456309
3548129622495326532
1509822704396328196
1495543918701397811
3693811374242386935
4454482054170543453
3550863941129453885
271470813639472951
2041555005367141831
2239194204199833908
4327783101003739996
2095305160238316551
320165435290759943
271359216088643453
4023261840036596821
3746384046927861724
3840448276445594967
384267276044948804
2017946955314099141
1228910762273223541
4394615447517975885
2112189562974163969
364516554206728253
932263661373803796
1228426376684843827
131801024814842876
3535171518650076935
3888230445811759060
3753046348321013584
4392417225453285756
3693219919941162005
392032253157786421
1567531222539522257
1472801374840566643
1532373790603096561
1172009561139430851
2106784075108315404
971741081388208349
1158929188631990229
248890354723472148
1680128542409433077
384810712300647443
1392721419105529876
4540812963741700353
104656805384443079
1545017505402188919
3843190083662774135
3679291223961506115
320309554618646541
306373699949056967
2157584655452668765
992975274515903261
2241882163776648061
4358360682831311829
896435151213891807
4574605018862288839
3888582317055489021
1156824702262670685
3464469688469101895
951463556749413696
4022625899927883760
3554843159147332560
3463338419063360823
1396077495464558868
1115855666197776221
415734644114657392
3987195308214271775
1153980838700106225
2041252615172675408
68694517671288643
17399791964255565
4342953418369539395
1098909383468113200
3822849582306293719
348026482741948915
4455421162758885620
1571476441847559443
4384060453773728787
1455172955259784671
130841023860657524
2234708233410081857
3735528100122865887
3766263904590417724
4572209983038242621
1440032374991622397
1248637142111946197
3743931600060828935
3820675448066523637
4607394589131419861
1683455501890553809
3852791333127225212
3833760879560557781
3845037336195716932
1226620927501988049
2288901699556819196
2289812251823062515
1726849494653141328
508849848726705276
2159286979890498780
3996739133460448564
3689957861717496881
4607542789454127043
130875982377587521
17272215494291504
3841519635624186163
392324402927589183
1474318706950012277
3875136099403694083
1717226328848400884
3887674759792084
1226196276534598671
4392438165105016957
518430475401844049
1575436824196469505
1085738926407161180
4419179336147735893
900470419265631701
1157765898963013392
1473051205200601047
2255253914364465148
131738814640838084
4381774220376374736
1369217762804417728
3823792503586034631
4379523413203473863
2125135340832348144
3590282820247175197
4599368465894150487
4563638253395051469
3765939458488089812
3978744536867614720
364824339559551860
237795190278274353
2266177513414948816
521560831385523021
361163282240010065
3526731662674972919
1474161217855559516
938006423387848561
558469810025340029
1404911365407407425
1517571517675537201
1473807650131397632
969014162866956
3967657879855453205
1510697302727119812
291853667946811637
2248771019665622225
1280208942306374865
1571756755406147792
3809417978214207744
537396750482201935
3679247447362993527
4611462664952303695
235128214162065175
4382939561779328371
4454064382057729076
1256729953838089683
972165349566116871
143326895982235123
235651125384181197
4598206915656666481
395460468576927757
243142966369910135
4383129174862528451
1390718652839853108
2303335848973455827
1104883240109661504
3509045253967221
2017925187526512589
2031182751647757684
1157649614860400589
2114438926428214644
293280557013487423
1208943670476227637
357213002589536115
4413303317289466928
1501109559233836925
3697754498408927473
1094688125346057587
3463767107367333959
3837426635237489999
2104834489696323379
87373684928577
3547778076460971505
3843773753058185333
3527778749264431069
3823632799743426353
2035613078369601021
4602049900606915533
2036489894730126588
5968235368284188
4355892287634747508
4561950499258815857
4379712985573377916
2094015618707738627
878568193504080836
305353920936769501
134830899506181380
992273013015918356
1683780222926542668
4544692568620124159
3532021902442034512
3770644290390290527
4392416758448784692
1248957339499188565
942646782425287935
236251054360448372
1459391940565716755
415387784599914483
278503921092161605
4417784737002947661
3762002334972862212
1473869992523232116
4540038910727507252
274109607356339039
55393736204320087
2033108586594517965
3550226638028260180
1445590673641198924
4393248377504881983
959341312802344308
242160839304887389
1715693184538145601
1528144197122588723
3874028430223478589
887277232277902337
992137468005270399
238061949208098173
383665035189629196
364013411353458629
1175473678871284959
4325108555999822172
882482054773916673
3769609610726801228
513194927720298292
2041264438429965809
4400090809723045087
1473237235560412481
4466943008143659293
1135975964943047796
3464674410082038608
1431932686281503700
2039500831359964255
2078266363901919564
3815451520580808897
3838753344679901180
310032887578628080
2088892927227268369
2255253191052980272
1719492364365291341
3593254326993016005
357425129791376689
20211016715271620
1719283299871215811
251972980904904656
995398308078777796
233157974401683669
4543383390580332341
2116677740986855679
236396439618637
130952107536680911
1683311969212814101
239672856472438095
3733570982577650751
3463533456850362180
2095814370268300563
3460277429460865072
4413299173110517567
236387652414540877
2265718931114639743
1279518205320222205
3843563334370544688
1082277110313407455
4449559856103092672
422515783666971644
2050401260612699591
1005641738940271679
1717383342419039063
955683142046302668
4021675933272841429
1279575711383901185
511000726450501063
2032653972884902917
422739212865311063
1112802279591235581
1473047878799986495
962662033797705924
4034610653434468316
240130093603044465
2075381935001165141
1531185398208207935
2265599848823608627
2022526199428756484
218232429743535095
2111445784288582735
2034595625562866711
4355056762124047569
3845284615739700189
2158663610023793436
1690106831646512944
2266384858447934540
248829360670716959
3478009265924620349
2088774181780833333
2025986740501988375
4453024102659128413
4553199936678707572
1467594169563077879
1229329853626544371
1533406761774538527
2293441881104007541
879078646341439487
1384114461073268564
3996889005830566860
1104539510646463813
955839801779929119
76355929407544657
1373955303893128691
937601119215766611
1171305140722849021
2240527056842981623
361925502924866881
3513042796477955395
362474080037797645
3590619321544560897
1567672412601142348
2077021377423012803
1446711350905626388
358020708861956291
222138028218368005
1443402860015711601
22747620859467231
942761074409690887
2041280515215924499
1245024300446471388
1584383289605870960
77757758944959985
3854822157159789836
231217679104281805
296327694936448381
3779959422474764748
1537167777351598047
5423030815496180
958383752458220608
3731021416400899283
311258341861285701
2051140405618917471
4337273430119546177
1375646307768594685
4414685171259069299
1530948721679734529
3967412938372903949
14381430728784989
4572264081226977407
899951640926487793
3743546855817265271
4450987260968270896
1450154989045747792
278119754098393181
3698885025866317077
4429228043406491392
3679816095102721221
3485539051395991492
537423967520898527
559639315134547935
1212326039563079687
1437912123027047620
105117723575312192
3816789414324788563
1580993250179995411
4348010450535073044
1711648251302057268
3737838105012735184
1224404893593227271
386697480575981332
2108062669668696132
1281000849724797701
305207796698174735
13923396254257487
999182642760897744
343140124033348727
4410237893834184128
1681025738830271747
6610633059327168
3459702466251574476
944690801029633917
937970639636329729
1112464793275561805
1456193576995915132
1170887271151130620
248117028556390853
1498958759840208755
932663432297140223
4561924063235635024
378334587227747396
93682607358988484
288776686559939799
3710686633708752723
4563224271702291317
4563579180498081085
1531222997339000917
129820814644409203
889236754745275484
4392434552749214845
1143061068715482368
3982127706245898189
1684121699628336119
1388009202466541619
3478204791011963329
368434308158127123
386523214723690497
4020713103993942045
1086447023680461825
297048545573281549
1510183410252649556
952287329513840112
359381162761639027
4558157125152217037
4428540091783265285
4323824873170209871
2158073972185321664
292818485152612189
127173350634098133
3395503485187407
1674308901936627984
1442265463895442291
1172202282867956853
869464956431877907
26401543879225356
1428490407596807380
4453796269207655893
3530049442176008159
3521798350753285620
1153048778702704437
1150445146843860863
1392533070334227727
2266857983852937500
1573301482151859396
3770019504591290844
2024224890039567437
391835365919380751
271084004561898828
521815255558412117
3552240032616493327
1102604570155349324
356964635969328192
4338378163686229837
1156665100598047820
1428490935715590431
3735123583672976207
3978300322625884941
2159335222751071299
217281589344597441
368504621441506417
224968000251588977
104487697291665247
3681062675545160917
2040376321905907059
356688019048386369
23416236077479127
4563115935510841100
1572063515081208797
1402152150829626183
366154130462145855
1692532665158163697
366424743413368657
530646564013555975
4384112420848678867
3850846171704458717
1157520882295454732
2106626033292885319
234151855882359875
3516316254438752305
1280464853257409628
4450539121514730868
220630014688972621
4608304435072628035
995110237546955741
26976884033310471
3971556942909595120
3881293489861063455
4396621565363699908
1680339441644502019
2160898529307071695
369281914957449053
4598387716663891284
104708486536229649
3491697308648888135
1374811548819395345
1080991960010849591
73185626350406913
4356332265073134803
524403098887853248
3485785408285904340
4382907710241527676
4572373067418906828
2256516680740204748
4383497722208309119
1282805522412549171
2072802635449578576
3680625363753655363
3598407014441547591
18996363265264645
936961773325977073
933147881491449092
383710919075763679
1383798356321251632
1282694718060217852
523534486063107935
2247655889467954004
891101216678695155
3674940612175263220
1168671454625478477
94561793584987388
2291713719219511063
55684858181568349
1211450760156279863
1157740888982603249
1087372402093012223
3599770768173187152
3828055355285790479
2023085164746732593
1171346034180052416
1510056559805679484
127736260819616117
1532310517468430579
1138695426535151093
2107751661422018304
919821140549817287
2026009001855375351
2079538507512075325
1373880671076349903
924465080614374515
320108448391041871
535981222226317684
2077143508134657809
3819041268897893591
2235317086504432645
17804664280140869
1229254329695558720
3841359717099918284
1458555861541912629
3688518671628715509
3820254100818550220
1473750274517499895
1465745196288820087
4541175845276884173
519972296004170752
572824603314897863
140949712679424255
296485474841608532
950646292161704396
3491219884221101296
80305906964516877
4595911279204421501
2266520134620148593
566553127147061631
1104803705285107061
1513206400972953469
3484949414773095873
1005428830565568849
1188131289265863703
2157242946997204227
918800354063495183
2160671315903738172
4397047389493264181
3563688489718630147
2294357360899262213
1157661782441919745
4574836844484572416
4453009035548243201
69049192212140997
4346101206532568529
4454363324734460125
220892149921877299
3766096462134330575
239671754807590725
3818154410376679876
883960429923873868
1134996152941269309
3999008207824744707
143297138797794164
4558893800789913840
2252996485996354820
3588309485777673456
2294004581567414516
3586484829729127709
1258576896064836032
1476602127632371516
3854461642121265357
276924030777235421
4575376622902866781
3805595637454823383
3531692732912258817
2109936409391513619
3545563601127472451
3748336278450733381
4465094164643593411
3834075239224760145
3676578864394916915
3553574658937732307
943452568422827377
3773124906067362116
2150412695936761661
246015728763908
1082400465415388367
1152345720297419633
76284048952352563
418024495291548419
3816170736868077836
4610616250345545727
1658518008209872704
4018129235640387445
1188894163390968263
87753214812014419
1127081106797783
1460556162075589756
2071690048001036035
1460508060693875997
865103957506618191
3981464984618004983
3971954080045096311
1545048859209058053
4383514627835441357
3493969794075926476
2296799870763463765
995634510253020495
104480267861831685
924306908562002256
2288111671382691676
4553544143463583491
1188895187737231421
932479715137082115
4544538805140279517
4018708358948486209
4381950199303789621
1140942171010303824
2094442945213387072
4022000131922932016
1459197477717331283
131823537962205516
1726287492795866327
3818172046904478720
890872981960990175
4349646081550450943
3514838917345722672
4450985540155068231
2032064424985050460
1454683642668004800
3985703260216750097
3834548403637046529
308434244925653957
4401174071188701252
273651887861085565
8390649116351839
2032633411266362821
888180507530312733
1171002771314325447
3473644504383551309
1244137114724792272
3481637658308695120
4403697192365278708
887050887595052540
1519331639079800772
4383152470974811637
2039938338925101111
4414372593760558141
284878845989827791
887586587578322812
2252037066873732871
3679999993248564181
1082541713518298899
955261200102145292
4331476592968815959
1209028557756255313
1442788318140698672
573350299201224723
1221870590092957012
3737973616583984403
866719117305216983
4540982288360364023
575620121302891569
3688573393058383101
14707054400095005
1436881615124705604
1140339755471164660
2088760988698640348
926689390799909213
3554287061261207543
4410224718284920001
2304988951963698252
956999260416838960
3754934682954503447
3827834786413747987
392109845688470999
3563719226063803845
311262723269029956
14574876241657053
4330013152245669325
562342043808248781
4023708419513128311
248882427540018503
1681303729179024451
868574604361160703
3986897065551614961
2106590698732213015
3459911541477147133
1458423962680122748
3769501082172076876
1207102483811368797
866731827406914385
3491788748479123505
1391344227725031183
1082257223016275283
3801882720683962368
1568608114706251021
3986745861211280652
1400703340513543292
270714040287513940
1581963397538533463
2089406139011120383
3850670332960831440
4358584764375850229
2144064715788596431
276109632482890045
1476412142100202451
346801220125406547
1424216316830815436
26864229442515839
3514853642577333271
3986767030468415485
2039513878583561676
2294548008991654101
4378474592059864323
248046526601745231
4457665834558437188
3494227942271440081
311048661311508813
4391912395308649807
1220999962859492596
1176949356987630797
2291627750826557491
1373703426600140596
1530123557764559231
1675466007049886929
1112914107851633680
141660515540522100
4032960084483462933
2144590237256850772
86779993823401855
941384090765021427
1220549251189391871
932347606410059075
3749201695725392375
234029809598935412
879425507094727
4451056494029311347
3968899171932393488
3743863305116373244
1244246724607745280
292720597158338332
559292706574369907
3742707890978422081
3480231448689975153
1176688810163962679
1534939525766461237
3736880776110624113
3683189406586320375
2123268537592329245
4449560555364890071
955697009900189532
21628832785110335
216246807082882324
4385449646034539863
879834982381979479
1085384840679847360
1186121517366762709
1725229693885751111
925331891699326019
2148036995280389587
564313138310615359
74120517589405967
4595183725242828144
4554500149683289361
3529978045304987447
3818283710081727683
377261613588182879
55665319300355283
4414714283221186039
3530822934089372736
290232867090810196
3736875194418852692
4378351179239546867
864937237850051925
4401372765563080453
3770569329791565009
3730177642529519061
1166780283137261377
2269671025557321036
4355086208384619331
3766237426984939989
1244646270175613943
888848799073374545
3995625045769810192
2144576801517060565
884327813169298771
3984849028048179148
2249284542846030143
2072553044310216901
4326929346804578079
91043196125853040
1226242283176919157
4350420547877551412
3879786465768489212
4562416696060304448
54539091654603532
219835314675849205
3536547269249876831
562806875233473484
237618769366883604
2291434995371162831
3745947180779707408
4325504526583268469
4346198065428263004
2124678410860975575
1215198720706343249
3745892110083841840
1095491570586439447
3539791736873448451
3998358027933646836
1188199118244007989
1474669407653278775
3838546223123861760
1208034479635913921
3536469273738300421
273876800632806412
1004618565964121101
4544543224392323063
361216315651538880
8819539530013908
1456699821072040447
1161118639061798256
1372807147661249884
2287860313263903761
1497179921552704965
3699000413200146204
2115800207640034772
972144530658556995
1392983649782144451
891558749441167441
1447719041230656639
3803086596189937487
238774467088577781
3478313096929628179
937302841310105932
3566573225850958655
220659633379033101
937860823967941587
563820042137112668
4324704755256221007
419247134138818419
1094612050350918749
1149681748243628287
3494178921660089663
4018124857086663932
3590967600052039
2265610012372780117
3675905155057697856
1138290149628637683
1503375438518451260
3494160117506858879
4427906291176099708
3778897294473381168
1173151449116439877
2269536335659388017
293885658392775884
4031868853338751792
1152865702042007360
3967481963873591053
3549048717880678269
306527758370296016
1211263036108037325
1683523220742140359
2087404199090592855
3483254345224683903
2073904827497993244
1680989778528383263
4323825303418620988
528176797895954637
2109124213610919728
1158270634107815172
1241925992697839093
1681281651414648592
4558627157747441092
23713460676709847
562686976990408973
3563857215187963204
888077483888701652
3516270928042483676
3692331652515377501
2050334043288853759
523910692980194512
3474480709757908212
1431948380104545077
1692235553997651955
312372446727827967
68961493118291260
1280534606935490892
3463216236619318615
4607188037946954816
963010767908312115
1185589354162282483
4025430078167729183
1141504232097403964
955701232888971587
127584889065495775
85627001443974271
3966770872587648007
3547943978909046132
1454946303377129665
380485188104573983
3874225090392949620
4356466627585299469
3873162702852579087
3517803971889943517
2295938677214367953
3815484868585872893
4541831862151368919
519116261302845701
3851637563186312657
2091662327283668428
417991224185655237
4455736859452899293
4350221461925197635
2050333016995647748
379462376366591297
217849609575718711
