1185639467353314124
73398413098242391
3681117612974289351
2077021785831198720
4564344641868386641
882525718413689861
3679723682649918784
3989622419210635133
1571686228917515775
3816586554833329180
3873127786517845213
2252749640404635393
1088804572552237252
4421818089792296149
74049725866444156
78071699601425917
2052640599879005055
2260548893274390528
3679220989340709967
4404367607558331456
3706552464247707393
314411746766115101
996372834309395569
3566783887776380380
4034159922387965699
4386352108867510260
1424489869068012785
365864624462238019
4338318789730680833
3549812696719082547
431716043406561553
2075129546344975413
276231534564695045
3743370646064844037
3699514618624286005
4031658482466108693
1692442862400554067
1239338819355745559
513195953814819184
1391919928530121156
950477075378277457
4610578612449768385
2161010069590721812
305612294544422212
920089266836472829
4453428736762893633
3752559728794039548
1513513235417986388
4597926536851475527
1442015347176504320
3840793186801241156
1536577516537511253
2265448120371590477
943281974687290356
1293049163646569719
4378365047635828549
3586017025115245569
4391277029370156817
4347505481249738767
1284582933622250949
2108902042749687612
1463097892183998480
1104771693290655569
1454931884117184452
1143096255217456965
2301557057531240260
3972162794362598613
1388371134815139268
4340693781780967879
1094603544558918861
3517314964006897600
1692777586859183309
1537792157520043359
2086299061371526519
4547542010888920069
270444478225712112
3689368761662829683
1677574162853657612
1584492828045555655
4356393720686138373
3526600881125227999
3701104594939862353
937677197782769139
4332446569985291255
897273365966307788
4324430910185523165
2242586820339369231
324190192796434557
3591611731463849331
3690545981347877173
1292885065611855168
1499647032451782597
1256740949629194516
1378036370266486652
563217980046210124
1458427150565054279
3879084806371135477
3827909171522838367
3833460517749509964
308294117364024177
4611622191391511747
951795526507035712
2247392214180483283
1082279900375741439
32052169708877085
3683131817838533824
573105893168627807
3675253748067975951
1388169814010545409
3535286954265796561
270714006812835279
3747219276373971824
58811160993140727
2147373925837066707
2259698915074639316
288643574773660988
19689436861496321
3729533783063189360
344310276519441365
75571984332706241
3729348883437588227
3485008052610941428
3773014679178501436
2305263693224678492
3752430175513735441
3987221712882173767
1256563481219288884
1428016963823669071
3753483328464174851
4356341896941197141
2257796547239233280
2124986282893471856
3767047186160224064
2018121926311920069
271189894860572509
4356139124507369427
3709942524145037324
77545544690438465
346497291663783185
1243841233897611020
1468109094091297885
4345916839738675315
2304842243397996400
216402666430676991
3768394909152935245
4391955574293525457
3527375674759003164
3599595238531007837
357317038170195008
2253136901493437523
936731494403359761
35183757310115071
562683867811860784
1512211600876254513
2303016247246009140
395491933098409843
3680972309181316212
104782720865879324
1715890430003068276
3732626695358238813
522758130995893708
2288798333805868816
3519421481425816595
3743578794576903260
14906411753920343
1102542002200083791
1085637187971959824
3746368019379901203
1185628883429689180
1371122114546758975
14988300948370253
2075937290211816691
62470765262691357
4608154236769224156
1455846153316586813
3881009413906222421
4417399521283654103
924310153841200332
1230572336093974736
1175211285369156979
1712449774891826385
3771162447968486355
1153449261397123024
345721030196654453
1135423056321433364
1154945711810237779
303215986089153759
3473348766720971727
57491062521027663
2023791964913433932
382761168587289932
4562460684536106832
224130307534713200
139749389218823477
3544629774092682205
1402269800385541425
92267164153116493
1392510684659646720
1692613554129061853
4452960330175333827
3681500647044510976
2269056914920070645
1226163406289830740
3481341633386841459
1006397027850706880
1539515049794351357
525887904405730755
3805529038584484173
1388529549851981040
4544419391811359700
1081846263834826177
3984613424642142548
4338124772425957244
3474277576473540468
4383160707648148337
1499791530088942608
4023953587721590220
1148497006482773052
1105586498322591745
2097834931867358288
1384105667660349277
3996905929020804871
3782026912017157184
294244517057336579
415769426786276372
1496704692866986487
4414650219912563761
2160975718667898963
392952396068099341
1716153414433230143
1229795334395328509
3966771662182113239
1516872306520440581
1726142529206175231
3964237861972359107
1148504852252610813
994587738563353971
4395861727775782899
4325693693929210637
107260399267991775
1691062203082470151
3876755197146172428
4342315845839876599
519047928707284213
2111157989233906771
1228857987213495317
2113402918237631831
1373866656213627775
2125542008491553863
59448447788150996
2287897944626842900
131101717147227007
506026248234271217
3466988295418600797
416566772934463263
3691963577290277060
868404198288477205
563039411000866611
566822365933942540
1257485418318069581
3969348926703727068
3886907478269981911
933460142770363855
381769421120827453
1243081858874636287
105766405353075476
1094436227191424220
958232162282602309
956018203883028316
4401001388211180855
1460665309610128591
1179376294861934845
898311294942531539
1140676654873641821
936819929780653168
3821040254817489139
26302258459381191
323152029734142165
3535591520046626005
3557018028757599741
3538975828329168143
969782533039521868
1151884799158087703
3779643514649070803
4358482029311366465
3681078550423917556
4547580452236631047
321300524752372767
3553407163654227293
1240693109301452063
1186440340843857779
1664026199410997236
3770585749763471121
3805898286599240767
3550264857887524308
1500068387858248912
4417129866240293941
1518259339594634545
2257272630084055167
86419210760043893
1150411531454631249
4034371207646484300
2305633365203742736
2238068353631524336
1458061544379057479
2091346367935165655
3964844414419944497
356150440656964949
1449039036040370004
1207940796764065751
247912749746934867
222079845470785908
361435616645484609
4382408256063001072
1179683883650911300
1158853456567582732
346711603650048327
3840734256630142781
864783815196139380
1440365693400808820
942714523391628543
3971150248313639421
2071742900445901260
382789544321539959
528381311364613375
1581264047507195715
1377344201839281457
3995943319540531524
3765310296430049036
3986068658887799569
1513024567189298548
937719881123693900
2091314909401112339
1256504779036544000
1690068622194997233
4397571471564869068
919140934803027953
1102807102452519247
54311231871720721
3820183293078035664
4346251831065969008
395715267060923605
35400719464084852
3773173522831775709
22592202821072351
3481019543809379676
343688970656565245
3769783352089890001
1152991871188058419
1678818328236547860
4421463103577638159
16980257307608885
1436779953035136208
432188145444614655
869424525294956996
2108537577614332976
1247990172127100369
1155159380136496636
1467899787452666972
4412744049136436272
1375627535233144143
58924989528617795
942480766348038931
2237167806147480837
3693045999918892807
17229311857725492
4562554853787648461
2022113979731571504
1104314386054328412
886986824190383903
3765273447521900480
3546427768501566716
323220667531054196
879641407307324609
2049262161975374785
347994421128599517
3985054502280781773
3477277476728029125
1672930035724734469
3881210338167740285
4540820350691039052
1089012443938803664
396102725187630353
1501770375760989519
4395535455596900800
4023148022061038676
528277128308053007
522545358899791297
4463440449513143553
3493967392239784725
3708702563602216244
97954134716923248
1676710686517746996
4395796721117691959
1728749471884463956
872926204042608855
1154981735186126801
1175423960414619632
3772891898087296221
1716143380250451020
1495208772253220703
4610935429893771519
4343664954096611783
68454760687981636
1388091456547131263
21811372229725399
2259916225244372753
573984979933200131
3854853944102045516
3679954742182727888
2109165946220179700
3547777690567003933
1005451656357563663
4378962687467583249
970338787495335025
4020895830131150943
4607471817745812703
1280514182676428225
1375133135255239991
2037840381968862717
2215809884885040
3593626013465572096
1188068292851465523
67778588752217299
953936370890702909
3692177981141488071
920268683195776084
4346059401258386676
1220692399967552851
3527819686085412151
58899494874707027
3779782417040327773
2035983668600724688
271345301527475215
1716140234195813749
961452305751542997
1459008024499993884
560501096347171957
3475755043940407165
4382059413796290869
942620476721054749
94911446002185009
3532332020060439039
1446596593690083423
4329071126282039749
1476361566566547516
393492634265277639
368293588171345153
3464171169006812176
3482713308322416436
1160817595106253839
1287751814650541824
303976709803244869
960389828611719219
243009459813480253
1388617584312349952
2093150039958408307
3971431945066627455
2123252885378584021
996355824023749501
86484581875130165
2111279211836953713
1248641417921763155
18301676797642004
91010717734473173
1230464786933761216
4383483479876263795
3477050565236650879
4419667807373917981
1495251512641539923
3990177200005693653
3836811620887377088
1671771640556549981
2036005075092297727
1372806776414862533
1676693748951502705
92061307536407619
131537891490010352
3516731685240534515
1100916606022009655
992212976457045249
3752892409492524047
2024315755092006007
943227968687470452
508704401814551764
1460573885232400180
992471908523788112
1693086073698632945
956834634496235327
3732447308652220624
2075068455912281331
995647705317175383
1280710046096147220
3550259265149165009
4399860006761086413
2296121092986847025
1081732268999602951
1378034814594077444
238464078810907120
3599633124628616031
1154280247709355831
3730631689357180255
238537934494511124
3815762699582686401
3809976087949373724
384808479433482229
2072856896684121917
3780592107762040275
1582759086301072464
4403471491897544179
2075909975798974256
4396430217255579859
2107540723120145717
4602627499484274165
4325456844119285557
16942223774020884
891661413373824499
923201936065253120
76364590820344180
2107639873223603312
879608236210967875
2095243378037965836
2249271998935289168
528348173716799988
3735667499804488191
294832393040655700
4431401088817582293
4559717677663453460
3977044354356016343
3701065077583083317
220803035173035799
140579378797770079
2077668022869099713
1084738717387904125
952445622434955027
271470523967814736
379446126483460113
384432426557668372
950484989929146191
309715332651758529
1210557285943959383
3874507804418826032
1401688541474664572
4457793131398616533
1512980789536559943
1401170438508213303
22821278415520243
33200939503503185
3679572001046757136
3483376211303274352
4607601418635167052
1169937877121306639
217716761667354819
1533253300366700884
296170035638788037
1567392539413566275
4021570968181562449
923234484273108279
3967775825647131911
2089685615976104384
2235214805286788437
1436665873603610577
1474788123581051989
562729436165928204
868197802098088963
130638819115470039
2023769210970247503
872643199423943025
1246784403015827277
3590711771915601687
3874240027495047005
3804965761963007445
3990173675902992460
881857627422586637
1472922483015302943
1515194106425324615
375473545411916877
20122666088075644
3690506920898932785
3492383206367577372
3815900128657617681
559517011089109011
1680758764918480688
1157660179697517889
2121566286600732420
288287678553718087
431497892693786685
1211242990930822461
2158296613724931011
4463568354703177180
3694487703016820863
4414641250340982023
2302257627376402743
3837155956135645445
1106991628218729501
1500225409751385215
2258348333093173007
296326586873689303
3698582229161870109
3963713266568475955
18374218798071933
4356455339751764279
306509705156481487
512389959412209108
94788884663369539
1680180242317260044
4346887708255272311
2090654690249538771
2044437401559629844
87781933153521628
1248362430770564383
384793979624150791
1153013602065405196
2115838416792047696
3780495110211616892
2108815815855928324
951206201369949492
1402261107643899153
1460370311069765959
1679276495183792127
3600469580178215957
4572512067330769680
2032465119552197852
4608239358129144880
1390844672263144787
996559895178048785
3977944339857003381
1532697512343072836
271614418799834608
4558189267280222157
536225039372319937
3598716763504989535
4610628085509639965
356000713417805079
918871175952464965
4342592648419167424
3707958195557518704
2250745166312718341
3968874069875802581
2088839370053088383
3533036324422731588
3840810569020064077
508136890492215157
308308915542581189
3481092707897908272
382598367689896732
3766685769712606981
1186119127893079361
3476918832731345148
3555315671981442077
3821234805689109815
1425174058316792580
3689560613034516317
3981688702726819783
4430541275635384579
3472399629578400849
4018112273880735607
4466816379708771356
62484217151345425
2039273549352485363
865884184552197343
1571509793956103620
2037110345225539589
992901882932630333
1395227427364917441
2115659179397477584
4395918752092721408
1007767824359437251
62048758870962548
33760999882625015
3751429014070452036
3563841628339795839
1544769063399849781
866749139475298053
1458144901446556743
2259773709113299279
3584952504114004997
868918132280336188
2301845550087827581
4749131498214429
3971279164774669660
4413278549204606028
1402010465391103359
5927862595211077
2302412529835508223
55297769253951301
221597597198435141
2121476036480818271
951740582612459376
573589089215958977
1170303910721715281
272451032772448192
526025174783166295
3586223407493824581
384443239996591159
3513108218806469744
3876753844924072991
68738568940667388
4558856739032932173
2090867807061751745
559603310943912799
3460276854315750417
1395867348421058421
3761970515225287747
26138810400634207
3460401511013829751
1152714856503494109
3968548080726694915
239944627187383356
3982340388938374977
3823287926634133457
3877683171957357813
1138340900194013133
869740361587055695
386711159284452621
933161925599056148
2149575820996447573
3743931376235516275
1455598692018183472
4350289047845092380
431285986339551101
1726000172958418161
387042785891702583
878709150908928013
1387196659074695039
2090008633780039999
1086340839405354951
511016776557346817
2090571069937425661
4457723610487058451
3845088645816321341
3491710554516779972
3764751247145684431
4391503282845860851
1689146123089628468
91413177637355793
297031173737137423
1717015308066340893
3467630377770538227
2253206986775920595
358020052669134016
4422355953015124212
1519106280603894260
1499510505630811221
940360957564229069
3734952316253254461
2111572517788671295
2252351030007395405
536226668047483927
3550241082271600593
3494599852758716244
540275583577428019
3565800834750464773
419816439227346944
960401352237841712
4463616793751581972
936757301100201205
8254883619733508
4385398953488932861
899652043381273393
1462636884848873740
1671701015558946576
3532878147622231540
1208424864796848156
528958345094042109
379482988633982067
3845039944917589372
103886328643542272
1670896283794354548
4411209060936126225
222888805616932060
4598673246894159045
954056234666094848
3835963300343976131
3874358765892650311
1462574782347002060
1243018841778635636
1284791806691905472
3484925696764859201
1690348512696157171
1287323467312595068
1104788473723699473
3887792908324076796
872880256026998737
3978878388462408821
574196588876776261
131861253188564092
359176303536329757
364806895432385853
74131003492266335
2107824491451204469
379663380842480387
2043779933767027805
1114383368435533151
531360251020381260
320727916412369991
1528373050467111031
4554367476800189471
3552439662072103167
3537541503792910449
4562207109470764801
1726307280577087248
1211484862519522780
4428236297217212284
104779269527302493
4540504868553972788
2089762719521955708
307221003484921084
558759499072016835
1393666534651320276
971788187699993920
248771450012895071
1212805399671430996
305523794963598452
1230556031270457436
3564341617604428627
1284448921790187379
2104390712611257692
1572830288017325879
1244081811609149393
2115879423143533941
1225195479349643093
3809165477641318513
6611103308127711
1210479220633107837
4572297075224417404
2019037672880756532
2022117177801072077
3491429716014079797
3706727885734105863
239807161651552069
361907507831369733
899952199068861951
932347649117770775
1287822197758382017
3978913761292700787
4449863478852809724
4545758269491197172
3697733403797357055
2089603514241145875
509769944334169284
3679994895092740977
2090520086194900855
4602675378969988353
1081201743258697779
1156594832697462769
415518429181763349
937273318376739585
308273878025501715
3680800922793178359
1726909858733699279
4340468403953423389
3764856831629292629
940356224519254863
1247568854896545808
4020672615369096508
1450014785298838979
519327057241240783
360007041030553024
271429566851978291
1535516156372711245
927738258041028823
237654349126393685
938390277066051359
1658670280370781964
1580987977112229183
2113401833766583572
4020902272637547973
1445726190517105783
3766134308240193359
1280522012253880116
2149720343811478993
1427719180879655959
1518653568634909895
422762045721871184
4348225242067759557
3833711189154858865
2145126145238315471
2113126174270961461
527474211006776532
238430248554716209
3531804921198310215
346728746085500211
2302743270598658047
3845174077087927505
3824105823210262748
3877902131542187056
428193740470670420
3760810602477853949
4571669255641988364
3675273128238694721
1570753781484844052
98177623476526325
3531102989868940767
1545140758216953905
1400677003920887877
3998145161237856000
2287902369541807956
1225336393884057932
3841532922989841873
3698665922362660145
922610436905849631
1152988647109104607
2292393187290120384
3490804215091515453
4392275438497453872
3491398560097848560
2235829956029250612
512302399802376192
4454342604971324487
4413830360565268503
2089464924664218879
4539713076033950147
4030952002575932420
2289011496497138959
1085358646252885764
3585812863639616580
878271404019500337
3851639085394327005
129574972595917939
4349354972634168701
104762520280494864
3823940019611106513
1387411136824963537
1384661120605084976
3491718805566808051
54330542735546227
1576036751649076501
1467983778346255573
3709908301907346775
292997881458029951
1401709448362394688
559597833705451825
864707638645014596
572801578412351327
4400005076057112691
4384051363894292791
287205724800467324
104833163075875267
346635561940746577
1168428775842596311
3843035914070710103
1112759043213807603
3707887748497345852
3818296514809421783
4031944114054717253
4558908907791151117
1727081061035623540
3815978049639577025
1154151961186209229
3822517923299250167
4562092775989297459
1377272385510012737
4030775473903440900
21660379991986644
1008190917860143220
868617773100422260
1207061238416227789
105254973007466579
1107107128288988468
3987661282169145159
4608679148070073333
2040975267517952309
3841574292881395965
3978737926975577421
1375250950930592513
2296567657153772596
3553556019451740021
3978741443905454293
889192659598908496
4572631388827508480
4573128556006561729
3976767463969606999
3986072489189903613
3545390455679993685
3526336431200998640
998980281028640599
1436726366955198221
1718075108328162268
2090920722936104755
1498633265781661565
4454023960051438403
4022019911883669557
310976196387036541
2107813012100418932
1674297614590768208
356010101384019395
4457504809980055828
4025361896281939831
3842499914531013063
1134926162670060317
933161304029623059
2145965187265786127
1107871588469753172
1160803839050062901
3985673302616298551
1517556723742952573
2241980987750217084
287319207519442765
1445796153740496255
1548487706405205045
3698314244006923637
1188202616743588159
3779950536706757492
1185638879110496204
3841504838089639373
518408694242948319
878205242310656501
1545645124779970429
1427927849341031693
1401832550605983792
2113327822957982656
2266947774442200113
2037688853661703441
1215818039821615884
4402081515894424560
15511926242876895
2294570873817161555
1094660703892882509
382649696819083088
311246259838324032
1257374366431200260
1373862109770700099
