18309193193764624
14185516615693505284
2036757605225021444
13835906892704306368
4742632840196529216
504739338312775453
3766367185573888052
132043658240684349
1400672553614381068
17297711393503760436
58849368292203792
1207809388161531916
237850878126653444
17311967809714003776
292738678893173764
2018021658911513920
1690342173496316161
5548932896211976461
3982328985794122572
67558410456077252
3877965263856455744
13835185893990989841
13839698274602479616
1445378610423922781
2251831701488999888
8954578570436886976
4345695739952824324
4615064818582340352
1382658167977233665
944631964441276428
2037159557629494272
1225278218371354637
4670237294320484353
15347216417702301888
4742290429150813441
15334788686563627332
1167802096658351105
1377190009092818692
14700678326109883396
17428139123226498052
15204171245279892292
5610417767820559361
2143816011172838656
4828158379104679389
4633578726046564353
126174474524640113
1229484743562642896
2041536485474320
55452507930062849
13838722526537252868
2158350245370790173
288745159339803072
288315121493618708
941265530218677300
3517368830675387392
17366747076540715892
3589599525580165136
415721172945088973
872854402077372416
3472362227608269645
14066838473686152445
1207254150983922129
15073548235475111796
1369338175486441332
15002349029357043776
4787000095802564
848853045402881
1402046445123912128
13836214810523497476
14071220470377679920
3491698198764876804
14718678655111126352
3967901194402250756
3477073582252085252
4615379557426452337
4397562120414364676
3513986606257210461
14718686089753662464
15208727424666751440
14127807355586180305
3765024506625410900
1208098507199349953
15005994472750497985
944634273610559792
1106760092702478196
15957734591008148929
996147965702704196
230832348386672973
1239857763830268352
1157443202204071005
13835185673555739677
234187181433557876
8091966944481132660
15924760375770284225
2022177206005662780
5147617977636871965
4977833492709856000
6630564206557020160
306252595797706708
32714083090241
2018822371741293837
58903263607529332
13966524736544506161
3982032010750263296
1154100580894711044
15065093808775611408
963017485534592464
15062081355446829936
4616595832048006196
8592881338997801804
3761689670896061697
54131177938563380
510909241059458068
14353056747840732189
1401026029425788356
15513913180706770177
347059972435366160
382858776846467860
3706973560343104625
4961913310134695364
104708897567002884
508062401980297501
5119679906875641281
15046654232818316340
2019245631167743821
20002715052785729
15019504966741381453
5898664602079446236
4398992112432202509
8576198463250186460
8935441845428958273
5725284884471549185
4914554403064700381
14831203501663588356
5479076694406973
343140214493216836
15877286624959939604
3765364705745449028
419810543533819725
4917998101524992004
14069368411491086541
4913937853064769552
15551617890586740
306246729965205325
8360668825437081664
3517369436313814337
14992770964225459021
3888371429547204
62329599883018317
26163707111017728
539384659474580484
17380803573308012304
1401133312813157645
15204522880699007024
1152942721776550720
141077526758821956
5581310228047380740
1391845502726762500
368293583072871281
221186555337818180
1185573107937366289
4631797416733982733
14192949090190586048
5603657511959597325
14354380518841123649
1158344051460869377
2266722402708041804
4673623832220077068
13910551431226343440
5998826920483249409
8075249904198615325
3586093944281353216
5556387305641741332
4615134221110025408
864694434523264833
15338191637534556944
306473529789921037
1005503415544979201
2040255364914675764
13857858851246642241
134040093752826881
1658507793450143025
3964575993138525261
418838129391288768
4715818526114257
1157561444032437520
14124218443251122240
8174087257478414669
2090567428655640653
17366008012995680020
4323807498966339852
1185587792455091008
3748461042758373440
2149362507233432016
3809412255717528369
15938733051035570205
14754073927264292989
4742312451290235149
508978229583811341
13800201764790016
90287565821973760
5436111921021249
17295924062509653300
8161859858914410560
8575979897309582148
526926723821076764
3874291965373710449
14136820344606949841
1374953534596059904
14339475511547392048
15867430585925590029
1257846031065239552
346834432636842769
13962355941697458484
14073780734523461905
2090804334945911617
235162517043086705
8093486731908679436
5552151588518458673
4903575643149828109
1152929552573520945
225626711946305
937030404719582260
941098390564370257
937032181154530068
3760806402382217308
3544622292448116785
5562230383139909632
345774475838757969
8071367370330685725
303091445107049548
288305470464855105
1461402424395698444
5499759086633449309
1510676532628151773
15235695420474671360
866890204107050448
62226891981734716
14113367594669392368
17356030463130928964
13853090324885557456
4732323236349196
15500676609509175552
347905051468779533
73395772758770500
15280727902624013620
14826260163351020317
1166433902576648260
1401798449619075293
3482201102467744960
1158767334454529137
14361188744918283277
379499686733287872
2051191720057576816
5495363513944850496
13912132810296341508
126383161605095428
5896131982005436881
18290173980591587408
5548770163975598337
4962145462186685456
14989137139746525197
15042532945121510609
5553431049817894972
940465897570631873
19637278480793821
292826337982143581
8088869650961795025
3968644631632141809
14344823562900934401
15939160201713760048
14070442453801906180
15208444912530297280
4613714398408635584
1166648018343054784
5130955796947190528
14199035987691848144
13853129697317215549
14699753654812000349
229768480702078221
504416841239629057
320970384695364941
1172082745566106433
3477118678924790844
2072992839294060317
5548466634593976336
220746836653310209
518266982002135248
4692698944987295793
13889439917652693044
5604452690490898244
1246660863682957504
14361195588194082268
13922302160577302784
1214851498135320384
309714136772068164
13854481139771703345
8363198200433152304
8085104896242356676
3806456758247096577
15930084017700883760
3989078496068289789
879327900326903821
17596439024196895857
15235762323445861636
3752646738117461761
1279093968709550145
2093080026613559773
3477937552773354525
13838929261579695297
8377189000539140160
1401165757580050692
536426212161818637
13835188987389857905
15493528348903348029
3755400728781328400
17293908125982773248
8160877748991349213
6548901989466141
13964766345778430268
996148142766506253
1157637533383793933
2031128745893364052
539310510354534513
319763597616174144
13867726952884879389
19165947169084420
14208985197449343761
347274275600536397
6054825873926001684
14178475201733591309
15938239164227995441
17420333713565179165
103666356322320861
8180370809829197
1157428630420979984
938002293794346180
878538227602801664
87623394316744461
897623938101698000
1085490655985364992
15005997495039889460
80224565019738397
13969320799908151760
21426303404280861
8943027440558539780
14991643368856748084
288233675726015773
15924736216291728436
13837098873718358320
15221112520774632461
1184955847942078685
14141535326673325341
290331595808922909
220905113446633728
6013439598119928861
15925013176439133005
1373598164447396124
1239615817835928640
248846092996120000
1085490724692053309
941313308321074445
1377063547251264720
4643243384322159444
13925183722922712397
2122322551759704064
4449574028122591441
4739835559018984452
15235681113093231389
1094458756983423236
8377958660655090944
3676894741426496
14178527900126497860
3982111005198848880
14340711486118221568
288230602930585665
4850394511123231197
15986652843641716752
8083967661328895040
2234014337431778321
2049475462397984193
4743448527303571316
1154962435287838832
8088759876295929885
1657329061997608732
1671680371429487632
1142919251679319837
1228481094787073036
991316474460131332
1285623779434743553
15500761013991981277
14772938183093780484
247987439914504461
15115703297552470029
872650775740906753
2089884906946761520
998985531364790288
1676479310774681857
3706750415052981456
15217733843682095108
4511795247330609
1158344328020608260
217108771721212701
343419012619817804
126118677036449792
4962757658887113844
5000586480873537
4860584733404299636
8578526285909800820
3995833904971980605
1153134603772431424
14182332220681486785
134480106509644084
1387179054809010461
13840480850121268672
4692136237535592541
4667703236981911821
1390768964619235549
62219246687551564
2041518684640705
1157495751196045424
15073608914799021937
4688270526047850752
59057865478965009
14340619222647250397
3462213686163198429
13907190485036059652
17614092728852563228
14776368501245825041
15876318232061133828
3879657569554550788
8071859244803818253
5498269849321750740
72078497865910208
284883532550264692
3481282750128599825
3765027006032186384
5766649811193610493
8574984866535797053
3463791809397796929
1176587479952936260
22575031020224576
15006909869588286480
14357973815849390337
22799799740600641
14704328391982641485
1179047898066727217
4674476316233368797
1283526720316825344
220045038929838097
14339563537168282628
8142736006312643840
14970883581955916096
14597190258475280
15932617282462796865
15943618226202036032
4418907339074031812
346856131185282932
4918159796655586356
8175212498372330704
1153138233049203537
1500878298400454464
8374008353588016
15078981000338869568
8594015116163351364
1510338876579825460
3808994427000653761
13868574551034891265
220697761338692352
1390771386220281856
5709751810780414016
4382002651311699780
4017277116734701633
3765554715019981172
14989407855612058717
14123349128993075472
526997233380479188
3748966163998262493
2094384954532217921
3545466830838562896
15493522035931159617
16072236341979974720
3964082538036613965
1157496642287486144
15924781954239824896
76578906112269761
13889225234931044432
1239914989165022272
14128655422587688820
238691069976654097
940141011617043393
14640014518131904
968292664011980877
7898960753333117
248838243138929428
872867582337932304
866763712236680001
4702602731520328752
5603675098520424705
17830595646367139008
2022327627611836416
15209209369929522240
15208660620800754688
13843450701857698832
5480886248377437492
14191106666400117876
5706993127753991500
4890293743698120049
290213965189989709
3621586217324740
3552707904072135889
504684633272893696
15498930603261219661
1156654474831597633
1519052077523235280
3538717772810827584
5481803288805654788
2104367618071728128
3477693726674210864
4802078502094032
15980764150607578113
6702513008264639744
219897948248491204
17585712196390502657
17349963913937814540
3490585329532993600
1474085560136254685
248832631767043148
8434134073587757312
56019140128808240
1088964288682401040
2025567656346403600
4919975050687332468
14182755523040067889
3473612439117896752
15006283142893010189
3660274499534876
8103179970610529293
3985700016302899985
8364099701401719069
5823493822483608653
3802677530150896653
1387121948563193856
13836311760603253812
85903744986013133
14938514942038498560
13921488743687843840
15938314961643045120
1224979116057194705
1228862862776337424
3969662813986954269
13965662771980812560
4903324914009506048
375893184573657117
306245671578841092
17325642453058896944
8070522307325509952
2018583558751735809
14732503486755270913
5118130159312176144
1188902778848790272
15047665948651536640
15002845183907841028
530580626666950848
13849984301238013812
8124792194570851281
76575518755979312
1284493949422273344
13969043976388662093
1225052851004313616
293874225238772765
8157247016037205824
926901510397232192
3982392845230345280
302869003723961344
251600627376016433
1391831324986376561
17595898339604611072
1186493627683009
1171217382687650676
1225102520171633984
6002486709365768452
3766434383331069260
15294721344794385668
32709100949410013
4615065646870512704
3548836715815765009
4742295019439027204
1390489753230311436
14636986875514736
2103463604031587377
343618274499301840
15217947914744903620
2023021419009409344
1239619593208022212
378636620627247105
8417566423054818352
3473635136929535748
5548647853189038192
3964658613192045809
14654502720504580
8431671720464637697
8287029041940199168
17582347686634538192
2098048520590417012
13851946777281109277
3746998192919876365
13897831581192871364
72268977031823620
3772975095618751556
14072653735977501700
1224983517162905456
3531684349188572368
75994965853869056
8390238335348295472
90407361603178256
4860638614536847824
3531117722153829453
5556600827554497549
14070603960637771780
291626565019453252
290295073499988852
5647216768664337
86905678349993181
239592657888009501
21395929394393104
5548438126644233024
1284704845193855808
4506900070675457
242916203436655616
276187480524184852
17830243729337172740
288234804750808077
1441394048316474224
1156384104905507073
15948616014607749188
234472280572757008
3809417450760486924
15068042523136832564
4846105491352128768
4903382429162360113
999166073725796660
4850172139210076436
3805542170514751492
8989184939789861120
58631458021131728
2051126027845948160
288288463239889968
2234969645290177792
13965736400876761153
2032249356819635204
14989957856266057520
5602602031945674753
13969550336059705117
1690188807783841820
15043277096322341953
942621540814209328
1370039949622772740
13910493380196176704
4684008669061383005
991936746993228816
537085321187176660
2035983287395245524
4684026255673131200
4971987470548993024
351074351335817329
25970760735641805
62166395234877452
3589663624550184000
4032823181190430992
15204441788728688657
15042547556670299588
936752297101250333
4955962144584846644
3977813103448690881
9159490463709119488
75717594443761421
8492733654089547889
919030213675848512
1369951982314327089
4616260055787045888
13514129362181441
4907829649892970500
230179754089656769
3680624228695869248
15984204010513092893
15987628375670834001
3779874703675510032
15940293875724016656
14345956884576547841
1225387090742349853
1284039762222633412
1993427697582413
2019604966641097729
5124275883432218701
4895697843543822340
85638791810580816
1500213483663462417
307664630591492
512624481818439872
15987581864902684929
14397124496369652189
2147935600698774528
15047387606650470417
2157295127344906252
15205511067859752721
13889388558286898289
13840899860640071501
127232218660679732
4903526380095734788
3802010141589445712
15870710375626313744
5476466481448128
2032268106717671632
3809201069531337728
558728725815738637
4743519511300293840
1388252676819337296
3989360099692076317
5142896369694097412
2148458983538758452
1387121948096468736
2098967717352272
15009671675762245956
5491862693368759488
3547947280663774976
18929200186586576
17722159039138501405
6877225555992842317
4746033160034991565
15046534385589616756
3514434712204529712
14775592911102833012
1388252577257348096
216401532126511133
505371828026350660
1184659234174550324
1517713556390297665
15060165096979566020
4612600896930513009
3752342915835040624
15007406848318917745
4835755342996443188
15006359290317452752
14051780647984254029
231866966288124948
923268834709798912
14704326463761207540
4901044301598241220
1279041106193756176
1373673494952480861
3480706399526457181
15019787345751981248
249743403187969328
3761006087223931980
17294963605300625716
5869527440882157380
17293826156999214529
2255462798844772429
8072443758706361104
14996361137032201233
15363822821391417604
1665263155330643777
14362843222550787380
871238724511074164
1081995115247371313
13840740639797674289
916841374679325
1229714815757439824
8074954135168146497
3549750531310682368
1443192596633698621
8360674530498989325
3984842088184229956
3477959544958636893
130887016077554689
4831742499963060484
509192480874499088
15223504693424570608
1678730354728858817
302238157779754352
13837086399761760564
15277436998652003396
3840463340321141188
865948145610923072
3466928787102368849
1167400001593347540
1169894669169228804
4632037626478669
8096645311076552820
4327977126163645296
17541520565910061121
14700088744955993408
952304839780466717
249738979102956800
15914670007189263668
3805880868111069956
16101713662648308560
886207279369670964
3544461399767664500
14993625557467165444
8363258482199363585
4670264703459590352
68763665243259921
878233110750642224
3491433687848699716
127455419906094864
73255818895872116
2148516314032905664
3491415835561742641
8071577480131104781
1257560063690789901
6647679192944400148
375791383790028084
15050264437371981888
897343273743512641
15207812623850656820
15218859615775998161
13852002659532276736
73254138758107137
8579375833511378948
8413230222143467824
14185286610798850065
1172116573520334925
4746741353034046928
15505893805878206212
2104114305203225345
1279026697394472000
15870686465808417149
4845904934832637393
302995723228404749
15061655841268621060
62012520235745392
522474814544335169
362350879253206129
3746994898310791965
8380573822584954224
3986560950399616816
13854001613544627677
1370290691811528132
15926823707836494860
2051165812329338064
1176368331620561344
3680368897078547292
3881100966275958592
1099102691123273180
3754950354845846644
2025776301880653268
1284462402859179084
4980912775237815601
139699563150656564
13839593545109106737
14372397359558754496
13853988348269711552
3873148463734002753
14138136461724142861
15002616260561323460
3677887068946896
522417766429110736
15002426528548863053
4917991317819301120
4901349281791590401
3459257355961650432
3706988044600073488
15237089364257353821
13893688538145452052
301868722707304669
3494006337338933517
865887448966066445
15068003334727189264
230207244896841793
14073133443225342000
940144513102475344
13839581236743634973
3459062963581763633
1154132070186044676
1152929699691515149
4638440232134444916
343524050821972849
19224979952223424
3534693502010200909
15001494163096141824
3482211819417767172
15338420324546957316
15222192061348328477
3693803820573537488
13893619968842155008
292121944018387792
1154171495796183152
75802320995549953
3463338335579635005
3779382108832713985
15009502861794279628
14705171180591002816
14834097411100771348
6180069469303420724
288517194555068496
2036124078772589313
237586265995795764
3462144214391931969
14257372794110162752
1459224789611738129
15011359581434621968
2049440226492090177
509432122000658289
14996143657557742788
8201125500643758193
3549755704275421004
2147403388214796081
13921753478810423309
15926207126340845569
522421954910831476
14772659724729193216
3815689199495992397
4971991654744527901
15063714046187418893
995708729007738897
14358619136168296476
288603592705507636
3531969134767423564
5478012122602405888
311242541465142209
75722021567268608
4738020730019777793
3965138021637705985
4714932919386560
13962412289379273844
1081150638294110512
1388049623465870417
31582438430066653
5554293063897122576
1157936656599534848
217352847739851841
14699962231376003389
951103966996714717
15014227377476616497
5606994782044048452
1375593830665962316
14123577902918497537
950766894972689408
54378392761881460
14127177418226336861
3673482830303232
14988327349165167617
4520368307978300
15042534857571923789
2025783385021812956
4699295109439321104
3473476464144298205
3765009375418937409
4836038413091456048
4899924572517516112
14372171066015498548
950279165486502941
8593167448566399297
1248413226681254097
5988735770868014144
222717105856847088
8414064738242134388
15886184133593091549
5484469556758971661
4427352306628214849
1176555867035930381
74098495190257940
15223314631997010692
3967702075490698692
14988048880942399748
350366810341066516
8391405686080155988
217119739724502020
15021545458867974204
969453544732099633
4885367935020856368
1495225883513860416
73240674740682961
13975004187353678669
1167801208634867761
2253791059580751940
15277055491637838016
1208108193521432436
847724272222221
224182025111064768
14196485463337193792
2095401164185235780
3535536834190789889
13848910807467889488
13890030406909232157
14212748020823359501
15236804557352993037
14444287696684224
3967763029864808512
15225827925257356352
3750373689325114116
14123391632811606016
301741182899506436
3463479511755260240
8575070020555702484
1154100240517944624
936779801401760860
14124644181029506320
3532176788598032192
8376796586741616925
5494452035929600372
235524217757515804
1392532576177766669
75613175304308
3986631744208187661
2143784647162661888
14137156424615545920
4917213928917847296
5138901900117417805
75932286994677824
508146175020108812
291906868455948381
1387447617693353268
13866865002549544769
14123348973524889713
14989967494415959517
15351931224225796548
5477309876541922608
13889115398370784256
869438221912651532
3708558012182906628
