149070804
-1688351694
707252098
-2162183720
2362663464
281618003
-374346626
254822731
868866878
-3242511938
-47420364
922454014
-148707070
-3081768936
606672034
559973688
1467515473
1890897039
-634187722
-199115990
-312855352
-2140561915
-2077652416
1562102283
405826860
719969672
-1527214846
2114965360
734585713
-234201026
726341280
1362996927
2082699521
-761144136
2349005233
-600586534
1034729761
829586578
-2693933982
-3041099806
-1337101638
1776935457
683051056
1900366315
2258033665
141698933
1409932460
24809348
-83414207
-2162380030
637640211
551384072
544456646
-203456226
-1142176736
-2962876490
-876084540
691965895
-486111552
-1135713609
-2462844333
957943501
-871842218
799774678
-1160398968
84461594
-14616143
927760008
-2111547294
-2262485796
-955299742
-2557930820
-741155710
-924860222
2132361173
-1315762398
-1178880725
-2557335456
-1265676340
-1545331875
-403865954
973936153
-939226759
-236303028
-637300266
-1217105687
-350874646
-296318825
1302647560
1145468011
-2140845277
-134232522
1179918470
-1339248391
601250330
2482579091
3050053552
2719090816
672334990
2610841
577218735
-40004586
-1958206195
-684576512
1103845170
-732962652
-71890644
-781478540
2236824286
1474231798
-572821007
-121436466
355027878
-1938488285
893906986
-701667087
487430868
1002525430
-1262730779
2592766570
368846546
251939411
2374512873
-1134119074
577634199
155924105
-1006919977
3399352986
-1365157265
1368684922
558999017
1449753841
2651537323
-2496570302
55272651
392106762
-1385912666
-378009654
727008791
2813154754
-2277445449
2630150980
-41754810
671714135
1631582792
-1143294151
-987196681
-20567014
-79453433
153594352
311646498
-2968073516
884690031
-1311802628
1077283576
116893770
1969611154
1004709698
844366709
-188751990
1174850005
2301542527
-1793056968
1774040911
-1894683655
1130966769
388107974
2044917982
-1914978684
3090630321
1156557331
-894073760
1920694758
2122415896
-537882151
-639540364
666819535
-425639919
743758590
-1928462999
165242401
1373563885
-755342361
736983176
59720461
1142975156
-1620213496
1406094999
784343879
-2945864490
-1585500850
1173076856
-487104568
776736076
-628665299
-1399367741
-2801466429
2354992399
344938543
-49372784
396641904
63127321
-3198795346
1501999880
1376346554
473211410
-360577019
-1674712051
901147184
-1880036292
-1640077409
1437010368
468045109
-1971854002
-2211495723
840226425
-145498827
1289144590
1860573037
2667884031
1075625117
-9584023
-251883746
-312465315
-251225226
-581848950
-854808835
1827963968
373201453
1066007443
493126566
547785193
1749491790
1799909211
1426541739
-1270385520
-524438292
-80626070
-2524006012
-3304584934
-2008596804
63092014
-749191216
503794367
294975354
-470460754
-2525772813
1008127626
902257403
-881445736
1167635173
-1764545313
980869704
627067188
1734364040
-1800025374
150713346
3415623949
-3580995316
1892916945
2607855076
-1038336577
-1195481571
1954730682
-287791879
178241019
618628779
1229300237
-746971995
-1829664047
-1414968116
-2240089150
-1383828152
2161584216
1000151144
2379315568
-1356817780
-2015108949
-2681930613
-328368593
266648561
649817079
1244544825
-923653158
427900691
1882240388
-192528623
227741500
2428169533
-2266882882
1763806426
1460883128
-1764344534
-1906394288
976260440
649772410
-1962052355
1676013900
1044710986
-611762671
-1290834836
-639060589
-570088577
-2765868379
-1267549326
-429173999
1217141001
774683083
-903283101
-2172822183
1754207304
876535826
345408319
-2141779515
-767275445
-491542204
-3214117696
1500733899
94189699
-2050001398
-350775409
1133387823
471825694
304061765
605454312
-2042864509
173717090
-1403471819
480450359
3779018342
-1706851825
-1409035891
-3063100237
341854347
54593495
1139741204
-228408486
-590673248
225404751
-419584852
-733991104
-940750530
317531923
-1994817396
101840611
572699682
-1088619010
535799411
-1341289826
-2122103924
-1433546081
1146327547
-1481199501
558806963
-205488432
3054886307
-1326295881
872907282
1308722088
-161613592
-733730709
-204121233
851431132
2218311230
-1749231049
907191360
-1472241859
2308846946
-1275572813
-865870830
1781487856
-12413864
-1702825622
-681947340
-1840077872
536703753
2084700363
-1443014780
1009301736
264120293
615727657
2385938774
1098704964
1223204547
1344308754
1258532324
-900663469
1313744158
-390742846
1298284433
-761139845
-2379161086
-183010865
-895231041
-493326031
796385068
-350316604
1508835985
-1255471460
-1400466878
68538861
1134647474
-273071053
441093302
139036032
2575706982
77634121
1990457366
1323139286
-706077429
1066149096
-1667275255
177507022
947898323
-2086681816
2462998027
2029709647
923851323
-85749498
24649833
1149736004
-875247531
2490229328
-54790891
-1842474709
-1097783349
-1868305822
-2602615118
-2351238715
-1376015198
-306104638
1124938223
1721107582
271510152
-433814826
-872586827
-398276892
3247679859
1347837259
-995732535
1315351162
195623176
-946744604
-1733090223
218489689
-2607154345
1238176717
2033542427
1274559888
-293216251
-1867240222
1331256944
-3096027496
-89857132
-1307618199
-1222210152
-1155794758
478975190
2814961438
1439038748
1068706941
1572501592
42112748
-679844872
1512921338
1450028942
-626516727
-2060216607
-197870288
921637888
1261629064
-1677957286
-945309431
-398199850
-1020203605
-1613855148
481097918
-520420453
864234409
-837381108
-773956823
-1914278680
-813440841
1150584728
-1346608608
339870249
-2278066740
1329789672
-1554511146
-66620971
-302408023
-34473448
-196219129
38020659
-168509962
-488297052
-508484807
2534006556
1786519377
-2901721832
596039488
-1268953816
-1272355040
-2099942940
1680931438
-1823775386
1270839734
1791493365
551862455
-39026502
-695069475
285216400
-713397321
1064476233
1972069708
-772573224
1670262418
768278592
-947797060
81073948
-1452562655
2988752496
-291382118
-2700844399
-3331759586
-992276216
1729144475
-167325722
1850285392
-114139092
-778534860
577687156
2842345350
-1682911347
-1115549668
-921766865
-15705214
1184347935
-605163659
1670070355
3168337127
-625778401
937699456
-2107953954
214932135
-2741189456
-1958231744
-1397780208
1342302781
1315403300
-717862109
-1945731948
2652940816
758783939
670820034
-3139289188
1083785112
523206081
-2572457903
2441568804
1087940752
-1108950384
-1111666526
453626936
-2162335402
953538349
334611708
1262810616
-1980594761
1349668164
636428259
1318371224
-618680280
-630374680
503932256
-223076515
999133973
-2738069120
30551481
1224821174
1346947640
3072997394
-347960842
-392114510
98111291
2114534312
-671374299
2350688866
905163518
-33081900
756017693
428878668
-1393534518
584528920
1307748762
952128769
1558483996
-1109950382
1871402244
-748711723
-29527566
1874366609
827374416
-2669430884
849304486
-2248280269
-537849041
-2263069270
260589458
-363202454
-2313183326
1344380436
-818029284
238142560
1681659276
416404436
1987367436
-790998105
1928261919
-2253942334
507236250
569229174
105067893
227086875
-85492301
99740868
1878416120
1304948600
66078689
-118488672
-288514378
-2877421198
539046751
1604852212
1047353105
-1112914102
-118092508
-627898498
-767713570
2008654576
2664252269
-360169842
1974145366
-603654398
402875792
-59760724
625580976
534669468
300865456
-1938304951
503498786
-1055384500
1748672321
-1966974701
1435104770
-1168309207
-172602996
799242786
-1912499656
2404739323
-364012508
371790782
698330030
2434007032
2951154208
430363013
178863287
-106908418
-857872792
-983753452
-1323804283
-1195980886
-268920749
2570839918
-838539719
316528288
251168143
1787248517
-655245256
786746333
2223259424
-68074055
2721374274
-327520311
-1244015848
-1420148525
-1453925507
-440286092
-1386533980
-1792431903
1362443843
1287305418
24044951
560093345
2473178695
1693967298
209787676
1557999429
21795266
318235960
-1452265391
-2052879285
620643296
-1160338811
612561662
-1314316459
-2261376091
-2053804521
171030718
2646051618
-681162452
-1471148988
56416408
508802748
-621037984
150707855
2393570460
977692556
-622291021
2561673090
732171054
937690192
24120380
-952406246
1562547480
-908523248
125874028
-2608325069
2478673223
2338283943
-1139373306
-1165486148
-2429246378
978003104
-272762749
256905258
1133902478
1946408073
-798278166
2139258117
-486512844
-885896091
1911242814
-915777300
-2409794201
-326567834
-601688832
-2609976906
2718682314
1213327044
882507595
-966685221
-988834408
-173555156
-594398106
-3189123186
3582069914
-3221776855
385144967
1096658676
-1030747867
-311020654
1373786457
-1689527826
-445575658
-769969891
-2050468339
-7756269
1404192956
1140828585
-694738672
1635957643
1634520687
-688228150
-909548357
219000673
1851630994
350960356
-1183169420
1441462617
480231604
-2133230450
-492792790
-162703286
-497537496
-1021641683
994223854
980411938
73169927
1262407110
-1538650124
-3422414455
-2669769544
-308449277
-175538128
-1700804882
-589181774
-1785066052
-432300850
-866440554
-976126414
1685678593
2083469564
-161723995
-601200260
-968634726
163666772
310989254
759063592
-973173299
1106643135
1383940319
2842779094
761964334
-1148569400
-436857495
-1357865762
-1367598467
-2253312992
310939969
1413173890
1483007180
-1703802171
1238139207
2294425772
-871922286
733742449
1210115240
-1474739565
2015051565
510751391
-763617390
-88274556
400797657
836650085
-536849933
1720939316
-618406004
-2022460885
847291242
-1320580386
618970076
1263974088
-1285638214
-365279592
-681368022
-495580058
586981358
1269303846
2961791341
79616414
-2077154755
-1762117896
-2020576584
-406811287
-1652673681
-1107277654
-11417204
402377164
-1145770329
2815292208
2739795585
-1065781136
-1264430924
-1222748981
-2208087226
476121915
-1024958705
-495045297
-764740748
-324340279
-2302229828
-297389748
-2075817469
-1059815299
1114602354
1075204719
2296080662
441888245
175266456
-829502665
-1141476096
-882142222
-618567742
-1202629661
-1223607844
-2216160608
515542012
1111129156
258262257
-1014321877
-482282639
-966940938
-2626083880
-2492432858
3928274126
555363916
681364017
-164455506
-1106468439
-1431152424
1743587429
-884910908
623986457
346796629
-1022478886
1283262917
-677300330
656490381
-1911460161
-1282425471
404765558
-2432188880
-705529881
2957302115
-817703953
-313743547
-1706990590
565478158
-768805498
1649422336
747991785
253308176
2279070193
-788360495
58566024
-1973395482
-786890932
935958189
64833163
1975722260
1155092848
-237549975
-2692080757
-352200997
-880249715
1809731178
894895222
-1592070287
-327807328
-122043978
-1630574805
-17855296
-1062467743
64518266
-1194774185
588858170
2374031972
-1096568901
-402281911
1927046812
2685678460
-1779167090
-330659485
1498036249
1535978109
2994071464
-176087020
1500873750
-1522067605
1635845167
-1254840951
1247466959
293395926
-1168065614
-735953366
-1081198702
427316630
1718546398
-273186462
-981422406
-172376035
1724342364
1478601688
299979133
-2067133449
1034892797
422659914
-552496904
977303382
-17841409
-227890504
-1309937960
917023578
-746477455
-2200900292
-2290881757
-1431135233
-1240279537
-70292328
-726260984
-1223820248
-569373518
-1599449472
469818738
-1014361572
1335393022
1103025900
-265675734
-1580339340
-775763432
1755505875
1741812054
-108997502
1001400975
10176198
-610080049
679056608
-1650811544
2606884976
2631886359
245339912
258538974
516443275
954774318
-2063067367
-1613500987
-1052623957
-282944054
1607197484
-2284181920
-474630194
-1253370478
