15870686407291882800
15224137199582973952
15114292280577717012
1153890999216430557
288321928480361744
14989176326874796228
15006024872822362945
2103202195070730305
218158298615463988
3532193323432280324
991922288187477021
288446365832577217
18246179134110744577
3518440797114536432
1372768649349550080
4616738605288656145
15871903346543562765
525796374261026064
15940294291852037328
15003585431810672589
3459173606037970384
3969646122842833936
2040993748721927172
14798547176733855005
3463395881063071748
1442286508845253681
216673359751922032
4617259949090674508
3983153525089878784
3752579409400315920
8181479162277969
937716516939415668
2073651717415909120
240683150404026641
15009372706900570128
1445888704693604112
4611687173803754609
235374447828212784
13894752793459170564
13848569885305805828
5502399585161796916
13837029707015521328
14731279880017927476
279012154269724916
5532514927027363664
15225567770306442256
13965740788974439889
15874977886490801972
4698511686818285340
14508181636304
4617065943653434381
14137930425117193024
3747068570337759489
5553237441228308596
14983476447679365489
4613710309597398289
14183230248409177373
17299518524717072653
5694643675942961229
15116104778026020881
4975353620835602460
2090862111916563933
3459612564781125680
14052076445003272397
504751734590092305
865605974962848769
251287297634092288
5484385990654521652
3477065627503377601
15294237788388474957
3476740650429318416
13840745266564632588
221736312837049457
3837986157388580624
4615139614804160561
3462652611148382276
1283896184407277644
4861482154985526480
8145886778499477836
4829076471841780033
1382627144780693764
4671366909430549617
571965141701100544
13839858322480562225
5497980364571230237
14059414523917156637
866687137247855680
1210413045043183921
506399060107005392
14178518546279249665
17298327478763065409
1153005947371704528
8358914019092268045
4618192774699959504
1387606975742956365
3966896120533566465
302920075655449692
15118879997689295732
3682892551225947140
307423458660303892
17513443777311753281
1225384826167481409
1447756648197129229
3458768118845067216
4665744018720698432
14754972275702763780
1516887136110736397
4836095723234974833
14059398236667166736
224550318767128653
15083470303570690097
31656390406505296
15492893119404512080
1369218466185565
13840414064415020852
13837154875730104384
414560967151639824
5850190612543901968
5117034775018736752
1157443809697006337
941337221816914032
508063285375927044
14177636428226262848
289487241489678413
3971542056027107597
4742304826029575940
523557557344666445
3747518755927874817
17380732658469634525
14264086514266018628
4685787657413316828
4525646782135772
994465651652351820
216485348829878016
1224980008430276624
3458768912957571521
14113374153076064452
8156519220138555152
3477077979565327425
507854611165547837
3584988723622824976
15261858027997169424
4958534414252429569
3769794384580575261
1662127622818222084
1372543262778264781
306560610572770320
17613644238823638800
3765858393921487117
53102992691249
3968731321401685789
77916151748952368
4625201298041738064
1175387226402475264
3491540062561960240
15009883829601056193
131751468671713332
309905183168741444
14992614121734097949
3766471570302109440
13838946839146266880
4615978838271145012
17532637883223101516
1402604224806387968
3809214061766512849
1157456015500774669
13853195808504814705
1231458521744178189
4449798380570545344
8146188467504951312
1460511466364031744
15858354891856810048
15009443142769509588
14110270268601532692
4986329216815746893
220399609968906253
1370220545019072592
1531241496635588877
238708582891975796
4355476847261176305
312595310723072
5477295295319822785
3747013365868229837
4899930091233935616
999026986379923533
3751781123965869325
3514005305468079873
504421236641722432
3963176265577402433
537057905481962352
422495091442348228
1280166065172432068
22574296635291393
8305777072253555460
3807519930106056772
1224979171940712561
3491631599656662132
15236829007241627088
519255860855191005
72339400616628224
17585784511949452548
4453216108043902208
8491343604239040705
5981981093984763712
1158348092912108593
1246495248901853469
13840491598132295517
8304852620976082397
15060969776060845057
13894449288285740044
5039532729248320625
8004510001929472
17391846285607194637
73531884569943041
536147983375073537
15019857700530963265
4633367594233040909
998972641035437892
3598678812436516980
896248267569705236
310027429082153332
15907209823143713792
347976795137982465
1153150685098921428
519044273627258125
513257275454128192
5117725473551467536
4612095307826909553
2089754958497280269
13594599076479044
73183495073055492
3802006772482388061
8581456471587307588
525865694059250512
1233378491627478285
508979119736167901
1176643966192337740
13965733638928659532
3804429254256575245
3765291265819008068
897363241841656260
14069741442956726365
4738930313240839028
3748249214184604684
537969967357952112
14255261439672504324
4378625957712573469
4975693919129699392
8391389271427236876
3481782807147908977
3747066203908091984
3738081849312257
14142505473399615565
991948674860175376
72287189421067741
937614269475782861
1207260489653952333
362271617217319169
3535556452192476976
5562257860240408644
3963450264073482509
13850542485334596625
5496365237497764880
306248399701756980
3463329123665760308
17661993216519635312
14361208523072009228
3746995388524469296
14137927182412103696
3996668434245079261
14149237391188510164
15223032332170615808
320951928295063360
3709841503078594544
15885322091459624964
8413904777366146269
14124433109840589085
3528319689003388173
14339774589126377536
3971119370316143821
1156384077294613504
22574558323613517
1672933411747054593
5481759493600579889
3464886869563765809
951164437504554033
942111251172163804
15858089112865984541
2112191830011412688
14718027466141811137
3843558416402170192
3534204278854065165
15853048116114698292
8201341678254345220
15020409731854704588
8372424824486888452
363721865531830580
1154332260823990285
5134657128052768960
15003113516049682640
13966598197640983808
14992544134362054916
4396482745536100292
3773102823639863617
1153893955070608845
14705097707702454065
15348549217108742592
3761657389989609584
234258717716447444
1446630761968107632
504916925974282001
3532000801554552605
1369097602918992896
14196264444115748045
1572618511480528321
4611905221553097844
8142803898189951168
15957383984975977777
230631209763198148
292804396402078144
996157539079953425
307616159672582148
419680294207042756
75928995203433780
17638085982018421200
1100853239466491953
95632459974050113
3746999308706132240
936960326962855997
3985113318603948916
3460109217346957776
14993538791459782877
4611704766453825649
1168407908843373876
3491517166510932740
2089688125419864132
15222184402492805124
8363486955803841348
8445093933713460480
4669402707273190705
2106900972055256897
1170993315878535440
1373605665816261696
18231993183803280640
374062664965233713
3994975186752126976
1390979502179425292
289149850552713297
18251081763198173
14987993706445797244
13940840969478930704
292821966999996237
17831166070044807965
17526897167496958721
2151594722848933060
4739128488263276401
8417356577321999664
293023632953770061
3696682564228287793
14053326249988781085
8372269793280115572
3806390567447642893
1373887334684062720
2022200977767859212
14372398256896348212
14703197352072842324
2018752019179068881
2098075993770348912
4845881377813495924
4699229635991323728
3514439510035469069
3691266700526349
3819967329492996097
13835059654134144817
3535610549989815748
4629977507020456964
4626111899111641905
522438499048100724
4396428356475732225
3971351413656961036
3747329262089620737
1153203254663601436
18245226438549625876
289175962355352432
4738973665774813261
8421115581168701492
72903141028384820
8435256601888378944
941660516890252036
998746967394963473
8174375397271536464
13835409998912209264
919891847735427549
321093404800273664
2025775476307407153
6129457384349191281
4427254169159015693
1004304311468176244
4922676630757915905
15871547430404146397
14721546002121101316
504455991135624669
293249854187843856
8378049974156480525
3982432717844300145
8430753127674469632
3765275125755170064
1445655819909624849
2122346682116240640
234204841528904721
882921288961951504
1431356388592914436
1139330270049488
350468231938715761
919653365438247220
8362077537371620416
4859648833162907661
1233173810817074192
1442295592230404125
3772968705718300688
3747008979467587025
5116092575153652785
58347182100736
323134668322952641
8377201168647389489
936876320804044800
15227880150037174128
1513552300173653185
13939895182343557965
1228357656405622992
869194728150479876
320885257548088084
1152922687690768652
3458796420127850708
289668812711903345
17817436756195167708
1370450002208377920
13961229213983097284
14340407127868404752
3761029181749645504
18296080518307012
14974687903204197377
14083900641225071885
5552076829182096401
218245362367077636
17817366376898589761
13836030075155476493
22799473937547341
3760730042158837873
5607267409150279948
3464116349104779380
8156033274666306828
8359807308603345985
220972369509314589
13907960143238988916
5119519709159715136
3460766934952592401
6735120338319791937
1421424045015117
866049248925372624
320889655450144113
234552270828667252
4846105196290130765
4829003444172293324
234188283840368860
15940333939180985437
274719839545511168
2044820457534516
929144235103425
347119476714508497
15870759252355046848
127017010054908941
1445739171319387140
4454396288755090433
883832659826774029
940254918790171712
3589496498376727821
6684592250254737664
1171201835479860992
17590167345429798173
5142056342923510065
8485697608332086385
1287417078604856796
14343141558141875264
17311837179140431108
17602139975108001856
1221446372099625233
15260237399612407836
289170969745686785
239947554052228301
13889330159699362625
898262245346917636
1156316197167357772
3545489624442931056
527052273235724241
296343693056749873
1154923716167933396
216669988752196608
3381544036450560
2089755194639481869
4698465815463412800
3762600341436118212
72568713420735492
17312684696246513677
13897335498982032384
3463779236917244125
13477406050065
4688471517569335616
15860557434903715076
3779045403744337920
1382971228197817600
4860316385689236496
291950097820860689
1154002669058946164
8430964803476080449
5561963355334335556
3964606370658127940
15272849900732369997
2051327015032984541
937875515954499648
14051230841942887629
2107968039562566916
3590988488747373789
4684875216412540957
14996385446660935696
1154261829766152400
4612890283359423792
3535331417450940225
865837932316213328
3803099893211545808
1284863413038022973
527770477613039949
3694604746222476548
4616713051138281537
2238081263141667021
14070454754543600832
2078183865569275908
8596791383003694532
320938922990573332
522501203238846964
13852161238148865280
3819130632028368908
13910705572035170385
8071432221984834612
919029288396063172
3878461379048161296
3552448252865797124
19218694526583885
3459893765753128012
307176280309315341
4667775628716355601
306531747531971677
15060037224542557004
17295019061917720433
3822764662111338496
350514913858491213
3513301136737505536
3459047968781370624
17803651886780477453
3981199074574405745
3521184971401205197
224125824816955869
3965368752920793104
3976963333671890948
80014003975434305
926835264745336884
13835124301936528436
3562847909746842944
303795135769002433
54554211543424448
5148493809253626948
14051303134798549085
57758445450261312
58617220083749196
19988314842006532
920775912071836673
1171858465329710941
14070111864742936832
8439485451391680576
291661333961425985
74116162687029261
937900310671510529
522654085992696861
4343576983512338653
8417284881662345437
3752414112702742800
14700686311242036273
3964509079567873488
1184710712577023233
1462833155764669904
1167590918980703348
4746525953026379789
235159218456364804
3964020275910876173
942338970401164560
3586287470437014801
3477746762621648944
14719403029186020557
5119680169271296000
126949907874312433
4341811994490257408
3458782403367816656
54100373827542080
4746010060626085072
14793546327066149680
216172795280868381
13907974390520546112
951893121653035037
1161141471004345297
6701377428373599453
218209210874003572
4918001231038791709
1208096129124751184
8390707328676318285
2049260989114759133
78609584046212048
13813251919660081
8201140536327616256
13835476278045574960
58577653756858380
15860834563377070849
3967672117036642561
134052542958013812
23014205494135872
8102315205046833421
2143783863380636881
288301570007003956
5602819915922214980
3996104045726078004
15308963356858337024
4625288355948314689
90356766066372672
18231121529519813057
998757952847089949
1206973347032953309
15856056428272816320
4613304564803715152
15208953966189661636
14834030340901699776
303082596521282625
14991365786044321025
5494446314933650653
5348355324302388
14798213556662989905
5170397148637827188
14988275333286909760
3683132811871732932
301829258224715588
1387126485469484032
288740671698001348
517968071386729473
15929231887314710749
288638296509334528
1082935421668695872
4849321299489589056
18173453096046498865
14831493164338476865
505247913962649364
17311837036600102916
8406044984230772
3706747284082198300
3538722326835183837
8378051059997176836
15207814830067929869
1156587033494487809
3458839061571269632
14250547492964873668
504434181314196788
14128021584497544653
955261413474960192
270216872119504945
3967675073058123972
883892850289279025
72128477175813313
8485686655095784192
15117585719025261828
886097315335258897
14826702112120160628
537129025849596928
884073594324480468
291736654628455472
17817705569845101824
1395117353109517376
13836409565611085020
15334757568744734993
3981266531127619636
13925482376898544092
296464345133695812
1171007178115601229
1243046548888144913
13907330884308042036
3805562583646325760
289358283181082397
8391392606868751104
276339171868804112
15115049019498312705
17833133506801438684
1166714935809672257
303079362496577821
3779377736796081628
950260640164928625
2104590459553501185
4907921132177113933
5477745221859094720
2089673805148212292
1374797736209072388
15002831766450668304
15002631395283661264
8391402444235550785
14794325074147135536
3768754024094907405
8588397327965602052
15061171089734586588
306586806394295108
3535263546444091392
8129916640507724084
15222198627491870492
428060990806804225
2143807806001660977
3694574354587454493
1387390398427682577
17293950942236930884
14069534888517910788
1455187147543888065
3477272851626407793
1156633796539323508
15227867119909340173
6637462750225461264
56141958960383041
1441223194714362332
17600362413418401988
14344088495825618692
3967983536255533936
8372319525564055837
6013660500616545309
14125266460707605773
14988210251173265617
14988948023797613312
512178475037
2076250708154373328
319757185281176688
4689377785998604052
13792398631042305
292735196826125532
2017740482947320848
4670234140136967985
522478364124463172
1126394902041537
291608352646283313
5855528339393418052
17824421525059585808
8290513237066174465
14141360073342267600
14108723219963698368
3697526779511311409
8366844627849117788
3552446207367646212
72065527647853645
15296202432217095632
15042365203045159133
1157426701966360848
2105275667859113025
3462431518295327552
507781185695388673
14127523802855522308
890601358069390608
5349481923020557
2234700712186867920
15857195195901886528
2148344290794914116
992833934467024656
2104432010225258769
8418156791152521217
32656388705563924
15049908728768185100
14137957253479662353
521291670857004045
15410200009506080589
15002427629946078512
291625672629404676
4630548212640581440
15334760042617372945
4611746493462967309
2089726594537082948
18151030090659585
2019602481764565268
896238321185673280
13907401728782784348
2105156251394506944
1212320504882479165
13853283891609337872
8575205535392804865
3463673885600255453
1661847076402644176
13857299924691140868
1224979155284706417
15073555736124748052
292735314853676816
247916906874631617
3981195283893797232
13867762217187806580
4684927639594926964
1153869010698506269
936964351816188109
3761653374794141697
4828198348848959808
994402103718588416
375282084080518157
13848574146588917780
563795529500983356
938820426595570880
289426920771230721
1390564987268972657
342503113875735745
8144486405738054132
3458766558712414324
2090076775085032660
288230720822956061
1390518272130035729
17511179337184837697
289133131906168604
14347374484662534413
3600614725325517853
4870683318361536
3492345540464608268
4685840436979368157
4977731032642748608
276351308430509056
1152934717083103281
8578570370615202032
8143973162008183824
927108415318356337
2043791750743523377
15205492746535071812
62264248277192705
509420563853309388
1459409324170084828
8608434150338467633
3963186384467739072
14773851097457309520
2017620330570079709
31753088368931084
14358942093693882608
883959042233139277
62266770504824781
4900845289718535952
1370150113192774768
884696794537988097
3689588219937095697
13581173868675869
2090798260817233680
1447640111840612436
3984873218966406612
13867798038007531265
1228358778576191748
15001613989689973776
369469318021389
994524777401897152
134322062889927889
3544825835067284800
18916988175453
991952391680545585
1663874180054200320
8103344678525472797
14059623217457082368
249233795877114048
15925084318113847100
15500566397432221812
17511122365398979584
4457508193367961693
3460752720541020164
216468277866273820
15073888526606123460
14992537331347705857
3463369543626720192
343400695660074061
5610640804465295693
14923928352900264049
18162820498562496272
15870701579647337501
242354658139492161
14131464911474144068
14125276421492389636
288291180288984384
1210343529708471504
15115614237822813196
293141896594571540
21462800909219597
2111348218972604240
864691210177246212
3463500405798040577
1212541423317094668
14200132011482420093
4616476316723007549
249769946706620688
3544646326643704861
374138260483953104
347003395832759056
3803012109378465869
525817371364957200
18252041455432368577
5478382037936310045
14761027161103568
15230360352773732208
126435375153481485
3586008864524193873
872783808993287644
15273145822040100161
13866896832867340484
3760505896091828529
3768753981444278044
2022640713142063437
14106419525468884996
2234915013854837853
289205650703271748
14753793303810933597
289722164125398848
6290531179525052276
19212591508043633
5538333324928159952
80009558496722176
14340377039973938960
14357489132887068673
3806067045745900752
4742348063342034372
991992795390611456
4631055961303501872
941306198676788673
289359577882104848
8990363603302355776
951878329982534429
17603727000693931901
8174543772073331741
511326329225229
4705430435646360861
1174648353410021197
4630647097320818432
72299986946366924
1161084404563448596
3698793435600
347626007438623489
71174412209828977
857899047875012
14388003300732980
1153009539429384256
17425567203625079932
522417832139427952
3491500487411265601
3698584788005863872
3589650877331542269
14937445188631532349
5507910168701092172
9008114273713442832
14185555359812367729
3514003981343120880
2107930082192703949
290329141000274124
14127870384271327501
217298976166383809
291946777078363412
865025736492462532
86772583491769117
16086876561537774784
15852881867003137357
2034586020900831309
422238050216669232
4616260472131372145
3466737353153016004
4697540284842246925
8142565833479045377
13838776003654059277
507996568431101149
2036828527197910020
15115281291300060621
321110391180708865
87187148984406900
969203901754525520
218217946823049985
1158621871621750897
3747206001774834896
2094231006701438032
13542690089128144
418839254488896733
59479211148112897
3589602020809314125
17517895561402647629
3755000211668209869
420175909448711437
937668042278587408
54062764541152721
5476448895389610225
3769535221963671501
18098448096350660
2036889330106831105
3995059287029400844
18213740181273658737
1474141751148020740
347274151459828672
16070237999179046268
3696331388958858301
61995153329701124
15208659721271719796
1157935278761784636
15222466038851712784
15060350531991049217
5134121515502024448
15352776848203596045
21523439694083280
14069655753193243408
15507863929338481969
15930415783114915889
8593720716334996932
15853023632499678708
3458843091589740364
8363257028821845060
15338993149851992832
14100586320656
504739416644899600
13839779100735369229
85973340712087921
5135031845747889152
4903589867251831821
5859297533589312
