2018462299156906868
940636616281769264
3761634976917738304
13837117457973458141
3474246464124516336
17302038625749107764
1177495322146336796
6634168696878616029
13963203939765400785
1295930309136938960
4831746703852052301
5131013068339301440
17819899300649369620
5480110226287150288
14989342132895941456
4746077127227685953
14930352836234449104
2031617938586718221
4687122625442366529
4956001194293871824
2091008817843162189
999196589253984269
4904478070204058816
1369429394099488016
2116059675593289776
1201705492415988
3985756881616385793
15006917345259838544
968341007559052352
14123508152796398592
1239834625280439041
5497777062965347377
15857175395053011137
8372191931114048768
1657417081175212484
4346259531697210560
5170343760848277617
1215181354881040656
14149189477602914420
21797944453776141
5149251564095930624
869476498815375105
17532817713308959504
311592812377232241
3473645249229488401
14948647211948406045
15014171147107320848
1678773936580776732
918964175336649153
14988292677286522909
4342654473865580016
8579461868357432148
220695073832310029
4644395471799613185
2151999549343887437
14340803665980054557
937892274501803012
992834608159573104
970372682706386957
31540329685713117
3748141959995000592
959492128519822592
14991638791356154049
8598216946028380417
13870031534882049357
217324317887692800
288441607829328221
4698599408089960496
17637226974600776704
1279304061237137872
14358820442554287217
141806243790468100
8943886909051782221
15114305560485363917
1240481320320570368
127534488308482049
1170091684818604365
14721244450425488397
15001733382096815984
15208445127842548736
14989460701922276369
5548664592391765012
865566615617159616
72370354635486016
15870693277679485981
306249249442971648
15210657341650240516
4616189742613033232
15978901016075420880
2071713086081928564
14144702594065161677
364735782755514125
537128229080741085
14124415160269669377
87609139647336717
13835903800063295748
1153893593366650352
306329231118106624
15075518570522739773
937717874347487501
3805542579827707140
1240530594446776141
16072223163124813645
58547620663229773
15515112028686720785
219603311210470477
2077368908657999872
85571966357425229
1445668687679853377
14371885636917403604
127247859838684212
14126970098121142605
2104377651435357648
86430431511117828
14141303998187560388
3809205289869394700
14721701789158080513
6716235197718773956
15537323753078788
4616595410084180273
297026964018230464
238905472793772084
523543469933577472
294737018621907004
528950580824256817
5147956602297154929
870828396327847360
4615134118903116848
15290133120532352452
17713150746472483900
5480041616402026508
1370241971845906740
17586659006099571460
2050388051484741904
3534217898032094237
14254135044706993933
72906493752516048
5604480370678743296
15217959132905866688
15984221582036955440
4688374757351169296
6701356507844054388
3659299520590913
5616041542235981649
14127814228808090625
13848655051477105
302954831058830800
3782249907592037681
13852034738959696973
14361065523121294396
8306664595723923457
3534725116708323805
105680736123621569
8071537128184607821
4666028556874158093
74028042631454161
15227519250415813060
2022242951484146945
4746186458479935744
14347627565584438093
926905277000728833
4751330453724608269
15222174507700326452
3977542412728844340
5030592476174110784
2122392522327195460
15074705738771665732
8592872517390303440
1168402642758586388
307426752884192368
15331327579060466944
13839298067465830400
4626341166105173316
3750654068981554433
3994764337783963764
3460818453088203084
992412537229410317
995022142779215872
4915528637062388944
15928123650645021505
5000599556113628
5356027420033028
3747013597779530496
14718921372559505216
958146112341364753
14357480217611616260
4907829639101892060
3967704002911813645
5135040479372987469
2022239585253519645
8593150997720756529
1170656369951653956
15006278736326816001
951104447746691076
2039075131182482525
888578516788998209
1244124126627287232
414407015763346177
4907855774824583236
17381362920830553949
347705440177607133
13966159702976131341
884341600319029364
85600516062343280
4896880770802320196
15874116676604621684
15046839941196939460
15925066932454167745
1098900303619834189
54121540107849037
8607519593033908288
8084929111816150076
1370439294660313300
14084780266951345164
15011343288679805789
1184657823062417216
350278527432269056
347089516164829213
13848797570854149184
15876333377089729732
15044084622316018756
4338954427390811588
522643081432208205
14718678457877795072
2149075970373764941
14056020516217893120
4986879243390616004
14717771296038458129
292765880339778829
536902266457543885
1157482636721000641
3751517581052244253
3747935880545682193
3707438271308041409
4921340185430577152
15047388600724670288
17600084987966718989
2143945932032721732
510368839654772736
941054768459297808
15092706122857387021
3995097555067327489
3713905952099584
4972202708513900301
17295022470225727345
523551527194592013
14178479522487258612
379454042444075220
1225334643822375756
13907120902078954545
2104549999845249885
8445406485991486529
6301720279606575985
15006406619142673228
14832415433235120196
15235959233766953424
14989317510921241885
21606829734036493
4702118054808538385
8363263067667043136
4644675890799821021
5562034399525434817
4018367568728307568
14127015521576672337
235398571855410128
8593840271447506224
5819061183287424820
7885425956618692
2022137498964345025
4680367218482218061
14393517826554409217
1166507308449076433
1584141405151236172
522646582756119324
1370069764872887745
3968010763328385308
73310782874767632
18873130244191232
14142238806683423604
3805827817745172237
4903700646739660996
519886287831891444
14993613857769970688
3760579662967742416
363683538250003665
8105648167402193856
15222680500437205069
85695335091716157
3458976733553968180
3755369256354579532
13856665919789682692
15857390021080252445
999015441450157053
3588317203251085521
13838509711991832768
17398351422038241281
104779600176988224
14155995892782943297
515472597500673
293069661028483572
14699762500072640784
1228731509580291101
19372303212311744
2051192113311339377
4409025206733836404
1153427491432628545
14182332692184397636
3532814963137844036
3747013600736564993
5823154542350507277
3967728725790032945
4428266316927718404
6066895186572890372
129766548731331600
348849961448783901
8939875277354631172
5538825034108247312
862299561656388
4643212333584536588
2104536725100246084
3592746602940190772
936819417974639732
2147091198605742877
3981198578034344816
4347130541179410241
8103443677868721984
1443193464589598980
13962517277794440496
8358752185262344141
1400624707292903168
14370991115121160500
235338438085247037
72184058746449968
2147092016776036849
8358782081140048925
15925662664411824144
8582863754177089553
1455001449754053901
342490578472345028
85792695201034548
4900197952246629200
3548960759021161485
1208583254349937712
3816594925430095924
14700878864289185904
343133197904960588
870110621272955924
5764836427879730269
13840054309251453197
3490631939575185665
13894949828108087581
8076017843907330353
72058504621579357
234275630119656708
57138030331092
3968644185812108096
15047385916319732548
898401137256828928
1392953896327304029
17298626352601116676
4899090386738418129
505833422329222001
131551087433905988
236182811462130705
15868223558448346880
504527210091121728
14084804481609973044
3821093452943574212
15942866929317119184
536804460280533812
1392457055267311921
3780561107417089025
1153158165291675917
8412777107319162673
8197466408751477828
5553167946278259828
9008614451281993012
418843338332783056
15879077040851320861
5121513029776473565
2247510901608693969
15010741376071698189
1279866792991278192
3518497810272175152
4345129505192615104
1678998717183586612
14055752517815387920
14989201169924215581
15885108206599864541
126397400294474196
14077990477794450641
15050203414874493789
3408517570822465
17311922025161415732
936832409357258000
3531966442572154052
72078773009254256
8588439259901789377
3538922544441790512
1400747516483452996
8359627588797416193
361910900964013901
418906305865044432
289092445680959837
14127894358392587024
1462629153303379969
289150474197677105
14056599821448643357
3751629620538770289
14200163896458756941
1160878945135166512
4707796735005607696
1443126935509075008
15223524757907722269
4932639837699178544
14785442048301121792
17614704334692175120
14777226326696542257
4705646369744305629
3586005978268359988
5480882683540165841
518432107170845508
8375922075644014669
6038205619137416308
13512187448619008
14988856820985296720
289427474218860557
1166774375088652509
289592740137957120
8012441104626768
17644484646785522708
3473433112524144656
14831563066595884484
3477065007941620080
13836241150477648657
15925017733462233296
2143714471086920772
18213806767512485952
5606140439767811101
4620091784876463361
2075046930606509169
5548961419929603376
869424319929205597
4683763253431508928
14177336850115932400
14360927480780648897
883849559638045789
5911799638553613
4714765392872449
13940053955393557248
1153273637437030465
230019877811785744
1157438573302264848
422269660340438324
319773659651637581
8935145291025184576
3396131367448605
1154149712595271949
13961159724574465053
290219461530828800
1401706081812744004
1672174512329666832
15857469044178564916
1185858976689369089
17366175880432137245
1228485197424246804
873069480018736320
4917984999874283284
3534484928194793933
13922719949767168004
1161117110954361165
13909111593858352945
3693897605208413136
17642640947040550964
15063757158259033309
15014156733603758144
15006913441593294848
4324653247803366849
15330752038258606144
270445024228934477
14065093485154747152
74041594537690125
4395597285455761472
990919698885595997
995650678237955085
14659805830513972
3463768514771096348
15854853344603893773
3586207653552243460
3995819306255385616
8141386006075130625
4395545467678641216
4918440970028069329
952231894969565492
73025239164912640
342569340606888988
1527212983154706372
13893605895395112704
5552961172796457328
15019799440623934797
2144897374605492228
4611762798808056141
4917949419351232525
8596316638794219585
3750373721198621136
3770376006042388288
69193641445502980
526096266071638900
1692240991622287645
2089740679340097617
5607966084314723392
1400906251583410292
14776716990547348573
3963678795009688333
1387182384521954353
216507087276216400
1665706529137635588
3750658516148028737
3762704781047500148
15302620306070425792
224546663555977524
5476460762380045568
3982150126284358913
6300589772149936129
4701037640812331076
8362119576007489292
3963258997271758144
3476831706185667396
1157428677973377284
303086372551417181
5764889274031666176
3588248719779442801
1285712617095496925
4815929670222941
8630093656607706372
8431051042913829636
13920626675852513536
14996366755183543348
242367564330881052
2035982462683787293
15019853359378398493
220961155743745053
242351087829845021
74035942960935360
2050348392974324188
523567609161991197
1375571805335719744
302937731461283857
17428103732763152461
291823644580791053
288247213778558145
307106804743917684
4617104505468469361
14638641202355469
15870687134480123088
14344264242202415873
1387139592688061744
4633570716456285248
15060256813340180509
14754637904781308188
288262523998699844
3854321521720061968
17644382060728602625
15510626303703522356
15049987638323642429
32781952335818877
127516192566161789
14372625834396881105
13963182892415791568
3585992048345731549
1293730204332851252
13849720179271156544
14124428849203642577
1717925642156491201
13848811846708248669
951509666570768576
1168420595730268276
6005342296226411549
13867779540098548765
306263496697131021
15006402990697152705
15980760512648526900
1221816954861417472
936763070935470144
4449798651090361348
93858714906017792
3462160082563809501
15525086817228485645
13939719863225316109
288516266422190548
345879982972630096
943227045879955716
4508838544020317
17295823694698716276
88785632313392
3477641256736395328
342679291957608913
14182169716310727744
15853079982650705361
234276365887872257
15206261144168707149
15043416954619835393
14989158292663353652
85787476455379008
1238509087558586480
8143409733610262772
5148952497740907569
26388279080455181
1166432373339963604
248064942385492288
3747026780179136881
4667717200168207376
15091616708492582144
1442789886112580428
1373827478388543681
14714509080442967828
14082809313051854129
5561945609848737905
3806404600113728833
14052389452136860740
15335890453074359309
1373629773273366529
75563733698534401
2090534198513501188
13893680511655812212
13854256384961216512
8360683445712706817
5477534674933781568
75454067934040080
15055551438557891841
526660929921862685
6716064368570520336
14249459882876197904
3463269227739487540
15223300418612543581
1377470174151604045
15551497030324493
886382794017627585
4847023102472761604
3984824137434805021
14340605040448569553
33509558249065472
13910568188125380881
2031139924901478448
13854199505826677204
17640613277332436444
4613107086796051284
15943927062372365372
3802165085016912652
2049205022077291533
3593042440556186893
9007204494819466240
4688251625024812032
270286468541372188
320043453444522260
2111431813850578973
999009079786277936
884918845062579252
3534204501191577036
14052727071063673949
1474701104000270337
13868625076150092572
1400904743013125316
15208958633813295104
5116159549145904896
14731785399782348657
2077057938803667216
365165641087585596
15866247695221142749
130460630045955076
1207193798456663152
216173061370807300
2018949965717295133
3477924405303169028
3801038157739196624
8416123824064547889
76793191425144797
1658381032697695232
1157479190821657616
72089687400137780
77424310502031604
3967970339979579601
289357102663010100
13838437198917229585
3985927639292722653
1228849438916414720
14127809895172427201
958423671565140848
13740871976570128
13909156841922773056
523261986872513329
6648443361978171660
968601296240924
296396844150030532
242152326125335620
8177151546242308
55385759141793088
15514069610173306692
15222290288967959412
3837981706527392116
314407563011753037
2104097001851090909
72353706283376076
13920968702812769293
15073953741638457088
4742361893987372529
15212530626848912452
14051291637034633072
17302002743262656285
5027373707788385356
14357480234586283085
1230331524470021428
3466770284747166797
4688479209936466224
15205632014278313728
15208657041629380621
2090796250490682653
278105867742818317
8416162616366809100
5607320255196156740
5147840674905534540
1368893180564240
14992712123152610516
1459198402201175924
8103172295722078541
5786408722338418688
54102294499700756
14179426473443446784
3832849186186265604
8373419248513462529
90921764724523264
15852688765277453325
1401816806312652829
8106703543824692
5535447589623127104
1229572656111829040
127030001919915024
1384606266762988561
5580085077607674224
13897250955751079168
15309723378766397504
219555213814619332
13839798532225158212
3520720966573174800
13915000579019506756
3747361027374724316
3761645131665573748
15874080585190278209
76407760572433268
14988278631354336284
865607053105976140
4630637411366078321
2104549320160657456
15510696256909833220
18085871867518145
3761645901590237249
15908336836884378077
8486190173708080220
4957391540705507149
1080987318256190465
3747126020897050653
62258872090430724
3982527718225888320
32881107579112756
3477064043453235204
1464514806149038093
1171907927243230268
4739987442940053364
15362904349193814861
14185724199269421068
320899082830552176
1153006498038894640
3821045005252653312
14177331752372039697
3532189982145920284
220710691886125533
13907115655524266252
4577268369457153
55235358459441409
126510702106890460
3995031317447659789
1208386110971986944
3750447408950097137
508978249510374401
217017328665576209
3544425764164518964
15019839022774345169
289146599899190284
418912899659413252
869607323915273280
942392523469174749
224341054869013469
14183933421205897284
14834044869786325021
14195627986971020544
13854041966491026193
1154108101313904640
14180709327493221581
524066898535844957
1402718469013962753
17820143168825590084
3983166817744420209
1166771859359019840
4630773846369224476
3874738113622016
4846365901623476272
8144126609311875341
289428022683172865
3476783811821784113
77708261063720989
1174371108275671808
17713787031597027356
2109779247606071540
17299483971993159500
3834749390174870993
1161115138090095936
2148347896103448948
17582901893276745984
17660079183605280845
1153896981686677569
937262322205934608
3748208974227535697
530588093297996609
5912157576240384
2104408566294174788
14721481152598689649
3965406351878786304
19144696664169821
3545982187087584324
14069277331513685056
3806459777656491024
8575983988584549661
130729464232703773
8074122904374035421
15002620782087290884
5549564227204684864
15859268927267866372
1233165170784028477
14371272408316560337
5693733008615682061
5117218431039704349
4670462899561447617
15205067440888483853
8363426418638573824
216455361782399860
1675625759052399069
9011709250880983297
3717175013655568
6863577165076438324
3825628667419309249
8364050158133379904
17293897709585420289
5562431274685680
3477127557337584413
13836197480376645453
4631038336900857936
14343995956472794161
4845874370532540684
14179321541665452800
1212320427572990045
3751234886011442177
955920103390698764
1157440256677787504
5764915111425806605
14069298288734047300
15062068004524392564
288245502343060573
15356150154228086749
15020755139316355149
4832665879557903117
4737804742703645965
216472060066529520
1373840106519490772
879593664577330512
3967702387963216321
3986543411485439424
15061445834482385153
31538618411332720
522704736273563984
5509046720328568113
4841395726007140368
944705067888424017
303834675513941373
6648171800038280448
1157978223283474688
14154827977521841373
1184517583803514884
4698482497506562876
8642905793824359616
1239637911637639617
5841252280670041869
343184025096098048
14068189764118434881
293665538130072004
13908259434279223325
3747206906818671060
1281063115543497985
13922651477244997632
5134111290088866013
2032039054333235293
235555474598068244
1675361262555427856
3964354341971958900
919015830976250333
32023500853351216
1226119416874783952
67575988989317325
4328875989795090481
348117773479576385
3458993264977629500
239609972041714973
4612812206148882500
15266130119660914461
2288125302756093969
127234660128063940
134482662216024945
1157426304476316481
343630126178840625
15857189488947328052
4746643392908709232
2017908145271080205
1391613229831034077
3462665886237475661
3801896807320061760
888074445750279472
13841669151463513924
8413583715876409345
994253527502291069
15212315599327466609
2157439455705759809
8363237628251163981
4619868313131155824
8175284324376005696
32651128568284212
4633135498225979892
221733842224365572
4914890660634428721
15867619720658375536
2035685399593436944
15276231101656401728
4739155910724752240
4560856764199949
14708535381507642576
1166784985805829133
14777453951620748148
13964549738783380948
15950958442258108689
14757227258759366644
13921809530348338188
5030521934841708736
307494094806447133
2037682242260376692
1207810555319013488
523385956017750909
356278103094424604
14144693952527207872
75941343985144001
17667834440983802640
15056744959607819332
288723814008949824
237878297042844720
15938784731609435444
320108260155837444
14758297353556378049
3806509255633618717
866098503607131165
104945086366160704
13868610808436557584
2096215435476283588
14988276184495489117
4620078594390820148
938744353278149405
8601115583138022868
15061377480932475981
8607504856875235148
3819368116262130736
73468504774033409
2035628156049424388
364166253144458096
2072009616857881664
882789094967264564
14731539371027084337
13866872823735439568
16963266537443421
3985915540382184668
15878861334494005060
8576952882628136157
14199854144576232720
18217412336552250385
14106413401915914096
15208868221262446861
1285496441976931188
17384192804400415504
2108841330363859012
14251364249050628945
920707998946447472
14064741722235559728
1239827029143326772
17511121320934429517
129610163391103089
1225009967849800960
248211777916243213
868143715245363456
5562227289661835085
8312818287419392449
8418076602847530300
5497790136119529556
15929010893271335181
8412742868757763932
6006957684409237853
4861385934229996352
5608323444733923088
2032460451036332352
15925093386766057520
14126961955617919808
5611207303962509341
15115501196901352452
1166719032785384512
3535356579980035901
1172924992082490397
1500545232229647105
8075057435850591248
126175570706822337
