1293897457
811818710
-2681062708
-1012505441
-1867693432
-807575137
1717627143
-175390109
722718062
-513647396
-1083844452
284642044
-1069368250
-512310755
2677536412
1736669378
80193058
-1769374615
2347847694
829386226
2022522513
101772314
-1096867652
861477273
-433573981
-1215667048
-149860836
2801944476
368211631
1648318922
-2018019112
383088300
106312463
1628489293
632943205
1455981471
1383458741
1560762061
-1927720742
-578489458
-708914253
-1756521196
-608238578
-514270806
-1005709808
-2605510791
-1772223987
-883932331
-31426370
-965726986
2071227243
-333081234
3681310232
-1372622151
692880514
-1206151229
533016312
1188329259
-769310602
3368941136
1231529165
1157423913
-410669937
-1540655867
3168594304
-2633720247
-431985233
-429415153
-1051596904
-3312054345
1542768049
-761330292
540396911
1210012555
-896233497
183633024
-333669295
-111524195
-1766716075
-357252340
-669884342
-737813244
-1137743611
-1207917728
-1038425587
1192372021
1556781538
-1714089955
209241244
1333103609
-627081260
212884168
-130977560
-281124325
-2009190720
-39467163
555979645
-2406875300
-1069433721
424479974
3351379148
-256623574
137470775
3110717298
-1524874213
-2107919449
2185114852
2182766033
-2800855071
-773898330
-584256852
1545030756
470692380
1146580945
-2350026525
-1221220204
351156675
-1572111667
2491248434
-490029202
-464481559
-191757265
-241244266
-1725494020
-1960062832
-645074128
1291479748
-1500043495
-595055802
1724827678
1889869444
-875171591
448351468
1139004290
-57407819
178256376
1029115884
-90651545
1913777264
-3185231532
-2848607512
-1539031622
136122538
526000786
1460430396
-1695625863
424041653
-775743338
377822942
1427917668
52290696
-114838461
-1834705719
1309837631
1688999080
591816718
765239160
-105880812
-3947468238
502890626
296420774
2352494133
-844399267
1540014741
-486501252
391924734
-1032710922
-34532344
-994686665
-1049671784
2290026129
1702513006
-544561255
2088382719
-316617866
311530774
1498402495
2215584208
-310576933
-25406542
531631086
120658722
1350136506
646129620
-1655349945
-211775000
685878511
2886970328
117746170
-2121673689
127087145
-1467319390
1286617251
35929747
-1785061417
456807508
-1337300756
-87570920
2533998911
1246264997
1579195261
252699255
-705307005
-392474056
861719706
-807629632
-2558406529
-2045700511
-822007679
131067873
-1388911273
-480590099
3132804433
464438262
453995044
-915684236
-1362235061
-1871252860
-254024475
695914427
-1940979960
-1239292973
-1545714918
2482656747
1215235633
2066295043
396201709
765645039
-366476736
-730775418
1867563279
580874409
266642928
-1519113046
-883756884
979301627
313538490
309058052
1518596847
-2346725637
-842625909
-1826525231
-1084362209
7464501
-2457686284
-568719903
2471666487
-3284402920
670065170
-982893595
913214842
-1328250703
901864375
-1072713989
-265492076
493005249
1295901433
897285609
-351111645
45764308
-18110601
910909803
3397208669
711580298
-244604905
-2784421561
-290991604
223213412
1063642938
1640577859
1878701297
1742335152
251555409
-3679393022
-158789150
-569840519
1540780589
1352940368
1317993078
2098961842
221030522
-3615802595
-2042684780
-2301017800
-1591227916
1449724944
1809625938
1535449330
3646512579
-515272039
1492157597
2125615835
-2389322595
557928495
-1163020297
-1478547443
626722306
2151903766
790569094
1448964488
1144903072
2957488600
258982237
1844631156
2175582715
338271504
1053374107
622629059
-2594810295
2272404177
-399012481
-432615975
451416927
-797259302
674963539
1348517059
1397138053
902208948
1162631980
-949139488
-1893454210
-1751792322
-1160188215
709997488
1830005796
-1055287326
-472205974
-1076246415
-812199376
1168035522
-17317018
-1196275868
-166938143
2058894840
-2959837076
72357852
286455813
-1042950762
1491027497
518462652
-1106960050
-199787069
2405150749
-122547073
736797885
1212074941
-553499643
2163191257
-1297455155
2172315671
-1840267300
126696963
628951004
178859574
-784609632
-458218325
-1094001922
122980800
-145851651
-1771380038
1814266900
-171993091
216621594
623991058
1913604067
690652487
479627446
1221325709
503856299
-2340543906
-753014901
-2008053218
-521083786
708796945
1022257047
-1072304700
1529744637
203712442
-619848431
-2538347646
518255543
1813741023
-3012289612
120047320
-766207035
-428926316
1370708027
171667111
931858707
-489709769
730874446
2122813183
2231368638
2943956775
3060712129
-1060210609
1474128029
-1099308888
-614370150
-134507763
750460325
1575248889
794179368
-319239303
-1674996640
3140782002
1485959241
350261741
-79432032
-1153019654
-714294608
-444304809
-664082501
334385330
639002120
331001395
988418312
-1006712961
-287192754
1874352397
385159151
1136847287
968085949
-2795741335
799170152
-2909617915
-2336901360
-1397785449
1965104415
313204526
-61652564
2984541457
-1217163938
1579288991
-1284017497
-384221770
-186004942
-1130899563
1042633565
-80824879
1068866944
-2347056218
45300774
143456224
32015491
-76898750
-248403569
-576733894
766292921
1487138660
-1166096015
-282129975
-1338506584
2514192949
551960840
-1507709731
-1540893468
-392713894
2260016303
-185760519
782434242
-2424801473
-1200557847
799780241
-701386754
2198641989
-53336004
-2228745726
-705906738
-2419913759
1374159925
61030376
-140493222
-505288033
2069741304
-1812072009
740996793
1731824833
53416166
-1605099240
-3511034160
-735243481
186253094
293427416
-2303404778
-759954944
-218552465
-2027067652
958389072
-1204815211
865427981
730182653
-1146010317
1380257868
-211042629
-790779736
762477837
-908920637
-225005549
-455495464
195535370
929433584
-305916773
-2880372668
-1137823582
-1101640950
415291377
-2229298046
1822437688
811725977
306132680
-24703672
-2582131724
-1902967668
1597236230
2591329784
2467154007
-36947109
-1013376852
-722685625
1514891079
1403753013
355434282
-143547256
2456097657
1377736660
1146110120
105743345
957423152
-18632774
1530488830
-1157070825
446299769
-525610352
3318414158
1370328001
-1910972330
2771262478
-3020544380
-969077258
607065910
342050721
1631943890
-720689315
1732337984
-145707066
396372852
267413369
-243792021
240396042
1646478462
-1456095720
-2875223505
177549284
-323255504
-2869265082
1518265423
-593984383
-1194126649
-1062733637
1556157492
207034905
-303915599
-971333648
-797831090
784937040
-836879490
-596832974
2964349167
259506654
-160086996
1068166809
-2361983543
-2495999017
-259416758
1195616866
447023410
1412357981
-676953366
-2454399422
2558977876
92249176
-2154982440
318439307
-1040509090
-1598678898
-85538061
-2286839392
-996596977
-694202801
1435494848
-418681973
1300129211
786773787
-1639705630
892589331
-1704847030
1451322904
-2187990627
-939272260
1184080536
2907842678
-1757607525
-1235662301
216078711
906506832
-1312252262
-1493014810
134359510
-836437362
827723436
-1754384374
489742990
-1110750650
-2679787030
50142352
910066285
-371755062
247439656
-2105007789
-2014138231
-922816626
581082493
-942186963
2182899805
-424713827
1288499597
-1277544605
-907872492
-1727328224
196109157
481682888
284489026
2373649933
1102637947
-577101205
1046148936
582703643
1831344051
183407547
308428213
-685976404
-1848540163
2337990994
-27189100
1467442500
-195261126
-662743594
-268561079
-1759827504
-1399516577
2588965783
1139078986
1267413223
425068182
-802162104
-3256386293
-1428297550
1306838242
-42138992
-1470071773
-2383962353
614046374
2497985208
1327100908
546510070
1946675719
-652576782
-1776022049
-3171506241
1358969848
1584917644
-1641558616
380642666
-1389598662
350288179
-1494561605
-1101029627
-174937486
2362219286
222039020
523442891
-982381675
854850870
1179194397
-929293312
-1428372876
-3231786075
-895025816
1298215258
1384340235
31140688
-1377385093
2288797451
1207633855
1449207070
253444089
615005132
-570237231
927356026
-1963232650
-415673969
936216393
-1825977585
297941008
2195540687
-1757352755
404390738
1147079879
-1860248867
742705476
1036592686
-50685516
1871150227
-951084723
467883024
-1403166582
1086662927
-560074692
-2589017690
-109885526
744665142
-72659899
806797033
-855933360
1172543486
-75379135
-1391659730
-2103592076
-403095369
1111344398
-59092207
1203740608
-336372212
-1473483118
2004006734
1805598884
-1950282296
2298601894
-2648277955
3343084642
-1508899887
630331156
2868701714
2284561360
-236212056
414715496
-922669216
-1094353061
2600639964
2166786097
466106635
-496213788
918566938
1539193060
-258438156
-343884578
112498015
297484458
-1608707199
93150581
-567876142
2643883656
1946095486
-431957262
108684972
-1417769157
-550786607
457698137
-1545571820
-113006610
1740144828
825390986
-90592663
-919143664
171386242
153831478
2390740302
-1283425730
-2963133481
-707423027
41270940
-1775868924
-57107550
-1249180615
-1113675669
1570113102
696110113
-1249134336
676569953
165925838
-1230037127
444940738
2835325532
475774543
-1750117360
2289134260
-26052705
-1280120159
648970027
26917984
1737848114
1058023721
724352733
2411685674
-1041090145
-3141907720
308440231
723135151
-961864446
828535287
-1997748361
-975589052
2000569662
-1961354082
-221800390
-2983946088
376844866
388658238
-1002342563
1117097231
947609433
-1385671874
2003382414
-1632044358
-2974976939
789057969
1258645131
364694929
-224510387
72641121
573296951
-741953290
784324574
-1853704229
1073978862
-931667437
-1741902199
8494754
172286861
1355490180
-1861463837
-49451532
595960091
-187811008
-61994833
1347506929
-338019806
-3719587726
264997084
-1559320401
-943013088
-399726462
1831620735
-164309100
46550793
-25643291
76220572
-1179088958
-2211978011
1207954903
-1013588075
1646672014
-129114818
-2521224132
-2218168460
-1360099117
1594404735
-1240649600
-1459291520
866812947
-562104176
1316331202
452850965
1144337354
-2894169387
360972019
-2129298599
358825746
-1132112702
-3218844590
-197413950
-2738695289
3461193039
-418671631
2110238768
1406554420
1785831427
-323061916
484647847
-1091434050
-131599490
-347758203
430818430
-1036243974
1574900219
204745724
-130811762
-2575720685
-1073785690
552093939
359206368
1631570851
339507774
73502532
150754469
-1487857664
-1413294047
59183809
2298629116
-231153544
807640297
2102772476
350877403
1289830917
1404945047
354672140
1929366606
-894893836
-545313376
-9462360
-799352112
-439675786
995860378
3072006644
-83735281
472242895
1959231944
-2363672952
2433559427
763818459
-303828175
1126759814
1788577489
2560367943
-2111118701
1056121150
110814484
915144752
1300145890
1366059303
-3478980260
-2424836576
-1203448956
-677679954
581748373
1195801819
247956441
-359396507
-2055431700
-333113779
-896927689
14349374
-1505152524
-765845464
516436357
-142430863
2527314880
-63772134
-114948677
-1391304684
-755183287
-416708601
741705481
-1973364704
690681844
751347978
3382756510
-1388291532
1221339911
-1214489660
130394003
539689926
-300084615
609680213
-622148162
2303633668
-939531330
16990217
-693794359
872853921
-1596074650
1389034186
-95591273
-716036385
-300818095
-1723827465
721332882
252330703
-1713581712
3557304291
-877560972
825096930
2525911605
363292018
-634218806
-414799736
2081671101
1439043654
-3203390843
-876240284
83117952
1639574515
-350125903
1018909190
-2697688211
-1406606737
1710106329
1300064282
417257292
-1413589483
1464268749
-1346799241
1538584254
2530518888
-2068815308
1014922954
-938937084
56580004
-2587066206
867448312
790555412
603039998
