1238775785432354049
1369177932484694388
17582084953244291376
3463484117219296269
14339986578510987328
1080921296902347789
1473886546112348621
970314960554816541
2151877366009777460
3749048906354341712
14988951614281735216
72573554638651600
14987997170610737268
3749039388089386033
4900839159726195920
8376906950369103876
31859738262897668
15910163896886891585
4634218340565387060
2091725228512379652
4854812026990346497
21399799312972996
3462639248698626256
2095037223010387137
886087900096316445
15223083477459132224
237847461036825808
6648157492381533232
525853549087896333
8359824403927937500
13854008427036136640
93745423370181936
129501356180570381
1441441060106301745
321817449961638929
8164412329573794829
1226176243699823377
8417511158802362673
14353258714667013956
3806879202426274260
3996751169053578013
14358444347369783568
15289774426316341516
15276575803715143132
3463269436315926784
14731623050986603329
14181215325370188081
1098052576115652465
14641097921908788
3491489280509281140
4671161970934500445
950290407684000852
6112314677024522560
4410181834950594753
2152562636887179268
15942747975592235037
288459560388985024
1185915038799830493
15061167525163189108
5782958183174926592
1173034049469495089
1175161677751327809
3768738921141356301
14127824824226480145
5823247574869426176
17583460809163673665
897465371422311693
886167065461196557
14989377056553355072
17308423482240982349
8372206074754030849
3971123794066857776
288251779336326413
1170966704324558941
15074604659735792717
131507208506687488
950264127126796033
56144759396090929
14358552051140595985
992009566214750672
3801039204138356804
3535326034789466224
15046547260626239601
3692951695586587648
3459895718884671953
1174629283004617585
8362957855109469188
14358655461165630673
85639587641672912
8575065676160435009
3808995067541074192
518005218615349312
54064220685274560
937610964893960029
13855307572439101440
14880753087204465
2017898578546344785
14051725359930635472
14987997170063491149
90372395475864596
5783554324587598128
937097336680613316
18019927683437389
5999161686337211676
14155103145861055709
13869983152494140877
4619690686742082576
4612817160154435841
14934219164187898881
15061220284542309364
3760819260340159952
1499700065098386448
8948653610921362640
1184533895421366017
14055749655384362013
15045687757786040080
2087151297783189629
15995679575537168689
5149796703155330308
872915328596907316
869741186453943361
247776165091083533
3821097631677955916
13933860457937305648
13965941517777389312
3803080089062808832
1283808211897176080
15885400182154790081
925419629630943348
5509539573731957812
8431253009577820176
3481299331267494721
350679619146419664
1292590393573326852
959338257610298225
127301456486466368
1168533758089891280
62425048888120397
5549568354809824000
17294979766717714704
17398563648032803904
15886430162354753732
18019007126848964
2032661940836516124
8413569835665847120
14185509613286277313
90373037344543505
15061391833936545652
526288323506025524
1256817452691715088
5352646151094336
17869538709237789
14347434664662258113
8202188602760171533
8363709868444507200
293701873733476108
2041472242684051648
55401093664145680
18226405576177619716
2032250176885768196
73401046928211020
4742311575115010929
15074890676627098673
1679897386678470417
3755157665495400656
343205201925111860
14995934543820686196
14651125601927616
3490814504949190861
3459130708911277248
4629770798573569793
5482980006563204404
3747206396647587649
4850461753617743885
3834538010996851572
80017080028563316
8594962659496112141
4643212371240431872
941044888099567453
3448963714833668
288473368251862324
559311673863511068
1225472525107318980
1426585675741802768
14137211620582035917
969140368452619712
414669950017408269
5030528964709321920
32933061301895364
13870172351608390733
129838156240657857
15871179713554727940
8093044396968231965
1130779258929437
13911976435674830669
343702234425487632
15924853376756548560
55681207210613952
4702602742189854733
1286921461659616369
8362063013804851249
508070029747320141
3984574563056074781
3765507218929884480
1404301547515528388
15060270464086650880
14717974809661161485
13867716853540080641
3545740414839537665
127040872226239489
15938552776354763085
15277636299810213329
5826620244353945857
347724079264957300
350437459705988112
3478823798066660112
15207619325723636189
14339535211591385104
937087578435302417
2144068921618288861
13965681192009007552
15236807854736494877
15857231514385450820
5147615223673523677
8196574424451117825
4854040667736834173
522633115935772113
2104372921567884557
883864137344225280
3562475980054347892
8434416373932820237
2023026643165005249
72114838504224000
14129836092386958788
1140379500073305392
8305891212858425565
512386714087280836
73205828659970160
8373247307383898893
14776341163980698973
15074902878631084125
14340873007096934657
3462507303159464973
84679784138097
14066782412320083216
3806672824900006913
4716244610395741517
17307878931924713792
2035685307634157436
15021560689687792753
1390560111316222148
15204492023450516737
1401974088692454221
14987980663109255389
216193883351500656
303091393663086593
1283825871705932609
1402661074268589121
15299573477098658845
5401746293854064
858020049371981
2095319325845275613
5891905479172691153
422296320265273412
218228666390284109
17637222319942340685
940625326437040592
24619216409775216
1153849822400025412
8360035811940200477
5548438399652803841
1459224295907640576
519321391140704513
18190552371405586940
969472142762849284
3761631894596239553
5490118071238264273
8575351151077299968
1226042382236270836
4627172437238013188
132607500808634564
17564109761880589521
13856467802016989456
14070103709942485824
14125289820968455440
1679224464911368448
5498952527176208644
1503428318261742852
6108979922624852093
3747399816387086145
8160818326710371377
4612597635822671069
14052423759587040465
289620165040045325
4421933613025592141
4341483290830571313
2051236647828455428
4611703693342154572
361163409145741428
1257757977478479936
1157442923328750592
6701375762882377536
505332246398334161
1464810197937832720
4613055811543630045
76592275340198144
1213106301831496029
320041660258005117
14841455429737541697
4630629521517523201
882726695902953485
3752642862983689409
347636714641257485
15060108432403336388
306277017450477341
5692677480133021821
5698021598215127057
1401974416442086256
1186541479768431920
15006923943644771328
13910779291270103092
13926052865341067276
15002351581536661953
422336833848038144
4841652246352495632
14989955231008164892
869255494438581316
14988033731535686913
3530888962532711680
1185814551123537924
3662762344500244
3693053967543268368
237566878323323905
4671133588753481920
17366092438900329936
4590461125670096
72346890372383217
14989339433364669644
5710902991858697281
2021275944296239312
15002616357529809204
220684410109612157
4684716475120884945
3837415445004140557
419773498564661297
1170953551947509969
879609424359981169
4612025768557688001
4396742234565824817
4613727661401833805
13908260244414270512
126313206035775517
293086029957575728
19243408015754516
15062025277931379712
896318580502584413
3462484384270319828
127069535575953408
235050521885737009
13928593256926695620
5561949960404992272
969452599692493009
132578868539432132
2157643141736366340
5556350138286355485
2144133179476078669
527421939929600884
8088554885442748721
291608352632357981
14055804857376066612
15065389800099987933
13853091159452419124
15278194559026316148
2043525937936729857
1211753297891869005
14987987754740404240
5535800476174450737
85599693631083332
3557000604418115329
14828052779688476676
291946794398569293
5606986884385082381
17424556082274196752
18889885453463872
15067937214787801201
897426944467779856
1226161145799250141
19161590532949453
1207879790166613885
872661491936727245
2149132915711938868
4626393374817320973
4645181540669804596
4972188672838540365
6002679291930595329
14988321560673153293
8412781344907609937
15047722881595235776
881944696108205892
3837067789856474929
2148728144920009841
8362072144992010433
2093460741986000320
3769797966828716865
14136831961205863424
6724739629112840964
1495273159010553921
509421336968564017
59514846480024576
15047388460056904516
15093607238144482560
898257089439471437
3981206066783375581
508921103368966916
2023250163342770240
76617671898832157
8132660745545515456
14992483216286498829
937650340042445108
5548664265931555281
523265765588088077
1188193962410958157
1208322666537431089
17816646191211934785
2090589539418797120
17373833052345663505
14083269836679610624
15938763562324870989
4861358725181932557
80464310090669364
58677720523425232
6702539802149847297
15943658519437734964
1444533995735309325
15209574322894396493
884109360382664052
968612875755328284
15002014554450511633
2113318598208451633
62211526961148161
1152978081208025088
14055742433448215668
8405788151252084
126594534724350976
1183356938207261
239620813613174788
15350269761653358861
3761873484812194628
375166913144213697
8592942924751391760
15043219252511339777
940439838891716673
15204701273184877632
6851337674985577745
2026353699233660992
15982153696024136753
14127796704909538320
270567000047570116
4644850661153856781
941548317315239233
9011100858867306500
14772725152433106957
3515003464352609345
1369338186592370945
3536483514117521460
4619850787163797489
58635872848842960
13893882202275708932
922126557122671060
14772739245259895809
5693689297921667953
32444884912714816
54258700076741828
3748177982542175245
4671161028225204416
14343968472711355725
2040151744675958977
1462857645838905345
5379923296849012
14123313789391013696
17513886815127097600
3535331415516060749
518766370717138420
80150210461946176
14072725266729338740
3539041025995833344
3820460687894596877
13856737363575504944
1207250574044788480
3693078138295437169
1373810192822829521
314478419493519409
15046769351679483165
1226228216885154256
942182303604617437
1089647036485197248
2103547181610893393
15547612308217253917
71432260540170525
3778859582298863424
23437468024176708
378526754974728960
951438266678140765
17370508011876937744
15046558464706888708
3473532140692242884
522927734679145729
14074597672538357764
5607056303186189632
2089753807179728065
80062053465534528
14715644603232320
14721281198342013712
13910993708436701648
5477242534810878068
4961915045304599360
5124253102878259021
3608392886176989
14992726010334561744
1085708160479465549
8413974468829057101
8579423558281993585
537930569552698820
955736209665048640
5121705555227001665
1232865020572913936
1157450393270213696
32776255874010369
8126471753557611264
3716421729996996
1683523033345556532
15223574391347478861
343475183273918657
3747509258762338560
5797320042715608884
1227051904628117505
13921889517352505204
4904722583323148596
17316344192666714128
3464412528976330996
319787515236913396
103666480750582785
5476676288189116676
3996663492777940017
8380477658248974336
235155883972153364
522659449665703184
72071888969220289
216528199277036509
75566204836446276
1442282303566921780
15258508987734982464
17803226309491170573
25967239614172656
950593993035289344
17803011644862828620
8413920428616087309
3805617277633675265
3513149782037909581
14996771529755275485
5489975936842470256
518045129865698497
3822443403036908801
15549808957886303488
3531329000016187700
2104641458528057088
3534758583106486284
15334842317530930460
5980856171786339085
72975964616527060
248897647361922000
1153154450967085377
14056611078506369473
14110640594578584781
936821047004565956
1171903545386234884
2072882957114219804
1229514812615234609
15514131557442194500
14066803294522339332
4701828467032028944
32862206822479680
13835277084780400448
509752132010983901
14989106411122005204
15854694666034331732
956228004724146973
14070191946677175296
3463339886713831693
922609059080442125
1229835642381586432
886366708717273181
1240530643930329309
2093387063624927069
15867325048056450076
1400906528874103069
16095289044468044252
8416172295937328320
13849914055307248689
15005994028003021648
1174807355970144064
4987480521836610420
14178193854536402141
3707716767418942493
85863066452968269
2122321599596859648
15206212553056438084
14142147279778559092
18014518866884468
3545463715809476692
360698038618709456
14178305607177603036
302054541015499020
3462372960958681108
17582070626880115780
8163672445796608
2095317371433799121
15403497376807997916
75945524129629248
13843433860454881053
13961173266761629761
15006275661059014964
296212855736025137
3584926066236202449
4612842912097531089
886607707891883057
8156355173913412049
15956311599552361501
15115263445664204016
14177615107705537536
85811392709202961
292506153742774720
504685522358202372
4699296011171660241
1153291773019209949
3553723683015249213
1156324789502939584
2019249655901847901
5608958183126129949
131463121724256477
73311165874975601
3996108292342439216
13908471367559282897
5178423639288542980
3461266966396688
8412936092582482032
68060664206662980
3548906888387901300
936748945849258049
14180998795093085952
4346052191188710413
5135248167883981133
8074967837171322948
1176354593257360461
524512212326564116
15060069039778566208
17297213751813406813
4457732451910800156
1176578666852856836
239043521619969792
14141324821305236509
14052370022778339597
8940145818389038100
4969497957474095296
1225824915363476944
288730778621248372
4832362675252232269
15330542596313318148
16101499034539930637
17301989147766116365
1233704823246816064
5480248253323698128
14182965800246658112
346175738779487708
14255895924994740420
509245411823787293
15874359507909887325
14989048288882393201
249043220124421380
5175146489985566580
519902767644410672
2021277430395982301
15010289870617921393
2091080969461265268
8211205917814817105
4017711489083244544
4451021195273587984
17297503793427045873
15007194955812129856
5751505773029455044
8150459877942297053
1362694839170816
15984458443332206653
4737809143732313917
1279023243390406669
1257757769431325748
87007503585378497
293231230184339408
868068910607708417
1387971030667083972
13921471823446033268
897641554087724813
2107915348036358209
14347630328079909133
506461564782510336
4619659732349432077
14358443315654897969
522422900789965060
1186641340097745357
16069129402886993105
2148234688290975760
1167612934496197940
58829222621532944
5549349823444959517
15006969453940633905
2031137122008695040
14254398662347179836
1153431776857751821
15279662626779459632
17587899107916397588
62149978248529372
2148239137897976596
59467992925212689
2089701851763389505
3544615289029923072
1174370849503838260
62276356602597377
15938520907707915572
13836681161286402928
882709104940888909
8645908756782579796
58620762832832257
1170988682962849792
887212920323965392
14141441163374905116
8449726096794784052
8445194896083633264
13857804781907882432
4631670759826447476
14700896815108067377
5786404367235052572
15858307884460814593
2023487856747675920
5027425456908140804
4629733199422959872
937889812944274496
522942298817577920
4019181325915067392
3462652899111270237
4707106060298882256
4611998366706965761
346830223234762717
873078548695823376
366005432755422404
8372244707459281936
3819128082981205264
3878514080628542516
32753428234073101
73415849260080604
15852678758712688641
6546318085112049
924368553156858116
4915469320543027264
4832362456020762676
3752641986863891204
21466169039674672
15876103704584982749
3747872097385591041
347641113472078145
15857407385728714512
235577089422527796
5494445147658113072
2089983606390603844
55247466865118657
15006402207939363072
19161476974985220
18422538249965812
4687613894218019124
14200060732419870772
17366104481182265677
3996048667297960017
1622106874658000
14180714059536531472
59070988479054852
15930570893906015041
14991599377053666781
1456007880582631732
416372086132442113
15057574595024322560
2036180157929966593
19197542664294708
3516699108700278081
91268334481584132
6647594528265751600
301825634761208077
4558563343661531392
4737860506643936016
3462489945719821
15929464003747922945
2144614834258517309
1192713773937664
5495307950804245788
1156581779289736257
2106846599376130385
4683796403191088604
14989119770950321165
17325858782002875712
80489146574036045
1431308245713837325
3588768376472797212
2090079264568511821
13961455514618479437
3491473630844358672
4846840992890949644
13969329591116356620
945140527144112188
17812866894076593344
9184039293782093828
93762349832343604
3463285736785278001
8105880607625019149
2108180905121249089
15207745279463985204
4846845446821365556
15856562139171115844
14931083358261745521
2093329676792814849
1284370831782986205
537107930593149185
945127911899133905
5056724673000449
289388368876344141
3967726203757989236
2090567429515129868
13908452674203825373
1152921574336367924
3476852855361243005
14357480355262120385
70374180897796
134105308104706001
1657660275986317328
13907399119057531933
15515446083325200
2022327840426493149
970298180666355712
13635095365800717
8143017232238972161
995309657004448772
18159764738974708996
72110728156402736
14158474814712962317
3585094359094985728
882842217994010628
8444535518326177805
969421199413297424
8391971245457857
59746645058980977
4576017075264720
3693324704841478148
13893741465635327089
8196551321868054861
15127810037923398001
1442282505410953524
954788633984307212
14106632210890125520
13893665595452343152
4410434767699392285
1444811467017895949
15930366376229847040
14143281886461706240
2097936105336735517
15290917918624302848
8145959994790850564
530580382690641681
1157446068295709124
17802940485854367505
2240331838688264989
13835340703913547585
536232316667494684
3517383840092991492
17293853836750885124
941270761808605188
14758806277772591181
5840061563321939725
3768669782825514241
4627255381259746560
1229712582387397392
1460365970404016157
3878109505190710288
527259827929570381
14991653045446955060
54074256951132172
15362640858319208561
91441108668661812
3466769165129351388
1455845981903126749
130636344250597584
234314105719210292
17614778005181497629
14987979574771530868
2017951557819106077
526767504068185088
1450000753949162525
103604026876391436
4631174132338704
18296767232687217
14144980700712927232
15983330037403223041
35256677982654465
4629981909367128912
224075254912270528
2089675109474307521
4627298485737292624
103877756178420957
1175778156888719473
8579410980723508429
2087273787082670384
5553782779735470348
3590429111396401392
3747206052529323008
225403578310080
15060060093603459328
870375350185497876
8129970203061699780
6720220375386699024
242349972426653965
526953918627122957
5581984977811460160
14056583498156982720
6845754244815077405
2150259696035171549
940140098278989057
8071888972633555060
1575658244527173889
4954035250319528013
13842944049903026461
1156584059510919220
32729459856572688
1390558746559651072
8146097843917894660
8583005265513743437
17510070139536635728
14051445517273269248
3693074913583906928
1099094763850816980
289880957052503921
8197413838443893981
75945755991356609
3766213322464261137
13976713987433958704
887240424101802289
3477975473093350221
2028405731102932
14155959075447508240
3971071803547196864
291942604214845457
954974724699931393
6686820774024589312
238722687793628996
955049320444646237
14255864264102248720
3563191941556408385
15295101501093969997
310766845899374657
13854748140462146560
2143999652146447120
2103693125095981148
5892076112857652276
3688852717096410384
1172960310253125709
15222412277162455056
18067674319871773
288251528866705428
940131718033851201
292818590986213233
879059946645540876
4631689664657424400
15005993958600921140
281960039580097
1113590276099944513
8138004860911279105
14132071568007024116
1257403546238529988
62048952097687373
3537426994940414989
940127539106879233
14357774680296981325
374643210181166852
75718126213550349
14140190189423117056
5841168991673922589
15118816069572982032
360575166077326340
4968667980840571761
2075277402802572548
3763915292788150748
883673431202086976
4670233985308218193
5698408212865347700
17294105152122110065
3589598102939257872
4597128743829504
8359863175663848733
951108364753034497
1166767506107662452
17582331191509611985
15983279755631641357
5497783762601326401
1239826970041124060
90410655227802064
15875241688274567441
8413588058087151409
3675166839400383309
5490131010899955924
4716906052963890240
13839637522487186192
1211960933586063428
3476780866759360528
5475582691261456
14705609375628772380
1400851550108910400
363951771459191056
319769988322230484
