68350771055970865595145041482
73042394558009599509472515294
30855996260703623505471937579
22075942540022063708967888795
21097391791154585640166330963
1030036215990025699499404425
68966161237891577390425892221
57199770215141777840229226305
29270805988640673710384009245
36681236818883830275120159936
50811206382261220240377295573
407829309773096336580142749
38025964552455123559468019736
54124448736023310340855447022
10820196015853183591784572545
3579108376444054726747445214
34331499640265418504750299135
16711728997017947979182005457
12342803032578548816164928410
28388712506609498299447192670
56282075406750883255983448073
11318872421824906132041164207
60658886727245652133926948952
7691929283336963757807968835
1116791133650279252172117006
63321638020409551726969717267
17785163705592797067347537469
32329687542181472955900941709
69472457433953171829350141126
72129368971595109004795033178
23400360262525608678306111629
56919396896953627008951660368
54044140167724097927038373279
7456174123329102944861007749
11205877168838750755194116058
50788701325493502924221701963
32593257612942616055176790992
62811092958109775523540328298
60756661082905354337872983936
75635854334331783295670084213
17765659491915259803627087558
847255878727904211416093874
4538387606466738099348623490
23191358424296997887777191478
69554414857850227636178004869
73075585004764188106855839360
11647382462168663643092706489
17185434169392913798319039439
22170142497449119804872483007
70738735363196094198367943659
33987444688824235124623719261
52330129914640933990335009501
36514533013750369336910583194
23371094113283113525002595162
9903216862413215063588308073
59020176030039906210719456209
29448067391054775219701127849
58170409641034457960238342360
17645860286064821087319839686
79050090344349517765547310968
36271740257911968366990949573
33431525457443019122005523568
7696020664343157597717599479
167450488573236474198265992
50013712914882256820594998139
29304372547078110477941219662
36714185802372732524558015997
52779544217542563851842027637
36030299948043299142522215785
28919758389305350869447957975
33946260015626200715570164191
19776529628270637657595226027
13432313031789252777870356602
22597654294599945499082189471
70638285561433232124138050485
76324428365461903512734004664
36882804537221970864280116137
19700287322758767181237106010
3063640667787023862350028539
536706036203225506957262679
26980873580701239848108011775
63546103381046054387280984633
2116666125156391069542192177
65798901476836932812304367345
57238147917235482858306317361
1672748887389721422402220695
77347972212428679158574473961
22121214102142734892001968050
59733393128406397014857148111
77722404509634143287381547952
36265448454942716462740010327
10104417973245756655176027849
67946846241431437677963684510
77641740826029206083318447530
18897716046691338222457261310
29059493642581361668739623634
72395357396663321013653154729
69472669088074463803473491155
27403530663496040496643383443
16689120123439789880583134797
33703160125850864852763847877
17840547919228709682681340416
58687925589484558866855157109
36267180766828029507298830064
59960510576437399274978268080
21957534953433512980709645907
4941569192813654679644311702
33958793189569884387508755097
70269435356669231096228392456
104309317633855580849800257
26871321832195639709767796466
67790170982363066699421413486
4037527280258613613888796411
10936949074987996339585653783
38563156388404183643280209055
22718096290203486265178152826
75986625105084434900828206669
53562180386136171291216835615
73059703073957051897256615091
37928122850790792961851982871
28915098969618557808081088246
36717273059544792510072982937
65720189141080659413116610185
22698728525656362483630795634
38642529854239587372282690944
11563682246691345257247224703
73270270317280656316447816315
35932891443242001420385720903
29282751922139064839763732362
6751815901319541884560042729
28284936723960779593454843200
31147562811169266022411431800
4526210736477916577017409923
19545559784066574111547793078
59600992256525889465950723050
11611534547449090730701217232
51750379473884509579186634231
53518768981872638333184961177
27740253828889865632296703504
57931082525702238861326607787
69914332747751060832356873395
23117660954205243349462466224
9162943343316718067671171217
56806211843361618394630911637
21488096834307739259359816560
22608010316586204718193741935
6299153614400262710382102522
29883076722082507547628297801
61879827913526171982061961160
11661820933894400138698922907
56746368426678532849201297330
14152323262425026650421033472
30911722854006351193344216971
33404632514824901864906678480
31219715146942667118000741383
4204484172621970524166077054
27463876077416208766565024497
57538269451714779999699924381
3893345526934180391710125531
60356479294148960640944782813
38081257559176313735240800894
57523451986861324416641357038
21315251007057203126894092840
924417861594325822752456747
36218552029542189860843884062
9240366559078422505893462239
78180722019774426164471585464
56674488024067941035511427462
59948622790910262983875005495
73033771626451592114665751464
30557932016048433639522038259
2705661829391659190357798952
34198933809329966819924514346
10677573958608425395382041734
66946600559243290812458938379
56863879989276799011592942810
30970671118782365934179968010
53036565874524242523828448306
39260195580731923003381039032
22379992943300524876406542536
24721863686731703725978720797
71751945488606503483694824577
64010952488571844522162468587
69056987542281643009096094723
65649610232350197184489337526
11303542660886764345226421763
51225142807120510268468067375
78463904240025003514316236440
76636484340890589245156915743
4283919397599465473874145917
71686409499981442413285346325
24737243436020983009457427275
11003123271057736699820863387
50454334612264151336996959723
53456634405595654246970685291
18286878365054384478587830091
59264291742507647963603098517
77178088927621671512349604499
12838806913155819990026607767
75898003038993246701781757326
66972976592810606350986640490
62165183443299322011969952351
12069732956267526570311624090
75807288280576793751108695801
7798549194154201646392778731
31313834128718243465904193489
75732851864321487615609286776
6710082783614451362781109727
63295704023739951859522581328
8519243390881948670336301942
59531886356431659934027547847
30948403049680029534925216883
7340274054730224646576729608
32073665553366721832722164397
37410790812252340196063906813
13323239946215611861231450950
61174094382341119462951425150
60006009501817177548344901104
68865263401241383655270704811
1203877816681094843922398863
38641321594167316417351117783
2785865881145180428230684717
68513393497049887670263394673
63916013067349419314778714363
60468032045773874703072424824
67722418051944936398818769489
21185283160516161535048418975
26465884778508801067398170353
18107027580134820834668445627
21464918813712806147924606784
78449525094000392094323616936
9647872206683898670746271955
16909749508494592127023045246
79148991313075608665607091566
74257793261509080361677587282
19606629108627998787038340970
51784136634194088135215481263
1735852332641902651946317390
33903436668968464120733540050
10733829015075674863055045963
66726371792098994071875630441
63327113947148297719656665998
19957203821741657249429010416
68074977998128334711454274757
70431462462633170684300669078
8783680244017206411198927989
59578324796936998935774885853
52002633973290178493901005237
14045364572426382652924003966
61628822467684920843848818550
60603075367392732722270951313
29050595098689710601039348913
4204674170433931124855596014
27666599325370626512515329616
37200232482307665709742969450
33330955738496035129902299727
52901082071464504922401332669
50636432857575603255744595704
58411116892948633968927137905
29885567673332209675957616626
53066511032818446667993684930
78173199425829440059038008342
61247197246060924167181406774
59886950122420578874357108736
75991029801782066482688841559
62941131226302455025789896363
21572185617230259795236796159
63664367480994794373201032681
72891203391067062233038923455
72676350196738944816968435029
38373126811720978174646204353
29540445897251256648475177551
66522794422746687618601127234
31255052089478309318113988349
21426400481732260747044094320
33741333099256704253398997687
14776351069866081008419378867
70896640730220727688854545656
54316934972826306256243020282
4530543222200083093239926699
1424415451015675589442447323
24104739282279660757312376242
37147692403127166280268178802
38055263065647781701974026959
38726131373435664878079575616
78972144126586842909985474169
12178771689600518395368756561
16249756168608251431954757262
17369624399053703507592258104
10873312071218154331933620189
60369972382705482215244411970
19479346449904314048043646871
69738740624131923338018607941
52137687577742481076346699691
62966193432503459513563903218
50892109457998361822220345424
22566823164018323207349961688
7642223661673623942444366725
37181562470776821106857403311
66177022014138143628454116589
23747350670615200529448009194
22050477024262991105928499080
56282487868867666760146582656
67941158025386250030367411144
32634738681996899037155495027
76091358716650124617910128113
60226696190588583297783083725
13659299719941880711629049541
12549754513265441201086337103
1134463701995386989306392592
2549033240803542561942988435
34357045661701191559054009858
1622486981444429728490959016
12842045109961713042499558000
66132543069852152853242339768
24022501955518623635375301446
23584457383080023405323313614
75742375049345773711328084056
9578859184637396955817078866
28691096301385321564994904254
53444798506156553678230918520
23848383693082702412096298984
63017482588211107612590603514
76097118593580431833257047687
67414233771074322830973038613
79040556135381239211361900240
11672486544957708869070970417
28145959450170862323212351154
50021061548075660823095510223
59628671674052599682854075093
50021345785233307981274199173
16892161382058372530117403281
58393823790685093423634732606
28700254474819571085836221827
35901058728223418253818302877
57894237898001089188217565367
26168559189689953710546807743
7412679271182418716005082520
63581910950616731046826479296
68127131465460548033368800465
59990028495419131009236009630
62056658011619641220809938431
11186804308754615319040463361
19669890670228658529660939305
56637760688930659794308526446
34342787765176560970857930766
14135383715608703635252706704
30525713415766790319560937579
19522483800758809180311498121
58526494441487031026979460976
14545461228269769478932835862
12021274403421494370410205393
27270790064988726963720852057
54278152805586159288255999033
6671546196197318469213250674
54184986186993794851588024982
29935791217803761699254958829
71813536595290291519088099064
71401624178985356751608011711
59772735996977418141615240577
24417986656418150397157543371
53028302647659959843895940055
14598733786077858981044678584
73497521197228057442203293006
30209625864783476774221934953
71704725413303535865157822344
69637537475667319884064581176
18914887675765319844174950472
1262197442874492504949157865
9478126005525366278710888979
14529677681609023198589719606
68076869575728268137253318782
13601434490695484687838282141
37928985328935727539463623704
19761514223062564704159040023
60207225708147256453497050009
62737596239657484530047507272
20788683209439171402350462953
27296278267682076672716300357
60298277459796583512277970455
51087653177594159498314197886
34353099557262307775553704890
72013544192033626825776987387
7696228454303524344073122507
13877184208088324345356399835
4243092534543021448760588952
67257485206195014927920831007
28625444366018611196528067240
53643447796938178768838354581
59551909166122610014397333846
59396166537402856540069342790
29300139053799771172479761325
50873235516003595446348476617
1590120171753547060203167605
17247362732339924081641256461
68197730991481240815903734952
3437810370853440353295338542
60315803056055381869713729181
73085198417877510750727044045
8349388278409566958396449280
24338997930737204383132343514
71918723539816729176347216984
54147724728940822448208337734
71839560810889971374306661888
27029806849869024580947157395
9192290147793509292579545783
22192569090688813300524231281
890564190861142239194305710
328933423623039673104371608
28075995891460702944597710195
77069677782329842993364515865
38988774558068702954001240774
33235680107522754887484613707
9105258265708491040024633691
62355845786867367353006603657
13958459055789276452585594367
1753234113349297539696747728
37985022380096479458566116046
24360674081711520387409711307
73602706687249016407263586825
1812078933801948611541802054
73336453874084784109791557306
21968272533243560703683364403
9459293802060091667274067776
62849463781095526493012723258
60239917908807636138591519747
13565116599966891790163054225
3903546779694433460806267514
4683643303277105974441648466
26050832663236153843639461470
16583408781181436114382125011
52264252068834125935793502085
7938026445787852200295797111
10101273113662666529409131998
63488247540321839958166107477
18746314356601026695814653399
7737483997982757932629352822
13660268767328481898001767914
7152228565021273805504304718
4907436036957452653674696141
33279038378973983520720221063
57542176622455555560193774171
62509255749675896724660982511
34246172149703988317962022483
9151996518009571280858719082
12426887848468351780212964313
52955682074836688259693114815
24019215576837645140891604635
3826089206809049423676874565
51627020402303351434864802830
10055962822649395858198662766
12889875862391090629290175482
51961859033482016734294878151
27231865323206756120427692400
38183884951136152046342409050
10244717399532090440120785926
34636873875588293011735812677
50638876896396666432110664282
79068874355365799603744473117
77993297172217749845814194823
54224695535699765199257229048
3287586282060957923924439785
16324950010790350497897330095
14667000567886328224262485482
3883412708180918234586711466
20106147224323784055591375767
7480567119424144683659392009
72753086398051662368819836530
60241422160278769172004235096
36266996074880738464086035914
52513862638229110119106455054
37190828049654721592537978325
20073267663461099112847136622
49990687127737676460716262942
69859924275098527789766089409
13653735914980609525849247863
13325095750107019378754039915
63000043405929001680138777602
70860055587378175691712738393
26558173704516923088589238482
72370945424587591601379456003
69325171974249057135517822303
63611794726800581722985248389
14494949017564201772566188166
12070892697745698649991115206
57089823461595252876276391874
69616910235762978880182859138
54028548474592993101585130434
51222829252490751232356553362
33471070408349530519468692217
66822531682740029313775005550
68695487492533438966471982074
28479466958832214609760347527
22722171248877583970976951299
22116436677225133312267261264
33433513467115249159023909608
69922824784106375721791542994
10934060048629539625663529671
8201724210862947784592546838
57076037652752050890897558391
10394426500057386352714754943
56301900917647228001516966787
18760920125519613736172478138
60490620412724537527228727134
74180191104524210135732082286
20584952370189151972469960010
37916981853434819904358149681
59363311202098617075973448767
20712430642652920786723356547
10518248165542993887942515919
68343013115121354446216956816
