2011857542955012935668792265
28118108625008153469617427274
1545122362087848888821398549
17530018828037417538055335765
19629126633450807821402172974
20788341894106866880307695979
32021192463945296796714594173
18800413775303514047900013953
73292143926856507161095218322
69299756380317916381918628377
67998167217884529901189694205
67731361270447031293982814602
70298683439398905359760459357
34318725100534131537941095256
62938542117830852032952081859
34362097261610185205916621904
9655533445926486608475149553
16505199778907449164151399541
73971746730510736459291255696
68866154011779991044926389887
7060576987264262996065498175
71621534527612178007719130025
58183862530174516469147901974
57280607404213939462339082877
4135031097273498424399590015
28308121359036974879512309312
16966326313855151663975525337
73559249633421125854649349957
14832302886256314515950622271
77668455724358748399527532111
21066788144977299488563984217
8241628221349823700973874072
14032954184680643155924443578
39524826011587045496572711923
67293390581433230389457430253
12727929557244774703108781573
3905136129004072093978967253
29750376307626053037080391106
60523012466422348557461479809
6512222468710190139587031477
59414680563560283607512547917
22696963831440759238636032042
56271206254114001912174450539
12555799910730813076131027670
28293775991541649607794408489
72640228343037830602133825047
1759501910871173037329082098
19763265411673257883407681424
31371238285061597112236247757
30613529948245052824969985438
77740867576456784047964409909
49563596524097544238253276530
71174983536755487959733981945
55966923251437629292373398506
37298527140511514477367483550
58509208953534054452289668275
69820449039197790096054037117
6991054317472570482417695859
72905710599621127621145025087
26870495363962758249180790931
13984469841885996821526687858
56669860815029966804032280280
22895361615710607586112658563
34466623851725354704675477455
73043974897463193819253044842
69493182328582409091777334722
71361409690036982502814241961
14218697265158328266856602318
28175423778894509989462531166
36226151800204310710698299798
10469948317301231456763196363
32668001523598805648184452303
56270205483508605999353979525
29056451632203353729006883269
18797195705415295943658299918
9541853239265996585556472221
51040010895314494008464701072
24465460963238448829535835080
67039396525436493239001391261
12280943206794823118111990408
66745027142021094420763210362
37714682842165478602577538934
59016577689917883134421363437
31950177070991841329836450768
77532632166190906940640571371
69324631371592283405827365546
11726056794187659337042033609
9769711707951031318914634968
71846307291902762702780950379
37029848533031008258134639848
30600717459334859287644799736
2164611271174109612605987754
59957689713497591386774704115
63979103023231534697044159725
61180794437832149137084568759
12713869926081674232438983803
32404850563193805013051707018
69674850144441963049072153328
71509579206575146378986837429
70782144601368225185572659855
34453747924366658668525872190
22348465383289224953075852013
22188049741511384344723843605
67202059967992745695215884277
3546827647065025054351517520
7465428563168855649209988765
32343582122088353302746553714
51986963300816597611194792519
2269986264736318556993059734
76050931104881563398449146711
26378464676600291258853752040
76545151389341360954236330179
75942643175330509382986804545
77095212443561469455752554187
69846795416415043746280563856
14530808028957626350332273175
66887562940301534151239553139
27487912009253558361302523528
26145781873266525312343015295
67824200520603817828464167902
287942329536055701414719182
56138186704891842468273105430
75862522599349671004214341261
72675830088090151159314679291
34393264259071563384395747843
4745559216083889631613227150
33015299798833295161526064663
61509273252472333318955754706
21576309413161364926532951625
22537493652063781579561347797
73519310054693032606064827126
68120187771084084876488570088
50397491617127115695904625258
1816023074606027016169122719
29003331047291552387313893810
30593160818556150445600464720
49531458132736060833893002263
11482598242116181528656439822
1690434052199671587104194142
51140392277521971547298766989
78922668614352267615907015662
24636648466392886468959203946
77742969256476293012744333955
21007832087034106811904792135
70623939158122230451242292394
24466267818053713070280521174
32356892117748930148351702209
20851326138331828160911933131
74078139030725934284947117565
62306445326435603059456136833
33289779461558549627525774577
31828032434770422596798610815
66223374024102472774406571418
17195374976531225906574298054
33298166508000808641494942321
75733550321772929647050991062
36156389978447366831590315112
27816994210389545579135886314
3282658078182243435108301424
17453694144255270259021271199
21995389611742141316940455998
17053132421028139255462423282
28031921791048046954360967797
49519538707459986215146352344
77968606536945761487254281878
69550402818862321832026469608
49802800167140754745939899633
68573303243464137337237635928
19981200822899111091296986165
3788477984251599828737303150
28076061491646641778582698602
67176724219450802603794030210
68071401345558724944079593523
66848751966916986518136886894
30763978283569073720712814531
69554062837919096763983686854
54427019605677369996791583069
20698696251705664287914946263
26883579659770523164602505743
26823677984391699531411522155
37642629448868928777527660123
12095082743772907804748346757
61196651974572397342386395829
61166231747146753133722554741
54466878778402261290674759288
38973954443099685248070090694
38500482914789724482858161999
8692092758029910865657820158
29686463151881733651491437190
57213102904130685691590564743
24490858535437737446606157459
37111641199397479380160632666
1552158924268145011776004527
4713571669457485415848816278
26183007355272401592328042360
13991791281817408895846050699
30791336479369671672413858778
59288221333303298015088933832
21993164620736841388736191408
3737424504416295876669534345
50976428619512415046028335723
27000164878409948698266254717
79088167619520951012023932088
53023133330334807716048362056
50890928714650000237934684151
62044698010853904724758621808
31534267278475295132192462583
72988799336831973281148661855
23891374373077063914961850719
49614520885884839081616909635
4190362255006469028855682179
12357581501975501630997533438
8241536179378811205868491
913794244196309746450037448
71956902864045858192573369992
12453683856707331716316914810
50036651213591417386363608817
33135780414161657819549636059
69267245367912650725498611520
9018388258458023765715949192
26524547543435600598410951682
12240705808968078197705112650
21107877147717869483946933937
3595014286559949491838477802
71970513922692995277112857128
71081046379075862955403215865
30780197241268010837631340174
79021215598386293872289113487
16465605016308485633056546318
24481462016302789501494683568
8652706486457395387164908785
69240564625679858167804072818
37470020613094648364573332693
75799677370146045033395555283
11165917649845457250996366546
50467729741900253448081267962
29658554293368910337682816912
27048492782305018235814845318
8242532085121549129228850673
1561897800711110713795947921
73652483900050484590569890802
38247129196964090348740771422
34552000631413541546580019822
2822199621902368975621831903
22503681870992873383346950634
38893632107993822106204495895
31233266187511553398729398869
68703318698764639387075081217
8933465370399532338841820089
54143484293307135004042957168
1644271147003143603079111883
12297283547174577699602890433
55959624475051595299321276403
31931047650352900947778153989
27461359693194771217805707151
22161769269993893628639502865
77868690984165785244354818544
33402522566869375535139444145
11027475877553630803812720633
58130930838958788365730446574
7122413676695656164813651837
8542681136075508005258657176
22436184525458267609672101816
76448810281584109395888529822
4748296934827380155277703915
13925375909445863239820831296
18274027191383099674034804139
56711664533099559956853355537
17132508079731258072352230578
4501809623246924950426521297
17797566922532947414924909718
66443063396370785483717296000
22442906956480130734178697561
54411636547089839814660871115
50900382119807132173707057089
59807109146615760307495886493
59433568713305202821675428789
39577437018675961144180325967
73244367179829203921340048110
78607459195694667396962575247
76566840518087740583702342809
3539811333788985950243775662
54022706946516909660989586818
4798930358980739204201600366
50953130712457890011447394880
18796299985553971742324123009
72208823929873137359964012029
59706432680787276730091689193
49826891442775959019939752905
78177564814222328443181251691
73406796554042625247584805338
18990743462484222919072286138
66752275234012822937020431758
39589932901695507480401838619
32609676808229849067060462722
56062678327225486901095511477
32151833886486735488669912120
63002804276503267764748168685
70633524658338913060300701689
62363839835927526734043146857
22024529034764855637700058968
9512106992899127907588007803
67000684344359071181686495999
9250104133326492946146505822
58797272443703123131622400067
71561676639243439848604250569
32162940110580804786581131323
53305503737386407763647062235
288018302180392087497421203
63976014872008298040489589319
1730815287431505174238655181
3875018543828784656448228014
4617577113142429366900014615
3851840416628436431290007593
17277791817186566729156335030
7093188473357539346592552886
24579909666292412022590598553
30486910555983084047880252894
51545546216417572488792200585
61111941796528450759710430080
2915995096474734603553539511
31438822773802168480419852407
14832022871996036574152580854
30273050741279881447415944105
30858548126998780722820252222
16198780234268562350677784403
24447540923594682263061609470
7490270409007238659562608030
13194504522956084248828418943
38052594752862242232726225038
9618551022383402578275298838
21506896173338466305523345102
34500711861464346925125167090
69459705087726943350071801739
38119016146475299362559596015
30246733773564258284998449071
7300414948043322917841743885
6551137117458929219979303569
19035448138889714695540436487
34525155425816246765259865081
73886523138674553335012449222
79214554049427345177843786993
7320703695279647271330295375
36879817472333744010985646639
26334767649333973971724849221
28140699495205049462690250563
24734897865975988759951638022
67944593115978207009638743053
54279988950566630598700242155
78418751921976904115354353519
76670027208091463153683533215
74026718134522546068335394387
33373315533083296928932473963
30752045954498350002370950593
71563203831386156736852229875
70948015998588238462213023632
38663647687029401960373287941
78245689016100795986431741779
16429868652633596024794382424
12069987932899289619118109265
73653309967451332070666343455
13756757912388555970489615574
77708128169464014138328457833
37291375052780858799401570651
71544312147543986687225605112
77120416657783753248567243253
34462155283300673719608996283
59494825444067102781022689267
18866693189351525443340892914
33329693269982875972667122745
1276624581601297463794023867
22741912152869488510280208637
32540076093614750512916818752
70105068888771364152157670915
28997433659145879644856349305
73503483762389131987604780137
33438694617111831322914447786
38473230118902823792444980103
62032416026150250587374423433
3458450530396571138106438297
1773464563879079258527569549
49792440339387928480764787701
64368690496554639310438884403
28884490607146413220517241210
531241658583195562243760055
52325167235430831077827802561
23780166876507608190399120127
31780627696591586159718133098
31898673576723405511069771775
56833377903550568192634264697
69652777486306007017983340999
31939338353669428049282335191
73000777678810948277246876539
52208383829996588918790591039
53180840474006692886871564531
8645909140976830359069564927
38593525388415645198864982670
1585270148177949274717392445
26366283625018548326475758801
59902766760474799095595587255
28918323387629544542987672175
22406618289746327110830431762
31202341054077385083646641520
66068246223080678222110419545
27211630999522385886906776399
63234013269025940773434828383
67663044503627711823338136991
62491108510346095747158223535
60366627699350507185915928603
68215345323732106266379033736
7183201092381760380928064090
21537985690602524569953373374
54020664889727575313367673899
68034189887122278651666930546
53806028526337557816034122425
66982275995062993240312765639
55861779283242819360729019216
19414475720904883328351969607
62774480899335820583617132106
33697716042853150886210022022
60377754485019013861172886771
32987025394379109773834122650
38712424269248240641541389325
257837109442282824382536903
49825813700707620225374970191
18666559127250368109779440541
21862507283390180764003802158
76649300555331161911577633091
19414111049176958535830704237
53033491616394196193862197071
14513982576207727707666444456
79042381501251737844558976459
73036418255350490095176577003
987649959030488604092633845
33525260479354929285084028626
51710591513342000502913074152
36953192882333535564573529118
19809530595979777508386741907
3374712168155182205660789706
79118902328839207412627473774
8311257963834390262967988613
69631043672151203080393518214
72757888429620695158825527850
39223352589197614371585323050
11047874706169159088524139206
60697237233291665950991800854
1644400571969929459006988146
60407503142148198079256837808
32571907204477569143486987689
13933804296941275452468198778
61170257564251297663092830813
53286630965052742978436250118
119141943194046134608890600
39511625037762382984271948626
181467438406302073076612163
36224845796790707107951466138
3972297838886966934709660378
37392741590635183738966019202
66145712411518724776761862875
69790427653929407829323385742
27598251562700137441395732720
61863765813821170716147724535
8027584958879778523958807528
22154392861938831403148911298
70754618481683083553926516659
12054037029245490770885759881
17379346559618555492780078058
11367288797650895482101985153
10751581130419915490056768374
22599474430238342868102788021
8022144827735090727350675345
28285614139757727499355410877
16190831986304567047333405177
18849557754031942512110146650
4557697959403611457657257030
72902538947544395615494823865
58402607895471640075512602955
67067412929311903454099575827
2072473529048805146544051551
60481845244630694169856381170
77273828369022144734210760587
24550010876083166942665662585
63508873378097698254050491338
13638296658885016335249696472
2669637201805480208424300729
57731120108986719813613736967
28643759535561535209327635408
4680902443847507085473066987
57281007950105016128559710081
51742945304876911654717809649
62231643999001359996909453198
76717047251051611117747541878
72924322130857312100655273153
111488672702441621677145177
52458048988583063247858282958
19456140072046097254613725352
50925005561019553092268221691
78008750156453315912768090779
1148919378828027194901275288
26964564834139117005700359113
17135575180607159058678011729
75964964927503844070555505264
32625881308338098147016666653
62960558961818205302785258073
62349449480352012261204604143
26610599878382974362365722633
2282857734152246793332421179
10486303994455576495542600920
13157315738117199466206715357
78959458200924848530167213513
16207109969835602572270698485
