51914878551956066130259452099
68625231217628880163566300767
12027495699727010996101219289
58661386417038569046116006751
17326253380915874906520944321
22746654248783426535720278765
11315247064197513093178725425
20624893695909802565198099327
58456218077546029473795146378
7073065292491366499781935344
60214588605487427283216622205
9883532471903587865637282673
57150881599131623226384748719
4835656531512055397756267392
70598576539834744423821065305
27707764605822240821499395577
14566759409384147408247648320
7236329988942947402529442538
30181808849278413799006198417
71409776174230323681676764702
67031011469256785727746182005
16988684118572615592198250517
70713673157974317064802836542
11323694942732208809231085235
52000143951942787969076103787
14430575491146988652492352183
19814628164326212922876619979
9163017610941585858609894958
67376958908237805688532328944
30235017157448373794560585549
74005735076811068480789755073
3529844567511841395752400449
7560095093630894825170803883
39486039541964553392848375198
12724383926258088085096982170
8261813784632220903598010823
8797844961561449633415359864
32599931531779670649390839807
56888144282960115718048654895
21660995587877516281521420806
37484459689669276225971908089
3522307497603855136014497169
36721692830165410308507295257
32033218802198226189372987120
39186999072901121946516307917
23902358154574327790899559959
67228622823927618487215386631
55784096239922133660902110199
76519986708885538908960920965
9467896428401457451033213953
29385964192243565884695291480
30812568700374038455136064408
49719923588268156934071091914
78028346353735639557860675915
23703912353865450515966464858
8651109340941118327376641534
27267089921663848321010634587
71355580720814333652994336371
78280746641305636760361113193
32481611484288061671614353751
6363487505125896005069616502
34321617350598448620005294211
59333426539273013643905719497
27697156511100030636229563898
8839486669381928214170496150
66766230349325515504754613618
9920733817578171924983685496
53410415465271047884576339637
65984730454427167317045615687
7185369533869193897950486121
38436054889131059854625583678
70295220590628952276674895889
63507945072373858525293794547
26059917227370829179416237225
31241666306387725078916853650
77737548623980248473029745359
27191504428699827719186737850
2601004647196914166692416195
71503774554532064714410423939
61954832856131140989556206421
36882310499838472216428422791
58990634728366836115891475584
57315578109932969145503637317
52780486298458449889830800407
77032734140779342097438146498
71547218071828957272024583579
76728055344194578052538741745
32988831760240351045920697944
29564624458325915591052874426
1665035843657708811921625797
73914303701720770167290176509
57376524888737229593995125950
8990620318692542072690875822
21620929181867377237805248647
8553857950514529455332615016
77100495123707973674309790328
36359269390935910150924261373
61582427451657281182989264310
77658777106637900782820896711
31093350896496981045015976576
68111169024150938092444589063
77874127620971901181654444765
7394012907429812510135719768
10413909974925471380059544535
50027688716841245688042686009
75518347483479030682905752555
3986275971842849977062632983
30857492420069787333936573521
29065339226410449169681038250
21187474553251984602965783685
7646358108753929288422000571
23433285317976977134606902721
8822936013469035847064257461
16263470477028176341468308315
75960072651129552828844466654
27523049607481206447737732169
58255824461336576716401819085
33271693605698079893899410559
54375033728849651775725070005
7176906804936537566208634809
67118082978752774932656518573
27182332963316751509514323704
52570970426710195868689687370
37327538769523951564000162317
60504520757321086903459110233
72282314543344236679289066006
66992073034953863808881460649
24307542356023391658281641501
17030824349378583115871366480
36198793227445615745318121551
28808304794686564811425964091
57850391578637488368886732319
53594994280150800543367769718
73644631598063780102794095246
14408383107797424044047544513
70915333001652789869158403609
23844304322210984273243334582
39462624126615922059193591248
960594917514243374251869264
32222825877960003118360909009
30021613446120657755515876169
28822658206352815773888359979
31949128911598757551035216496
60463026145922702093482321847
76670951470171708719613837133
60270947992629004579007366361
20856045805016906942557928513
61659969199537347509598239933
71955711691681636230774878031
23390230627671643336742001584
6453916207348249986500124481
31374703594630278880734205651
22167440636653213556787421322
50906365062651886550738002320
7304646281051434355307836817
54107388964466961661998521167
13166406602755632685786111886
30545902077515569788919468666
17934331778878993801679256113
79060649044907055896737845769
31272683656393538133667898822
37957065301696569555032739481
50662823635678933862962353158
53563243025774463873569459387
61764773951281637529045200081
53241031039662495129989028397
7654527665242222025892702952
12416498655983090371145569261
29845093123852945481031810003
32571412325324280139447218818
77009603001298548677615753922
2936174246690240467091908593
52090742726177457860030991720
34628248338139159842584228978
3715435746721044812896852811
55913469822322980315376434121
9568256497035677826429526248
49699068421869182150508264785
3777849773419257791418850480
10207280546695236074467815577
72880028332813817198885831625
30947190451617861273768439128
19065436171626026606113976350
4947469273642147909852327272
6774887690700887899133152734
14345869131812062667669446
52099627492515428384844313213
35975861925170188313306244637
65990697676486536792607734969
52963793076988474053613519263
7684513336048058622257313151
71139588653379396909083108761
7219974186963009757307737466
21472717441888333215498039539
68493194399473396846250892765
72071726123163639709467104917
37732797865471212236745639360
53076569668743094368707604690
3275640535203462255310965611
38899425396121967671124680427
50629205410284451073786546765
62513603625320267239296273591
52586728043702070755759191769
60777527016637117353796918133
3831478516098963644001992702
75858032908348968057310739510
28647500268333489306940861082
294497083219560961538297544
23538920801378316249980907071
58712208173330386881792119287
38288748374253862944341951339
67467143412519523736839719938
52968233044471521367410979013
57870741954906186883112200185
58988456012050409917462613042
68196340173935400223022779481
4030493144075656237854764149
56811877104195892864893674882
66186465441249785885388672010
3938755955326884314292333615
27406184459260161516609518513
10217468155278998626987102390
2994268923822974406280774258
39264200348270302159484494888
73411866563505458961869820094
78443902244596209694869033203
13769151509620878952033517136
76301886904267164842451548813
3501973411557155846656134208
7715380530353200212386154073
58217566865456249422662041659
31283958580145779800319259483
2190582590004650906149271241
34553966903432950686536170586
4125435694617419141517937843
52818274832355164605968224664
66829777479483548199874639862
54107577057392501780502930066
51782775810372440593749733490
27539835038012069014478454378
2589741051648804929196876205
55809415290062569206869599258
53492397904206485191184606957
12996444850517387686826561918
52166689909443878486564831345
74096083175343087471904972280
28902950583581943301985757699
53798005775968647811526128784
67319875915789926565673209976
65729689863045194109611928215
52819693394702042467423151063
23945095379206339902674216785
27447407908644677671739664072
14651553287196506483524822407
12790750623452355980565918425
11573921965202082180625619800
20191400070995154310517062519
52517847327498080716350151593
24708662919978380690421439502
69595776714387794769902738878
66193003280177997603532006622
27116900237871627481577266259
2630010142305691774895991298
6658904178203664765891544585
73635915603170103971195202295
21271363763212630058020593864
53224517665603679889389515259
67139585554950751848530538856
66515682420632143329088615543
9661623160071473955480438486
76556324976306830815689040095
70752696959071423713060750831
10735295586452280853607593593
67296937621988612641017132974
58790570923006146600201944623
68623737593581019437351994578
12493002686791401834165693296
50878957112016815967904856986
33776515119554946447797776406
32530021368777483148557354866
17512098791668096034029739923
13346010499718186006256282965
50434693034536483520287791749
58977205545514963775090397642
14683532313083718103470302224
63389682218700798841596587218
12374039831286234770815183582
72111105229116683612765216455
66654664553216864422873986475
33758569570197321590270030154
12234328529916758291511179833
57008986613194076596131360665
2168213068920290104841991246
31556089650811059744532585403
49719941408943730489450106456
33269399918737017435659869406
17662681511533614021973654897
66461518439212686573061271047
75765992853901183465575454075
14705599340337452804347725184
51295608979092935697139926989
69206286056597239414326732317
21408293406932527430473350669
64352750020105239977883443414
75691952657051464755081970645
69231065566756745799449106963
71486609585959865259717535071
18266228201559877867003657264
23564307212020455193802824753
58660189315405940098010219152
28083337813431448521561056365
78114146126355968324125338579
53392733277000690222080480173
72323773705803836489455654573
59830622507050019378357875593
9911350225921710313239491225
58370077823764321812008660921
73602793632724067844675448489
65730420008620507243366542203
12662478096762332960841294874
60409226700330043963439786603
67306304931727007607487901368
12222301631984687356470792199
3422085549880738658992813047
72253231732679155630949015698
14519737293180268250616691530
67104855547050018658892643315
37317072224722846931393872875
36173544370799162530621109341
7551187248107706169497587734
30683361168377394576280950714
30289956424745719195416999355
9589226851209853696111026242
70221292242561115414761502599
2452296195732245558756379806
9023050019618254930163081285
13602535289550523232864897647
16270631400581199631246522053
59162664050278798792798741912
57101898254463061883588639750
3477415005567805306784492614
27602927536956924819153474411
8921229705472459127344948357
9505074059469018193940787957
37112303592683977031739042773
38175829608120237989377859990
26137835792047963604427175481
9860498609560548566939471682
7456426400413794533325903375
75574459894611659821276688479
19928480357497303796462434832
27621146290364325384838419705
76500562974947122094935308869
61168686806324816479863280705
1838093692495395279168964247
50023003336572120433847262090
70383858812372245910977356693
37018820414700622107301651539
36330141987203751952016335511
26043245792423145283489925998
9097777767772308449817326130
75928747379864698059310438965
32309690616268815228514831983
56172254053117105613043601307
14191947436292556393965708251
60668080586208287184485178378
30296101605719405599555902664
77801638704565375307150959574
53381024965438481616948991578
17705163355619544738956281792
64176228590728602228970136539
22723417060675325809282081307
62957121309131410474612096031
39532426957793360530828341441
7560619339137771563454052979
76755008544702848041865348959
60335877581083383331384406485
9619926987722821590393910805
66708743577220082040787427017
33901579799029548714666144491
68545226854909148798179123262
17699290215186216828229401520
69786431896154497091032950110
31262782530379277343337677049
74070551554913275380215321527
17227314679408093230168235189
18318016323708268149157364695
59151903696335871019105041386
64169184705324673747785475008
1180231990735067745354683037
68536013503606562853205769618
79086498186361933662268383362
8469244354892212932347253104
69648647882363341981449156119
56508457394076752533254223299
65813583184739006707901357009
18440705782975288331611570902
18415271471606505138437773051
4836698404711246068315576893
68104299934199162134347406423
21319921810115361400351662287
49787495720065805285150651768
75625604673755969276500955349
62119437172929158655569042506
20375729095138457523464134207
8999995719163736800625526515
70446267688386682020524958450
71030353813786251920606006417
70432009464890233167838902800
20017191677904855910666424493
12600056640872619661607533096
23881193186866260677326364361
9891422680513963383550092303
78467710075186330486685815166
52841613522501048988133657177
64337219316480020132037100633
375970536737639701214826463
21156028179714762213582774606
76448211039624622629693432430
70163448445682769173094781630
36698645012916995342842953229
56234940239856177631552965695
65879289893963538021654738546
66484317497125405318431981166
9746593285386904267111527048
31877913027652893725168309815
79023348811774852006087418905
69540931433713161343493647247
39483503487876261850949608587
30246926734692165683682054480
4931741402441832738377012585
52412348259495504806948658425
28357459599465776774261577143
60685555407171803892539472425
52353863653354639009480465119
49800508598095960948751380879
24398196260458589517087631058
59898986690690206800609523526
32329366397642803893489010288
34032801185711717460844646417
32327480926396010810791924599
17841429882141404477109347221
37491225455972761202621690734
13750553011093808144324424011
3689931837205648927744597493
21646941894806857762797685378
70625667982718284425336908753
34465110830246270240794301514
71532760362518944045754739539
11606399268398054259328635320
16262807353869709442892667866
30218884229629392783738149903
31477978448308867234265231686
11032922619370268252950240426
10239196926062738049128546283
59174579899652390339315998917
30013111968233420131813497915
19696684086590848096748765000
33940014873801254527469146521
50093105547775673690660343538
67158558861999512966099923669
27680180353331226375606156730
34301797550147559413483480456
19686233472210748922960145264
72312650101561123631930914673
62975942999239406073502558106
13622974234644874261117021298
29268509044005285246950343400
14426996530910087735347439613
62950795341414784732529133058
2387358003576311962564048329
2190622512975207132500832360
34555582438332740983664193480
21547557181851218119572163455
24756108967261029104986411774
63560915267739322948576433794
29775384729499762142751270799
10753098061017916665125317169
6411260071918089217173371399
37275234370922818800774325083
23483289180295362552919560306
63003668412982635199067962874
16236694644563656218806499165
57257702607697720644908058510
28835137086774430252458628154
61111851110890351485585223919
228260693895506386662943942
67423682076550869195828225362
65632392809258177175727302471
38963017259004726673402625720
30529320998896406508586396911
14715440507535888848584003826
32316518856289026381365567345
79188254852772300420146587155
18473997353180609293128925608
71101412915445762046406794152
74138690688077745936098520194
8380072734890079148992368502
73205601452128280170827023503
59917208415884403464634078441
23751654148083423386538907159
24473999690248735462213526352
2701095671195609883970568297
6967998284135809184870695145
72871770734806494055073969873
3282944255496424896319974999
37472371684804670073701462775
11440623729036969406112468360
26969510929803161444880681658
18260536581457678683460196297
21009459307496174195209595643
