8259720793138858411103722431
7647329395118413403248103832
65997668216227983551825246903
8207840915580781281532570950
78004630840550696301908954970
27024134276998324188903389787
49830446430982820010087256387
17871012884682701540883918521
66519671636031815812888091833
58342769489783244580714240681
77101176864526400061153412025
66875250665079003495171562069
76720392312389162063734837959
65869144926252747631412899865
59086888889940591748096466762
13798068810443744565913771583
77030275696842243883913292971
73403151625542970078449085817
66487606754998188638785712735
51688528397209396212889041881
58082159797228118543022662313
61919212288845674009959504513
19651830680675359719892152694
72413398727403826347474946719
56749085929476825468029851511
27384372791023956158986526167
50757788775514780001917145486
290572686890545213179767391
53363874728330734597715886199
38409335473633619218437334399
19842657825947073854265682560
70325225430302697036408158727
37298225349880425306983747597
34204657833403163235689706635
7796343180849752722770819634
52966481615441534895316803210
73015019448498675954240478729
52832164951799834253153314501
67427675774995134663008161350
62982970049745748887118489586
62745729831528582771656567312
70421972285028205437457865694
3052517893458607186510363136
22752488194290075425921793935
38346416227946024697442839978
72096535834062965598371770269
78283670023242764174162483032
53564709614571511980378032826
23162647400157109085678580735
3449891121077129641874530875
3070701028605711091516673271
61684503176703669588961712107
59213589226666873450659556054
24448085587743540578448350829
20121470712859461104715788743
1489955842414228257688092219
70327547272515570185254674833
71771434840464406221141752702
22882916049901923237780724479
52146627431589681906375470279
8011291966574660221750050642
28808834443675822445004129859
77875323196410014797193031792
65645306493730379274390437755
36971908002735179127008245391
38574489551208076012004375360
21948887146726893698254538162
66058225047641655399969188437
28465592344634827561055917650
23381045338444416635698687502
19619477701989281380468053525
10972451071360000467069165080
62484917138492634531721053809
77665636034971146370594865047
60315048686093564890707207915
73065885269073987031955946352
56707880941128859479789113677
949432565636185316077617032
65933427700469964203489137530
64278222785745023922232927377
1088337748268372434500309757
12985760293424586485724102269
21615040228196606741252924798
21533120719663345214497170890
63232032371284170152670835293
68246676258963242010760179615
77833654479905143608657935307
67972596813745346089645301874
24488678620878693717610799727
62714222970646470791156835438
60640172037193361706784691349
18752282918394677333535199441
30714848334836626654480154603
78100641945938063535134981335
76932852378216666526988862577
6995710335880995198991914968
51685622931692656209522422469
54102383880784210596206292878
50312218737502712442697092742
67685920427454094133319466934
71063615907623805548953502891
75890915606352412083450297169
54428564092007682383350684904
60196942796867864297026157679
33574392486236092021171056122
16909967648984722771180593817
28499006563786907004234592666
70599467860346041637860258624
31363781402464099552540513303
64070684300923287113051985373
57319166852643229188381960187
76325229793293612005823146922
26501993428538522806810170795
32246294095359122451533683845
10811339092976823152277138569
32511410696640550482172532155
39254268688420515928118108200
1503043616403579318845816573
2882088155866184726245476018
70258556164217824901703462352
36168320390879123526870215345
18891297088338739255793019926
54373622689882674364517986640
75843443949294906711000280826
30501213932678165594798469309
68354202774603116055977569842
7253001513632158024293789815
24662475015774668920784495751
4604757585386200002873725624
72302155300017921921107073730
6228712848222594633031079365
65879911650799299338206710275
39422663518179210746326224426
31880395674671258436578688362
51549702806177192804771627087
71338441962370824746901353558
70791607602712925399368894451
37977943465871419030391874558
31898145075580159916121528282
54333760436217511211856473066
2883832931629403150902940698
60964124021362041002894483474
70368629139014342131816006352
59071739612256526016325041800
78430887005814845082130918767
58772771141204262424359255704
29967508277544174509735394371
587534051282359162865294400
3883947781811096458516013546
66873008215443964649960955951
59285841341985296697461122486
70970305672795785140397137593
8024390937535316952415670144
56780819769197754370893360066
76752931457200937127467254394
37667952061203343583384266334
18533282832527063940073976237
61931233912798161668409400014
4232191258259577828057849077
58163145417653750183370924358
29749522221501171290439637983
36163911899949683568065311611
17152240620181145999467213527
61082759075951535751925334978
12482504246947764641504915166
18143307831854578845245516487
54051918690680892842278337559
28139934745789019067891814893
32790540705360151703232389686
60698571456998270612006081983
70150117378450446407630186120
71706335690305494538860292055
21302396383751750982765812765
9253790583090184788350055107
1371437365670574572783893385
2942475421305926970076686321
37424107795153228693173559981
17529566523500129943076781402
73458279472194101531301729327
63607629340516143442820377105
6209552984882082057129845056
34220448100592615978935512195
72074031704418075980056442207
53232367270550344471155171394
76634299332328846089950955355
56497765217295568173602015753
53599587324726357133554878013
21150483429075580491963389528
33409699719135309630264796787
1503045723262120934390686805
33496081173842369180644406426
32375312542647571453254914131
71920185769711740399351834055
58712593231514702502572269688
30274576179474476514464989298
27463904230122639348610317681
1240666873811676167052488526
78495679771781784346946432048
51738838563268342011157835405
68280478854442101189526486559
8648999157514243728289477867
26900437079505876277772112371
36726688823871545737675992438
13941589568177089539676617877
8950938418723930184768298578
31511629119696581372273728537
19110368047499497586748399810
75727218960704084444058936248
4851171342751500136205727387
28984822218048614079404742363
72307644631801573315975838829
3675348555110993821939021234
2687837036035813812373218120
18582161477621892771464703627
73016091455432279978774319165
75620495830710905967649303384
2633058139191996879300796784
10290274664971543040845266889
77977363967103741097710620042
14427314296015529767352044433
77722715449428694967588029008
35934460404921551978204082895
66688310415913762192196279693
51349989956518994581144774558
20778376570431123282839774729
37620029550376533243949858319
13326595762624564424412093160
36808069787846696762330917778
7381973657303542295427984043
1735164346755539305639259863
71877275499223128881817716274
66973947489241894423807422313
34389760281667167067081206659
52870257127888679378364734290
64031088951599766327172624125
594025345947752244558918672
71839705218613850060414876317
36366520680527992140526265046
71440892237017264296620252553
27156823295315072814837771293
22695522751202166173065714679
12527471614341533653110654553
50361657464188064876907999311
71873074963641919398775097867
21993646231106947856410210687
69453341080988084198409972624
50565442896541886224978239467
34257848796637895767490880089
28441254725931413712421454039
75722190212629544023570636738
17307330327843883790223660894
69538281445037881737324392898
34269735353286687176526170055
49582250898835657177704893762
62876936371725755394279189558
68390454026182969899968713939
50927425576296493755914712199
64246274733763974434999064191
6337301768268871146774500433
70157541715374142454636204990
71813484567835484865628779499
51809076485157517511518042863
2905990076189321193490060019
30155419369398891992813860041
70969365618598676445674633071
55895483584264803818937890327
70997733029119303208210182866
72216180205246701846064993687
12296718054433216471410350021
50057147114662637801211459277
33642232190383399899229332297
12407141779305202261490767851
20215314286686348302791443050
54354054953126601606162712151
8014390008090543708667499369
11604795615055332786257705525
18731663250422070208817784263
13364630682557355434199942554
9231933778465808267557662401
21117186419046904334735140474
61862468746668882323344121291
70135056435462042473237348313
24612286281619855332927116237
60232128113025848668556692041
1409000588248218006990533872
59343171699758315665120523089
56679408973412283229710114631
77122871964117462270400368112
14840517624343591886029626757
6521672699423346000201735377
70254839940750014691316511174
30550706090020986917715676334
38866436610683911642355696181
70662818977377103663851997753
63500632406845766569239803608
54183780760031145830492126594
67042612371989486043231162294
19050044225175388393014420501
7142889273086327506337202683
12204967179385144230681375309
73306023561897961989863088630
19474255969613275990434053882
31993807048253439773278282269
67141062834856243363037109893
33226320239594614470005558171
31995878308255345613626463274
65672432124197742308665109405
27645014036506770190276275930
3274224457445387002875330167
60332487775421451385481946966
57547192283223297119366999771
18904535209047949640107199367
58768100686101516013179051461
28655621948577168285749505680
10496032051252145032142448312
52342067648089008725372701378
12727286647514686538226767402
58283144480027899408845085885
71801701348030598414669981182
68963886343560903084864015962
22696160141544085208551693048
31258127030971123778163779438
52606004475250915520710925528
9758202980500269684757357442
69383247905638578410449483095
7411559847920407539368058802
7131302268907671891302478283
72678215217388007742613560249
38978417601538889342498698367
6574487358855033148670675595
53585588728614446603287082911
58101933911721247268111081886
73240731512681930003757110994
68239451338305256978010004970
68621140925667970831709180281
65672391353708210074763784911
61007370853726366059922420949
4830620332710233995060681536
78334301939550034457492306441
49554437957277579764841243006
28222273988132480995280888457
11062847028005668977885551257
76034533178683911570294354627
59556952876082528078117044723
77971804565899898632698123006
56653522146443718748794444617
29762855315141931070434217603
10368003510178051830853710680
38277265580208209921281905495
29537618619279388542349573589
13927461999274872407709318576
23945691311088990080394343767
67878846903235634836598549958
38183383578441658629078856946
63639497802579069142641345965
38106311896619166196230533994
26449706505360630446116590517
2822359417634858685282876618
78328342646513698319932847599
73617871963955167037926129391
74121580152237791702009413841
62093483034776722815974114738
79144360367651408340291269738
65924818876902164546348290005
6454201819372561409297166800
61239766634184063998020383938
68085997836501511291204556336
18421834105261398262997752969
52955290609427205632203661298
53676568047537171997372446381
2977519501609363190763581826
7623457565989404765292025745
17773391240040816503652028795
6225127028236562591105285023
68472170201130324506896492119
37959817051358501222337152346
1739990639354424380027501680
50703481314820202458401585738
70272783821868134439996263319
68314349698270124509307184379
30076052267041112846149095813
14418332904860844570514369448
52557447105047277197678122875
14125802283265807163680818794
22431921102971275730462483127
16623773742510906368565614005
1823161236928124667543237864
59493723456654409353527946643
16441662169741428198774497333
78147408415619027139882978669
28139184722903064792819294770
69133560274525382237379796493
78365333240111236457324378054
1215529668946531315301576069
67148248168362428090666538134
54058625133682186837708743087
16671168099317091522805962646
28583378712526010748979467470
69001834244122526240014638958
28177257559337496772724219470
34474306030614994023517777280
78273483878738837887939847382
34552231986444693326104879822
4161404253791987920039021526
52783245960513531258755196025
603679458485375721937608734
75633067986651846255838146584
67200943030298127184963785539
38363154329801767851075669246
20760268388002266041131325017
67295473201636458266912895629
16598172053455473713967656656
22356142422076341078980010181
38726079953297881777439550424
28332813597436602471551340138
67814054954982662379274769566
13847653397621227926720130426
74154606123651665409095307930
3874051255723640795172904913
68163406923606634448461694687
6769279996911498254985518961
74236431003245627313323073686
78416453611033717539575541439
24675799449606357653826835496
63427008174585649841239848061
63633975407201977674772215262
21977643749531060831086470893
56504518136126136572307054225
59168221506194305670155358442
66439531815079574953779049418
24578513434211167561094788426
4499693788398823263210918999
63267057097664754322325814342
22344411392664490950881816094
20894597483379165709486590864
29667908150791471759766432264
26923416319857957969590475890
60251551483155943080186125719
38526048412954257176222094962
77075610685275235772837868250
9719598723632010289752666001
67883521658384937526678101224
50884562520264135324200789597
11045389819367304815551286225
1722158299628834327523029558
13690914253112737584970657177
10280510905307416970388811626
38577079708009996764571587504
70161120420742005910001000389
76774717911956629758765719222
63394546499829795014757259151
76926632364572625787476208472
71813580434547632010777146827
75866542481757355431350668869
54128349462516744847390004138
32794152755455019341112418929
32050511450660245617754487507
79042490421266448085281846325
57396147221616375363808375026
33162439673739750225205443525
4501389332611838116017595101
11173006446270811060603389594
29053349678736918938810875826
77330460110322917445864432750
39170166941843878313217971221
37955528901675251818948998853
33768128215245064254271618009
62900984907154439815735645211
23731118128966457736600051267
55859754637281809977587895897
38751244173999821631237584305
32633069669038583439521734855
70887305815316066873863576775
52820925113689033926923791279
28299448881959623102883257755
61158132774451610311157676777
73269345174666423376564288086
59581088614192378678807030986
66539219149711807901398708935
54234612890413612448532738992
16431332741240621943800262525
76033656142119520359908320299
33273840523615504823662867706
26058390854967097168618757045
49749069178313221128354051307
9587694042322779777937544890
72052365955019395071159246029
52948185546804790378948494066
49589606948896028833611967552
22188983208412923817323142263
11313392961113923014690578869
31486188319478093244923207918
60932992193131875390662644560
73207446828249792772103765523
56300345192084818112802025337
22780407969637545407165093427
4746480686751057727984602103
3013063005392133964303908749
68458798075222227216574512311
67281059980452320319739191725
33603010627110784686726029200
8214060655131245581405195394
9945528897465058134402605587
66733271002791366740193580206
73884327753891601649388543478
1579553152049335992402761403
66537795380146672359603525470
23217727299555257952752723336
14203129580843556681152327162
12690840490629119180941893626
307064352994375615563858902
