18858705558013064711541629447
573396803092291715186824048207
96559588871661912582348873231
28182814575982479442861654417
81563619512241055709001453194
75651900054011989925687984202
59539365091834922529506722311
79114296836665551057739518336
18416237715520458295789421753
8549594749455329399859936799
565586366667389401628485952063
62204385317210536458745515702
149672610106263977188011667528
625024688567118268248593903168
68359923737853555313736057529
568064613795204255494856016911
91453159951432185669578921096
10210936515829822739976289367
149964266486554055100074401361
150407866631931723405581974969
631641946003815114650992046226
29575469310799807714976829377
69610332541371773590511384023
947844679904284121374338616
87117880031530697773909840521
557500643383896520433717743745
70448594939860181917823398465
87934543591925341723786993751
19961773762927465862405546553
564832315100839426479624889281
1085889652477993612627345856
573282667709520693867114442327
8992036364736321513245368398
1530844895323297037683097544
21219354566720285568858920345
573306059151313306937813573561
109399018274734125843637611642
565451206100948527235687743879
69170208403406393677051342734
61865604578625558319961243190
141398041693433322699065853497
60526983471856974381245854266
19862358428394944937828548609
81568110307924858354297482807
8669920815763775823595011534
28632534538301642787082703374
10249911733164986600477688846
157234668300374566759748048008
82175519605196121985729459159
11028148194617702114482683858
33602702278200666615757905302
9156115503131041655869726926
98119487883332677755637825546
11316418913944379203638030288
70594429224866487945159304248
614233256068961124339075513503
21362385596866738031802757046
605236853956971329373263888518
71818624413095532370407488623
71341205645923274267710915135
8858478402770062867605528625
102613389091441625206152269455
61626151760073866109465882168
79189784586661953768786289735
556147312259359275780732554071
196120380383838649634598463
19707687322810656462368178175
69305610611539064386882465926
145128895565486825318184426384
172263026543836004164075095
10251432464418739865763425410
18844175484240672012336178056
3576607113294636413160791122
93140793132668463877270769298
28610462739182295080755003846
564600083726039142354693616591
89424803667296405323331697175
149679574484211356669747139473
71647603491411423334670339600
63481343532001457559293139647
157679823344888490367418967488
73040360181307334029761097103
29406890477074525559527142854
632778153705260898071340911687
50600800424822969508501687950
574269316745904323915287375425
555852842451344997324721462902
9751192194163156749629075007
9867244792246523920148858024
51207716483001163693996932554
99051642898582701869302539273
18732976724946796375196343856
632623893398421751577983623369
10038891682241263703269925200
28320410778111641008602050575
98783213138914833630427841225
573299489414047926746559082441
69305035551305203821253436474
140471783017355591945137127672
60833217989300076889652686857
90358132843024732097012334094
18590936747158249353819807857
4020997209412317032589361030
138683068743858214200441288368
554928345701886467663559127497
157123898777308758572449726095
70569566484423075561333585017
33615622590014009494261456392
60932250375660495558840513585
51689247252134454874844634814
87609948627094530308154592777
626088213182219242103914623912
3924262483357244073271100992
70389701933148016002176744898
89268926008302794199131004559
89438763702059883599006798295
70702548507004264927245178872
557224808244298098323692744769
1335259185618291514310348951
78957298125835359132002808914
70507269698206938455044817857
157371087434160141055081377794
78263136952741164486587020298
38553022683375745130634899479
71918802275700568660992126986
23366151290190849945940864056
69380526166540952895196517329
80314071211311598908267621937
2266177935980567186208751689
11432248564078515380662825592
29592590407152741422744485825
79583543687711556978791116183
69479613148631994535172706872
76737435528478230033954242609
1237941738822814076898639681
12250953073700637616149159999
11026273718810911797797712526
60332647238274758017489771664
139906916929130454310989922801
563318314672744833992123195335
62088041170572902420485280839
19882866552302205824963715479
11255633027658502446373958223
8533402031356672768955977792
89131955611123948684545822713
271330051346082998152887366
71005318881815670397222027136
22556142454599057355149152184
28649696043224148473540481408
86682423266996450267083854808
1237736986770262908448612991
69462569158386319536527827401
87911382082490222160713051769
18859319147853441540286579210
18862033125542602835388563330
468799219594775821847113175
148421975183840352309165659727
49672726808248278314043044303
1100505609342002802016879242
2475536149872491484717555271
100295314906081696444097826312
60911230994051900470493713984
151316454617195099996382007359
18564294871044875559165013514
89267186268274201249857114239
51991332383929526278964351102
69768923491178403281830407750
622533361619871993429650677759
556006815489375303511347596352
21066466938328771947682590774
157242866409392312019507740105
19848858521340425472286200200
20114709289948635168231391359
158204303169270079923867706385
614139685603104072922369105593
560963581154208370550043086872
108820554599210804657703587335
564312174045094656014176125391
149514764400227096882264933440
153470790589039835722231254633
90215193751376529214450203215
68222773453909189412622401992
72736804023106596537476034185
624992728170517581554920980498
4831201151816652410891777
89421825179906290407302005761
632723015503062313649716892159
2345122557065467862932488863
20017964169267324064854991304
11011278286311591441261426169
19539267855307154024992661072
108148435657676501188578812319
7442482635887301951737356736
564663264915009437486387598800
12244568506975588467753971713
19655315107964351328473099713
78146850402542481590812470320
556089783874377351351395909641
60700405143912441764210806792
50907867529777956580065647617
555973475582731156366642912391
566630482250354754255996390862
2375232864070806310473403904
58183751578553916021662873086
573611392038092507288231281985
110488502303849609959623126935
7591946343094768399835008952
451840825706009415012264518
2207876924181372171146273687
138791677400063028772823104952
575637859948375604972908212234
11180113375295321533923816010
17541556818418093733464444942
22578435401496196593841045481
10965197519944957685819765302
23214141957719796667752971649
68394672381305336845991707216
563435217142843368602052395911
59619129098110781315328799104
60935008544356300392501649593
80484920531453775452946919609
78013796733955939374875575737
68091850814433280090013973896
557109660228735526672854748720
633707400924256960842593177985
76622294483685929709279117774
81435391516917131913818760328
156589442060649795760724174327
8568347365933530886101038136
87914942105634732926301676048
152315898148225988673696249
19812415363126057135149441610
148763224454816334947018902607
69796691069470676586193821681
70562925864474122502652564033
18240273430606204514074366920
22399301549401784521038904
71798821719231112834442633401
28668501106945050759911211609
17483521874416962505451998736
621562339528013541491842294151
2287235778306952744438596159
24722501184685500751461527161
555417016180903431116818214447
75726513092881442324260852296
157503315410179909287464498088
72922396500590278864166679944
574271499129437868945518912127
61005414320521836721220879926
10249873947949992017670974527
152562470988334041011646591
98227339579923454172361987065
4008530172735238830729166921
71646039505981409101565686358
80644427507827496598330869128
308953091056007130738831354
565608067088048735024165481943
614480451078531257070621036663
558335565178146047210329443919
139945894678734240077756206080
8665608611647121051129311183
22266331182569309925926215822
74148030194848538397392337927
555714186171079214778780708273
17657841037459163190169171336
633646955084755635026900320768
2531788768215344968166807041
10133216295814454641239266232
18572097614357502310733121136
1068677427673297114819699248
19538768535395944751083787274
150842500900196717676589981633
61740144014400343705891896215
91318299003741265482118835761
70596696117813965604731960840
82809009185284027918498197000
98109469305332809139738116170
20895112170919849967321683006
69462469991748189244277092361
17541592217665571669011620793
12400560663066892349460414593
20017699353912535291287609471
88343269003156420053349958081
947841671785422850913143936
92090577322461672982537893376
574385144123746298887032578558
16204562763791421308116082168
10967501358991760094281084425
2439987665266258318912099831
149968763813109332993731210887
625295162623677030263456314359
79249625096044018078606658168
59733940508364275438821044279
69503932764926545022037726095
19824267405577161852424979017
17604429594461256029787692998
23486974807811339927758930055
20328730580216169076722327936
79080640967813735621505318322
19017400160119673443730714153
101852275371343649460980342785
19860314101324220216398570480
615413469547149112426102783558
59847566299493201265643579920
88104136759752241014005568905
58197958157830643798644300810
69445281527715298352757184046
2635157763824354902676337848
10888189803925741180415206281
140348737476428183394676703767
79092762961694412111414621202
81737932086304917127742595544
9128291891764341838205747713
12539385848927183259698560447
67160627342577564561190158231
100548850265625521214763573185
20911701392432978545969437824
8994772431630999697689175063
554673942688277836213457323480
148845623265146453688903016390
2478600898262314735358414850
102944911240793879123218075591
573493022351663999324021075585
21219331641794579367252193415
9804394290827178670090133134
76890401647814748414117713082
28549718843275789538619035598
148671013222168453604123402759
70580405030344615477323211383
72124741162882441401316701127
625491238301022350044458655878
8806160033461021979233813015
69483683303441415800965038150
150738926352699652686082908096
20096951956296223482794552959
59871511778133165167872016447
76753160281582627589710351369
57757752852168805949959610441
18745410666647640894890336825
193664980398924660283114066
60664464487353783254580719687
3759727553168009507136312334
8878989272761903729162095186
152848900674761398378012223
610360384513658262734600608823
108981678158014220978156703423
22587872376301939595833814080
957279831031903346429001281
148574589196320871772496687624
615427616708257435721362800450
20002584600370132520137917689
68203061274671461324059407559
158146879045084291364810948176
70277314709249713476674489982
147603491563918841319153635664
625198410105709659908657680975
82008885516386326374333019008
11023364001865645995853877384
27275482712801341917343812649
583401347748448518779510465111
20873619780630846638265295489
627478523401875696122492853311
12361950704556924263947599936
566935443905331546302782840881
98247891392893335266101858816
574296210174535803155255693391
71816021029914031797718976391
67005398147837868131724583873
32167786430814845499236638734
156915865006764969566586822272
12243733822918144689969921998
68246964447762061794650121601
10233220621832921210355979769
8358807148947193206023401649
292609125057913583794949826
17195752676209060345301371991
70422715190842233760845165450
80504265761216061543469546617
87935195363926730862716555254
10041344342774431991740760122
1699674301026043954003444687
150721017903318570620449242562
11317973046205877825577161202
60760379779062873550509051912
60784456249086766045028946441
569356110288309101280253174282
71529807233763114097769141198
22594794634883954249990628857
2497911264809630722878276224
9901149104932457302324215303
630128415574734778698580853241
149928642743058177995967589871
616203737619869861560212266682
80502376314525479927313368566
6480139315390669778147373177
10943543032011984971988198351
21201540196763442134590205559
66829222001991929360065524823
557283412254341297376485215760
10982452472467835170738119617
7432447183687271894627414599
555990089114904874671514291769
78297365762984486102525566527
23347375760247631740906992065
70606150284882199430014480256
70770795721612202178753921657
480937164855658782744445360
150735789466920062820496650225
28902738764037120133231832593
147534600955173302161280893457
624098330811409942954142170506
70579546738020617056471780927
86656142832155829428822185474
71935956291421167456671267855
59769136686126437415498841554
23538060729821088057557279673
61277804108784702911758964674
91315380059832321764581941943
79366208501174465812629327552
72088861871374262580904590470
11409610999461149191998279311
9794605428108680881303462392
90272351535654418772730290576
65748644568412442577689022344
70559987962978411365410275801
555738331107173694857056919575
90542149978743284332365386706
577051924710381120349129907847
151325774835935391557642624473
146193629520968642219164577865
59853548468007770450479817729
614342960689061200303654968399
2792010065746771211612036102
140191959882830569787199820503
566838767661550087008837210630
13354140397878734090885963471
68258686025417649509885316553
7613820228353690873097685554
58185255768741241745573942208
8774767225465107608311661008
20758087522825463918410142202
71529382462316633055745805890
626723767047655205086309414513
38514262265277378624539266570
71994342365156215205942005688
70276978172507970001187663362
8818503627703801940765893626
79401674655187336166868849818
22709133255091298990976175566
582139900343011399358474678841
24626423991822336791391494705
8844200227407711386875698743
564943195083089303524930526728
36272066879237839643013446
76757431642527482476174731840
3091563930642788947109311038
39592033571575459638635455465
624102893713703117043571389456
63118658866714739912279650446
22575779426845302918850847359
555695136295271702805510616711
70369721375648590714680083927
59438344372741921116710838208
18607592838274212780740488824
32511047114999209059437448242
76930339870418931477712300559
50617761181992855752812466872
8974802141922479438909469169
8706982296285735545624002702
88256765203049814214091222080
554735026727032025106797101112
79228271101135855905956933880
14563286648053503086513099151
61781285554873818857189901702
557054011187656013258300616784
93928780237444253431001445310
98261155451446570620785533370
71527386714166395781880578057
60542505581252235060102309321
2181271834314177223128973969
23516629058561844724241605586
9265216345205595777601108937
22708770426744054785654887934
72869741682985645668600148616
66875656726312696235082190975
61780955590129120961829826623
3835091173216986998855446080
11129068201282252781799669880
10271454052665028383046569663
109304386403580346247906817215
562145299065383446356466565455
556282126810560466990295150687
11605341956680704734347862078
21309136991525325405782220241
80488117140132835643346903042
11296231343546397299629849791
11144261692266401603556443712
151084977168905729488774012538
1187164571650305300799363655
556005200873365222348614766072
90338228725211468411187204023
69476973402732170924471090873
59476728277921410507329823242
565779403468990739266408247233
564795328989425227108021998649
2284298494028881926266547847
106653864781302184008510086783
65613248336256486303984284490
81429286915485292452469571090
69515987270733170437106733737
564846761811712417834495082582
