17504727661200711217328234559
69464872946353034020761465855
625370035319237693454107573265
557229919033733114642099384456
96578633482156413494896180808
12879858938536361219093783495
22744390058894646246408913151
3561340364199214242317952031
30811627773916346927005499441
32359951907904302962811114417
82088570582001460004901675664
147510484641330207134653714448
7735118394592468421755560561
19686524794871724691526324737
633032244840918516192300045449
17761575473268725940174226871
26132254297636123582335885481
1380631150680050735886962113
156152457248688763780997619335
135748041282689661467403408
22164673173958262139685744576
16231601104300068156491992681
13426062701627717445900309065
2339082621763790104275288001
60662382496792868841779424754
10024446051981405210851345857
156116074922708966740189970041
79095836421126892894109330826
21240682364485163332702849
630232184172400090885530903191
1510879631544785547206359624
428861722696275072120037446
11315875704500272976738659888
27437478861370981141140435638
564094430649938476394107670151
76777296821420019781893623754
157225407737329911845810249337
81876309808865994222079861306
157428763401456281497781238911
59630902762902689471237780111
28496238710597256002673143871
89288847769131968700864065602
78027108899051906364961291335
60676516325145382678973354687
572218733881486285316921553503
78027098854908399341048472014
1099590180344080546378841560
1393556784978050420831947959
9918434722341431470200467906
19814002161148866032979684815
23506359089043137124471173639
1279342346749980887491019327
8808266678691876151458750641
6209576767091631817186577968
108663461051126443538327249480
71822673726303590390551246273
134825271443093639078117296
98764743760745209676599197296
189272078852211217961361287
554771485689510374220779785841
71779304084284196254892421224
157428742863037834563378803257
11939275910457952691062279864
107397040788087840739212232194
311969952126658476315874440
18895878382625348684896774137
11197671131059315911822904655
149655077221979332699432148600
27395401083858107660549550777
18573869459701672510698353158
66814393320358096093816269463
79285859422090113928617002038
9905702696571619345682722873
19500686757556570329539670008
21194656682374949108610527886
558195774540265245732880262135
1361179646895694530488841224
70736671203876066261394489425
558025615161917910531837333055
100275779610504302226382990450
150851624470251467981379891263
68224028143492488758438104454
348255222170520668531298870
149982292212626214240236634032
18742854901199744602908987287
138859713033114200835711112312
7601957477305320271264355322
21545850786080931219946052985
97932708930613311908859579321
576848072540373757696483241906
60796832863918545974378164743
23506055538520490362590793809
624040187367719035268289887866
563577605124658413890785483799
625039218412031731755892936702
554752452763360686920267789303
99986287908150644974391697289
59868387767997202530434019313
12084716008254711981384955207
8378154554773912068802498698
3403802569846538821355508721
10832613527346398114990034047
28646178434031086586039961481
563247715415634169135570062350
574227763167466804025084607626
20598311047857551658413646847
69421619518082730905510879697
76929418995265025326493241359
79685471845381278760762862977
69614817593948644961138482712
20583478565156395918302375993
626519123998287472824357748872
30075658320751798269323014329
59733369415080521290217234495
573161491556971680116542898096
58295002828349241373822849030
80585147520004117582175051218
31267619018028128968584367632
70369563864614720336854253496
605473048265971858316005204878
146091739437020738838513753464
614037527921806927693608845343
100720719556590472742888539082
2766333943305877622616449991
80333696398214231720359625230
88980223494854975602068333480
76638607332693950640087661672
3576682733672078851799028686
11163480878037563613429102154
13468270579447900884420306376
1622936876807889109687475736
22476320568907932698384499654
12575837843084550177063211128
17621383187069726827678262735
50057621388694730594842746390
17604424344847153915926212103
273485698919992604098823158
21317942960759184226848637374
19975993261255804913442788535
21201877614666342739461866168
572138955107769135672365708793
158417677763641179792261819450
28610442579543088613709620216
19649239137869506764760489551
150897219563682083430318247042
78163924906637128231138193993
624107960336498231515329375424
8556739973581201134518766736
554716298548766987005645007991
571793521746137431640906439230
76945734778745066402678665840
7704073393425248476668399553
574694576070357926126565261391
60503686612592150497868940361
90698497759169700229185556993
2357472504935100892892365424
70717641066913878275392577097
27390102744487001787331509303
51529666705158969930436092873
59269024486345365714008310906
8784328841074741791956734095
73217353250329585238595535607
17693900796654881214560181718
624868331433579268438772226647
573458538967645492740557137567
1243190151118005498024567481
29555860863157491265566957896
566515573855638487456878668817
38412159278892574906186560393
87897029697422046643904814671
147373224252691616805066699400
584074951857940714676182643272
50777570960079383818112434176
12241889427499348816270885327
81747593133645204043421966407
562176611354779958056209883727
563298716336040959131081236928
1434358608725721002995683849
19998688410389050268652957705
96561524294760697334437780023
70543613084542113655398691400
68125363659877158868887335888
21204492745648179280123203448
90115199929601429261965585928
12205400141704141861644869186
79234854322158856736000507440
10058271174451864947796509583
178695307091730420574454272
12434478083321417552107637322
1293555446177517763154505857
171742646217100751200789968
3604786200442749860089356815
566052947018139445606554882442
8972450221221162788621401650
28746409620261152393322066111
99001036969159532306013950390
556765157063245953606508347279
59285844884480055772852018809
569300428200039635033737950272
555702095212048249462202135047
92828683003288322079931535487
87736657916811362055386653239
91607865804005269050064875214
60836132438059866565145296919
9964538020108546798200119327
89460842841462366523983917454
948171067457599066881093233
78265254189194569509876372671
573064797699898440330053612487
17447775332438439154021903857
147179500392979011966422803520
91469791463554647216711249086
72731669648107819061825178152
77684132422099946445870771721
148746540243079342853006793809
156778907995884484349716302978
614209315949504683428021563991
9011903306111002259555619889
71834706477387046676571361344
152285432842996829827171877513
80604237628578288530268298826
69324652779454988102812660166
87018834223453450099247521528
564619401683430928409812106871
21027451907842537917764085239
9882061824365663863161020472
105376958947054154879865198016
566997425751494571798354956887
81665621659095562825919656447
62851458475887767224341143481
89156734021368855743977256393
574873207226694388869362134538
89175247867473441043521278030
70522036258810834359413087122
558598761336844577530051565066
12433163438869484726189300799
12343028144267721932296453742
70869687769324907931740911087
32057760086159046338907708822
70509133317023989403413111294
60804029083716759827583140350
565453864119594425414563369488
567165135355504660420145450560
157086014024848973221528859134
21205196920405560468871052855
82780595105032605001578712638
88106514315886737927325064911
18726063206097650637854965687
2681997220175844102711055439
107840144366160779086668509040
565741353437848426887021269967
3556051221418039382494372296
23216811693707249271869301880
80760508587446429177144931512
1411724298648362743806627968
19343380509725025373268275671
1107441428173724249934038014
18586942196199490650313334913
88705570852791644176217592271
150250778759717991412203073175
12282430738712919136656688258
574285407179252888450318766329
59696534507156456226768297858
564814685047315701392224497282
60680586480795776696733694466
39461496493492787590076532137
18777309200767439771062176817
7585032069177149839072796287
18711158228946275436934561264
28627600863214206257989125054
11122159081081406622797631951
9746619171635358313297251967
313749815502036709138268657
156297117695290458571333201473
70722546963105046805484930175
568038320765301112297821539386
149520323327603437472936400384
8689750473188181862706025418
148706976543672317487301832666
151333679489261809699131421678
1108099735164116825748634800
8827851359526957298954841623
151977395751815792989841399751
1545315993953000921929089943
555816641611735735960193728464
10384412598189708850891822207
8958252499434115658032546248
2188118610711375602029760063
573219704307405473689429420968
89001203770892687715790752847
80006187222204321083758240248
80350092319753617904702652550
156925898811050215160519062470
581850863785500398358173646390
71505623984483960320557584896
565552427058769539344933814778
71957728809611075979923754959
60523030117455086126290445753
59883017086631758425280016838
2355865286129324384562945487
631385149670329129557406773319
19959133884765816542241988728
158434187099202983283639749744
148704269364585511589377213054
100430582011847525131582501488
573377162917427496020517029383
77971476591574525883189787703
21065160068486190596633632640
1544713758196977714299761103
10230803341422396724432171975
564363071887871532949773480376
24787683364081551365906417
21045274728554841179978728016
21462648807057042995184201
83058709569927927398114618759
624738716752392989973565174791
88261567537609570137462284409
69186821189834504351239699832
157392967197829136972477395528
27541781022814433393591751024
79193976267987140715565490105
50931779802412728668272228343
156422987376666749813678411784
27370350248659742151768088169
157242028680788821159627292042
77029995437746491592345133577
87930586318940572303011610130
554638015145151189681170769543
583268047075207155213503013448
1355922482217180992207425183
8852132779044834346319511056
615241160134380806745154880001
556009240232937535670385901624
554907190926372884712259649608
32008054300947703872490601798
562080047240516604249164127695
10026567027464132898679363057
2476479745599083430291962880
157372938745630647384350138816
68082211863747673994137728000
8808943742004059328842817663
50794459140066075838926615050
626589245115118337853498033106
70531452834175419782229429817
29403527504447976209398686615
178387395300279871263543760
556993914598197744470298289222
149331956905920832516275535994
1238280061080049640226619974
61759520823590480525519786120
90231810655379919106223309769
68263163356935007046316822473
290246808515412676854153729
69629635741365935079900312982
80470683857960801363156033985
78415815267559873486524845151
86504048920570454112943472151
150083339178824261498489486849
273146925326006832752495672
7547882314014869238516056697
13539439175939557435704874650
8684974518194717208078193657
562051370598247328334593101322
97041034031930669360450596367
76951487183367744687949315136
59870952089072478355027763446
149946062289441532758684372602
573048376766936405765848310897
191871445881422208850558577
573031219775126208283282334610
70102926564575359808974131206
2121375715406698532929074
52170019001466754123788808849
100235061632857555176027291649
614308629010741011342732349449
70278258441686738016673771457
273294777290334964193398200
1407235763970393307531771272
20150418872406197631182774218
631546107059682147541171662921
101789410055853832392438907209
67899818620614223710209445953
78452603561997780954523373447
68084289753029272340533637638
67796828687796891481030984074
573205268113570924167262408328
140047375751278090523818954832
18624946207093310173526982593
70509096741830793839613124490
72282271397309346198020977334
99039792177272255361623326825
60662467547759603003622424512
156585781636351673699311812544
31120735269966201819700363978
10058831267143847153936896120
78162149885351707084681211927
1239833337868945890706980408
566826333759102647278844218825
8201545862130874692976219561
80780163095119898355485904590
626444246847806859936867906527
10043189764799390615499972624
90491374938963710792580788289
60990888368055720691244434375
555041955552091793073063551952
632765983055279118276817754694
93941168644217192082170450480
99089379913252927245306360768
572252394373957255385799402042
555837226990486115686860423282
27355006762385205915984129478
568118108726577505271721844408
11315960652192064268761112137
12231714208095652486299022778
1698195898810274555944564735
148693149841976684744099499911
11453892278275882616397234359
27290975734310890968625679992
11282570032224660161501142487
82132342426232486127798059638
12247978195240340294577165191
153381788461572694571542446615
148664063685966283852961079871
555489734611411971533008969264
37276277417989988956409462855
555721817012205602402663333903
69172732073870855032889770544
71764263495873815645975539336
557225646280822931550420595768
4144085409466475729999965823
86793695473300340751500807800
69288983048025750273012309087
12343482064634629045495275016
60715320521191775889235107842
79682496158149153595041291846
10073156534916611962334806982
145013136177334267591228624377
87584191082983413136734063113
12210755969963755155296452246
616375561079361716560809714184
17251406143091098028752199801
3588061072958984419371389439
560837688256022480525220610640
28336981191688986060001964720
630403813895721785046261902783
8236742839851640179883044879
139713512197383471420256845831
67177860453197219648298803334
86929280297561642417987788433
17451523720922029342867594361
625004715964417792849190084752
77997263004714126916526076487
137898350519737080033377807
39338739481829287234857959936
28765530490781963503367056391
87103109715428918718583839242
572893384799766170391386595911
622823738197195615282330838023
139747074859905810493266657806
89129231994293913587124543568
28382607872720869318167958697
38438405029627654771674157112
78142246521142278190329176527
8515948045238188714561908351
8668347066404655491365273727
17449908642781738740048460289
16210151756718812403389955592
556299646500526667225389866030
149637177595496140106585109175
60366605845101328602658502338
68434873359386979110739542479
4930297092753022176307711478
12077882899615855212849007729
69137870983694915212587393656
556784731879174978003080642122
19749276208571742260262157974
558346730916691414429101552128
78964385206624644550824841881
59557091867917963065458521554
566684370620232553736708068926
562060807787939517891402821663
556127869820162610983407287624
149940730794722459345896673919
152248147391802381251570044081
61744721279828160058132278976
71820243971627755333766578774
21088469661400169479445639752
145148827934375148507226443327
152273846012699611689553520190
62984464994327895926894697586
67185230207551269696635899449
51043592446842605187016156601
20255142509234045518667057137
565742900174597544641977615298
12535013011531261294867324952
28622230178829517591778163855
554713487337277126900587438194
30929721893325231212042923023
10101856754219890826742566641
86815306064308501139958300161
77997281969145002940816421943
9787514664556777377532211761
16267533020885582921061837951
29752046133392831918143897648
59424115137244129423299638360
147761606595794371564543911040
573130578711094361911111455222
150739680178249927819564445296
82012010478885308807161340879
563419619737896583398617805769
563424642582689127657650851582
