3809722858996523687
-5234340359809018855
3080254307327385758
2315191336555905261
-4228268767385331812
-4253740241659123960
-2769530125672625388
7089406965877440869
3052973005469081294
1825139691947847059
1999594369415496203
-1200131334004711357
-116999959730570693
3610463350043152632
4238858438817885207
-719357600486791898
-5087897980766104169
-8855165448422669248
-8068443714788792447
7209764752311216248
301053113665128136
-4619038651760534681
3791676975927845260
6489702752747139916
-162228053760018247
5804920911075398010
7739647094748886144
6778739971083479981
1372548973124533730
-841266047663219478
6089394694332162139
12397363317656829911
754182270631331304
87055964854507148
6268904811254431254
8200215352474568878
-6586563088148017206
2209855073482477065
-7533973648509554366
-3535259610290347600
8899781074280191958
7461469810741172775
-8092469798718534598
4694459253858651346
5736232079887630708
8426635225366462364
-2478373349385570223
-8627883942353829501
-3031395250896394527
-4681908399752490521
4203896003356955057
-2972977576466657341
-6628970010995597592
-7493404912942095235
840629327676615611
-6692200979256683840
830856858952463942
1014912225248369406
-3147541791604855265
11109246537957211865
4131929896118103182
7123674528830226639
-1584990982279739912
4925110304109005034
4532703600146238929
-7757062069595881138
9797980021059463927
2162592192357710780
-4175950029506131119
1177108298455741530
4465543382149559644
5454351893205385927
3596707001965260668
-7356741180636170625
22186269137121616
-11632673051375546737
3075440331107256713
5642650032491253204
8333002030171467172
4269394120277874606
-10579726344588805362
3871918241971511082
-12502953454274155924
4818266583157693457
-10162004478660585417
52001022336701666
-11241726414359057969
3157394745114806771
8526611382517359213
21939339628783723
8937523727776405966
-3779749237953315357
-8765797752422645875
9474181774644789481
3465973669151994551
-1703252097431413825
5553651120605051503
2522033476069610175
5677853193130638037
-1438409643005785678
3523945440948101278
2458621509269211200
-11794954878572549759
-6574247557132266802
-112334084388920733
8760594734876356110
6842758834955969377
-508501923884741244
6969604069117903165
-164473530599123612
-14533867499257904063
-1803202204895671105
-11323571847764698590
-9250482135508245886
-9144588047170947409
-4673916756778852092
-8688763604452433015
11207277690736014570
-4156826102377889377
3181010989997170193
-13588482471659016926
-567344972740610600
355027657500990857
-5382700430899437590
-6572245329641747410
-1192185430378661996
-802421845927567478
7643840102060980395
-3820831899764539356
8741650002463822742
8408080485791837615
-5695530411075750160
-1072094786465583307
13945962332244133785
-5738743720674008936
7104697095284358324
1283053001114343676
-425936568436308453
-6509114718034059364
784053696610089746
4422982024489785522
2561088986974009200
10864368313310809172
3977528658354399528
-3653483860290744150
-2072446843686452120
-2250784041793666004
2418101495432927631
2434698883804602936
764183187083715214
-5318820697301948330
-2264749761038477038
15929101152179973
-9938513828282920377
-12172194113819320609
-9404202781085425025
-4926449295092012045
-8817115305912874011
4751450309499459147
3315793219309356967
11696094871038675996
9143403102351363146
-8795917536905016004
2537122539827903585
4380724118157043243
-5266942016774737214
-503851711858878499
759361514343498952
5831858464459779458
3892755391204545104
-10401983371332574525
10442217308956601549
-2336559498831465334
12919257342773515457
961906984186282341
-4244287028298510764
-5646683428856592419
-7225175319462463186
10117398613777930409
11158915445064072058
4296119282010910434
7355513403903321814
-6048087127534794140
7492010628433940412
1816350580203318641
8898847743864564354
-73335892435889924
7437262108806116579
-14540568967316251680
1307248984915407025
4838301283300249253
-8112069663164841896
1180264475592430031
4273917883375322401
-11051241042073554176
3454025901889964669
-1939147350484423436
-11422009391155676842
-8863053368473326447
6707591035304530444
-12492491517075164918
-9538408451516964211
10426933429460345564
-1003118571913070479
3843383675155759300
-968544977236663288
7352680541174185861
-8308160895156139671
8267243181759969058
-9678630247351632591
-6758154058654434567
7114448791334093861
1436385629250589826
-16078408943763938824
-2862683455382721398
5737822298118028408
-3328688828514087374
-9861563542307769224
-2474227874283100704
12756761392252331565
900292434787131284
4237389730377305027
4474312345616861353
-6365848218590973457
15736792172868298386
-5736420899647058692
-1369743565554696313
5239552473569623043
-4948623799380595544
-10744009208039034774
-6997916868665388528
10390308551233643893
7433189019860730110
3932625768183976119
745504735918889189
-10652725983430906346
3385202167490029399
3495118954445396704
-616325882019247941
1530947932495579525
15311472068161743223
-10008193350513611479
-4191549710979608203
13029092696467663817
-5985471015562125348
-6238912407821090531
12591752450248050861
-226011893627186383
3821152572377862943
-1882183379215559791
-5235638466770052434
11716180198971497446
5534268215506469661
14526297202227195407
-4378507624840354005
-10937344138184275652
-912360480660287317
1313123643919238020
136863785237116875
-8114398471414653575
-3770755627900854700
-1568454483518565263
-2705125937716723896
-4003065718125622467
-938808181228070919
5194005431417606418
-7529602186255641780
-8098566539554997782
-2975275220710178326
297586253884165912
-4212227883362926554
1296666152128130939
-8536727282466634632
-4493945955945015019
-10331221337165453091
-2526536923591132058
88995905774243253
-5037074513049111029
332438868127504474
11890458304019174117
2348986632074873898
-3137148070160279470
1075728352817137229
-900415670279004628
6613494543455960429
8590298590517196839
-7017153675521750239
11407082643825554980
-16202424988593472995
12965137292842466183
1647312477278701467
-1392204903503723605
7211635513842358131
-5234865514220344159
-8866734028593323277
673412419716316397
-3632484815149420703
-8637483560169888215
1071298602744322488
1630032995734727193
1838762575362237522
270327761861448059
11937969474749351089
5760701501228982151
-1098980500456309093
-9356631594888925286
8407756796541536261
-8764021422805331423
-1230146439131812208
6598822415428054517
649282897111256083
11194564211830984760
6516115610187218551
-3971589750384304690
-7433335810756643569
-7465366307405689348
-12342961444963021156
12707197379382515083
-188596873865069880
751993191686867215
-13348556045758345226
1089448621092438030
-2063906830578088370
2841680846999781617
-3415625592487356249
1566591920425881843
-3726930936217652864
-2401659886538054973
-6080027076255281849
3257254173540264443
-233577074228298739
-2579405681001253938
-4541525447819044758
12597697168742554293
9568179340435317371
9208603870965117929
4333594046093580315
4665058207846960896
-12863532408476290655
-11341397239115393287
-2779464958858640971
7825872808783367729
664615569432195996
-12622446037709025037
4597986920070422831
-4183920664016167873
-8626808413222352013
-8917673387811361682
-9941082958349152106
-329648603679160142
-3185828688882991664
-577151069177531387
-771072492630067688
3704786551901665039
-9376236156210922947
-2632702978434204494
7056061153650734138
3987346086412023369
1484742585195921896
-2772225035684399100
2811770211763137585
-7951959738014463981
9078596016240183358
-4564905270000349351
14887608520220838016
-4067014567462318520
-781383099581383969
-4302801047497422900
10835237249195750535
-11154924956058200928
-247525778064727933
8126538732677017638
6266552716863647792
1602259847142994572
-5189562267700292140
3013660172378961361
-8018937936598959493
3215843862569401517
-1235156059180252377
15002573851576594506
-8584270285638679392
-7708818680878558162
-6137367282509932019
7364345677635391607
5613636675075273394
-8155052841095833210
-3925351628564430836
-5392015861664478979
6739495930740154803
904166975910483653
2135096861088488616
6229699653716713305
-13006626048249913898
4758849625814372207
-13944059636878680828
-5217822794410021934
7689109049107566989
-10778524266572788592
5239471162277242360
-53423546796294455
5539990221894218584
4570376897068204003
187003473232692646
-3667126583948774517
9733290712623225293
-4680346535886801834
-6402861527738898112
6006027541839443712
-4107115188559593815
-5277826880555165340
7021388057355787218
6168798547329904755
-8322729827573814744
-1022094969334645489
-9667787111602609950
-4576642175593622784
8503830083876084588
-347626340424583381
-314902492354081702
11386812254260037442
191960219398453500
5544440873629172193
4241744755263455140
-14645516723474229412
-7881265067146522890
7341047236724687665
3119567835180958979
4434243623395906738
-6660796505310442702
10716661827421778673
6304253147168303119
-1034905172648593638
6768203843270583086
9160478983227719698
5694010148954800998
6456535470730539469
2000070836606079459
-696446083599677258
4098176973634650906
12895297691345790285
-2584780071086238873
2818956808129330874
10904264163409442259
9807063573209603880
9463013471253799192
12989166681891467597
4265966223875127386
6920653488254969541
-1068632249034596512
2730297676924758735
-5683967508180646915
-5478155826014997228
4306687600434281727
-2911866811568081036
8673166796686778675
-3710710308257640876
10556420454594376733
-3400116182330999829
9729529151454347955
-7220317530612445716
-5255898576076690737
-3282624839676224243
1953637774269255022
6501956468589140153
6169912093732121582
-2309189578788324131
-2671164803694292384
1059366287656467379
-5099311247544748432
-6878664241602280636
-6180598169370569830
7058284121358663063
5018313267164879673
14250532023738898098
8485899155527778959
-4206730987833983417
3951713598698933815
4986521184577520139
3594752656154014948
-4268789291132520492
-2031227779976282433
-3379767463938210860
-16105746390821463356
2080945721964150668
-7556956633075858196
-5062800779579095924
-2302680853506405755
973214460069673414
-16623972475750189016
-8868461079330462749
-600339196273619782
-3799995260265039187
9791913910858639023
6907040289064006050
-4802414667698512062
-4476348134675135881
4097303941604404341
-972626298124082111
-2488536293963086594
-194590902772112890
-129635203610956689
5804466599438546373
-3978358933838123561
-15767516085220042533
3865689612239417915
-4355887167005630784
-1398036540074556242
5945197678901114797
7171592911150114801
-12343375587285018377
612539051402532804
