3576474879488377407
-14493693101062612525
20751645199934095555
6417326033352754153
19256419463843066854
-8146013749496647658
-9371525122804756417
-5910962863865202464
2009177536854186141
-2449131803810031925
-14102292784191542725
-6714423744142693418
13606494937897229076
-23269517408783938096
-10214210049114880931
-11780019262901865341
23927281805341180324
4815734967879510679
15250115124710350041
15765783987336410717
-25153830795833896150
7859092725308918705
-4496387779333503113
-503039978123064900
16625985787347920229
-15718271947692576479
-4767481588728927407
17427464839743523351
9127125605109627453
-13161962576093173199
-270831469162829840
-15127059650898696745
-593189381686015470
1393036889764943540
10734570080359160173
-15054342256105240419
32757811141978894734
-14317260575317394465
-10659623739911954014
-8448932014602555722
11661692367273097405
-9413728982329769154
9327142833228754945
19285294260175847863
-1141845447881025934
8398945351172558146
5250967194285817986
12631542626648341924
21647483389319282487
4489257345825965754
17663035569330482278
-184154910691917262
22438196785434295302
6132729521322786232
-3434430616129174916
-27168049965490292053
11016048503037392278
-32427837591431385058
-2311043940197921149
-4286627297014372293
-818934470758218247
29665882674158056419
-8600406011263203908
-6192064668722507121
-16695260159218338025
449753793151150523
3276619534939762347
-10731853153430341858
5887095415336551464
273019596773895895
5239224680929717666
3613410419396508196
2008623837881004186
26774543372547967978
8015653001726083054
-14034851432597207245
23294170011813039687
13728533777669685545
-3755321496644220984
-5123479511262502821
13139645807911893616
-1159476389223987869
7544524491188914030
-23888810175960072305
-14123134699619785758
-15201726568190119471
-17304977298322699066
-1446904834919151173
-1591335947343187820
-12124109145292165514
27628883228322003589
3792567880974800056
-24158408884573661643
4444493932147164632
6650837184317105923
21447008029190683765
-15150929248222563915
-10829952859480065410
11107249382672944172
-7709712592213571835
22754951626310454978
3549591218106689033
3659047173404484254
9235179913969606616
-17803825449362490635
11454504340294578915
-3427900057637213299
17633740114350393540
-7931738593285089415
-13216249682978330406
15659067129567489989
-22480858116697990380
3875847455551615184
-5248002924894497166
22976923120014279907
23257094563605680375
-3517604720926541396
-16257492149413060847
945833754763732263
-6293162996395369574
-5099488190321728463
12598822252594311938
-5630987685736544378
13067149629716948743
-2452923760438033658
11240330885823035772
-4486506147514024647
18174818991951032761
388542490663269397
5990823576102300492
7837828248957936305
19195977865300804967
-4325589313199417028
-8422826930845331463
1153046817725168273
5579997405909922299
4475628758698797922
-10166033887036114776
10454596547234396137
-19498106430881481553
-6575745824950315633
9429266210674430439
5532963569314041683
-2497712841946552048
23057442004678117293
146485483481644686
-3045200231318491488
11691226098160656284
8452380993390898400
16266149616017759548
-381394109332661685
-4663663936982040075
17286944164171339213
3677291845349298246
3697952803349388962
879297871759143287
7867387527786487251
-13539761100624803085
-299132369018299290
763181883986240719
28919615573252708292
-7987760673134431792
16268205802872020219
1909076279456691654
22987676178094046475
-13061635889341899510
-4206318385133065778
-30255465137366881109
-17023100297422036080
10442958886592035574
12794813689487997557
9396659785232140516
9424744791292629003
12224069353010345609
-27776064561858862883
-21529046862870641396
26287394630176820159
-20282608999813725197
13264711530829545616
16899773531611240389
22775390834322660947
-10438766239836627980
-2824485865518068251
-23672542659348951030
12133148999505345
23274636118722888833
-24286146245351516949
952251621246495851
9640992246914215412
4438133323307212653
3053407558949978328
27045861319956739563
-2337647516859895312
-13483379548755442312
5551866600182638337
3191195622839924081
-5484395194413457032
-17196900888689562619
-7910134976272006908
-12772044827731030911
-17343982488641458017
-13701528507146418318
980356295888006080
-14984783892972334230
-14484803611212969903
34005253651785698727
-1971070906409068644
536230457311185230
745321700364092967
9183912860435278428
-9615590730827792634
5813271719859480406
2721675138759567618
11783771526058366629
3871361374105623350
10976567887897018977
-10170508280798378920
-19322606539777091553
-8776285529203519776
-7885623280337168867
19574744163434362653
-5683513923641678755
-10335029384106311068
-16081379827306473544
-24441949387791745823
-8247049660287365134
19162212544609158820
12371472224705253991
-2474086934424752260
17358362618700899912
-114183935922987283
9262306685127646806
14249937565581136787
-3689523034045544279
-3453280880962141871
1369182574168846644
98855897410542716
-3826143348623563235
8520573334142354525
2215343615156177864
-30113101982463624737
442754044185264187
12244572294445352397
-19115507738175432269
-7665174835799768748
12761082425387734804
-2546267584180471964
-15181671766967329205
-7437234635373100874
5245339282519925115
-91636931084840181
22351422206300530989
3688344504831372309
-3749527266323484842
19969113108326942820
190125327686643118
-14015487370933010057
-27177042955372904185
-14871633311670432813
10601156577398676352
-1153481970568993357
10038278635626483234
-1335253390487992705
-18698894638917348007
2863629023166208868
-24964396748487330752
2430609130241360321
5098092921374351644
3480534612984850632
-636934920354259400
3046534506310991238
14297243989416619185
-8732437141588604377
23715021106552352185
-3425313320681784636
20554578360955343300
22504540769540010006
8972283303635884410
-4665064056967973115
2722210108523777565
6980424586237869089
9641958574487610891
17813357540789034993
-502843462057740384
26203782731799569344
-15343367224472054294
904166151913740396
3966967863180657093
744129656587337063
15353056912123437535
-21976087351611885785
18514230014862580556
-8615144087480796425
-4210153102056240861
9203922963676824661
2469561825768137902
11109375146584267807
10206374241552602592
-6022189221579703718
3997857023438354869
30569920139673969153
9333964065178794536
-26208941313727911218
-8783432363045550776
17709080487016960357
-15024844774825703290
-4740487583333831246
2607712604876512156
4164258208044013093
10840562454263347271
-5980767706405194870
20789962319514824188
-659311316622747583
7248036850631431771
-10958370418054780249
29004064797454442673
9002994893720906912
-499542282239213945
-18256482724159195012
14066209650493227182
2328442191267126530
31580320025999783855
-14424128668455652895
10735607923461876511
-1314721256888720158
-6973042544468728418
8263522139848970162
13685946428731654719
-3469487926150848953
-1767641977399955665
-21239968045576945122
-1183362312229185465
-4313754760197832690
14490743728603030704
9345801393147931083
-8673771899848479749
-6909418012424169595
-16859541428539275755
3816500838857535037
430741027700034650
-8031001459355768049
3633709747022216578
-639806845845617830
-89231710658753349
-35610702056010794889
32436041662179466203
11713872057134249360
-452967240872621359
13924314324600469316
-26267523875470592366
9651243925134643373
-10515901478992001105
12106938791460294360
-5078790002025825334
8204124945489904856
-21761503625091656365
20929259568794589984
4384231392041369892
7057217749170627445
-9704269389869432233
8597335571676264033
-21416718305067418501
5397480725462995984
-13204352254091044359
22459596676005385536
-15071365166778378989
-2325912566437196641
-11247845651282645455
14639008214834025986
10984774432721366240
5453775552906307250
-10040957568202359199
5267952199782707565
-2865841719063887079
236104122861626354
840642086879324055
-4930878001549152474
19647356083102546573
17461851120296567718
4558042750936547326
1614574018164064307
14402797493592454770
6143493121045594346
-8272626522538106620
-8170222737161936571
-10442118337182672314
-3888734560936397518
12100165083991414381
2395249450019899488
-1529888843848613185
-26534598185149985811
14936507521454488931
-27115144356520832802
19654153493200278630
-3244347611422736627
3789144297679972915
10655403349898479047
-13135275888754016361
-15725548293030358072
3930400951865593393
-2293201374029992113
-17006837801710519363
-5564223843720872773
10883863014250899185
-3277267512014109280
-3063055956016924595
827197172469856216
14365643693901990313
8517339338543967689
8606815172025451593
-22678355138005141914
-3475542043717246021
16146524622609460674
-2378019754569560445
-8594272877477306758
12663615984380124701
-7299628132127760974
23622154735628684887
18390567015029470192
-2169989074259289442
5796940305496997859
-1268674638284217876
22888600047667289576
-12735868346869972060
-5008759301740474371
-18614244959866423801
24487801335046071610
-6650059189363749665
16382824669161123965
6783868245553382165
-8766051501269458303
-27118904447497121645
2903487876876958846
10559312350915456375
-12987072614322092738
6545185317591020787
-10101104830157200523
-1999214883227277510
-14999419155614531280
-1416049016371282952
8743728746756839662
-3992748367749193774
-20222630399905615927
12632758050011219910
-1866272056616677476
-5102661332485628478
-1240306740736114130
18707178739579611566
11971153188088193906
-11315926381362339011
12492964150166477369
-779078253544174409
-13420240116946066236
54014196748493518
-6876231677272025776
3050131772364310330
12210143935769473573
-22664238748893368440
-7251105159149354206
11762038781756880459
-18772529812788257825
-5328903717451326345
-9242790962650470224
3510330162287969740
16690900667249264506
-6551257395706809021
-14141765883080025764
-957996939186126103
-992162664301025246
17983909599007465872
-18499831775239235588
18448331642337300268
7477884995907862755
-8208969051609732002
-17649851891926909160
26231142115145700122
22382051200595648990
-3978483489537745915
-9464847576422825355
545649336443045993
11135940017527147066
-360072393847494091
11966464280984690026
-2916063311526863004
-11404443014694856437
-8213959640246743301
3357531787694436816
4276855622225180684
5412105936514045915
32987828763384067995
-20889538445409489965
-16792125750829118693
6239035416945990138
10403746167261046905
19686528979445283330
6052311628950537883
5789678584863063248
16278376746656146638
-474357517976393649
-17033836484499661972
22681289730814843799
-4701274683945719075
-9121208721083538874
-12542588967114926671
-13611276653303011971
423081588625471967
25707200588511264971
-12663968223716921578
19067715647334952650
-4265514784607705771
-13198244820898395114
