49715327349170033936237618162
70449005137976497913225375823
633670595307542559609254407306
29424986971780288775043481655
67271355991971486279288253953
9961016824717808828560212544
564349215320789447198548557271
141434880976549417206530704390
1861203885706347407765511
52034997081356150830484942792
562373019318516516096696659576
564360688669893679235945226294
18552509959802271273024722170
2038202905104283282733466135
558293968357531195078953371096
21221072551413135630812637128
18571532460699604140563168954
23679901782163565657428943191
562958036691176166217668362810
78181010590986928604488006714
8839636541434191799138714496
70422383534645964920359427647
69579155313105718990736261113
567325006209183060005373374913
561874612419049783813080026945
157354096421915521797184789569
626298561085522815854227820136
151961720101383407559233572025
566938191869774240132542624834
86989390233831816960862258088
157061263079150790256678076866
1392937809214253424804384817
9804423742079196120379121735
19804883688578279185561924695
59438915910452733856909976048
10063468044206561646163731970
22090550333471132391751613007
70258158425851351348631925774
69461056730308157635066636224
562213974663212104067424228354
583998577845444851492101914050
60970696348544622781822267926
574520321441191531253770030665
12438302166902451213074212338
17488061631650556952644124489
566846660575877318893526416897
62863577782227036885599157834
627773389035254274362537120319
29678260990430006667494068298
8957766092827593366260188233
72090437949083124958402748489
575641882668101793083056958586
3527381090412086529586397937
33120077011476338219439104838
74123817449224150100977418937
11936858059088580021498154937
37446129707732809559938993216
18421285861609024004913068616
1550403702426867447187397682
566688847377974640123891147257
69460305910823034809546478536
1087779922246376830804665802
60490463931111814053872349178
621581559687967872940889645002
105425061596808807425069318777
82811467060824666424100326512
154930564760708653187180527671
1119834317516760740934454679
78916858828559670175720575167
77202375913306977709292257905
13325200832350620390600709624
60523465600282437479972969607
43248630588491534765437568
18295845067866005306098258424
797295577768104677550659471
60680818465451098286413938673
57286750891525900255211643448
155987429902002024064396930576
68527091786510774442330755007
9155506695719713683119280319
9635413804712422436433825358
30061190216572564902292750846
69339197725799056866824692182
70847954549809634387631054394
575609141548175019416974759886
566974535065118806752039273103
66849664818632452923485817871
572233029459102118931524187607
100585018162356813594422128585
584189484152411390775706588648
573459147794307198383640511497
11608105713026080629936160777
97841158023431907582782246354
28179531884758392408063086610
556164199502937343992610202135
71529656414320123888550784961
19688839362291886118457045135
565433949247554442877716230272
1235145117422618263424923184
62343643419297299000954856
556009158308758885910274637778
68103740246813044942105776143
1644218435642199148385537474
556127642878835993841194042874
13460859119991133436446539856
146094222804901675149910093378
68259282102372884809995027016
27254259278073410689234375041
97545509772515823606784856983
625215699887446499550828717456
616533122036325738582740857928
564482146828226519321425419210
157240443818214415676306555456
97985908225948088400017875062
38063936638033761974677635138
150076613965169584429833949649
70409983031898232054989159849
565699946059260409035660529705
573341004650894554315217498617
28627788571337192814155726406
12087440693923864604880473727
20078415396227709733297942926
2810417314123999482738318862
58630414534048058690114876487
96833192635435049305262268358
624985596873573462923791771073
79056826132599948125908504576
9754490695544213883725060047
21956582302306275005283701696
557118764357579915727730704520
27257958147949013719412900337
563722784992653824560980074442
140142916168872442271432471039
18845043329942190527518908361
67155835862884809840775371841
69460533600392467640718205958
563472996083031796597420291457
149547254317536476355140591241
20101755199098196475402252880
566976915203704673913853415024
3575680962463300847564718722
554756447291290719453781979143
624173509166802436277648728647
9712213717798556090455066111
14562465046230988710632812658
554770974348306590488743609529
100295465346449607017709499066
22418618092457500981824872855
79829967480172465522190386168
78145495580899545282651880575
624054874387645077667627736496
10365902127513310944336608920
567264862798729684109980856705
612994980446092721214989033559
556942764940694605702881385999
10060714319008614529269798359
6327287453250367248427818088
62361914897746892455649043446
578256387214485888809293930617
633822015055639141395072060335
91922417766611796940447575626
89262889069432330200360424385
68071631854198489226769270742
9763658207248924706785503864
77992868132427891329776710329
19749325634172146826959127046
69654118711082368187700419704
10834590880099598154634424263
83135378441533713705509062065
572358373365914354543855702536
17508339668280061687880975937
2340820904340602968758223409
20017701864811002880459504710
18576691142060028228888432658
19947172074095161127056674366
566103623306947900348957200471
22284704682409550313553630592
19803039613926622514756786759
22720623866613313901747069560
62330105535170489400680348754
69939089439874848062364188170
11148972982830808601012244104
574150874181176090988368043471
617101592339813257611053602263
58664910451893352152093663176
633818471038654544633317883848
2826562509926378966924715982
90233925593124539589094576706
11313467895227803332705055178
566647498245360406711744331510
109557467836039023694549619791
13633897657754701089657607113
30794485063646357487194505622
68282596052726324990083896887
18431321989054084967660004362
20771812444658539197737734538
22493208570764061270614412345
17819070142599344512219804110
621752399531578791432821906568
555989848554065701970867184193
20894844230795213833961706434
8390242901283306899078873536
79245355986262206170123146175
60693512974053075757194289136
151319134674585579639462154304
18780058827601271323176821464
1528676611954768973798374528
179899429673193974192372614
87083853495981799280979223066
9050286754895393552412702457
1257399810555342366291059646
21197644953621952202986012657
80638378577771790940766469569
72110872062402987319332659673
62073542988975195733490861112
625464745978053772704517025807
20895343096704374558362742329
20007689314407496029082325584
59128334999176603347655654935
11160207125128304786390937545
632798346684245291668064153103
157666439147141635831032742551
572099966732272733360723390464
625155488010905350409078702080
18457619811581349672662634448
2498555783581721843455331840
2029112258510276254845431872
156115915100210987794293927425
58149062294485579760044314802
69458233836514881714344463994
10270697958180646336933990393
8397153282029554880496041800
11141772021582473581283241985
572237751457800147878105288648
565452459889703976103558276544
78178843302004122970354844175
61607134853194130739939508863
81570764293056099217515245696
565574147519613455381562097136
10225509698889813200249380887
19846336112547640238997236913
18571255402164878432081777551
7618688378056893408007418865
22336165332880815980359941578
155981021163934632072487988744
8857194591962509073345475257
615413699900002708518439249017
9940047876654063159898566784
12125828650801403430281893062
19048148144437360349845389704
69346434956291167306721063440
292224907775092221368602130
13481906523239805825222214153
563746330549377485766232665993
566976497329439603413198929919
1585610187357206263541997569
79095444167238963560509047350
365284630268059968245334032
17602308291328218517328625608
12578197190769234933138591169
1530235727072373603993187834
8960483426674283365183557192
1097406571649680272047500991
1100123032245619797851635966
28623401279785560095508632135
633168221860721911577056678802
69503631043196159933523661887
12519943488683475744858275846
9768163640724317915016569399
71048074503453892056769626752
150915084192612554701080137743
69039407639772682760472232520
2285140236585930589743289352
562025373914409259655418032190
148707255162222140724133796431
29560653633951743749398527480
27374622746340854738087575686
18576387236796511296730407039
9753386407022653094249074736
19959332323398480212298568079
554632758487607803938143760954
7544309336470936610488689551
23081496571945559113695192183
71788840341885254383726763022
9806575518280444395661308401
626424143418491379121689190407
78126603822910004344101043727
565914800588984808501342634936
97966541505766379531960262257
9928317412680410702787891343
69380518560126417994938551878
117624321770115220598854022073
2480464225910453277961251912
18144192550539304621114952824
12538680954914754392194581526
583343269575559172065064909937
614061865903397974913853889529
72901279333350405296703639616
147320290812294076550273066007
63115892633335313693848339711
61742293841765653051926351352
12231719005298819206352040450
105533784615716034687996071438
59440511913507679671020611072
1509310378336670310163313104
80340152899454793241854213816
632628439424479065894289873977
91450369661036551826113822871
69776512020666433976075022343
632602244393225889186954052153
555854453529428289809839092800
14753996421890843673460989328
606747176554524315575715098353
80840677057753274853239555223
151029361428486754111911101007
2618798385792340895945501777
149907069776247627819832375225
71492855341939660640334193102
10332150103860752840241484464
68064945801334876051364610968
18572491767371746529287442063
19951837783292807135364416054
554948292782069363103404557391
70141574347291614312094802385
566087344212890452468644713402
10062494195918200330017046977
69267185370927171188167483513
29418610606519727971411160526
13673550761866824831886918088
157430915165153519231603342930
18705403091555957358399856200
562163243007450978116133453945
31124785833597565185955234952
565898483330989908091893124735
572256932520640920660415382449
562163149060455748332612036230
68381639329154592514793599686
69750609076052550453030838153
27384884658490984210356313536
8689869149060627342344850432
154904248976625247715852296656
181380653829160560469937664
633168173888666320954273931850
18265177937035956605987651002
69054225275310782607642042006
79077688957137045163951783446
82954648672643718028837737034
28784197490960669673871445561
24758998498855475636272138
59561622331698942345161707704
79545204555811125357495484814
108009980963374448756917019074
68106058633448122793198915263
88803421025791861047929877577
69370345855565939842723344886
10080062379188726808786025815
351192427495768979545985023
70992741290168881538163707528
11156198353503423765791994225
576896727805452711172430427270
10989102784403790160025120834
556144563331357989492970270202
563265106805733486220477015497
17659796536047536536741970822
151024236548747001964999544393
71009926260769234345332547592
632607268974840307226106397175
58072263991854495595715588222
562314646236216186905681256503
555738331829003382557484426744
8956100255243746356637434944
567029805902451646925405159881
70276680674660729510242509711
155066765163988754044194676720
61259063903963803027702784177
89301273785308760692818095552
13791505531230967902565887496
614136384845943425249608240264
626097837953776965184377892425
557071805466896822114109952504
10213000658197590036839378824
78304809395348688887678308976
130896185686224535955239760
62342416087768412074067633584
2320568390329065345923912185
141319493483834545718253883783
573473948340575451227883648390
8816313989851559870245572113
68129856905262264289679631408
18438272868581380278475649151
19477887082375460288054391104
7136860069027563521194389935
332149409409324832518308481
1271385740168356600163637873
68227012983771650380285026431
60351925206149057387719785538
10054112529047165417263996998
81433214351384442689850184176
70411012160183446206140378744
68282478102489854361796142704
39613821960511006094668561463
22319589886385165115471499927
89020188264325312277502001734
30679594748864339909428473296
556780196924526740653937758281
583113029097014521643778976401
10055475958215315366816751631
10062566084730517866747761106
108706374170689624302313566897
8977212699459937674771308047
632947667065904184906890850807
68690829276028750531620496471
21659158747693124511808090624
86987088027587393581444435584
87951550384326941442157048961
2173573148061092724179201545
29711170117915518878601184249
583200628470255968404885177016
72765594601879943416766860734
9281825943160914713797424761
60968236293238583332389278152
10002921619723799320882347521
566981151698460930944052821574
91506277809871200811839680633
9940360101614836253446090416
554774483060424559696661385409
96752496686953569560970138600
622702319503411056607515452567
606438329285528357626031075785
77839905280704537261066660936
1217383126213634554916279241
87449506760195634560911270478
69515651962829370074911935574
1120642440682849972279901832
18317719439196391231293510272
61720542476512673140845019641
156925527951742772587005239441
631354521899871561248433274432
99226184515147191537536859656
190681930965200359452112521
157359457335023242208958487175
10969527318934083812584846274
101318605057072317165696056
69380929858152690084213186688
12519640060480301312399081487
92579913143526579293070549079
9923756262276305605950739799
88244095749180838896933765177
7502864435765777162433556486
563265141040028375596455486855
13312985075869016558494016000
572392191651815336857781165142
1361028524832263421510812665
60833425393695575549541344718
584150548164734846682951096895
2923745710598654090201334399
3558785490482024489174995009
72893173475274069660293963375
70447403842799005869573407281
7597578737180567544565309119
21020796858380505933548887703
81415794293383162904975991895
1119398041327550456513661954
78283336669401932752675409976
149503658078000400999224180279
97662735961376810660796903489
82925600596532787522415685880
563535670003009258963327549959
2939583282651698712784465401
605218157279434287500036222096
10239530986813278160217637257
81413339106813239633494433920
29865392363396813021689971350
624059407859429705014612663630
79419777412351687049146501818
2326356257957322768087049303
567310588818433727457285672392
451842454764822032298278961
563393285928605674468869640710
573374257815478361292722185714
77842397850628613187142360390
1412296165022523777697459824
21086012950370627457852617743
96890567614846223548785385976
625004126798780778255231489090
154759694925236461834090935760
555548033480197130198483239926
40992494312514274151113671
61260809999955710654929203231
91481570190224828243353489841
2630660879932637918114182262
80974238714708475564036720590
575630624700863074081972199886
13191760257564725139017240145
8818808078843245940206669702
82030751712496501137556370448
11125107998958677134757887920
583537117075480171382771853904
365676311291334447856100409
627538630782087966109932474878
21045095721349675852653919887
70253412537473364736689823903
82656965384674294437009719249
563381221536724393905799532600
574425103779269421325470400454
19841210568795551487282344593
622689020135438819715619225222
17408468714455557820998250041
81723753180774994792407167441
91477045616552117227178716759
70605538599212246001906901495
