2202359672274391219
-8293974388657366077
-10859407609060976486
2876491275339775654
10799576826696220506
7472826318790106826
26561077037400045639
10063097684051759388
12684669957711906213
-4142038625426731560
-10180574417880953376
-16411063416408612303
-7023950904709750109
27027228340643100818
-1662560253821109973
3237387636290885566
-13075430284414634928
11092475479821205361
-15230689322661877107
-13950459658450185413
-4922608637033048620
-15035638425750781314
-16582903576367811497
-7152994074579510632
13564411169866270948
-1285689069885966999
11294122006957918312
-1757381505946484123
5370738180556243349
-19200621499984761988
22290455055636769318
2097380249826674195
-1006235693645476055
13137670957770202976
-9304676480653621333
-2100050472159321
-13658432717954677705
17513162915196663022
5563059625186713943
-5518094869154131492
-7867713271200722267
11737608268549316999
-14258245035525097938
15566100739735488820
4176965515038731256
-8395674515386479946
8416747868268819021
18590530986357058101
28308722630500334886
10072665368826599221
4483821624647852731
-3408413982165983899
-320663595132522906
-25767188231311969965
6401787651492966681
-9076642547006527201
8553631765234451492
-12173291814367907348
-11669736077011828964
-9569854197776074450
16318891821764865041
-28111893289880947377
19878582117057015311
3185724498910768133
-4220109277018531568
-6725642940956684597
8071900600852044767
4504460474539685176
5316522624340287843
9695091215603170888
7094477518238714813
27714348169282972377
-15173767595997388745
8485794232710868595
4406242255567462327
3881226966381883859
5131786812491574970
19124979509402211166
461915728520537424
11939283659931356121
-19846012225737309949
12832397593942649869
-56754245693376778
5326639722090346839
-12853212065688052467
-3245151098565817108
1843669212194051052
10226257693853630731
2028197243039378209
-4219945469396180246
-180603607652992173
1960323250045928482
1505678640694781400
-10414355360260486980
2032240727670253880
18691761151301318068
3491776600560855233
-20773076697486503613
-1521734420995024752
9478847784779720148
13272681146906292132
27638763085842815114
26841906625779504042
-9463592543990933494
5685441753494221694
-13191398963692402312
6141095670339390705
-1147107237899068820
11466222947138975852
-12351076486782124467
17711137048258281296
-7750186774734449383
-4940624156352693314
8382354209192457386
-5243139602803964117
19619188010654852840
-3724123695637865542
-3589406582185635119
15268638346726496413
-10444553944253157460
1587581972921207165
-24038738162888658172
-23351414551354133560
8601117657517987134
23920701141870979517
-12114381676549231168
13709724146024222324
-24490039792395399996
28533740906704489083
22564315337411293681
-3017894123334877277
-22109622663015318933
-23236377912598284378
5596830998698578974
19456191780203273680
22472709977066544732
-8391577033726133000
-375135758755393023
-13559281503273466769
-11429864506804566641
-9988122423757088544
-1077283426970900033
9267880520688149268
6058323761821511398
2161409708914290753
13609449254133101565
28985722856502960236
16018411590210397609
-7870213859725176307
7135865100469927553
7659027986482221132
14993189429808505493
-22634238018485937187
-460101307658008876
15620583273425291632
-730790399609558564
13010371505808870685
-7929960963621571178
-5203358321045135230
-4898329679532446149
12218634679188912303
-6353102662337716992
179925196476597122
-26383424621832292953
3369266792807471304
-16730814580232202176
-17906474293144949893
-1617750125327524217
-3329748234003800554
-12933720087543620824
-3721959280901591753
-7343845792658528656
-6782199428223260317
3494539438848089486
17113849542661107302
9467207068144333926
-1755084476959495071
21395018359368379108
8700833870894510761
10562696703492824780
9449201473842572155
11591780521139080960
4091865364757222103
7186604790297599035
-7513335869724384935
-2857024142461469501
16217639055657136122
8888733020181438456
3304034657603030898
-10249983073836549972
10471185308212433207
8680802492098930411
-6796039580378212430
11391387801466536379
3058101460025823531
16622158355495665744
-2276975923682483340
-27036818040152562081
11890459059484772241
11500117666269436832
-21726864036511060893
-9235342248175886410
-19751106611326717058
-14332610984725865248
2841770299554027002
-16643085258221999869
29935620994715624775
-6995430839596972288
1231279387820105965
-23912109615713111787
6602015479275797518
17023995037594917147
14001883634424656815
15903068695553939643
-12473773600275403703
14749616791380800261
-6754534840603451122
20785293717687035881
-15406890446868585915
11447903685933176457
-7250528792036845080
22305087378661700396
-230091152811059392
-9667041085876455395
-424387558158666857
4258785697546981638
5710809894010329077
-5863109846456158330
488823825031822972
5913018714799543258
-11197799924582750663
-3695456293698506568
4666435962470588006
-11994141678222603150
12740846983147114253
-6152409186894542667
15986084700498199878
1437174345136043071
-6160493049414383166
-9531094096193209264
-5232961015211793404
24937668013909914103
15399440885556359609
15277325137253883178
8971558657051874953
21590272098509659999
16113010861211270584
-4034737385654053110
-15177858060157420564
-12908609168046392530
3866684220940203854
-7917884681748650326
-21060169891783281072
24555602903173568824
11624348849469370913
13014237633076162880
-18057092315722822603
5757912445978521690
10390385056714513157
-27591206185268357985
-7327192433181678608
10821115149371726070
-4214221164358983735
-23457092948362015541
-610956230959966763
2605501156565912294
-8455951721859943667
-31593561500603660829
-6038867385074463827
14905398623872011899
15153935551911369289
-6584677354942252302
-5384858911943525487
3903040990728194732
-11383069801176959404
-15121153515084605611
-10035434502803081838
26061157228223068267
-4632678653898959768
-2490193499167832175
-15273759285312663390
-2705865230776002372
-10425919763924495173
-14478495984882220779
-10547221152327540446
13005772592067445354
9067387614678335731
-61780034033117764
-5736352382268208600
-6998524643265189651
2777089268332801018
12409660384557165040
-12037193475375095766
15381849565470776217
18113236281790644760
-28870728887834972434
24210431387365217361
-15716632212372451334
-7446630813930692909
8482890193265775896
14035587575607984350
-289763044804453336
-28510253822734112882
8421155403794998728
-1385468463617973259
-13705275692542264146
25451523369255097134
-12081392115916808904
-10548967514719534107
-12483041487337287850
14676486635851640497
-7070040602333409554
8826551906682935346
202980830621646138
-15594323546499136766
-16753822320643641514
-5418400012643687488
5110011753877853451
-16123468153722844346
-11357893169397997779
11421149060848328758
21815483269311161800
23840038866206585
14662583725505338507
24354902478251661976
10755469953010778793
-2068029585631247332
-3828840943702573145
9552750325250556661
6482618037421329485
2621139538280564488
16055238753821131886
5122549125604974765
-18008534322753662815
7518680057646236500
3443592632768946267
4039291791145846967
-15338790740698570509
14505306640750289544
14350001022946806211
12870294575895543387
-12609487952782850948
-20623595883807920088
15386433349416055061
18398832097505039581
11845867381120140793
9368716867171358765
-14008260166484305889
-16283852751472696898
-7300121047975176463
-14359753498499977906
-19334578078498833396
14070687464861203346
22312157530584094867
4810585561601126564
3826120259054966957
4801728066755070548
-12577163577388530148
-254414645364536446
14502065030954207175
6313604707001287549
22487160271649484126
-1688753500310738757
370259256426108670
-10745682189280782351
-7620178693449856904
5900579324147095357
-23864971395662879180
-10525540176009868335
22842442092921125274
-4323310002327029702
12573103656196108295
28671801975578293559
-6212531302908352730
3842090098700286789
-5354619997838951409
9337494069546263533
-2137716135696781883
6022458675668114097
-216048666925747089
2810295992521448442
-18524296684013945570
-23284944107298825947
-648138859709337817
-1054462675547984176
-1822960474637390388
27152465630847724593
10961254504341848514
4470599982495947003
-6075169154109852318
-13880075518503940159
12738261564294860556
9075301173109096884
-23831669859858197874
-20295410230092129121
-13815539365112016297
9495167636261014120
-10175235676782091788
2272532572804859612
-5654044399352930178
6808328305535241765
18227508063145508648
30738559222131045910
-17620764111145675583
12251852625775409098
-16179119535070230515
-23389574929073686919
-3308195890438497892
-5527385038296843276
4503693901556611743
3726500616584579623
4777084105078108785
-8729216658389847059
-24404016105558490143
370837434673791814
-7800292778098690777
-7213640317262722455
1146038222781951887
-24394257232719998453
15074484420182442950
4481898991287340234
9180338826703392197
29250325595576489046
11720061203762330115
-31584665472061981321
10763081139845577451
21126922016660823909
-18685275265956370571
20266279650823833890
-4925799646859204868
12820866862551739543
1491325199033388305
5169886935787993649
7013148935591741369
24805256397793749381
-19225750392282128410
21714729679109612850
11738116830928118385
-12869456987682551637
-18898040883167865552
-4803595650805259134
-6563133680218776142
-14976492225584409134
14991714311022724787
1611637093228734929
-13806559261365016394
-1899282278388579407
5210797552025820517
15116267074548730057
1217209596872898715
4025622418269742472
-7606234094971440851
16458477650057187788
609546266851147688
-13116307132915339269
3921092292780210570
11401110478634620582
14559073105645074025
-4981636411572286763
-18217254296441951788
13860981142679099275
1514657042605340025
4798958332720009869
22490142055968692633
-15051364070438915806
-12061881105161208955
-5098769067393012147
7918336096743760924
6183407747133501531
22920525845213172944
7248535420518779952
-6902659622854906813
-6409811536858084518
15371219988290184136
11242264075274395265
-3131053196463074564
-25240150906694701263
-6552251981015084095
4003670781517137900
1994425059973127056
7796139319942687263
235817927611078335
-925624857489031721
3154809845101296041
-11655132704166708044
-12197086635964822412
-744242778245468945
-4168233966220639173
-31298345907152324534
-21605291180815245521
-17811404402671057062
-25341816639857675507
-14741624813615347427
6479133590470295759
-23474868319759013396
-108147236675807660
-5162365626408810918
-15206060079724187406
-11183547265017016154
12649797644220114673
3914662744887777203
-18987884477666117192
12788498601908263236
1936838071791786156
1233810524810663933
12930526122736477376
-17244459678093712649
8571923753999699810
17366804757563466643
-9037349391093188940
-9057120742257875950
