2021051086976009203
1161738786671889740
4558981220340649788
222037526130474013
234420057493265612
4329636844168221648
1530405067603967473
3986886677311026419
3473423233140912899
3968020856032990220
4463134394370163780
87569522150928607
4392149242155748720
1526805228652267509
3802530059426558429
378667646931026885
4598229470608645232
3532814917385279349
4541091892409865525
3803220899299939445
4553231409408461844
2095811960794779676
1158903695040364868
1395895368370308416
508123179828709317
1247236789541799756
1455719124579845968
4034659001648398352
3602734906688165168
3473473571348567885
3986203870715904847
4346359777085182979
4386439796279244789
1150665564507608320
3837585583427580172
2106901761617250143
1370062146713509757
865800260928352720
1393603633611272479
4399796207888712927
374063755955025791
955981913348456532
4608166744804160781
351092141286228287
216578625417310545
1720361160077739284
98891679150720817
1440153864397255493
3732850847316379085
379566772473679309
3557629700115612741
3531882136220224780
3514434108035765440
566886275315724309
321994716907254533
2077229802082606528
924730320810758983
4379186963095307011
107811503607337299
361726267854025165
870268915531317555
3968222969708248900
1242133090868908113
2291343602347750687
2072871060534410332
2072011064350082244
1717068260535451505
3676940384244977476
4417982810161153011
3544684773899763140
523296337534745935
1514352096165614451
4566458639246652912
3806473004820820929
1575186849129570051
1440447355530629329
2079763443737744655
1256789958702727988
537424534828990963
1499752919154364913
4332253891123762199
1540045285984558863
3833976017160770391
366426764787827997
3531934114826224755
951753883356509123
990893280110316607
98327466624234513
4021493675937956805
530312402245243844
940484665256926421
107880059767190359
2041243134905667028
3710154089732296497
1004540020240184135
21487762180207557
2267282276643331533
3982309203427809233
536033690884976735
962701010238706444
865205001382909888
4359292558272102403
1500821330776509757
93542066014176061
1715892572371630020
365096675112681341
3769289773178208624
252145319352419589
3984967900405821759
418568410617662781
3827447288860265983
4559751073461392204
3766220253773513165
4341755107729601875
4382899672574644481
3519547699872792567
288220760824050547
4602533978984281375
2158727622732005872
3676581477531858812
3760593976232509917
887280697221698613
1725384737781039127
880275538610179965
1099995197604633605
344301985781497859
1167698070981573693
2303540447304300372
289766407803786240
4030964998122260479
238775236538922271
4409038347175743693
1680248178334498685
429263565236934095
942787616024908092
2257250350605910861
350539477012053964
2104523259112575220
955261440108987441
1498667278438240711
4026021654057387271
3544693395627046175
26138758668682255
871179577912687665
4411259348024393716
933121244417310519
1992523191229696
279152841496850460
1250966078479987709
364636557859177777
3472564621531759440
305417685561537847
3767196236236718192
4557774699267653445
941248213938068947
347928570720241477
1456734488064121927
3964794751189061388
2247362309661135223
94988407381492575
1438072455764439924
942362585510969587
869428116996717649
428707779277079344
4413813324254235927
3675009264408162309
1426591594823752983
4609367171205504244
2072640257069924364
1585122436085242972
958211467781599260
375012077457182800
1102467239799932353
1658306270249153616
89357264043983836
3513744832879117363
274154412016688207
3692675714019488532
1157494598906368321
418632211600563551
4017234906613763405
216180699300695415
22255510404300051
4345978866805199633
3881316534829650237
1233921777892021308
1170106860373283956
4428674564842409343
1143174426224967764
1533213924893970288
1210570092514868244
1545259633408340756
951442724565226308
345866162778653952
2124942504304827888
1515185696825406519
3462176799927850445
78070839355200260
3701779729339141459
1114486959368099124
85634625708035871
896354662936823039
1081762612431494224
4610779266507962335
3553374454408875073
1249121143912199667
3676626083317029917
1383861853028703703
1099428152091656317
4342839193753648384
1167353543120506115
1519758217664268157
2088928543122396532
365201465679281152
3683741179763246161
3967900931264400577
2251786352548987191
4430754796979641684
3809786715140595699
4451794487074081987
292119298329070852
868979563592160263
1284718825485456631
1675149073759165647
5063591437845847
364035368166081535
2107627849704567564
3850820947594641788
937249515433673584
1392954598844470140
3460805435051767152
3747238766213907837
2086791095039262000
3732498709376678997
3874569032657481969
4018079262022841727
1572817145620271581
4575392616459359191
1515268172076539197
140963009915195335
938807407638856765
3689635503005751132
4359330852864227269
1681057966294257487
1185291424211727172
2238658300349862852
999523480246484988
3545530497225477341
347745913480887565
1447088212841625027
126967155325144860
1157727692681999167
380292343536092353
2077623278114034508
897751595449841093
305215358507483092
237973331991577653
2254012580030673088
392742737020213020
4022564139618997617
4418889077882996529
22610169012880151
523956611343795649
1230622960682818864
321184740103115205
275848869997002800
4329638710954116053
3887714793671872607
3801545303139612656
2031194296719527887
2251783626307760499
4415146512229652465
512662680835983109
4341317067971047492
3485219061935927764
1473203877396569937
4331474778942915855
936825134261743633
994723595627512772
4546370363394481396
343176205250612465
303225466121428437
3888098787414310669
1571038689448243217
539851633090156291
4455275390699860951
2234724175837351039
1440929629052290364
3464479574962689111
1432144465740366111
3476919407137865596
1174385986194361596
1681513973578233616
3744522307640868895
3692326089907765308
1245048609065715164
2021887932842906063
359546676278968447
3814689009248821245
3696433930677802485
4595744016621306115
3697951178966287359
1260998299841778672
2051233246015673392
60594037841031391
2148716187634988495
231022224643010615
2241882478477381981
3969207793563948241
1295930446307383100
2157576356471266375
1391670796630588659
1476266113313535427
1149271109904702801
1389137523987718095
1532639444426830195
1369480281160167751
59810423377097087
293795095080977213
560490376998367253
2089701359115949277
1100339782632160371
1175685002122551093
1184953801009906935
391839402316609299
1712571948443922525
932316849743123200
3998194615718367543
3692724366205714903
3734413252588728527
3590731733774709715
1518636063826079775
936701855230410496
4349487800157167388
3963661704146801471
1384071830168622109
3874225246475982303
1152356132633047345
1535499725813371677
1715964912438625148
20068411842320204
1449385933510887229
3765278600930325837
1458951875965474589
4323523250501449037
528149585570758848
1677385467090960767
959090606385131584
85854541157981968
3842964479146921776
4545065566351724639
289458324829697357
4599513601001586708
3586488008341132544
355792564545460177
342631150077165617
3698515592059666896
4411130926970720564
2293177515176363508
572890483921351120
1463475748304351740
3692371240166938589
1460573410414124108
3825754552914440701
4559322809506201665
1533426418783108437
2097821114285678348
377268922006974544
517914180339200061
3707443330964066399
3676157549278125937
1674448269348426615
878763898524693820
392364555579998469
4338445831650985171
4349852445896168564
1095497713775377911
3730053942601663813
968498272827995584
2040362907057783807
2234732438402964935
1427576499648449852
3589649815333764880
4565801409441906815
141604027318368243
1446853673253657695
1519780001723828188
2122356358739932636
1509888148498763997
360065665976174461
528914916008907123
866051485744705991
2113156847543045909
1086352419470980431
4545033675112209859
4324809411803967839
3459170182037291825
536984435758821399
347163325195181124
422526736938325836
67850127524764977
3586278035504362499
284244918970875724
969242334011340611
3513710911796036364
3694315080062014941
4540691718117606468
248248620068991949
868585447452656883
3545467358786412295
2080050630232915399
103599555726243084
1112529295658483069
2290067426281325823
4034438275475522577
3820423849149936765
140125470352282945
4457777571382689621
126132112967713996
4541313227656592863
3805547117715654095
1167913431556108337
4557941273468618077
1725122009885839157
933657789200200012
2121214207261152720
3734704291055410455
1503487557903664340
233907094344914780
4457737142990241095
1179314032736193781
2266670731284152084
3480226773777276927
934233525233437895
4420086586986747859
2093334334331288688
3584871079249039423
1676399828443025173
1443210016189576960
4355295099690106164
1211474006987601668
1176584181071729475
995807715400025137
536910294509630941
4463471979248564061
1517703186676978455
2253300053609493777
356689603495843604
2090232159546098951
992338934108008707
3995628621921009661
1458355943545749764
4572380702467801407
85873043000467271
220607992377458740
3590483001716110423
238512596888573719
938812768969886844
4454478735282101315
971780061075984397
922623158299719485
58361043176879053
2116075892319943683
18893171720141892
2292051612553122817
1572053137274377239
1582800589910143811
3819425756343992133
276197601201680637
2078137686194980812
3983236293310887877
2073166352815052101
2037602879723917575
4548477600872337361
3809020917032910839
4611463302752827261
4466572419264214287
134224270255682355
1679901436782040863
882725048459492373
4557033079407981041
564353012786856927
3966671815661860815
3586129175897162047
3981705767840863216
105796473152609397
1658949599422272540
3874501975587509457
2294323963628680140
4558906987483887411
1512311229833878769
562192792855714837
366005490737469269
3977792582260454773
3761927289563273009
3998923022230884439
4341571466467505468
1503300934582600925
564202589286396976
1544967183787716823
1404367771676827591
1571991000448356292
958654586125487920
4346330175386091847
1393108720710654993
2247427888424928639
1172349116277330964
937625109852538097
2085434855764481821
3692174370277940529
1500106626185758709
