887491824826401011
1256508093056217340
4563260233028409303
1526985741588448733
2039506105645923527
887525545377579901
302594387420934389
1535020785441558864
4022633621332292464
3833079161285328835
2303376067197603859
386735412461043472
91416770253250359
3482759375978626263
1674515535187990365
4343454752746884148
2079942869067259859
1213000797599827775
3494607833599802437
288456084404622541
2268773371904212944
1726071854009971987
1677014565924110716
275077137609775093
278333798439967859
1725846524192895359
3535290303467770741
564425497015797203
3742510241827026032
1372740006702161220
3966922577339598156
2289012801727986741
3544743918422749279
356752850553094229
144114296187911180
1388187031612690741
4329080749333748829
91564982331863423
1260727319414506947
1573866539267917815
1441511643414993932
3710760497369338865
3966580347139211279
1156360176810669361
287105850936348623
104130159175745584
1179235557005332691
251134047585555285
1154170580958695711
887153585539530700
1242430295692819932
3818451906771864828
89928166806478067
1106977109983711557
4020893438371481431
3771135977783111925
240718490981883212
1495437063186608384
2122837068395606039
2123409837990417495
1658578414343749825
940985158239850432
3807586862906938820
2159473053535257841
4413463113631007567
1728545833709666624
562899234384724467
2289465231352332621
348840907250598979
72189397004465101
3967689985111689084
960411441016598876
1096574072543729436
98451151408860429
393809293577932127
920378314257602421
924085909557359557
1513592602106200415
1575378015944562047
3827029650651028804
1294063614786624725
230036824628464701
888334439213453119
2023610503154908620
1581897908546788560
2147181234197913359
3832805300906689616
3545454740216217584
2032028638235445184
2292719066571559165
3527535997329019343
3590516207968384076
309698717697770359
3532290249413444733
1230943388044745927
878505928576414676
3971263858062941633
922133395796227059
4598300311865488644
2090792235014768471
4339003861223161180
1427665130552915411
2025515855277838384
4607249856048002261
3679530364055944688
3483328003223870672
2253279743434830325
3888281065764434700
3529942494392710527
1148509539193550101
1134941404662618063
4021486610688524484
935699063557799687
4381860828334640463
3548797813296328720
919246083261945805
3755436669735617396
1402802002968130381
140514507023730628
4597140644922455029
3966922594495284021
218230862804512797
1459501992384722207
4345231406965678029
869498318328680496
1227186196296057863
3732436758954340437
991072797067694175
366009774237752595
3545262059616146644
1531363636647621500
4601865392116203485
1248858036366017537
274540426726065607
4598266856703512881
1446574420786107199
87810526764194833
4594188192620993873
3998594310793985364
2072517979877264765
58270127442899059
962749360479482317
19074831588792151
3966883136575489052
309647854539852813
870422871654815181
3805892495715357783
2292137681885790485
3827811191221515729
72364382495955999
2111470553330957389
1517097434970604496
2106901499515072727
1442558163852661783
4017303515416518403
4566469991154041877
1509200094898953555
1393815095561112916
3588367197250485533
1386403915240375233
2238355360513326405
3814958861379788604
311804752085644305
2090870687459921212
1460102084422587477
2108876839025964992
13866788611511167
4544484148039939359
2301616505642762460
2293798078764766160
3995621895620988755
969413921629027652
1546421101058718845
126999417035997263
510020424666963149
1113864395689250037
2096219313711337748
374771907560751421
2234651851074834768
3593124035603742577
3475711319829771575
1248683982272672243
535981979393590385
3802248425601290517
1569468273286175745
2125435638991232965
537990847558136133
420190563045524293
1243351121652626708
368190648910689597
3729855824172694588
4391376323813955568
4341258919509563333
3995806421170470732
872573617782592704
1387063825723626509
378819096021323764
1567612484518428499
1284603369895084381
4566594355137282871
1431073144278569328
231318568808829137
240132571006244220
4595167802730692429
3842697778007866455
1714957028626215895
1688853640939642737
1473096486269485047
368547245732463935
991702532773715765
5978168255856689
3801442829464503260
361506597453774975
1232878494825709399
1400673459995872257
1689752778672690047
2051180452459122944
3881853314685489009
3464452824154273603
880194019367653124
3886663787257009932
221860849757535477
3550384056112787733
356337937895742781
1676840788315688927
86713273117660109
3734681203490225167
4449864089173545201
1423558626359704916
2072205398764631543
3850845224643069905
1085187289296673793
4358413273861487893
4428535375782266704
23432606536269620
2022078595639610453
4329314883976574273
1185533110768588551
878481020000139216
887723994371148815
3967513989817127680
416546755064611824
3982648769118209843
419763814893637699
2090641473588703281
1500069144028847168
3854172380925579135
4341501945752670227
539595585502442615
961269263959607248
1692588024511430516
3820484012939367409
4032960125963435900
3544743369338111999
3537001364804539253
3824422790979616060
1663803483605453903
2089459468783926287
3463293427194523717
4411009580595427315
4325449418994570317
2234634616047759821
563073943965482271
1135845535192669431
308344773683462080
2151864649718945661
3707594945189738320
1455792109285358663
1537156233857009457
1386282150792315909
3462988622025179392
3833791734557398796
2021939562796238019
1293606178955183167
1691091846198280156
991901309139287164
69015453608008732
4026153007527186909
1573152456476807235
4325099756292682195
508862044938640883
1688937647068893557
4608296506675655127
3766988233591703325
1426862995989057523
1089032118082996045
3482785763529919984
2105280010108755155
4017628893766824791
130956628327912433
95987213921442871
1242997203769171925
3879219165060665564
1662162737471282241
3483481274515411143
1428898732018883933
1112766274068026748
216732790031480583
1212546080809680717
3482184073726909447
3513987980535542012
1459452358836436863
414565659595195188
2256617668642594167
1711865744997830965
3781904181268529244
1442292286318450644
1103888561038651871
5731975246913301
3809903576589618228
303942204916616319
1424111389656603861
4555196699386560784
1229993920846446623
518218598329675871
3833773849253577668
1087043706542214401
275625511252066397
1386483414747872575
1249146879618342908
1150491402770274117
1404894867393617277
1245100218079244407
868140398960475383
2291508734050190807
2107743936016882951
1449943951327065911
923294089774879696
3877323083642621971
4563290865699705905
565024797715383367
927538463040044883
221608751837200497
3475870648398520183
3701185102946447636
3473497926101322963
4421643232434315201
377281420613600079
3820315003470503415
2075110361822035
3982610427542730191
360292719564116288
884113300550308880
2035922925072416887
127741079517425989
67866534890910707
1664025073936323639
3478028853037027133
920705734730321968
386488324049810463
923258817894273908
1665281023215482309
4381190109014115596
2043786778212384531
271402484717917023
2292421566136832476
2086324367868572144
3693018700529786071
926752310925181969
220989682165289232
955030323212012565
3598901407036946384
1174335901253569733
866823991734276
1292765141679267188
345655999956022108
1444863904252916092
417774849154637047
1528396431060620572
4540757687749672055
1209011425138990547
1683595105557857073
88963977216032092
1456155613993439484
1116277240711339505
2239221151294815488
3844953984624545539
1088763142508631152
3760924006710804305
1100566089840051676
2301837265088032835
1455068800875712564
971897119721224135
1152096862247081343
1221605761930575967
72918877653201716
2113384551011054449
4331413637337272067
1395927645584154588
4341527710129833221
2050206853450563344
4431327904865243479
3843755486987093308
4601938941751316337
1400848118093971393
17811248654046323
4415504374130892575
523349063238627328
1576109529380946391
2076394720607341813
3588521712627752213
34937015657121779
4571379559357018125
1296286619674952133
1247576206056968149
4547598218300961052
1224154400630359236
927599810880533519
289339919762798581
956179091396218847
4397752148370993651
936551718185874193
55692721596625104
3804698414684598391
3971291358994633157
4356114501586846588
347195258260166005
938223396792094656
4391859361400947701
1467554403297262965
131818043668223473
1672822313088137203
1429123236451676480
1208949116492406016
1251856441694701011
1080939211844286273
3492539094558792908
3876688287978354643
2086649730415276485
4346848881751032576
3683942112303264884
1088837798611909879
2260099330227851093
3854271989753852277
1149675146984576880
26405138252175184
4414949250745436148
3748679433977296247
1161661642917920892
4384075292604453212
4466660730271547731
898263554085638148
3753473072762254303
1546201203560155088
2305825539397285168
3841357159799209971
1210399656542848855
285772147424965500
1463771436715046015
1535006589523972432
1689236644621454396
4421703729134664753
4378843949826168700
1570931391745475344
284795627940295487
2075931679067540803
75527635810932213
3751992395560189968
972570537305641220
33582716369225040
1157499596165838195
284587702540533725
3980145365369443661
2091662889324985620
4572069600598413087
2260631035737018565
926674205944323845
521420299669016896
3464399254086538327
1373386732816333831
991640136699728972
869290681004144599
1174685032438105207
1152077369577698049
4397623599428301844
359264874574672156
519917022588457792
4339020861957003079
995244209831967748
1170228934072022876
1137146222941241439
2255392327483880259
217093038403802487
1476429844559699253
1464598922280519439
248598840659431893
2239691999481284575
3771753089350856967
2238807018848587991
1689972669748621564
4345199313630066508
522690016696038676
1208192803557164369
2107769035729671941
3549909892034715475
527048664710906164
1571140327871824212
994228988230292437
1681937557982658564
918757473274322173
1569503877387515344
3535112229372297159
1374465500887728213
3459078377237127133
1094925801206127676
105082475089359228
4018441732614261981
537604286779837632
3850952029901111247
347973848839734109
1533423171699441616
