1260851612491314119
1086514323363466623
423286753705615229
59622061778145392
955822213700990076
991056746098319117
2019246461438203741
3517308269603591488
1167282446384840909
1098276821408793692
3707647578955153175
4355267906145375281
517948883268891440
2018457332722651421
2256379214439632956
3842499643648821117
1539620248073846797
428779904141832221
526009937021441533
940213592154689533
3878514973777622295
3982448692705707788
2021488536912622919
217316304761257055
1113743638761641425
2021079907879563315
4547869545121788688
80017854066575216
3746979243167319025
357423878978716931
2256395725246828380
3748212879561787341
58967965235493975
558821226156344543
1238796662199885277
2266511654322717716
1172277270732194129
2149343468781072844
1242273801660797971
230899052847428867
3481243785098509585
4383146277816268099
4341315547958429008
2145902581623047039
1571690711510539460
107378714734806239
141032232629632980
297189024880078933
2158479091558274375
60044292535375357
222738855453541399
3874308733979852927
4545754198873276877
3490661300781302845
3458822052764794128
3754947730322444597
4385644316282782961
4544537043797005068
523548697561977180
3998423632702427207
514504030256945
3683064332726649200
4428512072421920517
2302990068664621047
68899041020207060
287112431362980916
1004712593354409971
1572975867923092483
3590445427376603633
347693000325121361
2251813038994054391
3601845565069197525
1423493995670106359
3737795123026655039
1008757126589641533
1086444812347207757
363929913328453388
4325444753116372820
4394736943873088981
1135431641148111927
383993191089862141
23012182766114644
4450616661664335735
356246386688197
396277549869790204
509452463893123295
55679217512436701
3803254526222087668
2095243675119145180
1369323042905069009
1377346448929092887
373927720953141084
1139218419985169612
1498647610742099793
60759270472383580
1445659042859217012
320724326804345941
1437788411390287199
58841976308880341
865802834031801104
3986617245684746180
1135031370188787156
1674760654729277749
415303185894005853
3534751020312900061
1455878178820355923
1476126108420273015
3816187092233733503
2097899483237005063
3839306449284813071
1374669915842220317
3675302874956513404
1086898425603280885
3995639828192894940
356718698221846609
526348847938737921
3589384115250548675
2256265205068935505
1260291272147276156
2111365789741502933
3982544661267862608
3598610079424757965
416565782438675807
1582788021620831091
4600198613804568663
2122125355192402204
4458283118129184577
230651209209623888
1514462325209333581
3729258393500894300
1157720943684179909
1443145626283888401
1442827879024917620
3806739145389061173
1692280737937617092
3846004612613231732
3879782656191351892
1429696556444758493
1160905079868096852
1446741851343356213
1519899741124882447
924888080396912113
242920726155707508
3851935586051933655
563872792963782405
4566042370176679107
1464879854695510812
1206982377479173105
1473823995262402940
536244318348787717
933314386600924417
3965405521110986867
2075533824748736375
879570232811778163
2234019410581336525
1515193336780110853
86625861386459007
239941053083534832
2144803120591409264
868353812439759892
518762642503974173
95556372908506885
3549766440126862196
523267704153392348
224079422574051091
303983113419216861
3512820993096880141
3983236797115522893
2108834574381090245
992974400776516816
935649010098598668
1283278998805016636
1225277973956194615
3968591550118958133
289166185926443509
1096052345508009008
1136943802133594063
343466636099978741
5911331115202036
1230683177463396349
4396763647150718039
4543076719779716159
4325074406309581847
217807978220216083
302301106095904029
1438694299398259580
1711878950054384691
95090563313004575
239822539630792016
521326001336152384
518973941242728535
3593609741665096775
1465111462488032333
415177194042684225
3557830326552053508
1662968817125772364
1157943385460274624
1512151525505168223
381912139260853584
2024118786917942593
1283338388645991239
104813364052980535
3518663447346487088
379423939546518327
3563258860380847873
1242852551309663604
1716135823187985349
1441223894698554673
940426964459860829
1086268926352129999
3546404889984528399
1152065813251999569
958637745449029427
1389208511683448911
1582257762439659485
306317341879127040
3552591563390973239
574164096188240944
1211192619167712628
2052574029196510259
3472610749881086292
54392034336495612
35042814598119367
2266739359429754180
4381810357332936701
22608020051344759
969677814837105013
78636466048556236
1383525638148509893
396131790815772767
2021501348515481045
1391435340221336631
1148478752812368383
1546845176151096655
2305790040220323103
236281046250816324
1429612720786181383
4341970539554091023
1661759127471736273
218161245500340175
140118416095693876
4566641027633694000
1157176030341633797
881878518609282929
1188691028685374416
3563494229078197500
58280513025176407
4467347706654820163
345791953956441939
933377375305810001
996638932749079809
539859648058819679
3481129495632576496
4400352126822112572
3980412431187787855
937979453118730711
3764942300698906899
361360493650114428
2113627499650879757
3476519223364162628
216418810733023572
1683251215780896068
888842159946255863
305120183930832380
1575660929143276357
240893380160504031
3709968222246875927
3981134919425121491
3536186985016057292
3683720054544060608
3985759545620973395
1114640754169812175
932482000059850615
3841658395862817852
1098302565964545853
4610942814355572540
3734389228964746519
3769883934900360644
1208091493748916592
1530099094117249363
1371064634189496372
1139201095546008780
3491517118174688579
1517783388458927381
936736852108701700
379947036080624597
2094111211212001107
3888665103812646271
1391558422763937607
2289479068880566080
92168833285083476
526014399505237820
3760845559667442005
575568155411072063
1663197211905086323
3475921255494931827
1517102283223168788
2253484296370127645
886383426945381383
1283595184241447680
86438112191274237
553136832905524
522137006230541363
359407622639644948
941530448631037760
4025307797168969028
251375292138078460
216477604658344316
59757429872523037
2111612038048436032
3761970500097799964
3752698070967876849
347326984530698224
4337948394482646389
508849813032616156
1296217560820040007
3854313775762788112
4450415272567701809
574204622176339212
539711875047305436
2040061759247955441
1423374286176710919
1456647400164111296
2247647216891188085
4355000476644675840
3464213954598818892
230912800370720881
59047967127887108
922670782664917213
869693096158118659
1447679704731680839
2095395888051457331
3809868595291181364
31797007969803463
1715928933080301841
1387976465654828828
1540006797284478845
943491223543627121
3554311206444667220
143324078673956173
1283758100158107708
3837004558592332849
3698721870330677084
98294089078660301
1228450528466301300
2112685494402761727
1532192903006470979
224956020569242751
2019852837612504079
3676067008750605119
4455484933431039357
4409252859243207732
4391908209683586383
24542229439824124
4598488605356474131
1665209593469661267
222318328407968964
1149949817225596111
3805263884241040735
1160824071576950541
4594230660663886935
3805960005297323204
296170283951391220
999535320606996420
2044586132506727629
1444799372295147341
1387122911457824771
224600843959480593
1168402891221094157
3482127780660739391
418255184524161236
305352869687349456
1465065366401893132
15710222846594317
4382938203562505027
1581682868193526897
2269670722719777780
1082858235638575571
970461073733285693
25917895276245837
3478204786970709189
1112907188926902623
415194616555467020
2093291192917651516
85700279384487109
898401567983783232
230665379665742915
1243353101882382289
4411273632057146387
1220756133043503605
1464045642116496604
954900963484777564
396121016629485316
3845160319126935311
559294109203893725
1174591845167908148
3989923184089706736
3557656519949702480
1473860460841354064
4328465081907859516
252135350524149708
1675556592750195509
234043226423310196
1496610651703686224
3745892137776956485
4023738753107673181
2248708284162229749
73179938991140884
91617697380431071
509260182295354623
1143685912772965428
366976433400577264
4399440898506949431
941307157394035153
1152648232278504269
2085716339740638291
563184236132061040
3545589718598829137
284140137532054737
4343668814686015255
3752928988575892247
521631132659273687
129553118466986300
311051066745409500
2071867879771689165
1683498748773359052
1233778825200169235
927528174174041025
1107125957616988657
1233724016447795975
3980605943511375061
3734038060532092787
1447893053109899487
528261736085544277
1443126965979660081
1391964220183332093
1527006425073786099
891532740379754964
1176943019630724295
991026523042608391
364013992283996432
3818902062390890831
1154926963615675341
2037018447460040652
3747333538502735300
4417142098709525444
504697896189513805
527981450479350013
23874202105888629
3751286503930404807
3779751492420959485
1242207642776178044
1238561353174446163
2017838050626728396
524067946798084432
4557375379584326901
2289173395848124367
3548228478047572944
2233877719883388247
72907791259262807
1679980323516121879
283943332821921809
1442285477280169204
1459509274765169875
218169479354469429
1456898910199942965
1166501834125038876
999736527606238983
1584437021294986463
3843206579059938065
3837933149503704887
1370228179902677312
4597900156280458365
1498573054189518848
1215969104397292291
3750711582147427599
4032785578079557391
98498956691457495
896625099709207583
32472929989411012
3701746824618275868
1473541229057424883
377252153955140885
1008064082693312835
1535717607661116865
3840534695270962628
536224423977385219
3532509952124978179
1519717792501189957
2090927045131727123
1230876690042113868
4466669298528669767
2103687099021623069
1250977326797682627
3688730451332517084
1104455338965401845
1528141192558481525
1279325832131728691
1662672992695869389
536288030244277317
415551436783292611
2301413352276824319
2022119535860011507
519171594240987359
537393746158076096
2072781762273171444
4346888712719710047
275777098465346000
3806470871295679695
291702449179511877
1139832869889724161
