221879037481655761
428929518308509444
968681844454441420
3802198071276557319
135045440950006541
960125648680983804
240684295754995527
513401557616131413
3971544885274950925
4332412010660443981
1719760913838638100
283864581839537605
4545754694153149808
1663258826032297269
1140611447001202001
1662940350816472435
1436649669967805700
1665506975826697424
3761630751276104951
960323615297097740
999525438015195076
1228695267542814732
297048518520077333
3732460947562627133
2292270436300651539
90168739975089173
1429844710766473436
1375221937296163668
3765347955544151551
375141228864549205
4018887407552647943
3804512478947493872
1115992413730730045
4383145179507144561
2121758102844634572
4607313386782805953
4413322566764135453
4346944729317760048
1149632036757900383
563447264753156119
240133156825296981
3697593020795707248
3701736779830915409
1679222812745682783
4328469953594274677
1139441615749862737
3766686058039017921
4385455990305471567
323507332111891717
4547601190791181775
2022239683457646609
3698365783480524605
90590688169817311
1230397545495207875
1296144195220135039
1172428348950795120
3986879174259208432
225035965869913107
2147642063795848028
3824624814136777937
2115693465576749008
1280675923100026876
69546809026987277
323502525652520305
2086702032374215956
420510521247358733
1546731179674038348
1184501666595795957
1157641515284513823
1726080959407928788
1581612531750138928
3707412229805407693
1495713280483081677
4025325329951086423
3809207413205046229
1211555650796000247
2021506922260594629
1225530907202755893
1239000418262256669
347981993173406039
1294078179425595600
2113679571377487061
3535541156049131344
4330032093463900183
1184570945811006400
430023620167060759
248223335727625687
62825256948006963
1576081481859855679
94575347713756500
8255461128096967
1243364306878168087
537273062475988016
3475736855486519057
1447085675774414656
307596431751937247
1113321793748469237
1454748191438407039
1572301709589741052
32877352754202495
3814603610184052956
3967959292295601220
1537085386157547348
3815908799873830101
312788097008958517
1084738028369146893
4404379635200824791
238624086988151863
383084970751769859
4602045788491354433
4558008767282117824
1211804017816973820
91704991524389884
377722750478696661
3730055059325851505
346072660170512148
1260300767960501276
323348039174287615
3694380257278973936
1089718085598859027
3563557626484625183
1443205902526397684
1372811515737919956
3692111654741605745
98009900400301395
1229225160024577076
3823520645816644417
3520992555997557005
3766543366093274112
865329709407453
3841805022055683569
377210897280561468
3771046916549603405
959776295980712213
2157440125615546176
4597066186898624752
1284428323409363392
4394886294957785875
2115847619796742996
285931108894005205
3824454247013762844
3493882989115339584
2023651103488613589
4031587896795414736
4455279477060353235
3516209004816565249
1535714560065402227
1284582580262302999
347977113253836117
1113813060428002164
1383738981985078545
3545393244447637759
1209024309043385156
1581739144398455028
1211282831049032455
2291700215641555923
505598701566496823
1098118296715464460
1388256575587745732
3819912155340197940
4453211290483946821
4556870791540502844
2248805860666773697
2242212897983779831
3964385106157106452
1105370119681627407
3690637239596144127
4341574902501672151
1728273911928589635
3588309507387905405
3683033959437222215
1442224170028979212
1460239454967821269
348849576064333052
951321389174080605
4346032207962059889
2144856351480827956
940985966363988049
1445870728249627447
4464698970938866755
1663938317390262535
3998078359216180351
4349691984713481308
1116681395515814364
1178841146958151632
1679635399171838067
963721925458595039
220893895347105996
94316347233416012
1005451437301500988
564024387016395855
1188939256868982095
558574400677706832
1719552378468029535
363667678955584580
1257635998729458711
865953574986775616
293604047107521809
868422652079754335
3825200387640546637
2252083233331283025
4853240151536640
2095304414556832065
251938207573602624
2104255047470898389
384880846902392013
2249321261908358209
1692301760648720501
4454303368060596423
91294047128375316
4575463946826301201
270515101676541297
942468313544209471
3547744819222639987
1232880173974307853
1169842735167855809
1510764985834541052
1247442058655952979
4609242160927551939
2148584058555167984
3733819654470172660
368546951518304071
3987358387922796919
1539320685278885120
1719320436050741087
132257787408567421
537915503615872311
1438070228838190367
1437579873787117789
3887765223238334213
2161569785525129200
94369115679028423
1441151056456700993
3688831069815362033
2109356018323692659
4391067299916152605
1679006470568366045
1103737450141660096
127496136393782223
3492313076603016519
3990125442730608588
3806453144852634636
86516023217716276
900141340885271748
4557732970089153991
1567750713985256924
95479215675158727
4383092186879705043
4548036511492539452
3706523023193164831
4458418770775446901
2161447429859983868
1258506630215044880
3964104855507719253
4414430266506805709
920167090514367603
1464220820648556493
239041870204728572
2032268941669129669
562893961816209247
4395601318591160084
2035016580293729660
1715119889604997173
3692952055157315028
3537528906641773885
3769362469711985935
4417995026925097213
1292893560870128716
96194354398839284
1149637316039202055
3765430761270558513
866719714579543885
302883844573853180
2107463983596787549
4575407732332223765
378236931720103232
3477145949463606741
969139290549507900
956766392549896963
3748247729718779740
73689633389925315
3833710916773633792
3554711488989067024
4558618299391595541
1526798678596063357
4401643285157003520
3874236732039811139
1280249688573878077
4464612871279723725
279211911591812885
2292137926480698673
3891293073669239
3521048960246872063
3834550943791013325
4331549405417428061
1207465269186034737
996382729789601549
4409922697497236757
1532647810880705751
3801985311615172947
3494517184385875313
89365341432525648
3985673326251428949
2148163214330892528
2289243919957901532
4594935447689105679
3801600421615632213
4395653409010568305
1540037544899507267
4377856305070937543
2144645212661729267
1568786703609303040
395705787466206464
1228670421425276689
1510890670629597493
368449768957788663
1509611826411675484
216559756483216336
3815900546108432343
3476030355126344791
1210691073874940272
523315931892543728
1156712368123639063
1719589233616569360
2257697666471646167
356142072355160340
1728343340649218252
1154281737326785341
4544150025579795677
243037683597147639
296516515690665087
1282469747641243584
1515211819893330204
1513734849645851668
234140734256534399
991870890162978895
87556657253519197
4450822061896850780
1715622763584347393
4563572564206554428
1369471441555421171
2053363790528367628
1102665237832665079
56044577542198645
3678548042715249973
3529820581368242165
512589030131519492
1149847361227193844
566459411817370493
234416992845022068
3888039173601349703
3842753545720939841
3836913298616159455
1245035578232999920
1692357155343877900
1447842667585865085
3998920281591386972
2293549884894370836
3692352584556949827
1139793734495114295
1228660262534321108
350251015159431508
1681060911054705780
3964135548700276688
321820389572672711
3748191164206137349
1395226667357507533
2152567911464842255
2036485019007220797
2113108548493865244
936129770557865804
3964354063439523863
3782263120698111484
1081080501273451860
4420005221837898975
423300832559070999
90929894220635633
1221026379563614400
924154106120784897
3733855111637635533
3854188783876404173
3729074450051960823
924466083791722307
302869086987891732
4562670903738454337
3804485949106222387
3692103270169082893
4610929364875828240
1428793182248890707
419891139146947967
365914136091317599
366007562421404732
1166434352688317909
871429197021377812
960899822904401217
418638985439956036
395315095822163007
3552319605392756676
3967412290605774612
518230051124529100
1392690148997692864
3519509766224289084
924158218072232279
77508711902678861
3530768460785119733
14653411432644720
4540755282364977612
288780397537161409
2114165082472585169
129886530335633695
3531034658006189172
1207234427628899797
1103435593595814916
1233706455409706992
1463652768785104143
4572419556264500464
2018952942521732292
1095557737892236593
1215780323716808913
1473786279565790535
1446911119264448305
1670894632647619069
387308846164221711
1463454726620255603
1152178493908332924
132085793539686900
952462122091294733
3676368668880604535
69620901200814037
2251761081087226960
4395813678140050884
3987036820777059335
3463394575638593852
1528256653355336693
350215745603846163
3692670439873392708
1393288077225513991
1514121227692655709
1411570268984436
343748873404314868
1391423302052135877
958480638868738288
1719763025959964611
2235298196605726781
3467621568756927603
2252957887477405651
1459470084669272924
1089621586455089628
944996098225592273
1087563596769903875
22876249957093148
1496073590323234077
3816747645741954547
4565577001025455940
3464707171312408405
271343479806607685
1517925543038010164
3530116046369551696
3472509317493847292
1390582177551872209
884957125924964101
4547612895046852417
1513223029122223936
4803867174618381
3818863642892238915
1571013219256960063
1373951881939191615
1377327658245899636
1212404490713496855
943487719660897024
3765312140707623999
2112423483132428052
530436776511148109
3690081167887159297
536864131711782995
1153220433575923009
91285654999408447
2104095254804181372
1518834790277828468
230651216482288980
962698424401069905
1424207154441997405
1392792194319777740
2257935456865845245
3481638835663925340
4032257631660028673
995845330458980365
5717950031744828
4340484659813239876
1283657066871865599
1188124945364223303
927477938898564916
2242040637916501315
1229297006558575889
2041192747708134524
1449531255724781885
1456210188372557847
4378013483068871749
4409923379943378228
1007987486322079031
1401112423888352496
968801497518298051
428700955845591053
2256708859657018583
1208605154631160624
3676027459300573188
3981284384489027057
3732767618419917680
348217480927056967
3845225741182326593
959338316951450963
363877700383027679
97976196172935436
2295724288532923840
1463484064774424383
3527726725183504708
4383432299744922893
1517661760038715857
1474862028677038455
512831463826394948
1546932679499316277
4341400870403116381
288518443961274451
2032601502040817463
130401262223020273
1680976759262007488
3996908510771954133
4544093274573837517
1671914913590416157
522645692609250544
2144786302262302012
348312625820976403
1085160857299531764
1369222943335569397
2040092440202924997
416315189140656323
2037127095103250397
1533212628330445884
3807586999141151573
2037690806159815887
1679223450270368735
3591433748636201847
4409257265867081213
2291510823821330199
951684851354616065
235732269156913652
285801786147342279
509175047257587648
1691088552060064591
522976986016505284
1153448225736717328
303715675719016311
319840236861665759
4346207862113729779
293892135268139120
2123233321059945548
3837198017750310148
3517857574058971440
3517591943688733941
77431754331651267
3770903010579845116
3815636039750154035
1539201162031465781
1717946236860710749
1153980873077249075
1503305559684101905
2294020872136098636
1570946056046527253
1437146154599259393
3982656915511394388
3765392209735382800
3801098853936857159
1445089747100747591
1573951943498652959
58959617781405632
1370303884799497245
1233165444676309004
2090638161621745728
2248792872938860739
3463538584506553431
1141623008783532029
218267297028248773
4378482969655985269
1167823307840885887
1465912113565335421
92120644766670687
293823678788731329
379988967141130335
3767051421734602513
356343183518925831
566459443490916188
868300928157172767
1462681829259678928
3765224744651422961
950505121327894769
93718348368921540
2050779796475202573
224334538798920063
566385364689866772
4610859689130790227
2089050331769265431
1246404127548048660
69178202627359093
4465302902966547701
1535154661004529525
2032254569387357645
3586078467706319989
1185577511992187968
363937267632438301
969487836845819709
3696853110734445895
2302251188023465457
521647195074065205
2018535420530095092
562966738475703413
519264247957673983
418649846669395313
1549227026769344497
1005797042399723572
2089758395395522567
4382847205921277911
1473906269673571807
4385387968023481365
1533217078322135301
1442309803342254276
4017563071248335923
4342317787684536701
392759110337049805
3839271403433051136
960130326698509439
3827782399997889904
3819393147680059764
2292366571425591564
1665511420680696692
131510113095966023
3537511661491193087
1228725462108528499
1378049660181136753
1211807794451133724
3484998243720392973
4400018026988141892
961502402707256268
1179132850131392455
4025377899590734653
3981278069361987452
1238988886580333569
3481807485765091601
4327766583029481423
4324571875089790416
18561357582746867
2073644097600503116
3481375133787018239
345923345563042012
536479069450016532
959485527031300877
395292520327611871
428368757370601536
1575261858755464221
1580900027693478684
3534711432670334175
1446921074188311600
3514444831817466320
3816030028850593783
891656998163437040
1517731788423151941
1228883472031938007
1087427928229397459
3783513413606708
3887961297737206876
3743631226604109277
3987177922036487133
4337344612185166039
935697405214933235
375843639373820367
1221834320575279447
1097784627127633089
1665574432823889373
296663411047813367
2237714929288281871
1681055933701371204
59765143217850115
4541172262690029599
4349426102904642655
1382892144369171772
1692636565546945887
879825662792975348
3964246500316338165
2036820001946931420
77545278549744716
2040162505560773491
1279371321835111476
1158794495892664816
899951108569251091
882512911643295943
1428770620557827840
919929501517038531
288297581388184769
1571840670644523344
218200363513409757
1005674219159279583
3732623106703720397
3746943277433376083
1402591137441451469
3552426395797082309
1537765921542980935
3680497325267973188
1473752259934351455
4022211941758677765
4021104332522707985
562172933157732684
3770013669565792221
1260442050699990064
23455671920918481
1153150492732048767
1243278618361920967
135061754669434359
4572270174974115087
3476553731506425331
1116136466658172743
26864715242226112
3494781593589121229
3517861347457064132
1186451477829729495
1230418916716861427
1377500534651515988
4342666042573619023
366854188616332288
270229383163165772
1004601183579920324
395700426724134175
4597401469140278727
564177090809508044
941779349047330772
2239727196446657991
234608504902977492
1107727475095580951
1719743170287056324
2090885728471217215
4386318569604108276
62984406976978768
1528927327737627092
3707673086581076995
54100714132145521
3547763885618977844
3971414023208910919
243042646535259457
3476000524456701972
956826840721736977
2111347318149091636
96075416017522485
528965360859042039
1725218806668543749
310483392267492620
127178589083661773
918801601649247475
1536132094342005841
1440400043845057795
2086346475649176592
4543275847879443532
1172085175654276099
4451038908305856327
17188661003370719
3969343040787043583
249040714126575580
1082024114584834124
1222709737867957239
1082857072069185811
3743564265278437137
1387342637317870659
307582107220003868
139703945084078067
4358873487737311475
2019812202033192149
3764197780504916785
1233208255268058975
1392583226652151125
1496040685844791044
3748399812479897392
1519187365720774471
3482781437826702352
3563507587838082364
1465346686033351519
522945255596562231
2052530166581517788
1209180478893749555
73215707071333824
4786712127263571
540173319991739260
1107629390108654796
128283852980116803
293847987224794199
306560665476448711
4347595488799032640
3517315774736843844
1244177110671513549
3754907876797404977
222890598243038207
3732414666597270903
1689821088756873153
4454275468396294493
293874475877728340
1427589627352385363
3840534679233361212
3477068942822088645
1476339569468071180
4341703416910706640
4565831281652128853
2072786420486362437
1445722857417235909
1690892551489270855
3998563993291392305
1692508794430814020
307428687749107520
14486963146249692
3809254801207924052
3586842026723628885
3852778629055189007
4609431053245158205
1500565453825494035
1684300037196946527
2050207439512487121
415242881982093132
4601931108178016124
1004584592186602481
3550895690676440257
572457708584485332
3554259380191903943
2073904570353791455
4349623010709692252
1426854678817157120
296346154202026100
4359429412237395935
3565726048745217868
3694345184705109811
923013834968727509
3694416278148379891
4399256455867025267
3527571710019849487
348453322851037632
3854093717939371389
4394665503537485635
540154620068068353
292966272674645981
217670280399411197
2158384293115613424
365940409157251377
76645589723140045
528274989436236096
2033101525836304580
4392659819177571383
1716739106198535509
1280431626982998208
4022648910740473855
886295721003139328
90130081428012407
356896856426611715
306510671910287228
2019249810443361648
4554358531502232861
1495693254899799121
3552762915337388061
1395902020696134608
1467275178601153357
3681505732627054916
1496726111063667504
2290010874125054279
865550762941403333
2039391154322084063
4562530491874154335
1257935034989753663
1681193756113584325
3584926134349872325
90126723671209783
384281362573493079
71340528967663815
2039239842599492828
1693287565688667349
4347952575916667140
54258751604315167
937945023210814480
4454468050158212305
3998374295535636791
560493491386647813
14865383573757172
2098481562247060689
1528721867961496321
2125432173631402003
932299068728958839
4410080974374778629
1496255554546823671
357002439611078495
3981521009311569744
3463324322810912525
274667066149098563
2085517783190552323
3520812238956363036
4381728934784400755
4355843204910612687
1135316963288089428
89262199486533827
141667057744941892
3562701198480113493
879613980534052291
3822780980842664220
4547515297737167644
1390869225985016661
4327700604373924880
924491878310658253
2144631864026324933
76408895265884029
1208157942109722452
2294518870339572989
1103896325802635733
2078231790686835155
1657870904622020433
2147123090666347980
3557664235432702013
3532885619998248399
379767842743309123
216734962534319347
3877906899690116147
508200596869706691
991301952933925341
3809325138411789644
1720328608444171332
375770193943924752
1427996443239763831
3762132917876967367
4379149290409364693
351088649275710677
2302818249537296255
132593771878833649
2161127231165680853
3832903123328040257
4450774628314334547
1449244354521531157
1424633972593131316
3462270683592873308
4409329500908929052
1674232131771184133
3590619422459482929
888068744373081408
883018850518369751
239097376348065052
2237216798622823772
958197396175604764
3533007237263658065
526723621515494471
1387953338069758935
4350463072827159415
294916531456640051
896518691863410653
3737222156823785941
1445469952785978576
4428506350278988816
1532574619976142291
3996192002058306911
1230974758355272773
4338110214324957233
62897309549983228
2257495382819025876
524668392174636484
992137451579899869
141143429092789703
4456119209722648327
4324334429087981556
3845019587796847633
1496598883347807613
1712548685574010832
4559319631110722771
3463487452950288129
870127049506771315
4611083989641614643
431308107747237060
1382835232590589975
3809975143073968581
4465142145619099125
1395012924052045169
2145903599724535055
56259656700612421
1296284953177555824
395547235574027031
4401643104926637523
104725266705695684
392188926875533297
1285163959973250419
2049512026358109503
1169935200734202903
1386072877048798448
240083861742289751
3679229811928562689
320970756682232017
3986589408103765068
3770482390812791037
2093151020284507991
2090186444601021199
1516665241147854099
1527843270443226399
1661229940218121341
1084742937474875716
523338251131751875
4021447831634072916
4421690227738824924
4449644122276431629
1102558749246342239
3683334117327339267
3694305544737145175
4383058917228633181
1672462531811931635
4355351870580137076
922623242377835487
1395024582481567685
2039094877311257796
359571938207020305
1683516496534522941
3845878368487539824
1295971562388984256
348977381111845175
1208439095239669628
1249733354249541389
2121538279316587533
1671820615010275587
1436776721861131548
