170667932
2406714541
345531538
1220975934
1261001206
625748051
97600912
-717481850
1990054081
637964909
826805050
1202370406
-76650827
770829334
-145541773
-995729539
-58453089
1232818066
2131918664
-80862104
2185270739
1758164651
-508733742
-76783838
2396365790
111544454
2641669903
-98002759
2506529972
1821931750
2361803268
-1047149400
2357572486
-835426990
939059266
-629309958
-1338273992
2440868168
-855042133
-765075278
1676922221
697559906
224308572
-725542869
-1066250236
-333625962
1911375034
-1118946593
547456819
555041911
2504552675
1672628218
2215847405
2718725372
-921917787
-798254925
-213522163
496804852
2223921355
539823009
1237359908
1204641157
-513659858
403927134
2655576251
754466953
-149062808
1221643219
1562029028
1574859287
1131312546
360335829
-26568470
724216218
-777046956
1714538799
-460220686
-1124936434
-1061665303
1500402982
-1144363473
2631788261
-1299573675
1565285817
2757956627
265344840
-838755093
1789973564
2573584834
1200533330
-956153076
-258612566
1495365931
591792034
2456564327
-280849467
2315024658
143371806
1992256954
-1150856183
-98725271
1875101422
-276136676
-80726244
357108432
2749983343
2627165254
1942951267
1018691962
-1416904092
822080636
779660155
1024012625
-623231271
2427168266
1352363254
-319356400
536623237
2727128878
524188910
709734987
-148883997
-81272278
2535523844
615054452
887611942
1458864932
-796427769
303749995
-503737133
1588483847
-186032737
666004557
-786261718
1160981348
2637649270
1628221274
2166574812
-734119637
831389390
-1278402341
-1247486790
-1004372919
2025719026
-1078861614
141963470
-607320331
-907238970
2128746852
625074277
-142267870
1065187599
-948938729
142810958
2814848350
1075019895
1460768423
2147530873
2097138917
-891095030
-679244619
1654473247
2644788388
-221573577
1765735566
725901983
254962327
-143291839
-446331346
406955081
1656145038
464404514
957624841
1263527431
626830698
1976109627
2344606138
-1311007841
-1179891565
918947101
1214275472
2584580454
-602123167
1496475657
2318966149
1982890696
2569247922
2434254394
-1184146380
1045068698
-923244878
2751837465
2847630444
680661959
1207369738
-203553050
-693039951
1032066920
-1047830830
53288747
590298392
-326872335
-879504324
398937841
1896986945
2760452375
-984236947
-273851014
1555724384
2654258153
-790708832
-587477425
884832593
1879578455
557770013
376175880
2242934290
-1048059174
1359315694
-392489564
162134397
905500581
2245143743
196035084
-70677413
-1056433938
1432565954
390307455
670674701
407014297
2780862548
2646108715
-1227498882
-490658444
2124728497
211007173
-442789290
1181324788
1172024586
1120086936
2304841708
-1306554086
-598184765
-204235341
1104747472
-494729036
2314108508
532095914
1494406274
701794211
2360676301
-1414859093
-697969320
-990534789
-482346439
2722188606
88312932
-809890616
191123125
2710784430
345919786
956521018
-484262699
-1008480274
240507743
-625317147
2717224204
-1017424194
1925612397
2554042360
2652265576
1512208826
2438438812
1506229766
2143793083
84849707
2098755985
-847867063
154481853
664512149
-350242220
2369997828
1686327880
1545888540
-1424730873
-371065113
2448892552
-755104328
-623139806
2717739434
-1277038792
1560086568
1087710317
2763179910
1685790276
-685220037
-1420430833
206619232
2771909316
1789553961
1029731857
1983583555
853427627
-1267140448
467937553
2203966391
-575000891
-759445683
-1018853239
385732433
2020629448
-263795202
-16393042
331979386
-1347359948
1078672364
1293993372
2232319821
-1396817313
-915228924
-896771667
498866644
81696136
2738797725
268816415
1324826169
1351169301
-290318107
1473974975
1710829229
-986959637
-1385390781
2223034466
717493778
-1140124973
754737312
2837449900
-274657268
-1407060249
2057274620
-206493501
1866394922
1353390598
-196803321
1621573435
256214607
2363612270
-35654923
-653199644
271486966
-501148030
1712029113
943279425
155167789
-727025252
-647199095
2541897028
1597736354
395920393
-763902202
2846301084
376426984
2332258522
1499538251
-106778713
2305324696
-386298450
692696308
823383874
-33705513
-886558854
1540917434
-1115986982
2425983277
2599816980
1395415294
2656276269
808736206
2266496411
2279177266
1514307520
1785729924
1794182014
-560125176
2512181980
1530688492
21168854
-701943687
-1127602367
2442325275
-991288603
-613428298
-1386512515
1712559481
283203396
-228092713
1012801572
933870614
806106204
429008563
606821163
897159126
485501960
831341355
-1304097315
1034148397
1666734513
2280537176
799911337
2118586507
2862332933
2387317429
1990777833
1823362058
-147225107
346745018
-1224516506
479427221
1529944882
1243791252
35327622
-1290225078
1777706328
-224533068
124885946
-1257949697
1728640534
1168078209
-1094940114
-898013951
1187760518
262843898
1960746951
-676955581
68496339
-985707322
181417167
2470246614
299138032
134121328
1514983876
-657635917
-681358238
1085419551
-447503289
-1260271912
2329936296
-1080074886
341717338
682680123
335334006
564101026
812763771
-272057617
2096135330
1017704055
337632843
52675563
2030020484
494199841
2433335768
2776589169
712372243
1707349264
-587029085
200272518
-226531809
1841898596
2609465229
-507950932
2518575327
1684828430
-1091833165
1620218905
1224205421
2400107530
272988242
-609760877
615032893
2608912965
1621806818
624281223
2045648386
-1400622387
-1036483554
-681187482
1700104524
-4962459
-599983195
-135172412
2854348017
-23831538
-982497864
-795450786
1803086518
2368625276
1005315925
1667120522
-778621425
1066041004
-692069041
1758824827
-1136218283
2396971341
1825356159
767274187
869123061
2448045338
1265140610
2161743367
180745759
2784083584
-955418234
1467601579
-349646594
2744986310
735761738
2024209474
-1230957004
1085994366
1363139182
2146998411
129501520
509631005
-1356976331
2405423634
-223650341
2462805271
-800622490
1295466862
2128831486
-1314259658
704902002
-871722284
1137665402
907014608
-1321102079
1752970150
-686295161
908390678
2594083701
-1279869885
2027167035
340130406
2222232135
630712699
2707303516
-984016265
2355870198
1459200259
-327260562
-578358338
2521686449
2420529293
1629042948
1671945080
1192259406
-879733792
-328652418
95468525
1406023610
469674258
-668515332
1781334564
1666028715
1130294152
-1199369985
-1363234705
1032277802
-676880602
-614656651
859836596
-531971196
829283006
1640839302
-524296718
1093908918
765476956
2045402838
401082924
557387510
1916414301
1585792249
-109856805
117244822
1014362485
1901207384
951638778
1453602392
-933914931
-211620637
133944667
2671221830
1692328003
167797947
218898156
-177619027
655087565
2852012391
1943009775
405358495
759062536
-661091363
-654644532
1143984784
1725621469
2436676298
-314920904
-1323306068
1655916113
-1156765249
259372405
1829969647
183746510
1150260633
1970675784
878513582
-1199076138
-351529562
1703921312
1540393957
501372377
976430666
-1150004211
-340845723
546034537
-849924157
2241356720
2479258061
2659606570
1721364710
-254268442
2608400749
2699687150
2062125920
-79599118
-718223577
1970496219
552110460
-1019027490
1820696941
2369183999
-1016800078
1583664739
658531302
2832603059
399115521
-1113686120
1311606930
971567044
-1146477694
2810246021
1137039025
832742795
720476241
1636029208
437169582
2556664605
-709192856
-321819619
92894124
1640212260
877674757
2859515118
324359614
-78124175
350226201
113082635
-1197402340
2088465703
1905206510
-625886106
-239346960
2170778861
1787671980
1042796762
-453829423
1808108092
230632017
-296266860
2634027531
823028495
316678372
2817803492
-993569214
1130970738
671713378
2392191658
-131151274
2453726065
-1430231823
322948690
855267420
-503041650
2736438629
-814928708
-731852922
-47719921
399842107
-655209351
249963580
-890876226
1517799421
2627302711
2172752148
1183901707
2746147073
440021616
-1289735330
717575791
-474919182
542432160
-645565431
48990727
2345472489
1932304778
2566405835
-787623184
1775381906
-258742865
-1428016317
2270591919
2676073725
1389776697
1752768522
1377848055
964491962
1894467595
-718334483
1644213260
-543076230
4633844
1036831174
2385251088
2579507285
2372085653
-256159666
2538878994
-1282772499
-1356566606
1604383114
-713720571
2770598885
2272056980
-878682214
-961943383
2150814202
1232484142
-1141130076
-969087994
1740781796
949640522
1017371297
-1001475387
719925081
-919034246
2362922163
-89766228
-1323295479
2510600761
1040045701
2572474868
57861026
139896198
-576739509
2203946152
121295912
-145581003
614197669
388688059
-102814067
786013501
-439034149
2605930071
257838066
-403674899
1162986781
-699035661
56497080
1466692470
1769915125
1415961203
596316221
1706306618
2639601250
-999510158
850784072
-389624008
723253654
358191320
1029376279
1044501167
2156891984
1615378108
366137759
410332788
-318865445
2670307964
2662603364
-1295240472
378433764
985957701
1078661790
431937583
292902656
2253570195
496174304
1602181675
-1274526182
354238991
2809255047
-1131800359
2268337855
-651057201
1407033538
1614582735
472827948
647586734
1650488785
-203870351
-1035771570
886452250
-1278442398
1318089676
2071133058
1743377842
889083074
-417316910
2413398235
1225813130
1991777539
1814494080
262861001
390796514
968185631
-428402190
2074061113
-184708857
2092586652
-329359159
2136759944
-585825863
2176753997
336884851
111914120
1004194523
-1011219819
-482324130
300123841
516444378
2003960980
-18697000
-1333534026
2297764337
790294911
1868736193
-322694685
318086684
1523004294
1188776381
-185042699
619767185
-81705037
2570352045
-459026876
2233399004
1691196786
2454950169
-594101923
-726995325
-1365547634
156757020
-140568206
161994088
-591882643
-938056077
1889377838
-1025786683
-898564791
1628204332
961607844
1001567614
705453291
597633690
-127792526
-1246584808
2015830505
527691574
1474631550
1755438275
2124800698
1571224191
2771128167
349020271
106281975
2470986836
-1188949747
785133974
1732354769
502960152
-327775525
1285767996
251527178
-1020600885
-970180649
-1183612686
-83036195
-860952872
670052103
1446495996
-492045599
-1136781180
-1051851797
183511991
-451917618
-595804848
-1062086212
907141560
2529615440
1746585442
120316497
2670326981
-121149942
1106884366
2027042275
915824238
-338898196
2779458044
2711852198
1949376561
1154203733
-446851035
1770570759
-590241678
-886793538
1618215646
-224167705
1028864847
-406389593
2461381481
735520378
-572724483
881169986
966122598
2494618804
-543996629
1942234462
2548092354
1189968741
527458935
2563750708
87403800
1609766422
746328199
-594384193
134518164
1612042087
1653943177
355621253
356334871
1224474356
-871024484
-182353720
-85219943
804127817
1166705471
-117412233
626534860
1974801266
2182551482
-1050428848
2303809504
2829436425
188900060
-207545232
-153109020
2551443413
-1120377381
1487960218
-17830134
243446462
1793026036
1081961266
720771402
1001674679
70530206
-301820444
377511748
-126910344
-71784152
2039873724
-513669290
789347692
1837948156
-423435512
-584117671
1082373633
1409905647
810487253
1932069257
2347835674
1108999218
-605283650
-160915437
1819108063
-610647334
960304042
-777118170
2364587066
2244757047
497754572
2362410152
1085250892
-1430303760
-915266581
-1138798383
2854917860
146559659
153987162
1394667261
387381043
1036927754
1944827715
