254521191103873544458457456999403549
4358646490310391887827841697558054724
5587176181796908906648681234395329552
1086314528745334739916817139969032413
15939204990262242927917697407664244
73727001339705213101937693932679975744
16292523802530607011224077703238153293
270360990654552392382104150137323588
18362380371376691630448811634431217681
4322282986852419135498342771644502272
4590011023273415648934853448678035920
1017696286079359252230733142077472781
38615259041900388787642822065520066832
18300024338997725045579605565480846545
24761023260492729393680296677803216
4606871488570972947331902394086530333
69203521052542518154485346806748467200
324534649013686967911750445105409
1350587674800993146965771725077430736
84384078884994246888141915795226881
66212556174847371707909316095133942788
9638217583772688612945516729099895620
4320315882427330152991595748186456324
4323975771823000825275712310641718336
287995010588803980431022420051156240
2409588121159255422636116335041761396
6412811729485734876569429081196868672
4387739341147008128010140663388639296
357331785018481082949929266212569552
88532737742718991965894865645850637
4325279965411971264455193357757514781
5903739220565646212764171932712309213
2476791666976981374190023794094890461
1329589423889625832235998441504981248
5343501157971293551255214954975440
4325199910479657188703007063305886977
9404811678786218991450422381243273437
71735099624566971614924150641004560
2481196927056245649713574904316576989
17343590121877264067641054581011527492
4320320576963192216165911657410999300
24762064309994616474734121288007796
69204232902403194146914641443246166093
1148070600037391489733406015192518109
586811966157082402353747155584602577
1330535039142538739732122152439386164
100230949543317175401572428071162689
1397782894006273641344590050279365917
2346984245764898064976755067159003601
18363946258128684740192446798499378205
1021933601396243144210786336424542516
37924576611455906546651009794706740
18301630515522114592490828880312075264
83401303270821702164299939318923264
618209148538321283974613434003361796
17379985955479170643931495929272914752
5288961174393411219568006262113309
5341904290090876231096527710754705681
17018277771046442529627679812028225
4594210468641554697019442135522346052
586812186009317906793375133331166020
602326975834810187776772872070447412
1081056551740011263370205060622467329
67581307913472524767727038602681604
4578636461890279236014273416940244228
254506038259364223548267104753382608
1329326575678144920309658763518024961
9652870296654827833461995786367929652
69209180102338297223556223818868719693
1484287394785083452874782191829139520
1080018089648991289545823040307676164
69209118687475118549936993882817499968
37555883435606481033655319144052294464
332570810163384345429908587825667329
2347251660621212604525067017001321489
2476761449498930960850493499857768500
99988491559104513843213315828905793
1367936282272908331502778643515757428
370215096331962639229897491527565533
587854047486916134770349220623615197
4383632443174139968526535321156272196
4086666509730800456785364845433462029
38698842741798193467718482462514641
4357637500768605132354505738259058897
4325334466603507670484392089710968909
4321289318026542803126885389182189585
4321111594635778282960666912980225489
404290300861967378138865986873331789
9387997258591700764996557006285386753
1083975337197376712787528539143410128
71728048322775319816689910420865233
1081559749843339926529548466408129344
1018811882303426628858092874794802640
17551526225758328602451459732400051021
270604141973529960370186511836006260
37908205840890341099806858106110836
400397286491973552663180452860022225
1018031218328746505118972219837396033
4321570305781485332322274636625884368
82174774204109522978537771058384
602396816356621296178014107697230912
1097936624040002788427820638410064132
69274667615572712234274098474291316596
4321553049774787343623561954214282049
1354221569482680863315140795009152052
4589999618442962221048221797454781713
328895972762408322047468819976256
586993220614120249848178338660054068
4383747790160931619711510361065932621
4326177264909852106308566470086377588
37650252808629640573084557162651101
619218182615985505389246301891318020
15902692893884847434991897530286925
2476743115912519971716592123831078157
16284357744810516497538205385839729920
4391977393942023209222023284843888912
23062138669299376342058823051119885
287017714364038281559869100511213428
1347157905554066664263114702901691408
272422302253875237963062182521369808
399811236469322566063417637768482077
620237355590680328440638400310333712
6461571387637374065055307793571251277
63625998465512981505525218475774161
83467571497063176922175847659287773
67521187770371524657224326125679645
17378979123509976073031331482300121152
588333479852982222529819955381456
254504980265500947242080536974397440
4320081371793717970008734649384230157
17138724086460854089722497676398593
17316672274239008819211807700136756253
20791832902166196271470102567995213
1148569801532122414823432261878157328
1082356667317206959865550869357662224
24744797754555165477597283784881220
350240785941384023279481947892548416
1084496881215221303538985187741270224
271120076681713864607578288815342045
4073054178324647855006621853986865617
36675807147111578683789744972002525
399827284195266424694119494822671373
287999367627216827196750269366105297
25004424183272330936079174057607197
586826220538803779501114759120474116
87297853175470636734700120235626612
16875044022363969512671765225042944
1084282984037378340353176173124219908
1392854175994294320331863473242571841
286936576991886177102927098221026573
17297106465744913910307260579141452048
15906514766885721518971979965662224
4325569953499877390010677553267164224
65402253390285002219075543512294637828
602388868860650721182429568657801681
333671582438253672449038239007888193
23188122357286611332655366751204381
17434775789984470783167730764881921028
67516362457655094949756892995453200
4590258041059446105923653696779977540
4071024410675880270923876869182013492
20850649173014900308889134293008449
1019237052079799073893367580681781725
1097931522495456243120588767875895296
254506037774150531042033279932040205
399807432763350154008645030626202064
4335913707887278837398547124827144193
68089079258025573689081970580075524
4590027446096188163500940894377572160
9387998542479429777869169303560179920
150597930253146219663787357567766596
1148086385198461098791676957352283600
606806358793645602985629255101120525
84441316323190862039498419299487744
270329114019800361164727930955551604
5316921189937218763524759662439445517
602640213258199454707377770497842448
4325265704278963934223285792452706612
9911401318244116336054568014704346333
337762976106869930283625520923113281
17567893179329581628607502959120499520
604705237617500541681016605298973
270326317327333181779432642094301188
89385867650551931668356476182843444
271576728069246885242932646946603060
2410350488961983753848182015869075716
83325213528967736087444058728681524
4344744990069338948861253684086980685
17300981612524656993081148317578891268
6338836501943894917710443300461283136
1080322350256941626117969775980658752
5713077214346476587705271294756339972
85495506388555189943185988980576272
1017695829342531370120389708162010368
4071085338665545961633341646464877376
69140626241921363842177349914324124532
1396728187971139867094906218315269197
348208487303902040868015799936434228
6399264795837354891920046861438485556
17351440492710661425368489616965911668
274498348740623178387923678577037389
4320315584226735392065312191880954689
1396791064401300581805900931234857424
73709868724428476800438341089163546909
1084465328590790094380970831843754269
18363937603612556061970531461228712196
17351440187561222666372945178649706973
338570480687507914832117101583208564
17289375956115573961501226488293298205
586795848422586899212258926049381632
4574436112709843371822059417015371597
9891348160001132529876583686455194676
1143623925194946996992583065847202256
587784236330664575787177175440962560
83467760525609606897533685642364749
1599832359566126662257127977752803149
1089409815856868813087810703623835664
17283939392871003408866468299803984948
17567087184797050194841732088432024849
1097020791044992601035072406758110237
17303087181916424704874183926581563444
23125845488577087863633327245493313
1080602420869193036750916986269195537
17318728702052443167429551464122227997
270345271833573814143863127383527693
100200748793223883623671881340607745
1096894088137600245129695323622688576
272361148959606784065272640394707060
21890052088400542314870907594673424
9922820315550954459137552416604442064
20854441212103844912588519467441424
4254553569932765000245496282878068
68088117451377227401520650552344640
16285465508034605474844418886890163677
5343500152129498377683351317251124
9705457788492548533762593997729318733
69406734338080957054556252973253541917
73465102503978866866327367683612623885
286883355707266578036908099067196481
20835490829412544205575762266109761
67643168071022355401491968171471876
4336890132780089330730617453531902980
606793225546114906269662801890902093
336298899082894913591102222732440653
2481208029244330280843065517252245316
618243915593064385556236331816112180
603301244298762286675471429990142784
2409815264297229765536644029820703028
98978417305160688155541222903215220
9661891037974430566389477968950906881
15901742201704034157866417804018756
17534781051316785847865852297623752913
4325756266184768053073145508198944989
4574677347546849379220347957761082176
4606931370887901063297317163604692992
338494168102693572004858225216209104
4222921976515883540127509186084880
4594209180328890203995957266890388544
1096909493117834552388894759559945680
1017710847968510296303753385829682641
18360353100898453121339106834570399953
37649797312031189802436761669869021
332373159790001176499060992631902429
4325220109540961294848513646561281024
4325203600545765499105018961118629172
4325270582029813863113927648551702736
4357898825016181592590482460313387076
606587315561203245555196118774698061
332586219818628222336952309554367744
1148492414488621146984602600486064193
9690261699258057038422415490748624
2481193061233997985594081857686789393
24988172275039648308860512047739969
1345154050197874639138996554406563892
1017958011379100222707869298241373252
84639465825204697230941499820556561
69187635793062266752216277005464830016
587801740996067557004814411452190736
83159286913160493769033125813607696
9704425469350879188380026753126724612
2481210376127199663103411611945409805
4574414836941588010155028388201434576
17138671122199799703299422327738589
9923071377695782063212026491010338881
270993370055120769086229555603102980
17303087179861182027017504100051859268
98978167857585145712142603328376081
1018278616796405920508516162120713424
17348036804553539771126855268993716493
1583731693601602323492132130866076932
84399231258321242324056534514090192
38760967590990174386269493357514036
4575001744298511576794993105034245184
254422634522899546583551201684517905
1097137414161574028853342616452076404
9662154713075679915479565999865191732
1017694565668824851126997401822774285
98994638649070701411392789318537280
4607016620003244235809175049734406621
395933299235810116937587752150553412
21342309653182428143044060721198912
619279031527670177356438256153318209
17343606359686652290679818620463481872
4324225257456469815280414124582899728
994868096019242658929203635027981
1017690561867584663805549985877210189
254703795222153212336230186726147917
151640247312020854236712519185007057
1401009741995328280382895021085902708
150594058963428882208206766214022208
83667301624304577901923786060520705
1017710546859388049604909799638572317
5402407412532073522648180613995067204
4607114422221781304964437728682866509
9908218054095917717551269325990808849
16554098595703459825693236530536842292
17348055891624135096753741718111460817
3984547702141708591870352153238836
2418661455348042783108211009987543053
99967252459214668289270610294742273
9391900431310184664626666204364555124
1345130503044441627976454213190549713
69266538548608414641586605128305344733
17534476575942475930250208159217275089
9891347309225968074642476623495118865
89389730192103340440199912673801293
336789669197374563635182955895672064
24746846076422893177621568650747149
17289131673891414943091577323557963597
9642100480502624216887376040427746333
1330547382384088500527613075267024093
65155293884247582799038413022408487953
17301854780933938679268765305973821696
9642099628804051816765327432402927680
349217775192052434598499032473866253
4388095515124479373452815237129502721
37649290990886078525262427281900353
9397348004102485303513849253946527965
37837570496798563189919614114539503681
69140775897992442977524211342456943732
286944439149112516777357906272322576
4574511285075271393843657386074889681
369015452726940323593610344506858961
70263525176137444792337942741950612496
69203015957885890870380380307379507316
4387638928918368493368056621284197184
333377213001521090360819930314576337
150597986594043261176477739022042176
274219268606785372467910021919019472
4499866379261096126377388051280912
37568687543730165343180887133641579997
4325756325619662293763800091375716164
287017654931129590307495689891099652
370099293541213799815378902414594304
1084282407907265361537457248087002385
4337922147625250793239382443029905409
17280358502827778125842076671607111744
1018744954760156238991348125892886992
67779095246233918067171999261081716
17930937566616603191959342306247680
5587253388886380104105696140944527412
17300880181379768405387681374358279028
17549963957273442657488877523924235332
17938603139305581147559445955364676
18369146851819788809269659267325035636
69183604666879880147142783839711072529
1096874252854494403941306619077346356
270605204378522771885092321389253072
3984309324956948607159361650036740
2409291675419992328099399338630644749
5400313275265079583206160990937039108
9397332777373496360230320305596535629
100022025808250387123862662506664000
400411672008051169368730276525311005
1338904943938367530162773908375215581
1080384381246254981224113437019016448
4391733988933880729879852180364870733
4329158989323675348887944161882554625
85369692552984906758533109685175360
1089413855296604127365366229800075537
4486532468403590239016981584954397
99968436872836430631472113332483088
9922813070614624540146896843947711744
4387576099240544386489308126056075729
67524266420924190304605737162130497
1080067562683574474866080453996317968
1020059427037053154224685210926112004
1096894519058437780418547503750149952
1350032998140686273616640187078805325
68104565462647820225397889341587725
400055877182546838791548763593887952
155074565304871766365317921421607185
71476479404596018084406887783363648
1583748170761217739081659403525492813
2411580740634650972665028024017879056
5322105808948220229069428813104952372
1080570741007005876932764030256509956
272291414316496712412212751538536721
404293455815083963590839767858938884
399873870533019599922598957768774516
270150878514369468274182597550280989
270588011840150821730959780982292532
1081061880839177633098897591511090244
16940947249491232355776435682541828
16292458364089026902791990759605142644
4077074669232655876264738548902743309
25659420728455953039111302638248132724
154865391815019848626911181515472897
67505026106412677222720350642520273
17296844541093303459978503994515604292
37892759401676864851582434142060560
63607934200573067269598224458400004
1329493966216183453363017303333078861
24761993758304223650634468258074932
270325484131829353210273567254368285
1018263223007355557584065816947802397
15902455251521772962289665931690461
9456227300847019362894695048094680897
6317029082365811405985576165573684
1079997766460865912878466638996259661
2472832889167989790820670027842244637
18428516237482268898303909055107708737
5586978431976967409085264262123553024
1346139787880507586291307079354762308
2418915995641681805915987177302672196
1095965346443610172719802940296003840
17347530816787519907896268397617415284
73710175115779120327503418149631706228
285906946652281791365593478087311668
349183489439542395230762219955355857
271577756097251182577086166303047684
89332986735655984190586217240478532
2346980391210264388868651722911990797
2477317975700134142833367603849754445
349462175201713222300716793106560029
332648033923076558673442230216478784
274218257379320343423015416446849233
9387760011097042659512370629333749876
1617158370038860890733644639890584576
619185284064481642057104301627556868
1338645134664686590001227169340916944
341998187928927101284129483117301005
1151753176968942721336936927505417293
150658832952355595053464784813765840
20785683005545721287814767264953553
69122212424816376054703913225962130689
99973030697877845266838415764108340
6202650524146737218208913733714804
1365968631286889852442602388914963277
23138462559875062581042695541939456
4329158893265899937639052056109057233
270263117006608066843343009049858512
5384493550634730536548563772703310916
361285408133707061512392676283204
1148552850585032433050699602530366468
18361265807281552349473003243576348788
1097870941960734805384720040904324164
101021932821797446107082562226058304
4329650548267017068260191180007359553
151648016383132348078412338713330909
1080590316053571092146619832202379265
274224294770418084955407953181032912
84638500321811778417677398553136593
5214878377958901955519424906973440
4228206317925885264387237514540916
39636839397601230195645605928935375693
4387755108290553471299633459858572365
255543170015665752578057341784586100
254569630506860506129019202024047629
154553297242578578000904403577471184
2347491401328426017200517112013050125
4387771000037977741334821777269067229
349446606184003146895195677490694004
286894779228037234184832306207855069
4071039938204836117545480149866345549
38568969255090922743219216808820396036
18298259831026628512200643271066714369
17155152542388946048858491014575108
16321697440111059839125835336335230020
4325203917488692376547759855290811200
5471955793018678148153510729289158941
1302199606600489568026444866323677
16288382550262282309024362106015989969
4593966353907498121661198115470001169
67582035868233031170784954191525072
1307264774573845332406285562545152
69121418101128268105979752605738144628
4590385044143879733457844855737959441
21764056975072090294722092163256324
17550029367843319364765083018232808308
17283939437378282756400802294199176464
4222863321724592026824110341174273
2472831459377467551481014646673051101
399806881942424652641140485534060816
2415472745273905546356298126825099293
18369377948330211724764295559482823501
1346124276742066514693141892657529092
69266574965088683799653488818546135044
270004567924694386557735156108299536
39581204882494936049182126644267076868
17305018049174988950153125735670707268
9404617726745018575617149754852720708
68558426950999784388077072580363072
69120189526805101504003694776855773200
18315584105222278978067008356619404317
25251743698075697765548014770652177
4329402164264565886436748413266837764
37649801507970909548436754472908609
4325756261371069818374359787740401729
4320239462164343004250307669386069201
5322106579120027956271802035790159121
