1155913559673947670
427444505625755306
-762858524655900621
-64296244536500820
39564205739124972
-541610045411286555
204560717841570490
-265927645323962544
-567918209320364910
1418047123905678980
-936778224654643761
-512471556940448662
278586363654167580
-528792917100743883
-246732650507154860
108308031089303660
630302986656996758
175791162685327611
-496123661656427704
226594328663738390
8167284442681629
-1061913121028434170
402982093257241743
110054233438002622
-1024084429607935215
-653779532082541403
1958201208919996740
289372008929109516
-385296685389031157
200937303792834927
17385343184054748
384478277882042001
-15964423280483931
-256800533662172915
812758983422554628
248151063869589970
2203993542252145149
799926375075459372
2440400851270516858
182283853582589437
-522049568889396893
2102153151533299722
166030472652076500
-537691975347816845
-1395714345733089234
-333839539900199725
142277130402038778
207467458271018814
835670760207183635
7664008256281927
-90613049691542847
-128052435559539414
624799032429409229
703484665481624907
620876852638934300
251500576937578213
-1513537841850283425
-802148837560138980
-390437136413692458
-523035950191870360
2348226950089030
1444046184466631500
-2400331876131201705
198486994284854975
-85989467867697810
-263274034559685578
45270787641287846
-886808258983642700
606863817539836517
637945008637825371
-584090224668006225
-1290953531647905423
-671308001220508851
-1556820654615992850
-60171701799144741
374623614421369867
826300114764385982
295088223963435278
-1089972652036874118
906994964327900770
1415680546771786788
-375523035880799098
-1071511599303581022
-46975549234446217
343841386753358220
-467471815888429198
173807026778152767
-632076366394342038
-776869966520811162
-408996652532581351
800756394650177766
937977418013491834
-2073309078889157928
2908987791695870866
4404475918328676
362128202463066424
13640220666618326
-965562075283775229
-73742650943744419
135448350379225468
-749516413132197438
1965408951448940994
5595788896296879
-209632507748310771
-171914550849757401
2180425444112540625
-2376329600113054746
-607428144396303425
1334551525829053725
-183773024167263453
-1565765035410398815
915845639762306466
-381446160566648685
-1055367186697273762
300245620001164555
359860437754892574
622581177428114919
533636039982494870
-811794355471650276
335282454848680119
-458340704189031420
-1001532529160830713
608242559976466310
-1143959964006308606
-3124703058484734700
1297339099293349500
990150082221015625
66524283143113112
-2476819910703613185
971237097353704940
-844908975353653327
-2950133735365022599
-2172957360362742050
348740093296637413
766898584033029278
33417208869132398
-236021178314805670
1103471150807984211
1928409259041216250
-923274800415186681
-3006575114183347203
-837730096159790985
-86896630054801150
6506144859040641
272141478241084805
-2997209357304567524
-259935727996352202
-414471083740873887
637547564043697996
-692806703085263732
812329476407831620
315095577690788779
523843511302033978
141089033318132371
373094840335016254
-1748839916679986940
153856441002564600
5427498582926220
-73707321808022728
467215033098277170
60743014132952291
94278869326716750
571821979733306622
190411194664124874
-103657757311938673
373935914746203503
102630422186066476
-798055944216643422
1244012486426227518
-558509566744684872
-1164612011703758750
-99547720531746872
202083257883637545
690342310395035375
253057510073686125
-147171412999223400
1671184871190807550
-167738305121617860
104783432373280632
1713870886962014943
946638093792019214
229145745823789434
-2596387075369698111
-47606937606095505
631961584133565047
224697480409596810
1163587891001698270
-761978979575098483
20478049623703308
47831333410810152
-156653923800573385
-769096245621424449
-268022553879825345
-73463226437349389
-600463120025556604
-1207065387870074920
-851442375399670800
-778383018023324315
-375656071950862332
683811977116069624
-1800532624911622515
308998793042651439
864216078068327688
-280916887596088621
196482456730568262
-432119030542181220
-1979509590565144645
405304428575343671
-238594978749398625
-977280387652215717
-1499158566927058194
1716076918186644147
-95497088083806882
1529467443938211015
3396882491514534022
1402014320221210784
-979531056115265390
-115051739874428660
777974565511812590
-1111045800244278325
-544183871943919878
-50972401998756766
-20286267972408477
691931844270441468
-315703928816735056
-47740755628519218
174651307797179125
-298157382014340684
59646062211440406
-128931946234689229
236416546159805245
-344649796147025684
-388218716733102503
3056799328060447800
-3013496655675183
73768192452493700
1413685570536065025
2122201389817628466
-547417048775017980
-304819520118129000
-86398322971426718
1242470013412762764
715813782193647637
-510871153844025858
1569764163331213880
-1286108635100877990
322319753965191711
-2048535820410001965
655057374845460435
-127406523434783391
56036416018270365
-119566598867289994
-608099148687459708
-581944365675445886
549685009141947133
73826790704928615
827872416074396995
-1414617640709371176
872071872641855703
178593559353175454
-10184988280968198
-552316065562926490
-324430957925657835
-277756743353649180
2250519764319735825
22859377506838890
1642075370060683444
795587197635948377
-1356029134807057074
-423110329564058688
621930914749651957
-170866562269270475
-874009416332628735
15770567760062202
-646460360472294765
-1422765938219554782
-325514754876648089
135866122315567290
-674524812255430780
802137630443698989
292624126548688872
653600036204131550
1965832067573935812
2075470937902523133
1301347415664934354
-1805508183728677034
1421602954951138050
849534142816138322
576439533409095531
255798038914332376
-302169800558530926
548487732433000330
276769450838692490
27607695192197855
41318346984865860
661740746090523099
-785125846445055246
246614686711832747
760593034576307723
436403163416613840
46766138577050673
889197995511786
-273064813755876164
-229998737518361330
-192358982896667640
495329139809116650
-94741868600756548
125568036251546130
-15271034398383975
-1654103560554630096
916959236159197062
680102546166400025
142351499592318096
385276092315333208
329713006233771798
1469557383186655740
-80469358004183632
-1292306897474775654
-119592633872119338
581899844114438966
-85833720256417133
-602095836559625400
672660673852965960
132627550080579271
-950547069788029856
389084310884028690
-279933879036371689
75945091814992362
207420309945140033
-408402670727329290
-2229977597517224490
1198167172636436375
-985851613650490190
101988826126124781
932188564424664305
1338687277280298330
1993572405706401807
-124508689187360670
552171673039523524
39132887242994721
243882517030781874
-657674377697817729
1693510063331076898
165758166778984199
1257915558913645750
-2091641479524709475
-2590307938145866458
-47532878258844429
382305514707549054
874680343166549889
-1564186436420612137
714261733641156786
1130699474302134450
78283072911570120
-747874361978661609
2249187274340820667
68099341663846570
-1270308834144975474
58900334279430683
-776094924316274325
2417831479004767254
694703144543162100
930424133846556030
-321765405857684580
-160347237524708941
877012557821787354
-1117501724278275846
121671929785688467
-220260598366208330
245152256223003531
-30771207397246160
-565219383491929904
1677259038403008438
49377155925648718
1001616120773798691
-1089053364289495551
-262680830913925590
-1173851098287261477
-110823924765089863
-222835788166811219
-901831754209660783
362792502798365205
-255847820530741100
1571656479432826284
29198105220820068
136804654304584680
-250814718504081873
1289004794692292844
-1399030959177718578
-520051699069482579
-941093702567905392
-100258632792129330
182809295042117380
-71522935423887533
174115414550131105
-1169153396561547154
-205598842473390508
882927261739906740
2360018701622405144
-453331049858930750
54236873450657310
-2056711801998915719
-394067084176749326
154867132804352920
779125929330774168
-126165551302753360
66019919552412869
401197669730044586
-359834482962255699
-591311000742149732
1141088097457008998
-732818999845476036
1637048467671780839
-286610993223545743
-1563772136100627222
417440452724186055
103366273543075260
-768693966300980741
-386043840617398805
-1250113348886472895
-441757156991926585
-151980467315009911
175726432883641410
-1308210790845088494
266443367147909391
-761902637870041558
-248296085570706959
936374384952299187
412230203109328593
-692114388530746225
193332638344993623
2498765059601152745
2375564992840007611
-640424075246334225
-1478273742033689440
287818720056920778
779834568778639938
316670889070497356
1221414114515037734
-44697971936678410
174900499310421420
591405295030986933
235962050940889457
873284201086159506
435755854690637010
-1100347655462673436
-17879825397023745
-87679014710786513
279661011195887055
-691703803811229725
-185417373356689250
1190947955220305670
1138621654650538179
1028989400194069338
261488255159685704
1975436508020724996
-198640137084262625
997293659517923768
-232456667236287355
-133530401620104609
459375871016120985
-296898232329963219
-1138193671581494210
1004684652028090602
393050991298555145
-2118427724666108053
-1383929645521031958
347879908399843504
-1534036942078281172
19116268277519937
-147205439921550020
1333258422703528392
-1791359296804686105
-1096575028945893504
1094845466553113049
-387792280341521302
615531021027565001
137317766246377136
214052019565039916
-43524842147914940
259580626950278556
589806895704897615
1028661287138475435
344387513473211446
-1256047746945066300
-207455264136305178
-209479483827502991
1567822054821283993
-100521231055307469
-1640972577023234895
1139744432593242918
-1376357644439497589
-103634420916546783
-864003404811539263
1845651043609885752
448374876309036237
432920035704249530
-1003686813512417508
-1507277428754860035
-542615370035194722
524018287629611550
-101665350036113625
64952620432451442
-87579704231842091
-582746038109223200
566671867694691530
-1743343662013671395
-643373034229239336
-1012744269775906521
111932238995873285
-374231974550892449
