69726644638140163737643270799816606784
84638504256923067818324523349194564
1147777772675237845886422822267441409
1080261660537810115120766823776601924
4321062412581787245713897933605390145
270004543239560385367915008897372625
2472897376202853137780599657978934481
17431535486779090339842987228829008897
285905984772644522996663058171170932
1599227493111077023477023458857127376
4076217264964860473584234226024264768
16283372625726763214030628311059660916
255013050664678039824045151349755981
67767650427656522214303809329431553
590964905592090138790534451961283588
18300073836807427147168874692817768464
4383614132323506072856851522247725901
1143867074592941465430504442017628996
1330806478650238651391950275603560269
87332256826041078503436536720146497
4592282335791245388753706474330250705
332697693060140942218410521942626577
18361017416271312831341634127041410257
399889403087586368551756030204184384
9388974677639930781568641057764147216
20773371672926809949018885287320884
146687456919872495324356983566425345
2473111530003499564522269919537004813
38802639110266487108450033528993811729
9652866637066079712579570460102286801
17280062645065596221870046556415921616
270325465751751867977437988977395572
4080421280976137147715327507222565700
146703258232704041211364211132941328
329831792327336547035133811438656
88517530009657659843881796435720013
606282378404833634055170623248811853
2481006553171063891728689615639270208
17280046047631143319044452024286256400
254489042342633387373742007177920516
84074965472846181259783188849639488
4080174013424125379898781883189982416
4323967880072289272065592354455948557
1097152863169683668015183379981091073
2349337891643868241481412394512041168
84375205256376879629016256815825732
17285218496910434926907452724780994768
154819757324586955968893595291749841
4574693747777154995920066105985467409
1400946974736686555884223814119211853
287938278454178258585910542196606836
69706736766885496864510274774564601857
2347914319540158209784387311244727104
69266689335878266275563173990317162525
1401013484756842122997465418843632656
587785756467598120912712786234068253
5326324531734063269514637028040376436
146699897925253215927399821115395329
68620543707589646234824714924065604
1351118365014454281116359526624556061
337581461368087638349397325429093584
4336901827599943665396374951061164877
1354039027745530683622384604022273089
5318216173339596894768963468972261428
85429509487663723864478287613922612
16880123596116080646870284799909149
1476967366447953233564728582445466064
287929439555137811984288187581204288
1082350857975858713341967319782661377
99952750514284316264549586535518237
1314618993181791692505263922169040
20920419378109496063244726804995341
16895283366403163350765841999426577
2410772355689324547797982889725724481
4326242349853963303891406680604345344
17318666665470048351090572540148568093
1081300912674288289849727050924389492
1021912808923609783326730011869971469
1080096401745604793079861846399268061
6313040020785451269221229864541469
590972757134689933429214776442827985
4606870538126607801308108176920638580
9387693004830028591878090513095446801
2410667096069337127306345161802243345
2476730673598709038969667542955708637
17154169110747635680587917082820676
1097023644815042569831240576860949761
146830532090918842621268135879603268
17280046363305811074564897034439242817
9637293667363621190858781857870519773
17430808350494162690917112266808691984
4383614140993433698728132441360306385
84131760691798113470985452843648029
1089673489715625519542494104440488205
5784606679094655181017562638979076
2425131276398754527914384608017112529
23184098737623869354798104092606737
285936661162876795524943987384271889
588750434458049016994377493449984
4321115472872769654787769277730790673
2427155650313802442743689998176148740
4607921405136740019676202311997313280
2346918497977266147732708460703468852
602404302192610572949415139988275277
6397498272469265394937455773856157952
395918801414205884313139759442785280
1081296866990434393694992439387311360
4357697258608292790003353102817959197
4387512166581807040684738046231344244
1082420544094949227297017390590817296
9426582888532999742091057415864577
83078053291347974513420244667037508
1080079194616268623335094077171503376
2472979462329794534760563727726927104
17280288543330411712472923730871636224
604926921170185189132478907154705
18361321945386574701122141861831783437
270020309617380131932618277649386752
1351563291322160425912591382655275217
16320688071699231914534987528233305296
17296902056144176105264914520415932724
16350564359833846174187632327585248320
9389249999442427067497309531457998093
1330221977593182442676824058508607604
337596922001468503313068855746678992
18369625346065948542261019458607779869
24990294412577050501919128226484433
403791406063497045906729761928970512
1565902312154874202979961748639757
4326247223377215506783830571515449409
6468634434903171628182092456166162497
1392903448423062562049646025663319505
71780715813678030995158171563131345
69740153981390422779745690787045983441
17296904971987574899352160041440185616
9924771352683012332378412436054832349
6309114151253486363776869535121472
1082350515081092718963632428858285325
9393128697448675808825940315461439488
17304955771214521245061989141577731341
84639586045442918566252240012787780
2351142013852615878681780743062159376
4575018202252290117583511755064084340
333610401568205796883533382497550608
18431960582947849536114382791708525569
270004571682099160722241846615687424
4071333736473854839894809437242654724
87575650475454640944890457590193424
17426910024064538688073809015519530256
4590010706612657581051573775588606212
4326240270099902781140846847846514752
17426713279631175929459494505433337872
4072059133263498423727333199255490868
18364197170934120031019744452052782365
4320382521063953034277010755710878528
1080022406581740323289690534277356800
17300982167507671262139092625474929472
395974754633401458637584862466347037
5571416692607517725177647339038327821
618208185463648232840338350183564097
4499862839582894359832977360516113
4073179497458085445983920786104190784
84638531239180069769686791767684112
15917889133500590849339877267341428
1547567958722245773003485595369729
604726144391767257654534776518086672
341966520583659469051216841409617165
274498602208789115543568676456448064
4322345029579090276978775513754514497
285918419636914198621838545256729860
4325508897073847455328889585832851268
4079932542248857554698163235865445440
9659519625543717815943355401778177
17426661928825102689140066544605214580
274218439357431698746915041969439197
69141213158383430706890254087335444957
99951973090951374607756625583329565
20773342287095469386658176196149457
9892446123596109253920322456808067332
24761293706805064520227338751639620
1018263405541625609875649524788953920
17435023347914282096269204109793444724
69394144269938749599848957801671966980
2353798455202100137655396465705792
17534639070979657069358182403986739460
1329375103933254943670985494936712401
150576756537580684995866717305298177
18427741721533505441849833500494856244
9392155133992559535144753268665733197
4590315322787972392452701270078197005
84132026541424723388596841502700548
1396808985532445671175703411257525456
4607936810003093267292731572349633744
69374283640201060977014763292233833728
17534974942665536457216780471729708305
285901876111593859486351173706059060
4344736624149073175534714399254118465
100200764541904386497559561021480193
1082350522187339317301648024769134852
4391710681235455813770713306713047117
333423893519186812102445818875744465
4357697512389394472355190201119686672
99953122073400192664696129644150788
2480701928373179945669474983907229812
146946647147537916492511299350089780
404025636227535323091796503428386880
1412553466324044878545691256829251792
349329589885567725351729330310349633
2346955977094615101931343126822179024
17296859752204650621336840550545096961
4606869575779281411896993959046624477
590503611745415509730569636298829
4326303910387877998687335093388772468
2481006457912420531668655351184756788
1021975882242791175428581219798930244
606291002436787160654961803728746305
18423587992072658010491446118279758032
150840374624311093483538728461812749
4323982854207623300207051493735207184
4325187471190226991300535760010993104
2414875651762176829297210939408500
37664518152629964258702067505592141
3979243688801077988882803658801165
151635176629310247740799941867278336
1147522008265418768218719775533306077
4254556118288553170120826949849933
38708285795792629978151330069352564
9704991162348577715200870750379574340
1080002896724062023860307948022743348
1583651825864252740076625141529067777
1396976888934485266356967909882921796
6336897962202874927998026992104558877
17300880185199804638853623542515256592
67566336576125085722619767217933620
270263686664359073198345898826088500
4070904001741374465838817884080718097
1616366420443999269551091950003684365
254686365272804863483265091467333700
22315789830023386236478898287624244
69141217312966780924345381221268839889
20839226387222740705880822019641373
83081820715482178343394632109670400
395978634768614628884207350631694337
68624591135230961323873606009412864
2410544246672538196318899708689125405
17930002908358469327952714908618752
2363798239316045821182433855602164800
4329408193089658936735092612803973380
4321305798025944924391190826607444225
619182811634175682592013095799698448
4071754908404738059427081571770905617
270995633024319102639921232741404676
67501128058272442158804924261801425
5316927769374316414625125656116923700
603300334457272916867889834222473473
146699123529070489980624256141414404
361304310710517950947824534297872
269999821986815799868355812537929793
396176566538231927319837813335137552
1329622553509372047480701685385675840
69726646994717397090640704300748390452
101008698701165477778524493899592717
1095934967143448810029934560605635024
4088756562876041922526663858857185552
73508463669345050892950223415013399809
1080262450173066163957128200262323508
586812988367623154173309238100693261
9388987273926465582438576065398820932
6399202019838156053346385796725526797
4358692125701958058623087698207852352
254690361343498033350783303145243649
9906917949974150898435794064528968976
2418762473258212271988293938001741
5262338832670270821350595448852509
2426368260907709108631541611033910541
69523640289136156487573385757289877760
1360446671482357261718682484159552
1367866338959350113094526140296528925
18431453447057973050718791365029646644
9397154069630701784346250572747722193
1089445562684150972205768803989115153
98978302488402792604723004041334788
1298346875904088675116987863561229
287138389748918145439348801464962304
9448829967532730766457074829521985
17286212259653411834352085910288454096
68563735488446732688971474107856704
4080451011108082419851327076290069313
1082416484599932066254147153410670605
92736521035338276249015002214908980
84135334330904556729235443964248541
17138642088449767318799485584491741
1350078313435068337592380194550136900
1020112744123486832302194654802154308
150599129820954642687714163057246468
1080088132118546118632965039216188689
1021924455210909378065685460323406084
400201181876214500849761713955602701
18297720320896868221023772120739483677
21361740819192437877296540319290228
272291429647116490816792001942454493
2413697079096160624615831717118233857
337767122217408807063235236176387380
17301803411576866670041154585323654429
69723530585812383444474965671885724944
150840289260364658254346901985762589
67764576609044831972336642765623348
83112564890529057398319095178612189
17318618657686246593157290538229905268
1334904541095480235130641230925901
349247965056357999738951009165329229
20838996420686650466198457668354305
23187944317333087568105478328382672
1081122712266029471212533268906889284
4073053030676862782252178036165181453
16288317473461493753933714063215365377
9404584451163465824525326043377046336
333610240091516538936240658234687696
68072857408023649405134449487447040
1583655628642817287677081275886326045
274467211779839016979684416606703056
4288847057295570583777059780168977
329966763757954074626382343754205
287869571672048241958136294446417105
1148622365579441796705357989326688525
586734873685268114131939286537683780
4071090346059331501529535976556426241
2418904576562209948154071138678620624
65386676805234611396869933235218535232
6460516728290297137107787823028493581
18364198007842749793197234390164115572
146829695239112371240007797953319028
17285405796170847777017973604459236817
17347463948917406045450981844488292160
619248348429984907931868681493296973
71541718844471798953046933239575568
274499419385865645612636732241741636
37645425388241782766860408470707472
1089181894986759869320050539925602305
9923844318734968914927896233160806656
4329670058322857900497113601863922896
1330530254238170699990413727863407428
17305200710988073710950370973730279633
17426648644239977963624990107332002100
17304957218044289327977007158759015440
38700173629854080543538696373998033
270264198849222778691398844799045917
9411295625225268871112830213164292
1017837375719837703204768073801270285
258642555986054580210872772085629184
6468908481924825818293530854349345028
4590056345805695002657033869019334465
17301793983947530173898907476390171088
587784294942093938761371608832398148
1080331717362381526006874109790716736
606792731539119037471027101130247632
17995711588700439563453515902754061
154801515041309454527014480614815553
6399264786904886310865044114976657409
21094676673044962626121932503856973
37556938837684261793575859952118727744
287021454870288737437450922581105920
619182434146578895704020022407994637
1151783294745948205594913353193489216
69515777615756929059539007337622949121
100200178998334850587487222111421248
2477116296403474717269719342350914001
5333856751733266677751561374770725905
18377961383623037459201870209429749776
70141826965034686980107381202233851981
4357883603081126564449598893407146292
274486226523637366620503020976489489
83468222108009756994236656996136820
271060223758423336272933488312769809
69267595094589716230355069897583888196
1084233226907930804121054844046019857
4329469033080665302896313859443851268
5214223104985255037317873205533
151570467723476158202894837217087489
9391892749026412770961584278770815809
99044220844511357318257596395763524
997963898377728422135452952023309
4387500297710126074525736099397043213
20771501152837743442350182809850333
1081068911333680171933973917154374724
69203196535951728061632987015988855837
100021752787589547035193806730589300
2362819591446506277702744430332048449
21033888803679665562320055682993460
69187506812406581363061075356187680000
9391927308521341085117710500555136257
279205015879036736033579885413188
1148492022239130041923835916832595213
4321553291482692211828593527991832605
400088048082550604715423997278304064
404087719144742556259413979121638660
17285420943664100051012845348470195021
9477198543940476588809251155113793
83401650152410346825368416915256529
69125049606608463200937903556928959604
68076993001823353258784166916510532
1396875932946724300030818091832459264
4321326917298674219855116016802599220
271058515392491254143678888906129472
9704487855619810336138225616601026868
2369261026793919376077187421782848
4591537334311703819878642855855748148
16895807755495306276796904914514957
1393098334893747199334775454355898436
37911948401541993351904439865299204
4235479167591541319573964011552976
1081114562991207538656780756818543732
87361496736477073794001529959904285
1151778498782180728659850828359942417
357560897065927405790087055629567809
1335418259620599739910719884054499588
84395246248280176621743514924880756
155063150259740356814512386385921140
18297934541789932886274842075988456669
348217841430066935970043597650255108
4484726376562785530688316843757825
9708382369211599895030616762534147293
6464690769997954927550506352022601949
17296875691809390382517319909606491357
2346919462888825103529427605323730180
17281271453590387816598752915950996749
349445699439124185586135267802402868
36687112870704731546759286148317469
1350331135019759314396311161671794960
287025633234114682862790510594230084
271576715177971940708953037040009332
6398457358736170130865933339515171892
2476993635587551628918312290922598452
602697015657259841558308862557163597
1366934268213377041674014212851238772
1346109062401514674907621211157877009
270097304737596030202287937294447632
1334930727465001360592989778661684
17343716629442575180056678451139131252
70203894941681254084687811797988751181
604721374918225011838951724819117124
1081118369750823928543534494425092352
5332822583974034790103451007796410176
1147498639493562441322958292362583325
23123279034532284477094794064035869
586877622529684341372197303280800576
146688016404916111853015485524493133
17347744985176490436643277180161498420
1081067964622764627672408182326559185
993933393193388827401631326916609
619279045517011742141685438494874884
287138072818134392066456320900927757
17282383004086437442240023094427203396
9708387631149966574773335144185231220
9637899173524210904162566889332241425
38611279872863961334684962557813447953
1081365864506236623986770318454765428
4387589499703839213829375573979318081
1603516471072300611861703726536344641
9642359322938692038246135401711404100
9700660016064630934597415871843421444
1331597271664271150977172958295740624
16557509665498969214645969809011966416
1017695394825374518504095796211758145
18362330999148510115192651022540525841
1082412626006820908585356944609657117
36671694697762892087658350087782464
9388006197470512380561103105102722884
4388612493740169020308288994608995636
25253903597673075707020072913749060
9675063266507687958858042522587972
1017773613838515348623851717115527168
87311994238229197078764420263383044
619190591856950607755465152741560384
4482476900143659882484912114172932
2347260148925119646652885062148977728
4590563541039959037803087341964756020
36675682335418840114804573526508765
4219081712619792141925009667916253
270035248082756334714061974623243728
602667752933140424452640895345624081
87295556328560054405367177510387777
1089414901548689628424825582340240593
1330530254798130017057285382708659009
1017833576415565058091010308667635524
18377100328162336545740169157330550784
333607431459688359803250707310575620
17348462024070368569771930804003340544
17285252916514175187591701827172922433
4324276690461870351160529468772058321
602632225884400839718660144431855476
337650463457091753537377451849616641
21763026883819810572759503113097280
83158213387712401892143080677848064
350236685884053880642288672488674113
23138443508946399917637892047914100
1151721482915167944683618874069896477
1096164338266150175534285735897924609
9446913579968040956127216612007172
9674810876241409568459144056690456385
18297656431118941801716532547036188673
4337924761443798376928739016381157649
249430066622409574067998017457617
1018018589296944479139573193301771073
154811849704522231655202157931593796
602648465057029644179593028826897677
9700772629167014540208971744948810960
1082417013494396045189971064853133172
1022157767281596363325983159012623168
4071881420515152187567195381694739472
4606870458603754268965255419333247245
