2768718495
754774988
876036354
-30884303
1698577125
-304930490
-691676127
2703957725
-438485707
-1022132569
-995374670
2653240269
251102524
1990772015
1789954203
1147084721
-636222918
947438556
1589367495
-1045924458
1598417712
2645780172
-613910721
1117227356
461531765
1987041937
-544959316
902918162
-226938277
672652442
77509915
1494433500
-39209304
-544670610
1385587042
1572128449
909529852
2188826444
-432999946
2370652247
-270024626
2765298232
1566702835
-512563247
2202927350
-1140991149
-1156537698
-742750183
2637706358
2767306222
2425430284
-969251217
-260614207
-1220762707
2401947633
-12267604
-479348796
-215758607
2417264190
2255312915
-1387101944
507453848
988200954
742838837
526272170
-693849231
312258474
897780297
2456684691
2123822990
-887598180
2027507299
2616646839
366794930
2438446099
1840393966
-1013554786
151387404
-71754453
-193813532
526324072
2273725972
-53567948
-521457158
1601250032
1386643943
2770814583
-237517830
643218306
-1243627092
-1409414043
493066825
-27465480
1090740695
-129985992
652610678
-512767764
442902707
2517609322
1811465795
1189420562
1336000066
1304149058
2367227179
-863974579
599357566
-378984597
-1245211218
2420561821
1560363631
2145333784
196069394
2493857750
2821864068
657890461
2015729994
709396566
-815523787
-530490700
-43366814
562338339
159408324
463520378
2791997947
1241847834
-770374322
737768559
-440371754
-5322144
1399748214
-172508494
225036796
1289407227
2388813147
120044336
-1164657672
946389208
-91049937
2046841052
-450213401
2232116058
1674073320
2582774297
1122863636
2221598878
1784265027
1930799863
2633048983
2387657627
-150042922
2749578738
-775758579
2439335448
1631458626
515761031
162870692
-178720069
2656955182
2056268392
335893246
1542127441
1127081508
1791211105
-778414670
1657753426
2735086508
-651146667
1382127794
-1419987325
-390946563
1931360742
-1171012818
-727525433
-1355265246
-911998831
-139196703
-1284622158
1111396951
2344474287
-322748534
1794493651
919185357
394742812
-656116690
2006244756
931715910
1038023216
1617328328
2427473562
1840540942
810562625
2066908483
2387933260
340357186
1281759870
1205295358
2203372336
-1294983612
-1132227061
1640156975
-242133013
459501472
883100881
837192040
2421775031
128575806
-527675821
177917201
814212138
-1176965274
2205702673
2466140135
-240715043
-634587814
611362297
-137157251
-554532250
-677579167
1648531409
2642426628
628821160
1142271177
2678238087
489920864
-509821741
-237559860
-175742530
2142702928
-913049657
1649801055
-1071569244
2125522973
2376105878
494445700
327765375
940499790
2128160239
2588871480
1032002836
-1080067759
2068956396
732696590
-266670948
1699401102
546479367
2723383342
27700788
-370513943
1071826204
2736352651
2070530243
363501732
1481681572
-434424983
-519338077
-181758166
669788261
178166320
637989705
1681913348
1702464642
1039134018
502669193
942915068
-77241886
677893905
1701734889
753773316
1460307108
1396144323
2177807517
-423367453
2080880410
198828053
-419575414
-378740120
1782284794
-1008293238
798485481
541266082
-1343119790
-1261333040
2772532124
2013397931
2413252178
-389747552
-231165884
2160917447
-913052805
922981886
1813331801
-1391823529
2492582297
-952528982
2500518901
-1111211083
-243325532
2487216541
1466581449
-1094062865
861772081
2640716196
2767628395
2850386332
517345718
1064557602
950037745
2047974827
-166072329
2843320701
2544959700
2600719616
1230331792
-1376444133
-636167177
170547748
1890504654
620231688
1325156049
1479679953
-834988284
1099105756
101383439
-813073036
-615759081
-1211500826
98008120
-1040411330
-1067304179
-414802063
866858806
1343968168
2420622780
764559318
530106202
477019788
2522674354
-625859582
487377349
1263743116
-468877998
2069924742
-127713421
490039272
1418838649
946406057
-612929688
-1380625434
2015955097
-577133694
2730282529
-196402167
2256111046
759371020
797544366
2351486290
-231932714
72782576
1929200923
-1367545688
1575577718
504002518
679548478
1389070404
1318164779
-296927081
469605215
-305197011
1987898569
882547130
1877703774
-754784161
1515968394
119994606
1635390255
1478430418
2125577596
2526070664
-358922090
2422383348
2307794691
2148040237
908053579
805863964
-275876471
2607595879
1929087415
-81302000
672707637
1055202857
-970385125
-267591490
1810962583
1473995898
1146317630
174527102
505704971
-744340098
-1250244498
-187328090
-1201862456
52584332
-1078629150
853240685
-1191710373
467399116
994243142
1851123416
845716546
-487882943
-91509084
-411161183
518731322
-665611436
658019728
428990824
1730298850
1036548687
291001462
-233800493
2264393111
-273882681
10578773
1402092703
-145165520
907498084
1540436219
1044832303
733658971
1438459356
-64879782
-783925867
-1089969982
2359943724
2518596311
706770454
755388999
2648877813
718177254
1389073864
461933293
1568575892
2648867745
1196637953
-1190261517
360861421
2812874480
1771663560
1741486651
-525561539
765539002
896823351
85951100
2672528208
2013686170
-99416329
2844760350
949189080
-1032179718
-418464865
1000522666
-1365818979
229516632
2054134039
1421038786
2273186266
1923159625
-182945450
502304345
2250879648
-115651201
684962324
-517851531
815979402
-462920266
2471963474
471712938
1896145508
1752851662
844236050
2006940548
362867375
209018492
1286113407
1368539824
-1127955381
1623783612
-150651150
-730135068
670437049
2082102797
1595092260
-183460313
-666008648
1641438982
1843275649
2359052228
-968351165
-785328306
14136075
1092002060
2815229046
2316903223
2271458286
-865373612
943252560
-592605631
2634964732
66059667
183492813
789977222
2862666009
1693346450
-995848816
-112517222
-689564850
583499687
1879990391
-246836241
-1212893750
1894266719
2026622483
2660109620
124664314
1138899406
1645464280
2109481694
1349789059
2520689595
1759019100
-1350111946
1639036137
2545909796
-900523793
559324470
80392951
-78238001
1012048046
-941751557
2017147447
-541157938
2634988621
-1329956319
2423778034
-853687495
-1365532102
1072567473
-597632424
2567108883
369029426
1774699192
1067722155
2632320761
-1157672971
-537148344
-441176514
1141042538
849187080
2185101921
104283503
2764312098
-768861657
2248902653
1768690769
-1044454525
-1304768097
1134021434
-621071225
1545579948
-617716550
1850420196
1943657017
2457855729
-659449757
2147387848
-969180603
2379506784
-743980176
2823789233
-947314527
2176175147
1184633530
2475998123
814973943
1299384649
-418732578
2302351967
-396377873
2835488993
2185726577
860899638
1272722681
-1082000024
76550741
2531483689
2724853466
508761586
-701185799
208534338
-144552808
-958658663
2119654188
1386737629
2510309727
637183981
2410390902
2226610573
2123399648
-269321618
2614624414
-385439007
2565860461
-113437595
278599948
1625829289
-1385137578
2687039825
303475911
-226101924
579996002
-1149174750
84144411
772964663
834542453
2716313276
-1240160528
261853310
-1314306955
-213889760
-1377351203
2399007132
-376646698
2262347234
1848309238
-801354615
1151175689
1197251118
468344887
2743714864
2778213876
-1178587532
1268437876
648208097
-488857138
2854532244
2486401613
-1218752145
-528451203
-769162512
-342652806
1535554178
696970675
-526802984
-407009636
808108063
1870299469
-734970192
3259225
2529153502
1194288446
814582824
1472415500
-639940335
2734805436
1386816810
-1381085489
-1101115561
1809899946
1755752628
582918231
-314797731
-103582136
2433196733
-389088766
2314987223
861962127
2501167558
2429219460
2283958787
1467663844
-539332859
1780484251
-1286559763
-526033922
2826574739
1519619690
2247683573
-667930412
-324675166
222682174
-360641774
2799884924
-721310217
301458330
1707789712
388088631
324757909
2363988712
2095939337
978365325
-933729021
1586423956
2787192717
223887731
-900570459
-185312108
2791841422
382067726
1144686825
238411068
-1024744977
1537347884
9795549
-585827690
2230180131
-1319241299
2646012920
-141035422
1818738089
227468008
377140047
411887372
1178479333
1738334175
678668412
-767188780
2839223040
194841958
1719305390
797458065
-1233376033
175449192
-900662122
-338025308
2517248630
2220757687
-46881938
2676034603
1912141022
-1256823948
1519933458
1381758650
-204894884
1759340550
1586533745
261519751
594906534
2133540665
1004193956
473145035
-639664739
1370920579
-97435446
738657100
2650314427
2673692667
5563945
2717998284
590358524
-1015650068
1772137894
394526840
270379489
-1115639834
626919022
1459377097
2211691845
2482428354
483810359
2664709810
-279808879
-555121030
-884057422
663793781
2828057661
2064241577
-687153218
1205475656
1716393327
1823623128
1643196950
-488146919
-728489467
-90104658
420172797
-77808776
2097869577
62226572
1717038610
661237017
-1233747118
1746033428
60720456
-491558592
34802066
-195410863
1798931717
-990040279
770121575
136070769
1525693628
1841132993
2274237636
1354757430
-1082015866
-206505452
-1353250729
-411640294
77861938
-218624065
2159452754
-941882198
-951192336
1951759964
2079722962
2397718165
500321333
150937657
-194398395
1348784365
2329830947
1273895006
135968472
1206063719
2503477303
2559659768
2554634537
1299451397
1981889430
-1223049088
761015594
-56807098
546896020
2319951293
2337269919
1935102703
2782460481
2440136114
-1057724512
-637561160
-1162533355
685806931
629050473
1317586431
453532052
-552648029
373740838
571197256
917557506
1658367911
2398481307
335535912
1413990131
2517472432
1487729673
1755142791
-352245994
-637160760
1920203465
-132862889
2090585886
2616299588
1888282726
376724080
2236630288
1352126398
1812550655
-76259149
-444755694
-29702995
1854536161
-179761850
1845866413
2681502423
-1120897970
1213669806
-669248841
2360814790
1316060457
1165627348
-616261872
-612352991
1085968881
2655169606
1567959457
408007674
48191471
499075954
43707329
2831533661
1443863691
1589644892
2597122043
889770520
-504846901
2129017546
-458101355
-558916520
1179597524
87515659
-1297663364
-281371532
1065412507
-859408676
180050402
1716380180
2481728852
-387951749
1827600175
2797080157
2194850942
-1102334204
-50509027
194202948
822240547
1793355684
470503756
2247344127
521953482
1925318793
-427051598
1975929258
871175555
1743683790
-666099788
2316436788
593458754
-1366191787
766973581
-984557526
-30201947
2109686685
102432130
1626486052
1639346715
1216023788
-969918258
2072121746
1730955642
862791301
427511049
863569448
937374485
244973718
2061677668
248998608
-664476497
929891906
-474525961
335051419
2050860523
1717393616
1918236246
-69870212
-1155226740
-1348594146
69913166
-706818093
-319743481
-63236458
1913296802
475707978
-212889282
85992879
60690681
2346414986
2468066738
1710353186
979614276
-1402927292
1512309544
-155581961
-1138767755
-94381430
830246202
-295727014
-530949667
612882125
-507544494
-316112443
-134391128
1960997617
1126696731
2813152738
2191856478
-30538859
1638711121
-745078189
2169714080
-345025042
2494249400
-263960691
1213477572
2323544945
2598784212
-994161237
-30561235
-440882277
2126785320
448666586
-233833973
-817145020
-176970402
1964865115
268380387
2287453963
1508471631
2209452165
2540216126
-264372906
652344881
1930179383
1372543260
2469937895
863623516
-791142448
646806680
-1047756695
-219192398
-44799698
-1069689862
-1150705146
-844672990
