258490303081040543
-192036426660121652
362828839358251266
-100881446009782735
168406034446957285
106096068547256646
-18018930391655391
249737937056112349
-697139249176298187
-1934154878287642969
791195874723875250
-341980914250335283
-1483495052545653444
-84274386002459345
-580608391841281893
-473092068141490255
495344569090835002
-575796195361242148
-268878222589177145
-11953157023697514
-390860971733292240
-814686947590838580
12600149237331775
1316890308974709084
102863951804656245
343822776960801425
640403713760203948
-443286335381213166
768865563131327067
253399446184254618
-1394789954988624613
-1005537561456460068
-574376417598785880
347577211500952686
314104806716629346
1599034716922889921
-899269260705639684
-2955990674979760308
-1522247636903464458
325649044138182743
-3959741073604530
-1491693786117236168
-1813570121220621069
-2235496659508074543
-336178358049177354
1477688311706147667
174424281500918430
154190871371876377
355448515347362934
1441195138141502958
830440424552341772
114307469827270255
-16429933794994239
-313937723734056019
1680111073097338865
316978718260383660
-981712422061623356
3946885750704369
483744084521158206
-81664785083705325
570401187716825352
468815227262017944
81467189766832122
-548340707320475083
542833061572527786
-1528728583900187791
1130188002503208874
25083876921772617
1488237476537305235
-620160328724449394
1148822030449660828
-470046969807942045
-1373520277967283017
-191181530987702094
-750459616011764717
1290788814187540206
862690158012948894
-1163018019085615860
30390531384745259
182752945605092324
767222073173938536
1028596793665277460
-47999571006153164
1924734359901516282
-940852115466542352
-467499964647964185
-68169743921101193
-77895713256127494
-380628054191981694
419338894478131628
115314007857826917
-587831879589979575
-272267674957059848
-2226278665950109225
-2139839791754079688
20002771451645046
-1062075065544226580
-584495287051605837
-2668338856363840662
38332881281009219
93621062652468754
13783749684739650
2692676511411715138
890821746210964779
-269861725308662963
764366143333431422
-964851801991338133
-44398443983563346
88693980480853917
153792124616262255
-1578951647992794600
750322978556725266
-192124085203550250
-769368015875458428
517385350410575005
-500880011756725942
-974355279333783466
584101554142058549
948012832042080948
-527970713308871070
458950958748310051
2386156088899690692
-894756543308709254
657485274479755771
-181171378684880870
-2427173911950719666
-116105261764479889
2122494617298433494
121928757113965152
4886136584304246
-116754820643702094
180313297225632252
-184638972023354629
30009114979624283
-514921704852047056
-1660888133977981960
-2080127706469973800
-550995083842637777
-409660068909264676
-727117682827441689
-138571461101395110
-1319899798357650200
-910387585036975591
377633767968049684
-197157838686328674
-1674672588047402685
2381327916070185719
1096945138341585815
509470947184526235
765906163237553878
-1255812155012071950
581143683219512589
-1523251887579247080
-977995246015212222
-1628564144003357817
-132255245610437212
-192653803372612933
-367995325000062162
-1725705105718629784
37680813575590654
-1558990345706209455
2258445069817079332
-336891134053468575
436261675974940082
-331110743861670062
85887116588227500
621266825441725013
2658031479919057074
-172246293276739965
-378574008591671043
610005196140853734
-250605467377351890
1468731896558180295
-536893028141872350
-224963722087235439
1979036301822002913
253800314999552178
-76826874935864745
1082050625262180015
-1072081166627815542
-424672066487857965
-96031031118157875
-2114232749534000100
723488756478538798
-1132536509776994924
349381481493748550
-225992811481204176
-269580844851103544
322083693058346650
-757833770514223858
122872894820725825
2010001862886065475
-106240811157096372
-1193799482571395006
-587085361945634178
1035045509898131710
528287701235190576
-569527044295090620
-87011777941629429
101601696454725423
378271333023307755
-66188761286611040
-553941752556090159
-330211395710318232
950866248057051831
-1494924209750939330
-8489523079262637
2168174644536462609
406244322934514730
466081955635064678
1197407407969950225
280882879280336871
106930941534337757
1294120684132037978
114345499048322553
-854923333579102851
1266251032270373478
1332385952183416417
3121301405944682449
42058036096809732
-1280862081440346968
-859600702008873783
-177479921577055353
3250105244905085280
2331517180738059475
-251409432782102580
-77410012522716738
-836727393112093360
998221471796164551
-533035285511538849
-637252570886101340
306315884265269277
-626615161806880874
-474702196198824828
227619329846889855
1861285256176264014
-2630085451358591505
-123322643216659656
27291528900844820
736811839096060241
-83838403794058004
-291876209947832306
127216072047389852
-23860749243069042
1668678997876317447
-1478942535063467986
470242487364398644
-137984315904858135
-2728054644279163620
1232575726001679755
-634684933215237949
-655470781338576732
-1731925571852522844
146166275043439465
2429706880508725155
271062025888241450
1611505926658599013
-46806488989132240
346907738951316297
-46102082784070140
-1877168948832007038
441250372501105986
1167182828051767177
-1162595741404512772
-495419254990609950
-190863793291012335
1642257902119840233
1022745569219422980
-134997512212020060
1350458867401062595
-481157444462005091
-230633404846838557
-694894207121770726
440264642306629653
-1764001613585987190
-461196328812354968
609133171601801722
435247324728830602
-102370914068861975
-336117285275889502
293666081123442258
-242675299981879856
144358930242435996
-1484136817681628245
638267992690871890
-149495790350046048
664280296265920580
-498145289970058297
-224259291617170565
261346961293284862
-84790263291756711
41753587600749911
-557275045000263271
69409659848069034
-623439265295309835
1212617760748880821
439340953312896420
877764946966866333
-2397306470914178615
236680038677343471
-799780402085652175
-155180691931913820
577645989951088747
215965114705473948
-114793407174012490
-761123097763652574
683046538571705585
408950282413776299
-3389161949024882697
-2857560946002779779
426449392718905556
-2712234590276954880
-646097108837507184
-1806091246071635685
-254247272691999753
1569724162181323300
-1184685732217827378
-333249638612599800
544793474423867089
-1039922627261358127
-1188115064465713404
-498756400453581348
1162025602720136463
987238261267725684
-399230099975814377
532751955547256550
513524565093612600
999465431636677950
-182063316852393203
108770737846132593
231367277762262838
817866064898249640
-723430291619199556
-2364356174011023402
174887942087034714
-328344369491951988
195373237274473650
-762702612331879422
670273623198321093
-881736671273209716
-154593530062471854
669332636101020550
609446307167420275
-12793702062397464
-1224469928852995463
2043526718620762793
-473037257528873112
-226995083173080090
-98236298159388519
90602205682967426
-185248117204136415
27705682778858505
537751081904080326
1127233048270804236
874879100916436910
1399167705913283922
-1102172789744534314
-229940218103950608
1351046990690862363
-578563462284908376
1030003089813891190
-467762877658662954
181664717729764926
797289130031286340
1010622453360204075
-62636394592517993
1746715332342291295
-1296731578511192019
-1107365888316871479
703048248446327226
180549775482649694
-643117919642654625
-108392277111744630
688960110707800302
-1387989229199813841
-432513624819429678
159055736451743100
-1444400780473743480
-513478952801843050
1924735445177115380
321494801382778627
-2140254545877893587
-76021139274478517
-140378664506719716
717480424029189513
520999855102673255
-564352352803649097
-3609415680129536496
1288284537848640565
627941970830237225
-1177637083860625125
-788450790589275970
973468018920200343
442870434600019066
1591844875234110
297399117890916990
-1112698130351754741
100810479489926526
325486188242323566
141589270377109926
-815717966927820600
-1167261863484694644
294926362231532770
367520953667382125
-1162140056098967205
-48153059731443252
-1009371215405321658
-765811096730343720
1319613128990301250
20997218448932673
-344471748918661468
792899315172257185
771912031424689722
-1576747757055274156
-2457979696596871792
1763006448198082920
-514672028202941470
941220239751281231
839098861738284150
-872417899408491309
3434373693163693463
48730513982939591
1281424383493106517
1774273522778127519
-1445168787722013904
-185396411362749852
-53709191561268997
1982377564224020527
204540684264980315
-27529312999758372
-912436171120704678
-1109533634097431147
-1660308137224675134
2839597293440197164
465306597474613975
-908684722574428650
461924622498419271
834464117642406645
-31530281914694682
307317920873813448
548154337009371885
126113882195267988
1548867116275499937
75140037428330241
-508131981342667533
-184034907276554515
-2569440164562006288
696139051410485448
-155720780673648069
234507760751644989
58187637871162042
700938998611472439
-966425546263133572
218466881437928272
-1003521533353236070
-496929301089548553
-1407664344324400866
-199809986558985768
703608168533078010
591429408696220575
-160310654050057302
3134437148088287645
528500858488235352
-85405517116106473
1150813956985803970
3593508021105201626
-229392375995099575
270067466080123222
-1386540370360234407
-345499970336869728
582407018444967295
-738678144515198444
-1609256044185995
1527590065501559690
-372213449861077578
-466478109238547630
-700316549107563350
-258682219029798300
-796442408446696242
-167630584148785902
127661299220839300
247825475972426415
-213249313630495108
-371506032638654337
-149357074032999760
-1330724274091801525
60122564445927612
-48882161112760590
-2391190620070017564
-956470288227889479
-844063613926089203
922851631552474404
13330689245093415
1134469319414875064
559877915279777542
2637922469270136705
520054219019667396
699038740005790275
-970789908217014450
431955383642731275
-1196841512666226420
242533133823310966
150905976069366583
-473819149145754642
1967761058461086292
1305021527455491152
444795887847050817
610426593265737468
63478981045779859
-91646415705481011
-28962509875177338
1073261731123351833
-321339792011924846
33815586490584464
-1156298152172904550
708232238040748878
-901109173481668697
-1836397442588843913
1767036372386419695
-191795631286340150
2179076681999333215
-2012785890953540077
-157055625525850828
191717410253715962
-20839966160307762
2689953996408605400
513916272417448670
1621532309447779715
425388750520888251
-789224556985810852
360037782699568438
-222769536708791063
-1208170432348323804
-1385569279657436945
70906861189504310
1076480986718057207
860952668583374543
-2709381926127230802
-380415536500178181
-704953819456652745
2554345371127944654
969772969185164365
-1080372559050278367
-76466757795583246
-116384363215731911
-106407867663539654
623626121420608689
-39824264511038888
-2373617723721451245
-178534364127235790
-747997573917719880
-772737831790172757
599162989989725945
-1447755218040172555
-697391196351511480
-210760647020630466
46015623620390250
703448719753580808
-1619757097145204127
-580804175316173457
-257287857028985310
3448462832835111
847414324108167165
-160162365241027503
865128595599582083
1122294031384760735
395756640182717242
-981189509935057785
958894730763021740
404607037019677882
-318804713178190876
-1276626001126106567
2331069261566437105
-2306690226532018077
15228315501496776
-1490283137908114875
1651357482503922784
676243686637945712
-64341162775831887
882283566955307169
1045641968282356779
44286315211788986
-378773829078172757
871725439592399863
2744991712743197001
-329383365926279714
587680330169391711
1059887569071751407
-161092873133874975
-244440918935500175
-168944277189015242
502964031961445625
-3513524974264386200
-601826584263912875
571868257974444073
-559994609469884710
-263919636681910798
-112350538368761607
236274796930661186
-653835193875805032
-140763001419724903
-2166502083189581012
14046064863080413
-674660246393697953
-4217633686189070355
-376545050354801290
1027712627355640205
1010974585649136096
-300643510511306130
-146178427620687714
1722630851403360993
-13657031362745235
132059442395812965
292603799893907724
308855334718943145
-5067126491547050
11482954235181393
3470786947924274375
430138238574130524
40762865171433826
1305422701078314018
-3042786335434477285
-2124452237289553609
-1463109157195474059
1065733370566649532
-1538998018754959632
724300166913036414
624358393777833077
148934501945330976
-94754788177655331
-383444872377536100
26406553775821782
337889589154328034
2309001641680631286
330121940167314569
-976887041853912055
1246101319507024430
-182672569312583625
-644789775113796560
966340354156015092
-2464032634498437516
-26394681594424460
-2354663236099186975
-537174223079300658
-769740269248269164
1840608670978898509
74357285813178735
2382551403764676989
-318652429142359312
193236342150498426
-84759979755130238
693881817388477875
-21882304849141800
-331312819842742628
-87887983689416673
-315589878597648051
483000901702860464
917180761301433177
2258239368055476702
36839645089064254
2560691156598754344
512438455138207500
540298836428146961
20380361288700348
-110508321728289494
1352546124240408271
253009508624650071
-8047456937778774
-259625243664537420
484707568405356631
-372911648186527395
-794389265611786680
677916197324825277
1209632209444469250
1244132885573396183
100810442441523087
-2022047343207724602
-1058043535715274108
-120387583130570237
285726755283191268
-11636123506151675
-579940417062041445
-620379134948759571
-834798354169504770
581613148222135187
503554353988341354
410662960952307189
323663692467024084
-245051691565196894
-170275807883305922
141707974509923090
1731284496430586492
-362958499971224073
979163745340613530
-482313276465951344
965029197034668855
186736871888087445
3801663589721807592
226452453425250057
-320955792585872499
-915882234704532221
-291773744059324268
-609109497467555955
-56510263174086285
-944945153081974107
603027375406734484
-78892477646889330
1576266385427129358
479525862723193065
-52587025283031748
-220065376423403025
1995293042476716332
-148878190833207331
-281244359027524970
1235009215310715171
80902437914671533
-2552267133132803080
-626368912374106014
-1538113497246220887
-37436154495180056
381832359747171151
-822329040969079028
769483039099988709
-2394041784396357665
-728997133617485700
-445179305232326444
-145161001183274240
345737145171643750
-276510271970048850
749810387696238225
1226141156647906527
276741381760033896
286907667057802390
-450563286826867548
-104785835021686154
-238121797942373705
2272943757247947630
1118329930875210795
-1160256276044122914
-44072773804989580
1563599754914977810
-960081740832180550
-229314699344638628
689965478291793926
162386770813556081
21544148923742599
394076701840477606
146629571438657337
827305809969596580
-961815297915642165
520976564542733725
-803175762202552701
-355048406538698550
-201152898488925364
-1218640596143925573
2742857016587145211
1013453153323247145
352803167760637132
-344425023287580676
-825685159906481940
553178393493941670
112708970262823032
428923476290415073
-111246259741741082
-597355376729520530
1154961594056987593
-547908468932887227
-1839662154002277950
-386374553089713097
549737545761832626
30490466475734161
-1759514317790017926
32507837780220594
937918960011096181
2657626504603679805
97173770280227753
-2709463484960415810
-157464044010596024
2047250017949717871
534895482270533592
478059213494497814
-1956878849637124071
-256566237296582139
-755281350690267986
1299005265593193469
-448039623913063560
-99442917599677687
94078973758505100
555839976082238994
-206075996239450855
514209516556288850
-1044233584454247660
1880562086428181832
664408084167485760
-2431755275450775150
79565097891677265
282307141308089605
-121742768845541591
1681736665047441255
2180829327545615985
900684897246526652
966420127941490113
-305263041647338300
1327928104580019510
387560740854284166
-611365444918380012
-2038225389354547113
-487266191921455590
-1434510740254616526
1016317797501243327
-1157453629247544750
847881424380626090
336206396847420656
-56595757065208228
427886741713980882
-626641008898455915
-288911381370876875
2076412062640054329
-1346744325078665403
318110684022100205
250223628763686435
-597859222991005602
-1589078873648482600
457630252653548135
-1176082705952536521
-64406815910048008
-249129949112000215
-19707718131249659
619552663677254550
-924126227150028672
-481283679262593750
792848411574219078
-890171545377769324
-145121715636689475
201525283819350175
509004736621925103
-288190928389604799
1795407773684565426
-318403145234094176
207861216599578296
-1523222393345726955
-327477034997476013
28417677512838249
74843740640429567
590847024887781780
-278818544285695325
-118419326083082970
-447556512457701560
-219527713295118078
362711093612162983
1048127706597026715
-323042430075019480
607252289090471667
221032991098246320
99732028318872585
193921266977954439
1083626476131133206
-897964210669636920
1633022236593224393
-1577918156585522089
-1094733027892015330
1412568798710566980
-2462614184122324890
-189377936771229072
1516518474456778000
-21989157461569602
871037322404647935
-289992687208865613
-1155526501500874478
667958652488565933
-724754404832839199
-1288289781510763194
172440546483482541
-825277228805489961
177660840041804878
-547781648136592978
614619117992546999
1578797231244782790
-147225090974450391
87803379102388180
-2856728168188569840
-988208431380808671
-113178713650458127
26884578077748294
176068371936520609
3442529958756463610
269233800274204655
-1548341263101637774
-819696003046511679
-2082349345138162083
234793549844946059
405275748455157340
383088910484172795
336312991186735640
-426131687652940341
1139567298066397898
1680214097912786325
-1285631240083366824
1748786469361629908
-93996329848053237
-19927936586532228
-294210130550285196
-733945644225337445
556005316861785820
-389843473924400670
-551225245037633004
-85604420918956716
49873778328490875
673903413069543215
-319288810880364963
-231958545668324226
-340020265435285756
-759725353311843555
630601340704476484
-1387234874841995997
51044597184622500
465549630445932876
-969733746956451841
603904666133881034
414164531502254217
334695488006370738
215167349425588650
-371814523374594685
-20362691609722674
-1899321073958379596
-1353292519901625036
-959898879092885950
88355490321502549
-2211561857754917235
-300307949726672854
-94718167939340379
-199296418979036259
367956333751369090
-121459465891203804
1353398807118115355
-2026050825243390740
1206365860465227982
-694172210243169902
2086475834019563898
441845818000746117
-966771750350402295
-123472891487910360
153336238984606485
-35933014708322154
447274022206616676
133748713525308112
-938688652510960465
-371388539869526462
-299768033172828425
-2507303805721740645
-546938450729916949
-329368868275529520
-540722430594386346
-1183168012994880132
684854296791262092
549403633811068446
-201614036911338930
-1638960989739233325
1380621879839103495
-139408226105223530
-422197151594276958
-749051427047163318
-577841636041584322
-36136501827852881
-807051584950365959
-538466292435553398
171491140289934770
-2824891905463948510
-374372790471247292
760404536511760196
975895431058031400
-823921203093044745
-764459125619832715
522671930413669002
-686014823049425606
-30317792186101670
1798314900932155869
-749760938327419187
1350722421870525522
-85330091270700603
1962085191190928040
-1012654321799367951
-595801762004728037
191689070453018082
1352321840326185822
-410677703357889643
483034701174194001
-313151817257647533
508075022465840544
-33829731158764050
1281096048611899832
376913148378367885
-847516854400044348
-124691355069940879
-748608059745088300
364450286426541483
-1202748189037450195
-896451076315108453
-770621120523785432
774572136529271770
745625727014009355
-326979468834153660
-1587077470741093026
860729572845254235
1182662405348337891
-799545216840775925
1860388132565381967
1671268272113291397
663412969046581054
-1290221314287731370
-626783311500280271
-363008318940368073
871888498583361820
538808670569906919
1073017933895686492
-121748953399550000
193917344564477080
349275754599317609
-1141085047404665934
1722482967430064430
68898756191179770
-1525027198721220090
-156792978895581150
