9060336563077
1040507163097
9991856927862
14015728033803
4108935727099
9340614152381
8777467033341
14555371132919
6255859774465
8922147967817
31181083762326
268388262138
34831117266551
26346185473991
30648902916982
16985923003395
26346021313094
8120311907359
14343491671366
720716607670
3832421604759
26325713431061
3515161544410
4397432930354
17541000127480
27118575879696
7339405031994
7225355443606
16474801395209
32702195872451
4566663126701
5362596373978
27487692586451
9784340574936
30930329199187
1909953898097
3516538872024
27074115830130
9713374978280
22739347595515
8417293665503
11730817671117
23778432090225
13183332816552
34893774023832
5759508877490
30109590940394
16341698846087
31879396816003
34692386258421
23914257629065
28064072675573
13204906085582
5953903342478
10849848439434
12235412624891
26351549813482
6517341650673
16924055993529
13343744293909
24173832922952
16586393695769
35061649497256
28089779922575
32691325359357
28017169131033
10709884556239
31960776082833
8069084518355
29703843164662
15117466397887
24169046050002
9776038276691
23220075232279
8712723470299
762396335169
24763140049757
31262168252895
1721560491529
17472237075531
27371072582838
13979771859777
33939693810227
28043380450757
8084196683667
17129536954934
30319271656583
25110125281016
4563905604232
29153533690901
12028504209923
7892318494595
25518673289141
29509076148439
14338393176016
27168508309949
1524009504254
922650912138
26233696507742
16981988299930
10522524053053
11574265585021
31526456822488
27703863323719
5016341904542
26993033414327
25769768369736
17175236938871
10904102696489
23715630195240
3712758574815
24992098652269
2015549060658
33956246921683
12690562703913
6590541806728
9252468614494
13270598223313
16649815601375
3325174605760
14420767662677
10255827155520
5555949115337
31295112003511
16483424361159
11560051719923
3220610610586
30383587407699
34225837571009
22757812590155
26511715839064
13462438698730
12026049540039
23775185470803
23797060435530
16330320523867
12073014126208
14846917881685
9810060751235
31327399172074
12042201051781
14256808063230
962911114847
5045344822457
7849827541378
34151359356669
17547385939394
9164821337457
16967491613039
17112372794088
26619929267931
3654361390679
3142608482112
4097767325574
28298332463434
25642437173205
750674452984
1448869751806
9469050195419
23557524437696
4284209099855
13107890778974
25171888428543
30852815325127
31330938872139
31981419397449
28522334821701
5177378040786
13187458825543
23479545576471
145910760873
3689259762545
30046233894607
24121810296382
5872430780147
30123976635819
32549182689478
8894765561816
16553512590267
5176553831806
28294002447000
12350138647614
12633416234975
2187250065495
32046661872339
10649100167824
5157079941191
139676836335
30608839476762
912630515137
8390618657136
31201651074991
31906059527629
16001124364017
5845329875973
1142759390393
8258518868849
1005728740079
28136079750670
23235409581535
35143416535987
16760525241745
3710186417686
23364256430730
24006965443651
9908137859006
23293621670962
34284958642345
9442229249737
32619501187069
22197919753456
28194082120521
29565458298320
12598930645361
3428910478443
24183805314776
9789343965909
4592533089978
8515139121194
32925644275014
13639056825334
34129656668593
27380035120302
10130588730589
22360773067595
16726857481038
14734386549335
4528072201282
9185963476666
22392950849467
7750138989240
32924287643754
3331472753845
13151647579997
4829982725659
6403618607850
10535334698179
16948433074159
28049865044123
34584517223882
7286033769808
14789348259472
12745707889218
8916736671049
26055154154357
14939838918597
35177612269528
5005147347933
32791696512462
27123795976152
27189644300794
26514069691888
17298851335213
16699055980520
1517450532535
34341221875310
30601260868274
14383273499654
10421357428673
12739998702167
4545297347705
22054357625910
16927647501229
13616442712642
25005156476558
24959498646918
1176264809609
29268428294709
25252526366267
8857149175743
27368505243502
25346661120915
17020743778942
16922953937931
31585246338049
6286785750597
27912090775391
34729212416833
26922121286810
16207482891139
33666593686202
22998211409333
32330386073582
13271616726232
63778051227
31279184191437
30390574382941
26809601080986
8751756361656
10100435615071
560338330288
34339607926297
29690390973877
171633531917
23892562760685
22133145623574
16019141795312
29162480408085
34841854147985
23491757764552
13120474360323
22199790595179
27674842230990
11679358163506
12041086529026
29376910816170
24745347673030
1157414549429
24745988183133
23466059604395
1854682762322
28520764346566
29739036104019
31021357202510
29778127883593
13883438309494
22047984357011
34495143939962
78646091005
30229732687934
27383399387690
6314009136750
13417427605038
14868535825282
3093541721728
22602573162387
33556569063808
6510409242461
22463102086781
23793140337392
2889869742192
14845252155088
32467593778409
29148692363226
25443097624528
16723675667992
28573565251960
34204413660395
28207395302487
2147936556083
13612630241927
32114634610397
5324909023257
25197852236809
31190845613131
3847170518192
1042484008849
27603548627807
4048247631019
1212955136979
22585055695285
28450373505144
15197170865746
35181404969973
17430975888222
23856163857875
8071757929087
25433718207887
1504172319082
13334503794384
14773383892979
30248003177074
12275958605710
5933352906758
12450472396347
1872352474066
32111219158669
30287327463021
24824764335474
963655610359
4605747320205
30937959734461
9853431107965
11637177944784
1562039825648
10478921133790
28518982147567
28410583004344
2761519541290
29372651757566
31501528692286
35005867316091
3675475457053
12805455604457
31754204572615
31192693725058
28066399889920
14094669471411
31137879752443
6045132595434
28109384659607
7520114941682
26478377209547
16588560343081
1184392605725
16363675025221
30494231005945
16642031391630
2876250953214
26983228938233
34165413434179
8701715660354
8917927722189
16297660028314
31195797632333
5706993665405
89503266447
350240415160
29800582165703
7396606589785
11680472824506
764299661634
16715765360243
35068140402065
12848854732726
22935176700379
23796248460445
10638272619893
5135151705566
7823596417541
33696218734967
10078043955867
6099040940251
10589421034378
32330159401819
7754870139969
32897234305656
28545035234130
4463984925849
10091214385743
25470693353045
456126367478
13935040264069
4975750974888
25644425729414
25106766032575
6191626310385
14795010310571
22059352424306
25964398846089
5633096818360
31152986930687
32570654068850
16020349834131
28001483315769
5494668482041
34078684918519
34818313424712
23723430401859
12873885451991
29251710169083
7914958743381
28176996734830
7936276741186
1584597360211
17418638553938
3422990881246
25269293359473
27633989774777
2183341564568
8477915439349
32420702633097
34226383074206
5374324711677
13308711720370
29558105463965
4329179037201
32229832432967
9972372756025
26621007232735
34133687973786
34827225080760
4386602136407
29755323440470
1302561555343
32393616944317
30588173807671
17036352848711
33561775815741
29237309021032
25151227160179
31402316280391
10357106734109
10979683145216
25090294381070
24822786466922
6101801009527
16573509307405
10848159067504
11699724072046
34434780702587
4044920184256
17095742665834
31195641253318
32110417597592
1448589882507
30637247148245
34295002162542
1089599248911
9416340410873
13392004483720
27918257220648
12217336738026
8295848632744
16152335949416
24935479323645
23353774277077
12866820843498
4924345286034
7776841848775
6248257087123
