1589201831045
32381102035090
28230008709599
14864770495598
3664919563241
26606099952149
92595130511
12721133720222
13624078930173
13467588520458
17211286985328
5912966004650
156812452794
30428641210194
30374519080651
26437964625259
4838188306550
1108229923575
34872766029848
4564449767657
27109025650320
32566881595781
10646337740664
2869480930367
17048615572217
15373280117823
261178815134
22053551104655
29709601368766
25781855862683
23802878096598
30381639511021
1472456921499
12450234923632
1693252367065
29685361077357
8577377137
30725442470096
26316653762385
14945769354682
14649964572242
12663583417287
9939668211271
169763672809
24060052498152
30716895549378
1289253197544
30933266242097
549786211994
8230219190763
23511502596010
5324983065290
8264783401011
15961057090426
3968347970392
27865633028698
9205711683454
28382269587138
31413747571520
33579946392138
1513796967281
27991810225662
25225864991474
983146634218
16993257193375
17271980491402
4264791040025
14978601229736
579113133486
13182849903985
12050637776877
26252078034358
17550508926390
23406144381
23110543508591
31365204282363
8106856346704
29575178135177
29297202291122
5712619626334
740098874459
30084567592899
33597444588443
8982605630040
9844178327209
7657814170642
8386304612978
32480944542039
14409040846591
10791529174599
27470589523346
33741103669167
29155601898990
33951437226050
5387734417109
13118324961390
34238863240715
33954787265034
35174903538554
30256152714873
23898067622454
14969093094913
15965566743449
5599718633947
7823772122178
27563870924272
31758376718408
33658427775848
27379532210579
14975945486299
28103535791942
10092340490802
27844133478799
10558535069566
24118786856949
33978591847493
23073671377365
31766402069738
25237256011457
2069906756216
2190730630833
7262767428478
14003054632647
7205074887726
13979549965494
3515866375545
16034374870185
4555587198477
12644708201942
27859997818064
25450287853123
33947805749493
26817809673731
7928241483642
12564931773869
14889216411114
29663046839499
32811085454255
13616613614938
26198187814747
27482791929054
1793195239358
11895826054169
24035564638733
12670150373790
4606239719240
30918677565003
26189288205045
4328953906774
9294271224496
26604265460048
15955245411699
29148217711106
10016545584821
427394939407
34546314127323
27004751622043
17458675519888
3759236510888
4084162081661
8234956842685
30768504501467
14364626464905
33803575736299
2902318060217
3759580721718
28240632257155
5186974296696
29357456071346
2886335145433
32324854537307
5045250748521
3508147000393
1560583447105
14665440001432
15952379699378
14913079185245
1462676963327
9812973498370
8461090760647
1912741056878
30501892963352
16526770786752
14767138500013
30394762196598
2054555678671
1772748084849
602553202296
22763690996809
14531942258330
15076027012229
30310930774673
32486248078960
34685274665999
31943565996247
10025757701237
5664121032810
9568040723449
13212425628177
9023051520856
14936654780136
13225330762141
16302230156528
6316140216152
4432329508474
13670699033470
7418766369481
23021832392821
29642101953096
715343002453
13964916909958
12780603892168
14380397745909
26523187059758
30678595702857
2872653028475
13995540773546
30816090162647
35069581073979
23065179556922
14795877418024
28095659932353
909762101151
7203976912587
896290160855
3642405684266
5842955333112
32446226894898
9989299352079
25283933098504
3920745543678
31685806218885
22358725308105
26854569998239
11708194123818
8650236421521
13597919174015
1037163890505
7411355637497
15105184563094
30918855184789
7954147740339
1804312370178
269486390291
5048346023026
25647402901165
28173807579805
16154615419889
8301360637845
12897615328365
23984341971597
4379808406574
7516683156840
7500224871977
26823956331202
25341132275285
1770922177200
27616528394179
12841816435952
8734811401911
1606163607557
24927347319501
3969929026546
1682695878097
32779498279879
30728047657877
4470212134383
27737052908905
14318868146090
32323162934713
17542155187186
2010100858033
29302058837914
1153635103642
28542052623227
29875450729090
1194392515566
22553970439681
3216828207039
30778440804211
3663298877954
7311131792203
31824799196703
17157310284355
34050226550406
8821275722762
4831040781822
22393573547486
15957365647896
27340523242077
12095880728305
10302372115446
25162506262199
15063798050112
27710292201643
29282403956179
32985201814095
34092785929173
10848528404971
34637805779789
27632844593130
23810197466649
32281160082641
7360930349434
1119927154376
31774153671624
27138982446680
528003093565
5205428401535
16399782940058
15307132196687
5165682452219
25904935595717
15099405173929
30858244853593
23007330841039
27331357103998
2966123224552
29737782983933
32044098217360
22133338304462
16586364714330
23302860940296
7728207278263
32375527824089
17386348484533
8430385117801
25481827644381
1661091375794
16063051701890
6513844375873
8088620889960
10694959007615
33615063797992
16573436321714
34443316343199
12292286437976
32503486332079
11578464542386
25837162516696
3456004220035
1836899373103
5415148941490
5920936991662
32937950672576
16544704010997
31913754537545
32384177918594
16589027715665
25416391176174
25481105203199
610938912086
26194096972299
9612128017486
16986415404043
3909758663255
33727804030059
6282712442573
31803552743241
32649537910329
426732197810
10361297691539
28428119566173
12179967314946
12844588823056
678451736944
23110199545326
25011538211015
3298975772407
27680760142845
15116450202078
27314023555718
6465905014397
7313019092970
13569699784051
31732568878735
30445768790943
15283610434891
10471262977593
32308266363854
24968417550166
27531451608623
25498398435850
25519492480539
5962864469019
3770690676053
32962028340045
26310897045064
8359336239574
765942257352
7760967685056
26254927539550
31987850516163
31025816876081
16718314262953
28514044383849
25924787611595
31765820724861
3893496376669
5548921363800
669200450608
11908968737867
25706952749929
902228824514
9326428761168
938228581781
13803335496063
6125390954029
17260130824537
30952927653363
8299923233752
16764820315163
5713743241181
26242100225081
27119413879698
34251537942381
11760001455318
6466231430302
10034284936318
32390915200454
30613918208458
13914928490126
32879580313270
16684175252958
10376612139887
1771376516813
10632627526547
8261417141173
34103940943035
14730996449878
10987481235859
27100138606325
31358797940106
8682265879365
5994718732251
27108481536528
3250062809992
624813332125
30812125566942
32600806211250
22017092713674
12231460225259
27507006952872
26797733394409
2118730250880
17456777998265
29509700017994
27920774244026
27952061099013
22583944476491
11680602131007
31494826073419
17551138560983
26537292000251
7695994221552
16610708222856
33622780409451
1999596547053
33752166184509
25131929240047
4397829201067
31837426023469
7605103537344
25861754157048
30223611753458
14912836272528
989438055509
3970487412674
31971361878392
12725447656095
35113658745365
25691930693273
7846285522603
6483176141778
7862320231830
29393997062786
25913783915207
23315295800910
33603966315437
25138261584723
14638848598920
15213283356305
5075797105526
23654444741778
9191358379152
12526228045979
34781978926489
24811377793560
17581740515141
16612662818453
27575594071702
33968633915217
29626288837721
33629953164750
32532492473563
30898355349103
8197061976624
2984043361622
27324973362195
3896861392263
22975906360837
3111156528207
32464595332543
34735706169759
26501141796811
1076309749787
27145333898879
4330319699319
5016912876155
3102879874169
26273585157653
