745053167560
8915716246760
6273646256189
14732575559885
9556233838029
23665146167831
4593329402512
398135668681
9878045396981
24770506947819
2833786900029
9220380070929
34784359482542
9805266323144
17018820041282
1844331966983
1712651826123
32115616814230
31343207006018
29162718136973
17465878377323
28573656223757
17307537813494
32309184823317
2188699251415
5915371909035
32027314049462
27167653924761
13445313608951
23022269138810
30801371463542
3799066281005
28384858707705
250315831878
26525068011350
31503237274577
30613517431254
356392623354
7582988724943
8898855752894
34772864196601
7704360015055
29266691005850
26580751809161
28062761439411
22105878542327
21996396257899
26870699507442
32634012821111
10465885258351
22658779188958
34359373183813
12089224928851
33746644483475
273821527795
13260458650630
1635323680274
15383935801934
23247849235058
13278124421209
34795340183543
10951799434241
12324234934851
24036664402829
16001729508169
22036262980752
25479520298383
4464226614703
16206222264297
33742525012941
27473273905738
14201707765381
27963815688190
25008223852405
8739321769039
7309136399888
1127816582552
16107934662197
33922888949471
35042352785975
34757939733547
29603106870634
3246876725336
8095163418581
13606203463568
8653162962608
25102454315864
3907059920797
9362758687415
7684805817589
30467510265070
5319651163984
24960175809350
5460415317126
10803421493817
9409030560937
34075229819267
32495404381248
27919459581491
17142777042413
28493573648760
5405442658359
6527147299934
1557645762951
35105162065659
23517005453979
1032917364343
31801384606866
27168910041794
31225955268304
22590756559953
30642481441752
32235851286471
8464979407795
30666355682246
17277803763670
15060666004353
33912821043950
113774460081
10700015582670
16752879919733
10379299688024
26622415826102
24741599850629
30974230483950
7965928494104
10685073897363
25013652367067
33543017709129
7745859697768
981354376121
1260601508486
11689449323591
23725402067821
1704053026813
356360986761
34162350355309
27658704200393
24902550021719
26818828048329
23096614053506
669740563565
9882363397760
7951849870274
490938000762
27125182092458
10470951390648
4262051241053
28209118477683
23843694751808
27930083910101
26406455911023
9500691997511
32701054638681
7655658091151
31761019732808
14567211341482
17509413395536
10154677838288
32394628788423
5524558950549
14318606673135
901630778611
22487730323160
6231044760385
27966550258863
3762178008463
25145844463133
8660754161531
25092402113518
3991239914645
7416171132501
4287448576389
25656797200022
25357196782160
31483967866475
4902163048965
24802400917464
33550523781585
14297091352405
34118939777912
22345955578207
16286753597253
13075642101211
15035225074891
3211979748938
25478199971510
33541479673834
4277979624329
7191835532287
13734764284784
30448557690369
32979643390635
3524049956762
16380691491454
34509227616881
10992702209710
701487815925
5893488164553
15975147859903
7635560607710
9259335758224
31335225995206
14869567139954
14170679074995
23088040060481
22751971058750
27482353008773
3742007811281
9150283547887
30367394074709
632607808479
16512036191359
10584942116675
27205822312157
17228493246992
7582744564115
13398077940561
12325263211082
13261634896773
25423440581143
6238459229127
4397147485832
9390794810026
13944373042395
4391235263725
5550171938504
3346950717846
22188748289101
7657747338648
29350446473291
12196081133101
35105110393998
28152964311894
25178572086142
31293861495171
9719348780611
32785276035070
25644894005230
32940976034872
27158840282266
29143403977666
33614591370701
9753166292566
31205768360488
12353567664029
32416422219894
5028350603295
4487603262385
8458048937848
29369917418733
11663685472443
12006897296752
8802782516874
29180368083546
4792237807238
5211813053333
9841801966102
13588653405656
1908170219543
27715268498111
13811393785920
13459872604878
31017544634847
22148864900342
24959998973098
26481388325810
33579025038399
25775470501805
31288666953375
4406340950578
12634501397750
28457619642198
22485533119191
506911175594
2151426990542
26034834281160
16894969451594
24905155295872
32469704959507
25195786839167
28536748062440
27195688563103
10324870374035
31156644361754
25495693531870
29941698262706
17501921795816
33968342184874
16177925164558
24807863959510
10378517786217
7879298103917
11739619338163
31261786400193
805088244819
21999592411561
35116638728029
8879692131339
31528517724880
24816220197000
22697040063113
34291473265862
35164948802454
10469749198290
34855228077945
28106547602966
8086615417299
26740984239750
14284949559866
34983971169741
3433008157757
4468341746289
13617059282334
29333809631704
10796369830593
30458282603011
17437957088256
11964147666498
22502808844219
161201778669
34066571496410
23766238879183
32324959788109
30970309614520
28585027687439
23356338082989
28269790866448
29960485303413
1631248985709
14985123985962
1782094864395
32701484559506
8666324794749
1867771375287
32701295207430
5346679528634
16071048122443
25684811881874
23457014710733
13638423613162
2806509210733
9827997438784
30883939262794
5749202022401
11660035092486
10882392459849
3204096028392
30465466014830
1504050086918
7300795036254
5403929451677
30357131600210
24078344122701
26111692046378
24035471257014
24035716951146
30794571088909
10795281480425
22554773457536
34178065560521
8460866987551
24179829052937
9915247611999
184052733070
27701230479979
2162812069554
10503076034449
34542492946672
27755376270065
13707224207445
14151135470042
25995155175256
11731421836991
563945122747
9896035409984
23637494709899
31591449328322
3773312080861
10108962155965
13844782617982
26645847831152
30160479498669
474743172302
24095470033936
14493676970616
23788127468211
684006580685
31280070524431
13089947545936
34827726204800
29698956819416
1910149567086
31894170985309
16347099532150
14497706477231
11963749069963
27957249629767
22780385004075
27478494646725
35160721955667
3420006353461
1489111778325
6233234297016
207595156594
25698589455721
31541167107080
8086391378966
23022364611648
30886985106755
12788239262729
16985706407367
3938464774983
25003974540278
28475896800991
12206721656709
26533534751639
13562134831233
9834363160205
14113295422934
8502291773361
3527390312141
27743436534491
4629990136369
27514467204344
16897930949032
23218221319536
32094057461275
9576536080627
24078907727536
16680366019803
22053634396527
27035381235335
8452608302673
30443018466669
2962976780147
11916507701590
31792859896680
15041291059144
8160721982406
18138239327
16421575012687
7338658070783
4018768901510
16899647511942
32674232655323
16616960320746
31156795332030
4829138879062
4907760021698
16405709383105
16859228200386
15324897173681
4069089945025
10315316173417
32250774972015
26302845344886
28299169111547
22654161108689
31799677590377
9735900003475
25728416964206
30855364468144
3291791843944
28303570853590
16297991525825
3484657322899
12738993377854
14853054361689
34822351658870
32090972534507
5087418150648
5308862412218
2024175171082
23007079130955
4384930595034
30461894500285
10660409446864
27058388559314
34177652924987
5209394055867
24767853975030
30797891732853
3643913068658
32495834682089
28430647362239
25720630131274
34429324461950
7372098330014
22971947427350
28189736623123
13459620832667
31338610119017
1109187324568
5480660925619
27622780970832
941936737222
32454735846735
2971039110704
16155695239386
14833846932499
23297471195713
4748233160195
34229138498648
12291074728702
16696659719637
13691146261321
2194044281365
14201042301563
4430176253512
34069919920275
