34651045825218
34895294681434
27616959837886
17526057155689
29363569749642
24123721384141
22674598344375
14447500233902
27396418232966
5033546224735
483139117233
27156910899291
22230367958778
8126235837450
14463600698303
35175478974099
8068564693515
27512709588165
31140366593726
15060135926974
7564798105490
23271201802206
11725406256687
34571528617360
17549392467835
23146811341659
13797621601311
4441503383439
13348206997145
25426596140400
9499578237393
13142864909462
9495517305727
982748563063
14200992705109
15333222228696
7829452928505
14311776542537
33679819314536
13361549348725
6539526484302
27490257862470
400558218619
33967125882063
31814684896809
4537497488330
29719025112050
34116761873567
27065526624784
13956257332217
5570226822730
32279665049784
27300938944106
31173128526935
7268534118110
156555010560
15196580569421
31704025096391
27436358822510
22015381880319
16071925761242
22460252201205
16949825864520
25780195728600
14931138687483
15216912816073
7262484290774
7741707301958
10084988441459
17141103109273
28304065893864
26922644356499
908701821584
16213136686775
30053985520883
11892480660293
26521302958249
27018787141061
14861295907355
7970360337863
11688892899715
33970280420695
17570130756721
24124074980467
27010865329350
34736311133591
4472398691030
8273427136390
30954959602296
12329634270735
7175696378814
17246066752322
35003201134478
22161892421741
25289680303790
714546862072
29230670312338
24908367113210
5350272632137
10867623585331
11659104130128
5582682849789
17306276455879
8237640670794
34231313303278
5498736590487
5731864377277
25346364112584
23545060485769
30243991169629
8856538919583
14116447640401
17207739069693
29318502282438
11757806481298
1160378952519
15031366544622
26312128109777
5730244876877
22469897895640
17026176066624
7577783938129
3923078746502
11593307676055
8797542150586
5544244624321
22347897558686
30763225503061
651547444219
10535320510906
12990812002824
1642890060400
35071004995197
16972909092486
10847161734251
17204310810011
3178093704201
10712836256158
12516523832915
509394056657
1023093974729
1532609604163
1214735384030
34474482436055
28092126697077
30166623154360
31532527490235
6123830137031
1816056426160
27194437426263
27579308140010
25692734252045
4420861661695
8941835934839
14902983520347
13334152021323
22726448730861
23096373829658
7645309806216
1601810223130
4431171277417
31709513873067
10582780777360
31435990700875
10082300134827
8455763749805
26252918843255
23146665041929
30372781168216
32136835540186
22574235107267
8119537044045
9306552613705
22813145296954
26868426510721
14186260104896
30813096051178
25333151546990
4012685660671
8667358133851
26861684412849
28297013140531
33541009941074
26060420553945
27676492073993
30382952675223
1300261819766
5909170101802
2003250036095
31900721738566
32453030573010
10240588340978
23274391775069
29821805538408
34334486531128
919808273232
1557981275098
30127555900562
31036249928760
34841077431427
30942002938745
31405253813066
17576499703626
24884284163419
17049561971358
31026553894520
10263660557297
13032828285816
7554266489335
15233427089352
26833161332250
5505098427960
17440117061032
6406099079115
7226322229763
22625714251602
8863034577218
5927983362666
2867141972423
32396384774879
23285968794687
5085695052974
4762487018695
4263188969413
8791480074675
30123689827007
23672825850502
25732482818991
34108277322217
35071861502872
35050339635250
3310702732915
13155447864219
22478505471187
33557738503630
35074741285513
15061418338862
13434351293255
5916165166825
8175919569473
5599351649995
27034493587911
26794306776922
25230803572319
29186064962800
16475192055320
13185973070725
9832342404475
27078944326494
5103665258734
2192571314737
24926612876848
4596042231347
3725636931290
10490596766454
26062837187907
31498633029558
2808992805056
34460939322295
25539385176759
26363552863725
5915679680240
22229281234303
26045688255216
3671879925298
31807215175295
23207767471481
27039202380781
2185097027547
22009805312070
33806818960634
25438924255302
12123492343474
25852913925202
1131539592769
16499926754443
23348560830011
4004235014738
30866485827479
10056621406856
30870763748471
14981569458554
23525346322126
30089286452655
3211959537005
28462466535802
3382405990264
28425129107334
16056031382663
29549035119734
15067705632349
34859736572872
12011819848256
15377525345151
30801422284483
34293215996882
1779146085968
22598916076026
9804397706283
25132855401919
23101924153862
13879876879248
27003853706194
208722849905
26305318813361
4517330886581
1673684526952
7192441267389
3314035103486
22572689956789
25229538079171
31915814645190
6492364549873
31024981782545
5431307772365
16578870422750
27564131840595
25266579354481
9188295617401
4073663300061
17254663751006
14657467711641
14434155891224
30987852946875
25270685010677
12439815661551
16298204222857
24964223163440
12757557957512
31247988700031
23766083801931
3424674248013
13883586160090
16107966732976
10043434209600
7602767858617
22260207707741
6135098347710
17552689312360
13332448371609
27412406734664
25527328726005
26019867620225
3464037495161
13127819991933
13899465490826
17316369523423
26598471954434
23306243601793
23652348978639
24005892901890
27745176976873
5766261598721
29718153739357
27084473275039
440905560829
9831098840704
17252869412776
23891127614792
31328755679915
13213176732405
8471241501312
27557044228072
22969602540367
8599860592250
16318107734447
31243343746394
14544806013849
24940090492622
29396939338115
4801191279839
27059373432398
32503116977487
32160314250137
25756219414384
6092258257429
14492648562679
3740119041273
24053346659282
35035939545099
7695345090737
31692296851343
31465211810647
9988000886919
8813470919301
31974779214664
8618682282216
34901009229560
16837200567519
7152310257651
5569725111427
13761525938792
3273656933384
29259443396032
30211745430647
229942424107
25923849653179
10684820135923
12275387933937
2873112786163
30712060804309
31895127577295
7865858801227
4331250933881
3158065766869
23311029435413
14566024618514
30700802011321
27504012637878
30368914010351
1021886537256
4611547522029
14838429933489
7209216402461
32099891881154
15327636031211
23494583321627
30107720144006
3694899338270
994381828825
10633393441937
10914633350729
30871944506816
31497096334671
17027849186498
13227327520897
9423465975133
24967832511337
28435816386171
1332796319374
32274134295888
6202937385410
5697671361413
10813771651698
8462080994671
25776443842451
34440590645888
30149479719498
8305129254314
22640333870998
25756202361850
16421568404983
30904234774648
8092406773254
31988885749272
32068733613105
12053475757261
8383555451585
8789350431641
9305833678518
23643094106046
3511940931957
8726519813208
8873017390573
4994929496059
31516885590549
22958868905489
9002035669553
26817916740801
3462720135821
32843055509758
31222215801717
23209873003146
1764019327579
31460585563727
25237695828367
8057646953998
35070925140507
7496286376368
27001306395120
5976812006363
815162889725
23121207268375
23456915559528
23272807147505
7311485124030
31848257662662
35066411748190
25161810649846
34577160820119
34340581194371
30732591223283
34277834337273
17053984090040
31602682334789
14825103291015
32552639045504
9963363085880
22120484825758
1543475201672
34216626712517
31862255264586
13878308549016
32798956952902
33552738091921
24753387373683
26825724712017
8383387843583
13375986515101
776338652801
9832627220905
22533157263873
29856568488816
27721167926918
26417059686928
11563494705847
8346303923438
3411279936074
10390766134715
12519615466888
13664944358783
