38487352948270818461971064
447679899745862345107215352
6753438209808501863554567
430382179113395777251352017
152858365862808930242600959
1202541182417902920760782983
1106805112812951463864795248
1890708688079110373180406
1117647280123799474319949823
367254367963557437481423306
36674565377024876949017095
1137221474675407733634588673
1141194090557515933480391120
169594291059690483211866768
120624540648614460561076222
270805269544437770262152270
153194692912581420553105016
34727748317608813925732984
21458440267577596810666112
2441728646926367838691328130
1119701954456720082840024514
138658666957774742469701618
1222896270863465238719914550
36871704724485189824185399
154441322722772645975199870
292594145117806359194903032
23607920839663393379124302
154708332719817032086815289
118743978730268399176840655
1106843024458647482859783050
120997587888901961239491130
120830165402769017684889622
137515928922252991567005058
2182979529197057608819136
1218663351854617083963768842
138451059990061878488563265
967486506526430868164832662
4273235645076593652538954
4231822359297183207431224
1117082268372090909692001280
152371830677838137113710706
142402913174295414151150714
965255250922962184294433224
174152670415570660220765246
16733042974863070966612616
952095869404267450229400641
21562916811512468441923712
967486625403911382073147266
16933373174984179787050942
118844387074973548255576713
156565277144753643244756040
138662329482836622484438607
120340002090845814990570887
1218640964712604856238285241
17803256034274294727536527
1068624255974150766239978568
1884905855973740139718090
367446820851841376108445568
1138845411434008641100063240
362753237040269288370667022
271145240589781853131474041
1220486375842983787888898184
139970805609547611138163783
176805539723994644579901889
309556437668320294027918920
21500421271817599752175104
984936246270637178308227536
271636874965941392238219706
1083566600579674895070527104
20177500900822582024466431
16938999210472932249112590
178618937278708163809980361
273525831967257204406059016
37138454105541525719252529
23578703647250548238056983
142397674025250042109201984
6985109989883379147841072
432502521666524508470939761
309417935568593499312365591
21537533821182233859354801
122749070549208615670812034
1204354596403162290110017474
55879110954707618862723760
571619601449243572901262
964761036099072852031512656
150011414702622395859472768
2342671042406993690286645384
4302290199205649433821233
343363712107987311750058558
17335946575646406872470522
1105231508249757554877426758
275375348755787087891337808
1070608757682498249820738234
305324615742277322780675086
118815850968680284870648839
447028738115007452523766257
57534230461829514401121208
2485074798969718325863424
4335780423261574928825735
943571529674069877570232450
157430134133433451876971984
1105327233454921337619881921
1201715576757847625036435058
4244372308966202675072135
275437855327299258376749514
985955605746140605394775624
36528299394728271961923074
17460350747456989448080846
290448126626277467743678990
57503803966306183552987632
159025156499181707393762754
139934864067311804021190264
4236637198936675763852233
275102503994632538760474742
343910926317995713789992456
1087475498044731843309240440
1137222081800634436401004735
207986013333231264910348434
105654625651735635783294
1225585352459036610235957894
17256569520308677257691202
118885642116996841246320120
2791123814041569145946744
363022922228685294312648313
53735688163156468969970826
1123704814774436306922246712
343643009540551581746266558
8878086867139862639497449478
34152672482455792828776977
4643203546462585666727880
17336979785806166282764809
53772480444196919544840776
294676259962002618579717634
1201945202468581107237127607
274115205442906148481474432
4542456446537907620553687
1098544652726336771710259143
1086027345765076377861358162
123248591806225453477761151
152633247713914473815769079
1138618709789946337759891846
14913259920231911271923840
1220716996751198675139899008
1139644047546433572901782408
872556786901783316296696
1236425211973975055561454592
343750435328829521458130888
135768092123532410060762119
271702395815715688824442383
928564363466788771441909696
15117458427200594350465657
191908720260381104085893247
18842843355654105635987082
308578396181512361049726
36598352786740459880641008
1136461770042525023071830648
316704934433355605748448432
137566084740927802943960112
1085880289602254553777467440
36565872855283695582909831
1085620560503921208559902847
174090836035396430767128568
2219585169171380093615120
463694404249162451142024272
982178423414730760781070849
1098548784707184062969941000
136003777831853300331774592
1049311465142555636282492038
905726313711144817395130
1109231996531594350855229566
18817605505841589405912570
26327654295188827422397049
135748114315733592405212743
210359584825093725406916222
1204363951206838356160748608
17294946829641550102011849
20182815309536651020337175
1221251656313264875940090760
1100395416437040752173490191
8840501320508724387625504722
1083272963399213749488882680
329167259419458564542664713
154970214726124350501257782
4539830075327711486189511
176516239235497402289917511
277553407870122046882353678
169786792920793576667550640
292905443294352965288067066
14558530296961501132490182
2947799087041759925792847
935147293920951263821529664
948133927014778149104353273
38618387973317484535873545
36802444402194747135853130
966876859375496882123112952
1203900762577759280050240593
156555978866187010962333754
832253794298615967244472
294714480594946759082180097
1219200646986179518845160968
575153089152042578013822
1102876168174597004148897216
1105802421456437977506636758
8857430604110093823045733824
135441225760587507806245873
1221388365165089093917897226
273482731325615451794042942
1236395244570933263058826362
154507585373230339609653369
297362706587130903157080049
1102545199140637160377156282
4244833457336558918053424
135400337849182614294900098
1117681879925318799898009665
156598837773103553199739462
175974330586764510502646416
19116138370579191682506255
950025635108791495994204736
1105302342704675687289824264
1136495296239020385241132599
2459300901204288621824799224
178724321525780865473146353
17151776767040687148364464
56517235213852337166127096
191884571403288622202593223
139970407610685949642801679
1204198803703143082804620872
26333151636589700903399882
986233110908585990866862527
142053574182251158222672832
173892228769326113278721430
139636179539670372804697137
1087495617679944003346588162
292366045267975909245025302
53541814575797737028584126
277523969097928812353855937
1205907186616641270092914872
138111003576784502770628088
2323962155681926315278938056
21156292187728988397046856
55921732269522736271263224
20215926241557534438829688
1136920799828143235666351600
208777002673538364482982038
305055577399910343947595192
1140990316432597798113473025
135730314122037082433290306
156897013269712262075776455
17332137593675783364743746
34181622069030757876171256
294949557478000877178196914
1085078152006412788788199050
290251532872207892358893568
1218950913718230017948545602
264551820627886894678464
275437336878011417024590522
19684459365936716855155785
175965483085099683799202874
965025479544573563964222992
24108409825672453818133626
275136238780935876041732689
343902278941783693625433664
1083571281678900256210165840
273322335553044570423102526
1100991625836180173385171410
271374929104232522803081616
152866545856145271654743166
1106814293380271888929391056
157159267057903664476684950
4538988716874408212131216
307072093949450569814110270
17454310362006114093002758
17336253395653745455869442
1223139183258692929770255481
2158788930219314694520896
19356445401824113576902790
947524748876627093666397704
432725731163046861198296186
2378612465396347997738475136
18810898964616563371336319
333125260776249504007287935
191280116597642766510918656
427898227333476233538499153
463674927277338812984897487
53567556662622385446883448
1051506391082238372099424376
174388712827534352130441734
3018166338242543716898184
1237440517850683254408975298
1066272039226057834213700752
38412763398467308379730618
38458815723375254728897529
14913880033252464828059791
1105189685170978062562464718
55681867346302205364862472
19409378446521179018136655
962305673135525799812990337
6955468103051505039245904
982063196435835871383851135
139669302289419024019021840
2343800947292603441104318536
121128183038190802853405311
55624181941702687598055480
1090178825722224725505078208
965064584306056211905122296
1087768251217949923261611015
169547796099835404799537786
21487366147826935079338494
152560272398905902730289736
140161606952560133432651774
169660993572518600342565433
898429216573579307197326
53194369861680093966308472
179214922149657103384244798
1117719067283652658030191736
14775194223073221021262346
313824865770050239128872393
4570718974355020639113216
36603521599621898553564682
23927704279797711615291568
19045165837459929836782130
155276132359261691692147656
1117689313352973611476484998
150212657005486462977503887
34429741927148838277604856
7220040360745388220321800
929030697166572187998720150
152858822573203316244443648
930306060808154514479981006
17266678076843043389441079
157568179331306023842255408
309255329147144993624813702
307472399651102205128630
34453871533892763035600057
137594631938202803804545623
4605043060679293517526136
1137227181921119423296902072
53501332670950042884644361
2361650689099389387787722890
943298034184749273965655054
139707079366079603300962294
4580310160716219524587057
1103115959722648271907990592
271101615303006559842308218
430112680537217678319120050
1100156140801193418483081288
932753547320123419854607439
292560859032420521886060608
152900249314670391108804152
34123257437727837424190078
37142086979187234412700118
22659612789051109228186705
120595525862645883851800638
1235589097319781833700336257
962908437916119730061123464
177339603823483094538092616
137581496850036425604239870
119074923007003035470429761
446740676237445799163699718
1100424605223209280645398400
3290439109367318332871113
22113727544111516338327088
1119692589281244663662014479
159574077687427126285079056
2984602598718827991207574
1083565963407469983815430207
2446833527314546027364400
140466880965066925220073490
152693056515960770788323392
38682608151921711208460177
1066848627950181454607847502
1204094377700655246843147346
935373308913537725725748344
1117577036560876805764165198
21265416976526580858031743
137868383943825404043727360
169580181298598104174661170
154733725409232488214331346
116888818822851946076675711
445183003948630450475373177
948062756416099762364443656
277552966929124568588088256
952361353048680401103159318
3262516688029941598060594
928829156239025961460797376
1202049564174521038226599544
19145067334589874605949047
17505751172721159819522161
150314566962286386554594377
984107093678100946243486608
1137235453096053040880808832
428531812125027133037186672
118777053758383419448615426
152367744851909449917402575
1221011395548102607188750392
834687375903641601289608
120325840479337024231541873
152361381748025871615488135
14810965662205853480788495
1237676250813628027305689095
1084033327559959269993688625
22054124831267841806898104
7224245455507819447660537
1098239322965001532107891664
19044336436423857356242314
316701006123269024961987150
2484774425200867044553160
3050780202035671218552378
984171271039568903385059904
21764280713501685033149390
158000357848582529299776502
945960836239888952565666815
14881938611459644218667521
968997080418837114618700344
307903479118937935094782983
17190011260911457835614871
159049328667421543878897170
174665725626247980689628279
309754119248550668496302578
309250654446783433302613042
1117622487302639133009129471
15041385186095942013784966
1089955904897048698263700366
273586622361699549856731143
177342580842238355972092408
169849815589280602583797904
935633672264387803021548976
869489323773854029910071
155280355588988058403349047
18752453917281967975723408
55654713343161938160881666
347911939018218076008320974
1083437871130316085653238793
21268497315070077925593585
1121854449305832334171505289
116069958290967885794505399
21487459013869712793666040
38421392928532385157378744
948150905094414000909226512
4306273763396161401352768
2158049762853058351701689
290208457176133357137269127
17462925203654433090546766
307038093553026615443642
169519323839060870022041096
2153489170456971594464889
945725896629153985071739840
55942344341942140901483130
36570008098954991003436536
154673309170114686007385610
292876440867112490987774456
968958969860199053598192200
310329796787059882398519793
535277121121144004936761
55912313220547221000885321
135774521842910231145479231
432545091160873847262540810
1104920863093757642111189182
275912592771960371618721744
21831955370024156379742786
275739050704681821154079743
2437728529561425921324655670
174023344205684245104661376
22109538960274719086973960
21752917523616218474606648
14549602921450767667229839
53528080466643309856264265
154151094369400118700441656
177078201045900804004286536
1119578066974452384907956280
23607250418693033741808071
870039553802784202599984
1141194080879002813926450168
19753660204803049021219768
139705456916980034595189190
136001195026859040114773962
54098978899085275359867385
326982549907345646277096896
1237906845410036551327217150
1102545593553298025214935561
1856580825665049609707057
8873517148388391794885722182
1086497904927820707337637562
2695309999543723890048592
407846034578841603649086
271068106970047915730234954
943860036745186709038698574
189466793569651347375060040
55644758260144291337544314
1221048234790629659790545080
19343534970493854550007801
273019939218833628527922255
38194115146252048976872583
272981338031533450755808760
36537753088989136945388561
1117580955717429451644765632
269638350278396997336454
17294505068801964535716976
41533727797161759383440
19881688879049196968385584
1085354574581147265608973497
326949361160824121194749057
275096837523668423315762704
294910826746255051048362952
55987347432661173231161234
428836976611683795129052167
294440657175952502590743230
137544090069165081385243599
19306742548150595048411607
1105302866180260776946439184
17152232583176563746996360
