479561375782435926
17681358429361395
-473674478998808570
-149508244860960270
-9564224906612340
-7652977905326894
-117152032106273550
510522595961962975
-99508161037504983
354426134064310970
25952019847804974
6214783214393850
180229967003187677
156705838646019540
-105576000752112894
47539654206144088
4936920428091400
-59117576097138306
317507299857193212
112345690727439400
-95387446833647082
133278775171938770
40622853406792468
19842062961423292
-287148991377521412
-342855504748004000
-7423734833411566
63819013962618466
215133855933581020
-8174518918640550
-164161552376051813
-157984629605474958
72172217137107438
447650971196084460
107091746016731690
-92024808074901267
-64456428104988444
-131249544411772030
553345081874781060
251602589351284172
-226616029329470007
-227186292072880758
-380372033135538993
188530158460964040
-95206630283625000
160687494810923380
372924495500841804
-485779049527068297
-60793842183759489
121038362228878445
-188471600784817126
-160969437148976808
181587416790857536
176743048364244700
-489574612697213046
-398723467414259889
377704837798577814
241429532314806275
-682575841501981025
689496283389514854
96474017557929024
-85869737979279102
348472198867225284
-148754987329566191
15760941673630153
-294304444226616975
-28387794477369525
8862705310765878
-82189913014826791
-699183799016503050
153359248851992458
-53401050211188420
506046547909257232
-203913065160212385
-69081150737147856
-40950833412722553
361267059343640941
33865880991891438
177407324826588129
-497702879802497285
186322088082311340
-637390546476938858
-518641316132259465
189717923170476977
48672512089842599
763105993413803758
117135139862670945
-754737657826110552
72397894330113308
-14913442079552283
178577042273119726
28816017151821193
175709906247551780
-709776422947120275
-833504743364607664
-139318200743197462
4050315783706658
6208395295349610
404748664796904598
442304595283356208
393944035477353750
-440282512979166
35034266899336604
161839120793140266
41262459533098884
241586129774736824
354651672249339732
-309632926628697392
438941499203935350
-313218084859331564
-67186737283612990
855852232827658973
142742308623013316
-168141544126045319
-384619679686032156
-175560922965594648
450816406536210550
63228543113250113
-204515843328892104
46360067662784640
-493842191961489071
-286789236518660592
-201323348783021113
91730565528060125
-502788489390166086
-122610520714806439
155122166197767930
70025300807067543
26379878640725025
161470864945412950
-198145991657068904
532485715706964684
209304231330835515
-427193109873307753
-41222049117895430
-169269427973349546
239872268549425056
1061026378083908775
350795748566616871
141476024476086256
216572958459567005
-328889215828485414
18212522373960866
51779168191508571
117518450752122150
-234282849741348394
-160053756459300682
112916079455014854
-620105576597735729
577777795496577432
58182949669331760
60475849306592703
237673091251541040
-1021315845028394
75223338077844250
279100977352837339
-35017028530556388
576980968231124
-156494048327582625
-1959246222555072
12414662498387445
265656833830376982
427388293654137486
1987037332764172
-52487438966710094
33783360535725390
-91120503000048158
215375478927528918
246826159493174574
497930693145501041
-20658611830652301
113248255124473623
91704104955655005
-58622170331688368
-36963617037499401
-38502140952575385
-45957344299265830
383579596494528328
-228047570667331605
112109716101062098
-236338239451896152
211139799281501684
-11116739690919450
44050684533749850
66405605369464875
301156326653215880
60329194660621710
-9034976451337494
297644691876636342
10081737505641853
-190603736396546880
135843807655345916
-118899739728148611
310477686764358915
33480213627535185
18788125745595339
-10026289869444964
-575473181750281
-103255781282859894
443814618976825382
-172787135578317531
-542249790178797747
41270895138442746
373803591605565356
270833652497067559
-397903206078511644
-118094049763157430
7565948850744162
-438023702143030179
-25905022405114326
-786153003513534144
201112994988756945
317767722120512784
265619040086909739
109729913853773642
-42839179516223964
-322168245049201158
-38614634296842980
111548046807736650
-1236970641938266
389563474409534844
-301571369167546034
-210437029049293416
-739689124657756856
444641469165007037
-186798751336013364
-13068713694320951
-167732739708932972
-259521477049126476
-35540630609065624
56473545365187496
62996337169831500
1569644326663875
-12340003502068857
-26281285903116405
204447057318702990
-337650921073906003
2169578693935747
-265952594163120365
-326667576728208246
-69163754615246872
-175462486263222760
-96521481432768862
-307739120668165176
543100563888222195
-404834116532999310
-41684195972680032
218898641342248934
-76460857541851458
-278310736474288908
-161851636251488924
-487012417204333112
758162989811792565
-617701947850452840
28421167893974417
-78521106691690686
-574078329116390692
-456134713302468226
-442394124862399530
-461783568384064355
-207086896488166825
-656550876171491610
-22077406736100323
344382641907535900
895617738841060732
-397571164820226420
128720871447316239
-659504584238997642
-599351360611883243
188259521604269281
-17292403406929924
-553577375331963675
157365621322891026
-214564177269008328
-91571535755146839
-207326662300385430
53676798315298775
312878789468635676
-266296664266690530
-234907506120261769
452894789973559594
-183256722215221545
81287911516742830
479608944652333020
-37163592630711
118577214758362287
-273033164031954723
15026560512383150
-160359460151303340
162751581310484141
-31362024410767512
-185604617371070175
452699980924261534
9958062750646965
564884240352012330
555351228388224860
646727094748169872
316283877938947815
-63972052373430310
274830008253435008
129395021214996510
-601781860452590325
-351383100907828206
1982632669705566
29154161355618072
617881840426437108
-676125273517853358
88413273230382260
666902217205983025
-298726274648257905
-142931497902318454
-118564476384960060
211386417375168569
98054974781148390
-375472731812358249
-446175730496456452
311747694764917830
-137082618356262762
-19906558232760063
-503861787887403764
-84548653082176786
-37836561291934224
-221941400425369076
-118814151418810756
-15893966915486240
295851030993592951
-196829684101773152
274200283709628894
-754375711368343293
318298750319019408
-4664722192513520
72284874547338024
-2477360355611122
322075418593415508
-869344766067911016
-246359111679809612
-62241137920226232
-332964546266487421
-6404168370358038
186500156229300414
-387699779441674868
-65236231953120687
-34338957402190145
689662332529317171
97929840268630357
-70065864023170792
-11101801994087860
-303328578957081315
17486164547481352
-99504709039446162
-526896388159914817
-131469433911213720
-671210831829532890
179879667269922969
245690562711550436
-177012122368074031
-37012202569759362
85750931764283361
-41902201985795386
432474858195730568
-276506291660940107
-370943509893656140
-144425621560845002
159523728952592056
-177391362692650284
-180780071503969750
15560386776353029
542229912556328514
1023308735897004570
-26811287739863940
-107199936259506209
-116009721802517855
-115328921456162766
-280084152419983344
-14267446889585472
-551378509296017594
-272048214792438735
-235654963287546884
99604133974763866
-462935448983713788
-14011039820788366
-335510953338175749
-147352375607658955
-65620417041103243
-102291505822462907
-32703996969431748
122730729696807040
353630026697497737
141587152092338680
-72881022646367920
263737054565881930
12101597526855126
-433702103887863378
-297511205666275083
-144622565657027865
-27332920529734651
347904114912081243
3234497780812186
136161173422215648
320266804147355625
108894494575968710
-23761716661925294
223638866980897095
-187483354819199192
22202042878662885
-198059558758290195
3810313531958469
251948410457540
73321402147923283
-30189420202365066
215734134546557340
-27949029119628870
-360371096257006863
307709493278254470
477464868672572784
36426435892022175
-248541095598440700
147061775935848703
-164479143868792144
97434977602043437
-46358680185151535
167926722425411929
382665248155578759
-254653719953077236
152320199687878509
122302080955211292
-71652602566319220
322053580487859090
-22212736131594480
262800559319550553
-751145671696611177
-12476656378087740
-493518345943452900
-4471433753164356
-816273221999490750
-733297036338107878
-399769600089849035
-319444883147162185
-446317636757837450
-667077177931450055
238189601466576984
52686449663714438
13374218327545410
-227966515443333814
349379143826251707
-237942845151200343
-482775047411831370
-140249483767977176
-522959844590642090
377493486222512870
187597964255602122
127752285823367645
-95654718773576180
110193696796076520
-47330299641666118
454327096788467518
-48299938714515834
382240355236122400
181414392281133084
-126632966915793492
-26463823641463133
-87146703803860059
-71133767471992110
-105843825726736503
586634866326914994
-31068606224207937
74758226664151365
10481704202260683
100232828388602876
50076851015091858
178377096345309114
37763841115727568
39447384027273260
474985839786559642
70346745498373607
-11179428616716458
637917374880993029
538443432341984078
-77593037238585421
546276282174147028
-127878778779432135
65140106630475973
-192818847069578151
-332268893024484416
-366802483037530314
-118592317373492430
-361602418889641377
-654561385977085479
505308742578434184
-43837330695936104
-224551539840166469
12240707871932368
166811923907758990
200217960721653660
-457189132793300
35180028803954247
512414869913081830
-34851728761015920
16789197974738306
66247872755683914
16352113035360460
-325221694451133564
397631716809459664
-144735499059273480
-9377847460200360
498510444064877079
538538208123780966
-320661730761913252
-154649067795155504
-11664583017181119
-483717193023997971
