-40397462046332694
43635004126718572
119564838606314686
737536819460565642
121444984416692286
297707062784340021
-16939409135572635
474862967456042100
-401511896498219250
301064666636758882
-12635193667923192
-153105898669944790
-32845388652803612
-63135674298186084
-560672107800716275
199840456260930861
24728701022180010
-54656583864827493
86839825550969400
335810230097946690
-13154805657957360
33683175185455250
275117567163355620
81090307223487480
539394304829890787
-665043628721044251
39265113790025870
-207215013968840951
-561014748422850990
859143381445269560
-357363457491638778
-263840370344630170
64554305751814725
16442620597180920
155541973721385345
-757778255145191300
-200334541793067
-588593366252090216
400487677263612324
884683853468518870
412261478726162644
-191510209571570670
-40674224092219679
-21590591580990561
155438250876155700
-194319380559844980
-104884324014257304
91175138390035219
-31180663094309136
99964243512895131
-295798033445224092
-59370729166226200
-107970559595488478
-202706403455210430
-4951771601749160
-18864238573927552
460916337489000618
94597149754167918
86079100611888160
384025578161910258
62320063785080494
351852163868497490
-641575797002382264
-42147938505419800
686059818066098085
770665812062357022
-7174529230041794
125706749484044952
57941439273761670
340701839892773973
-94376329127485468
508113537516937970
14334485200552176
3206034026692751
472356268836811905
-53388254093214621
-40413108470334600
338243005360675457
-709113551732142010
81445677517676230
34502913660223485
361473434310701781
-336141525730569945
-341625706627479820
-268271580662021690
-20378424838182010
66972062053017116
-16638883004619086
-213377833512075836
322705503471569325
-40792405925156156
-337581107823856554
275176093025578500
381191456816801298
-295775112164371462
49896571984119640
260446263665079206
488047258092774548
-99009588661966170
-421448147467049025
-192674029304656368
428247473619728553
472671238635719299
46478839552648490
-51370734217974556
-156866666032610088
-107107101517658892
437796470283340752
349305557422455991
-620327607631112601
-182522047868295590
581507339510731946
-350305204225128485
-534079280765316660
-247385224071148398
-63906715696868541
-782685554330062838
206370163640035062
-471555191161848255
-140617341855150384
116739346786006032
3215678300074746
-49695844515281086
18162716797656030
505569651875429908
-30234488670878019
-535423384467709646
-196454625378426603
44264393128250026
-336318426571553904
-378057098919089140
-58101413947335576
203361557008970011
121101662532036900
242970992669482935
774001775606300730
178293645338478867
-85591004863044770
290163594334105706
1056563527106855
-13961856485273598
26209116939108846
40183017369708850
307765418066403703
-163311156857665518
-227481136867961808
45075174265018761
-449717321170823541
-26771602505336176
-227140330493697048
183037332676232720
-608173800702816053
-200197251134990186
385762965428547923
-31315894654312675
-380930930820483351
343131167517119055
-475703314945332048
-10797536742602800
-210312600254594
29702437899393405
149698943315932777
718080131876228808
73705110702868225
-114297051197606245
-46564120305873770
279746826457744949
-269981879481298308
407819503059412824
16119195582965446
113194602271772973
38767140526897045
-43316197427225799
-59522328585826722
-520223141585595156
519202890389495904
-261880579505837450
-89860769083830378
-11371030837911850
43967239906400369
-138491808895895438
165133358665430340
-322116975296005024
-739719857892578099
214233490014054366
-84009835019669819
35159654600779254
20891255792644872
-105720496248288601
-133633106922029820
-62527414751261550
-367095915510663174
51958863513986952
231013479313359500
53291884880559012
19536747089257848
40566656056398708
-452368877961542430
-188431045287474596
-170492683618123308
-233417132829979500
-149671408438163450
396725094500646000
-504745371325300764
205880271604001100
-159808370427310600
69307649716584381
-307807172816582852
-12230128176582964
109266491311916228
-516546925052500188
192701911805399856
657686143700292132
-222811316657024130
-56231289167767425
136112769885074438
484637668569428620
-95598957151125110
72493010534936145
103142111894133642
-605688167441231940
-128104723146441870
4746532989240805
-5449542109740053
3291321105978381
128599458679069170
-208958992919301720
59834405173730958
-276720973390439185
370333015964152752
17021731711579140
32360877250779455
-396989101199034885
475320315644962025
-177300895933397620
-52358558092672403
799422388457172390
40793341664868795
39240202741558785
100163301040715398
-108124225472326669
-75100704871331339
-143809837559803332
-48606132868017175
-272374491361178480
-565544415497301108
-146266134240184347
380440712460130727
-84963046276788030
193228756920982818
-118253706157151335
96423959175967728
8947176995522476
-3726887595910506
-411808246060828820
771769578152758031
-33775961412086384
81354681931486864
-218012001785493992
-164149662542767855
-111962578280244515
-361611605651643288
42484155019405390
-175262287171982808
19826623349350950
151548155276675415
-193347306173912377
161259429656115941
169966146394214890
127014881830098966
-312084792234268020
-143529636334434466
-288509200751153108
-112162569913627220
-49703888927916225
-435735612986123538
-103026688355763618
17628798174306522
59144598875583773
-443836861854351284
43573589556995790
118952701184867970
153203025243832806
-545221790487396631
118076616414546270
-197548284332039212
-28506072226993672
345464153139645260
369198916653307444
421995055402526870
430392321385106049
-170817127296835656
-305211704800147920
1041085076002041456
92911662872714709
246900505068199134
-19149875031281400
301708057586336070
381038471223593313
357903338997013515
245716682952945204
-494298763051121656
91701207546628842
6232019582792766
-133051692962237996
-61830960501448124
-90341794224465552
-1546693229913263
-48806009331058290
-406903537816893690
-978382118237084535
-46508853660893774
-393882063538881099
-215957878710801347
-80405419537640499
-541293313892007026
206702564589699598
148513166430421892
-322502496980903019
662349682168616
-607635402493052780
625492669452433030
-606364373961143504
-34124287713081975
152020718903245905
243765325050110943
126678874822997561
863885501336233656
99265744614046376
-193082672383007818
-257992269135750201
-8737783592881980
705059135355530858
-290029338799410080
493150389792185632
-9153622253492833
-326073441725030916
-35797996382985746
256374695873708008
-807907370908274804
46082422943703868
-192590176746432737
-253198450547122086
-32263763376746902
-33257192847202448
606274691511958974
-93664167017771177
69008580442396868
-431783572153024071
557680182430372806
591196109897356246
-22928419945025554
-412775251135581433
-426212108635163838
-284987827825939859
1377660074561199
-260258314679638240
424098643362516052
135082312392955620
4983395726700859
-25644354159518270
164676348003816224
152613657165220100
-323069505804847450
78477237158972400
41602915340174040
207205348116223996
-942894869578900925
129737695789638750
260490470743233115
220036370713352094
234414743333706012
-31867627386099925
-10330017913474770
-747071760761988392
-118247170815608529
-535853288373057779
-149414102289001269
-477057806436140078
64341093739759710
-41336446649984346
101817526944319993
166774794563984202
-613206978936783855
197657283294066931
19179663360967332
-15501104277994140
265042214159081328
128256769904296626
7847356137531900
56070971094917520
-796337437447227416
24496362343832908
150556716124902640
-513085313008427437
-21084237419073325
721551692754830633
-181070365154689725
-32943345733151295
-73871108199961228
-45134915098523432
-38783531999519275
-172136988165083341
-1795477199176630
-130352147197278600
-2986333380911495
847656442544063662
-316099623753759475
-317298667620467778
128545305534298785
4487851022133808
225772407902064751
422822026677492369
-60494987752119579
37967551111050548
-350305659691644825
-282808181257951062
-306780185886439188
-135223259163474332
-6306341693297482
-486526928830738330
636480292455378442
22580189130994592
-113879838761476722
410075045510350614
171199912124438289
474164673361558515
-193583560826940823
154442158598240913
181583440462856172
-141116022036415800
-220150544789283974
-85035053446820466
120062433489966018
99528720546077949
408587283316907800
92682957580430720
-57929458096268730
-48692849724182916
14561354069893980
774241789614006452
233546094966704049
105310942118007792
-44431244253578378
-16621178045954944
-78153873393217995
-256363627036304970
-90179663711218690
-80106531931546375
-400850183340349894
-208329535412092034
13633156686441971
119448149491417220
-274577908262044721
14883084094547032
-120705794055753548
343830948484923711
84449093015604569
231894549720492265
94630169571554051
10543134836481478
61736146827306549
-15223723629743072
-179651416786029356
131885215433069470
-1037166616828009800
4449155931447786
21001939652244206
-1641631261832160
-233386886488309000
-136178355154406917
-108351041734262475
-116390237506171551
-316358570210743320
-118334830471990698
-80412418719028620
179033193604874290
218579535576174932
468744262025035462
438314614964242653
-326623616187298836
-601270011772058397
-128685483232939250
-448656879268065384
-73895111992960632
343170589163862641
19573578413926432
-656219903737572400
-562863044336742558
74603066508987380
146583535485712494
112437562136408870
-667651246758450500
46643840774390460
16341888879025047
265146240792192993
-71837956962797704
-28716947319254158
-440507794744800573
-10666650970243201
-448272804873722815
199450007788618835
32246170772383704
104148688242551498
277787956511547000
14055830561411865
-95121699660858250
10823571033507290
231340566927655505
-92823924128272876
-685996092932618057
