967405772311428099644916802
1203900706453298762227704712
4340322886079349853331128
169883592430333668752396934
292022271734444881694695304
2794608048782397264166530
161420578916983884841262528
1117627135931692966071034864
189125475465461392180503481
174016124704324153845776842
305551407844553031250436615
1087429946992162918028014225
292068859250464304688497593
931213411203524213288239238
17335939940612145418105481
14520170404372588754170815
459737199968983194370810425
56148946867605054221738561
116297342478356216299942528
41037947988105682955334712
307176577206610976154580417
1121615634667360408256970114
1106822943743539429707904176
137246736482721062785093584
297198470873791170087227466
428792573764792657195303570
34161470205817213459825232
1121322963861506259031884358
135731972010995191862795286
1138837053745685395067858495
271097567124892501448039608
154709004490822963417026575
1104925813756685926763950590
1085120212122393544158151246
1066240327756779028339429967
1139035518518517284221005426
177381014871991086877991878
150238427106894710465888824
273494889605902116998410831
3320635276490550397431856
56139594172232566097554966
291968671367066358309494222
292603165473777334658527288
120297031026528724436327808
1117920967005682356260724866
15384817177398359388352594
6927638021500750860120646
2355420801872261115815358
272957956287456925866026002
56181533764779706590957584
208047610628255457231048697
139635869853851967297884807
1107102680679945992266281358
1083529797545301155329663055
543056004629630870941758
154672407048943206844797518
118465932362789921972883847
1205955387575889270176997832
307374555846730504269201409
307709351759244407536099898
307177535337638322453575127
447104831563908751512306562
33921413434757110890008703
1117354485204246707000573889
156665318738212335328141254
273558936811901950021366670
1117880292080811556787708360
19616266546671758501687225
142616157425388349238579711
14511896819268261672920006
571876644575455081918095
24405871614537396822012593
4302749444308575491165833
275611410206680484964934265
17458099064195873469603960
309262478661097688146423376
971401862920733636408700472
983868088386741595967265863
297167978196452994671739391
16939080317421980727468144
6719984166700438935043670
964766437663395213033382985
3324545891355130172105162
1235560049638465264815472705
29513687515232460600214
1087495042478133018486121466
1087731599718470043056284089
952365487282773487890727567
181087626272330405749501041
271148703678256585950698618
34181097253488937733726342
34429676703829236356984343
21723549777370765137604544
14818411057982616158895666
2468821256584510027594807
178627652628957027232916024
15036532287079215792136184
169263708220416357206061711
1100656715106992459612220480
189461475784694816294047810
1087770490320839192042504193
273184720698757199490285072
135929716077812055829884542
140165002352082489515508238
275912538299127917000000120
571545988319868497719894
312180429726747677604651646
135664227351311307926724729
138384254062026154751820350
277860428455379977631473096
142161095783630213841155014
53297357670847445056685518
173850316003071684015546958
1082901749079894010950616504
208772799119943466160743352
1109538878193251844756897873
604327986462358870982840
4802859121234427729645505
425613167752245706010074632
1139114542128079717005558455
4828014442693036091900031
1085607075632657271489503174
55956000966982582493184058
291998233304648142185856066
137524370902281949965725270
53206398040763732704108048
23877992612295231102484089
118706200983846787810922056
142100585435189847127724664
2443895038565689740637798458
119055081173565268465578488
273788126209639054246212656
153197774437599633905292281
1698512310259543174728
444955538520863100840385976
1220948392799639942372789310
142093049951741087623737863
271064870147634054132376002
19451486076223396908664257
120636539045573486784278600
136298695035708922629008881
6989046818227601136128968
1086148434518852968262434297
292930023418362937686429367
275643437466808302008532424
949658905904330548587847746
17218919743465902339492928
17219384180652544798294472
38660859325815213902240834
57500706704822947070840850
952370807842163867678088206
947826232123199913558274440
120884343335236844396733430
1140969867479890059537182216
169284295636743247009944127
135814282497785901403909776
174354421196740001414513209
273528525205912069610201273
2527072925896724667703422
17227268738073904950805520
1204024528810997322828549680
1893660602959660029637190
137552114264127614480289351
154708941238285030055779842
309219977112825028284081024
174921694572585544581156417
6650723666010157112365744
275060075339920306995985977
34382446888038872599528386
312317388897140018279358911
23877013730186827615501903
294449595633075833821990409
14856559189030333879168647
445150326698142233226870399
116098338608943431316992648
8975032295014921878561193623
170152389209455143305052616
14822919390430098039338064
1202012138158262223746335361
2220684803897094474018448
55610654459173178127093194
307114333620406835218550448
1117917038861141121102340752
118516264227461246696026174
21524765736762197432858106
120400883730470694810092081
2469725914688578971500536
305494161512991478079317442
329121857086419041217912776
962313817215215858427364359
116897599436997845244121616
178349835420722137498361022
19573701547368743491276352
34198862444534237931708598
55850976700257631695842385
1100350933375203579972316544
188704788997661557484924482
2454991945822949917370937793
307369455529723157760929790
1106823525978745056266787959
305230101413170900312497734
1107103777977366481549077513
16925036432553231232594432
572440661356558294020103
273494764198377807576531448
1107140465509554257379398222
8859007306408768711415795208
157735330191188135285452920
55847158839367201571709898
138397820484868656286958096
444994120498767516489489585
152329835677915585324543944
362706695775175630416314032
14817622870055322531114886
121119474776586233256347057
152926156381551652824718336
271026702978566751019917361
928993244195403869731714440
19910669325214747692864071
1098338629004110046378560594
116395872245605157593969167
969030395603034953957970376
21193972831059513175765000
15049794637064368694988865
161442491593851976864764552
17504712955616421433868223
154785459215193461359157304
210924039099539834353317314
1102577091387107508603334200
2690635029272103716155454
346055221970494684557308472
2323568560558574582983324146
135971753273645196187505224
328819491956194126669554673
21989042542307367846973872
133856071598952950809432698
173812003027883827134967246
324824889611421285202072454
116591113703462853482115073
2422502272877676499838408
345988452055960088068551168
34218877400798304951084090
9372112702742147674105
294953754483754236949573006
22600711912172288371945648
30040542717080982319634
57528514272260328240222720
178662011836692899034828737
37166141131218997792482353
152367285764404392323391050
928468041514318595004371464
53726961990484334691980681
37146077218278783785901576
1204095897499146390960668288
1083231117088388361391941112
19115104598492682053575281
154440791007511289379716608
272928653500239979644198855
153157414385442245457280904
288598197026728177682908104
291969623553351313347310537
159276778431010398772960270
373168375506651012897799
53297760319073755988849278
157396025111307096997290449
930377648683467037888454264
271147748193808118941253754
53763561528718716873248271
15405035061667117972353943
152551403984540308517478472
15384890275424108263059023
21760647889547156084981640
36318621023442204547355638
367221243681999013837566586
965095881401502553262790086
292631573456211688250733056
1225595652244939897798143993
339875257038334431854672
2149713192576830761643512
1119876801510367565264987584
15373008237520604627206257
2955740362199184219017089
2649968299252657535418318
23611973971210324397826007
7219472683073180455178185
23617678991333015846621633
4244949485795686062202817
17831518500043576192041097
51558814390096129724878
347973337794924257464750664
962317939178054995817886798
1102285208553125697485238913
17273901096591520795431303
968954692348964191459868857
189129748046803588520542736
118707171867668492637185414
154242536772033480793260096
174076092652348838871564304
681790946382144573056
17231540506179796535086999
4799694336060529441706041
208242340354256955332861895
116085886352446282751280122
271643508031827521377964992
136305362257204345366581882
1070876979390984186723503190
178321308160350552274075202
1136684697877549040886608833
273552548889465198519219194
1233717202419779226569045496
142590880297181048126006385
34118138498516261195517624
156623195738713214220443056
1102587045818009140936861120
118881380738680338665174024
19075270893490071761845767
948204095653229981689507832
174618810401187524333855736
272692553769165632485429834
986182356707139774396208150
46659906506064088765010
967245581945394371032747926
116335497295271859327078392
309225484754773687989698566
1201710060190545213927466104
1922740037781560381120503
17798155559328394013085834
311629029797248525714301896
21194579538018715308651535
6724789663093808567254990
19658623439813579552620055
1104699149324089653476225986
314061646789880398697763262
1085662545004853989847866752
176844902799489769345643710
118820038241489587661708879
189192850917511150061690486
1138809875852523644437663240
2377085163808702465870630454
269043602323988434444800
56454719813141123452898826
188933474579248296305077760
34186382614213682872443511
23610808482177241780614586
137317563303523608017567298
265125848912723513384968
116099987843670490395439106
1105789909691385545203388360
1202243294018863287898776023
212217921243434862923509384
305481110584926827713388992
116632492294672620789227920
1106805778644886785545010817
192894642202748640999305743
55880806258476245521031866
1140692566908289914394410519
312739513714064775358419398
17459640365342697271104624
4260249049357796939653648
324864594266371701579284158
962611898468201236487205000
275705995021271367436268438
324303344059269797308310666
290478028652577002124242998
8874058064566946957830426233
137519470825502841405189177
277499373339276230614815290
142425539096596556437032510
407846268300390366999505
154704728156576127867683825
36280966460172272595434544
195241528080143136566800528
21804339453248148862600198
1141156901312915460562854336
293140380755300805783563840
430150467549972826020412918
273245635313524734729461306
4270772908408509051007034
55851051502167677202097601
155582045094225754097684593
1204330451180333409891347960
1236122602508943588115899520
118474224301782789230162488
984603376924027509096838025
137587385480201732966817234
15409673430685542567476736
1107301298791473709391514672
140508131082991642530807298
57966670587826810959225344
1139412513384027485786308152
189164433579723568705406415
19613694457724110419534328
53267795727257785125770694
4799621478680045348191801
16962750656691975053706744
273482361206752875752231416
427724416344586458376967618
1206249033449276810613789177
1104924062327026675312200880
307635549805659391619498425
1088025416366472598437491258
462154979100787457667723890
22330906793134580184187896
17160702811810562989358152
191012044386313459665239113
191241175383790038110408256
36574591068869942246314488
175978916403826095828807672
311336252138585540888600646
2459853103700920923853361663
349388302108499069697104
275064731728418666430393976
19107820926260235923881040
154855704258405686281331649
292896018014197675534324358
142384762585137749514778103
2422009214596439712195193
17794535211941257000983678
1202206410912743983111568504
17194938061095127249822216
6989306622017165947535472
188903603950311752151535118
26526771640640667280941518
152622381831534495746286582
4562405289429586464476744
1138859534433811932373414352
19749554486984399569609288
178364366479633533904937016
15050044931367974979542670
324862733508100414746099785
14876070383643505673612873
152395950079473845236694704
139701826317962249163477127
55653735666055409598988855
464161483494221624029684216
2345056444056907337191941064
460265461649052971180986825
19078442612649497070743048
2451599845176186196987320
326451430483371728371682360
275933654471123777175192521
119046120561331171811136702
986186483270116041358614610
1103141140645291333034708038
152920319136257000391811128
271206237776017136029793424
181070280008342904282061838
57495502553231095408878534
1066044939057922832636641342
21833268982233485571060919
17488559079683520836666262
298228528023666113381368
137822396967955159270334346
137846525707174065699823126
1237906982686262781471679050
6688004457818274788076558
1105071020599293579052261376
2653908728487572570156600
1090157204995932922356903874
2526551369011271458332104
34195099339360744578688455
139938476698775857083970039
1119876885531422093280869512
311968991901236201364626998
1138821313836392866757506198
1235866413544410538901244944
56181871857824007852928969
23650743788127641325564552
53491876812334622920674761
2413728039331287625564737
142454908727408888337597936
1105294011984111294938087944
116931091760373176792845816
277801545165718092116995192
432300064182398076632231958
171739539366391731135122446
1049318161214413173460102320
2426188522755121213109302
982526062162586949009251896
8854703251716078327966764673
1098049507515975042955513904
307119030590868639432282562
136268820667094721932292178
19641956068053748185046527
173522987223746062865076745
1089888037037426151433731206
53826207522715160474521089
2475847703634512380768029815
14511817182072943283019208
1104391140355867251065497032
22597116127638843788959232
271036561455318002152247352
36578990637064947035599488
2443848275940643150311429134
3051231225496295238594696
19344462944789382822305776
29588433730800971940367
1202020752248060962048090046
17831146416406508538171982
38653307408550198642242550
43221754479629083176962
152891410779948541447737866
1206007915815045986319888440
21989109090586179565249522
270808392950965626914792953
1219495656143026620083729072
38685256282050210591731721
137556781176847166878555648
1205946474846610299031618186
1104934456042422310470354374
2225950130860545211113040
