6796980324863857825530873962602221589
64116871151405554371610605923331422000
80770396515672742353938083304579256371
41206173149943167632694805507589787727
9622929758160496353127440343265185985
70611486539792947379474460116971773149
28563824903065737435375202850828130141
41804623113802308258636168437525958479
1783267185848419745716113035616177631
432892894435324300720327964611309937
9417686902302557323511823279056048240
81577802445157261861903175128014935109
80751636443238370931130716661017476124
37223576492325468326631846970783158643
70404630063845165317003355956238619612
6427363531544626245723356499654079287
38570272161299571041098759615018221685
2491353457257628723089268184570413532
6352713413649074769292787886625644372
83750851129894123668792714007727108356
31154136048955340710492509574710547457
10551093348716057244718709303672664399
5426352384815540065665281684603789151
70430607835159414006176782810620067587
28564203529799764903757992043216909763
16349652120946352538984046385342968959
70403911150673985879879954233546495025
81453142002099923496279318221933313793
20963651121634347460565018604827852895
42478650934009542684169170632508907293
81500883821875450555228013864123647045
16030039995122565618471884658172187007
1771056321789193910528997411644293405
27996809341794958122674826088254265169
41229414489767264374249427293525209937
16604012076722200168738779060151319861
70430895284717812028533779472986873119
16568720391800001421026322885390441807
20591594691955918027319378513675421453
38610493962466254911460168337680826583
22522894578105805631073666377682746485
65075206035835875223784949318644864816
2327915155744503587127689175389961308
22877198909455808646362947879152383252
27681418841193068217659097005553964341
20384883871071506708989017094147080645
18530989394413721869991870254370078149
9575069498488994488511096659646951728
20334724692303740301937278757849120791
41850175663765385391960965788317337567
41243820724085078295228467945859404753
65382810714598309909959121689652457932
37307039819841988376255970642833118524
71762882956102346088710853196608913173
81228695157119776547337421907203136852
481703985872533979429181334262453373
16393690797939159643011352090048159220
9371797928289238540688313807332971283
4335664484851945354971877596087549715
25608245638043248325953171084524195089
431944333401662263973457695526575575
17734270865120225352745102825854819831
28313860664812953251985575493685220113
39653569877130936071513440344657038655
23182882208510925220781649526081811268
42290955897273612633273139723146351996
26279448078856809665262945162745351988
99068184168193138535567886892528432
1975369718835679294735208366944146437
30677418127405672250895844891912553220
6713661823627247411113436770907451607
85009643489310013404262478226554713168
37880179247930887192592367691757470924
84837014588183553603233534306134596915
64390088137813258955041062058408658239
30591815573367948777481614813027491652
37508488717598027019197967601273487111
39029212627469131078815508199097961933
27181743880765895487444173417390476563
65132759920191242967405882266648670417
81671185352947855523858301585592483645
81243890799417310315122392593664439108
81437312171074168325308266244308286748
2408261624587001161542632051272009153
6713902319766733423168892789637201781
6336246092469683240671797366439218625
30831002232346466851450945070584644947
4387437593030465236438220273010283716
20103717097859645345885392509962362237
23844102556836010111714676435883068487
70819441146945975741334785491480678353
73127279877045667985178009749334068340
83819845667322517562649492492024632513
1782262254675986241589689571932976991
66151504140404511727321559975445659084
433393879679399624866525166250967823
81108046550484040098226509311026495452
37577128048377030747919451548689445132
66248783433159580477945193061003582835
69037408812972144952282486854416878656
30644755043703855080152271997482374484
5406237940845523716629785484687637839
9341369644559777434965832456048329683
22677051292350603987443851696604520261
66170571511397058255082221281071190485
6901780535456328425150578892686476272
69531696547296248327008601852626801149
64826890176843508126919212527744471053
23614877642761451737728855222545240028
28560164561899239094155689146389385168
28191498924475636220427571722670866295
10570552759250850156106187365077054927
69267021245041622340823160738298189279
39830210772088622399493172607677650397
42292491680943231535313280586856517493
39824189074477363083621933779039646813
70724635523449182318250735434722449360
26604182152766160065767039258786060228
1988755178223585558141101842922167301
21296028396569181611694964210948620604
4101596800154172439270467868791231347
17097275299308135764560512369684583733
67883841001062683936260667182986817588
80123394120341929241270366263105935220
37508502457881640030842335377697534743
5314152654343412794411593052987918175
82099712796602215590376276366667793409
27940074529834650649100000627232031605
82162080829824816486921734584380751060
17694454320952379346271966335541310589
69389810155501243970994850001508430197
70180326627636661387768568642614314032
66234547304048655088804352819179500288
79852720339133413260227374809259131860
71759925695583413145755453631829395251
84239171795697890720490868646322893296
25377112889975118967664286646416967637
2600313856098265050729801416680996100
73586889786654724345168708141780393036
23707953017255730925510217132561128641
39155229072176493850472130548032024901
37368641658726248782359218892386368512
31679653016650051049117179467630334033
9786516145018806025389481809231868225
22945757771216333826641874944840701377
64837774449271326095906092704050037012
68062086672960589509531387325645592572
2597128331852041159959304498464097660
41554257885579725133569651442416828273
26583668902465141178007869692553197532
7658658076310853844376729530559198673
5925799803156360717813357570336611615
1144664705011220136915230908126410045
16236900584145623118296609356735779132
26920905597228558222294076551188124103
26912096108288541021696429560303914961
64386184532958693174768205993655875056
70204175324914667644617852486490731583
37576680197914590079770535860668227441
68128715691986958502007582188277810636
4570219347371042388291186157653073171
31231816463237107407174217449908208433
81670924414777652148836598332339025360
31066575672138168107227952685124628605
5240311962780592595522068980583318736
4605875986169651900758351029187917045
74266420939880409317257654000785150461
16428678041079062730329108437975989713
17011608990302859525521613795106430935
21002555977422158284349727858228687172
83998063227640203292117147214419866071
4091515017020588478781358431765781761
4351140894250934891757675987353014133
69157509387329928766976305849184866672
71534608166884692863796368095980286001
21687977762125566223303965143429758996
64888211123326952720094488133300483412
4075746792916057874618237894137772031
37552055136670367447289098068128372028
258893970978575212458455058101843741
6468313700569040435972644931725443028
81561025044897352298321510625436290356
21682797189553379503892050007953526532
64822321340293680399568200149099614657
17556534199048434967025999483079029873
39644195722035346981672454761387200316
38874743683180834724002348693834445300
21022321846434721406990055901858094533
84339853431301972046109718845913529549
25751018161068875871627648119673528080
68057326245059966008338646123612593356
5718651790863804943290489310064803697
81161805292256085762293768366072868917
4589325526932533844263959549434788892
73478080522928027272081301215271485265
27186865639767535711947387438442017909
30971787244515075300610262453341603011
70550258520277963405909805751672260045
71695505427539471043304470592976915728
400056574508068722354194447929167297
31028846817870683343999381363695236372
5967390493703874820340498579076695923
6759194119519534913815374670615892471
70798895530965395025702347822425257220
80850628615897200574211640191687590261
39040909251149193774424494753600094685
41284436388727163975423771452287290640
23095123171733119495860754539225661527
9726857041017032620942343831957659485
17260755379017610816270549303611578204
81369605658781307275431132823433626736
421894804336928701306700634782958641
38942803492473552661474438643672497217
83742584506524282211252729465741004612
38866490761702709820657251411941181
38822484479082485120873945087120470852
21018809215088285682667714484227268561
18429799662940250319020284526618022367
31049944671050403500107655349443515725
28567060863152368744315384996614837268
30655897695121155582195491920583390461
70134728234990055127625684752178886492
68808582833791015845367549929559511825
31844751258892901963476119669307666557
27853848658870957524493193190618974173
22427273233118995342576804194393769431
10302974710184158863161342276236735492
165183864929566921171028340356734423
4273686598245968079695874897445344499
20090402710877856615176696522255691781
38814315141973337556480563727226598605
18594731953918669179682410467996549397
65481338565648354708609281702517211956
20370497298604906442241495642941952341
6579934314217920181213794625001622647
9342226572155825248715776229521223687
74168453390276796589028583441926977293
41869692406221314271996701723282338291
31221594148579214348677034053080128963
4472293130520932892973777308345258844
66399193585764012067800376163176299900
64420974508572602729500894501318885749
42530433232645156616917578395415753477
81437107056628535444969087098886279124
23869579331241265562072401082995241156
18307816661609901295294281502860639236
25510037428577946617714146425219268404
64214470347392505241106751455445078015
27701481785073929389615050793551745308
20090281147075401545353985675838414289
26344738116945998341140618119283426368
15971187201359105502352120248936456048
2576783100949700429286963282430854173
74191515165046241580260574000640441671
42324748589560890510752074000361659701
41561557762061127510160305857006350593
41486147926942679886211387072303103293
28565098171288733441269210714502134785
16968427982479428807091477581563753299
64282538170287527034311623704655638867
27037932308007499604677793578091498801
1087720517268907825587599277449277783
41560914111007926958807983932725081981
9737867929615649477701823010501820887
70147687314555720736245010916087152855
649366756297534905431559026433421509
22523195980310339194249805798973653245
16432438445423031024526325254548681027
80759833389022694470490500106725819219
26902848946945648683731873515754508639
68814837636156215428446629515419144652
66416552168156760914687382639605698847
16963553749402937885939530262244193552
6464242731886171434629768579245948869
41295752809576545459735494298334119380
22593343963808195048611979709550382973
1822929097507924597421497981813723916
69208286155551081723427000400903864653
64141035111327632176011925838400786291
65055610922338121759423244482603978199
6416644914175984807835426606326512767
21417016792094849095702750592459146525
25651183966953559846614169118313793331
69732502698705995116135079587039659973
23008387429191814092481049656250188287
25357941586048221260908181539183336575
22384586430148537476578474047571243807
17650168610946654417070572994781627252
25285344881194409122787667106597779200
71469048072123547627924714545350660548
18432598077621997507105297621560018268
4259614076632143053654056788313898828
81079042711270035057570317860334948165
68892469681813448327254818831912161216
5481850236915172745693264875703749715
42302074814125639283873141427441294604
73448970505323875759362545129256993092
69565664427571261815178631116411359540
41546109359203788743762453171637008343
5305858685100467333369759413785064901
9800253007444932689502343607602069316
4264422293025283281611438697232192524
65117574558820775305223442713259488709
21624765949202623736513302379745869571
7798106523472036645239687624961241156
66145274175764640153555269831560884533
68067135276671887729932742844795126229
10618560271129332207184310842809479536
22966835968527932375177670834797726805
4150350323952263284384464971891557325
5763205328388492728106517714800299093
64455895755460454138586523881979204401
22681035001434564460469053816131941501
404052557983567716212530864463532895
84347985496789308130858618771450349317
4273365607979002255123960374779759733
27695062116346732147874427047669615631
71607554261023393207307038860202987731
7057628385232528648583243846988012993
22871357862057773983821657057471058800
26282494967231371559996192757771342832
82151287556256685913586289332003927541
71601715293935836532968931456122876701
67875100553815088227545472321999434544
31069553636920834293070719094094578805
69598119066852057984562710365622553844
2328080913784225010248236816583934429
6712595278150618032600301792288050225
26531483172705660877799150341675025525
23873209682416417780895501761509668613
37566875551575799268716527329259942751
64282239104124619431110942231759151063
21668444116597257143076437901239678916
17943670096119822697933225051461309249
65150163322316152168440702934843852273
26871740787455002298921189817299293173
27897521399483482055827020163936210039
41810789423426718269298734256493117555
73200186998109480215903261877547568496
71764467843143201044786127564390552447
64867614954418093439173279379154219092
39800187818794754251133764518822743100
5768743044921584288533342597082641172
30209955177303918063333087758507031
67889532122233812194910823597122834387
2413383990143958207166561838817882199
81445402519123370042719857482605055956
39634246037968643554531335587736912207
16537405678797641123906360282942588029
21352170104940347345276895540046233027
81565493518694152308830233585211475276
25504902310484694385639067034059871248
493519180740229115525297567520079681
4138281336453314914577859940355404100
65153020871765872285620385838987530433
64910467265829930205318638878523658701
4579297770465374213390149807586488823
9450375142074651066104078675221896657
5345231046271515582415859066108608464
39575386224968307946234833574789611269
5326975946391606438283721252574547184
27228990145275407894711585857002852725
27695057610519868286726362483492325247
6336290509362408526311086366799640516
1399069590908587855837758906609700109
6795759615612459638604258208013697031
23241046506423885685261081931428331725
80110970694681585992797715329674237191
67896827764614588218521570239699517247
39145047057780256836178522212048109827
6995034765346889447023233524014274549
1418797434481507107266015715009715473
2426492975054795638791629720762826764
27985753848247190611297474135689383375
42223510214021435216051913560296725619
21002190583101552166274066433555254289
18552711071650638068038917200458109943
28276058923566232176504779030369948608
38487048390221343567090156761191371781
31896705477807169766026290860411288819
10451056619495620248179902711879695733
66446458466007310502315189212815637876
31632507422143392611325624542473290103
21750865522083843189105732568862478580
39834103577625806421621435974077919287
28277071800924929215710659278212696060
79861568008312077488445688419153019661
5567505927373087558811199552867339505
25837513596577761755032733387903694836
71452233084697592896647244633326698548
80871158140403608267241144360562445505
22580102380800321079365648669438603533
28287415865869847097311327688403457793
73768690788864859520382166927952067900
6746077784097467906254540148112084081
38908262848336492757835172564696363461
22992864866413940891794164098700243904
81358081557499000434522102616205365365
20334280738717967490628713301831155679
26981102718682556156023597518446969939
21308925097065539486842033523643400983
37556287989460071402288473947647063872
23881082040536527062957894029282462915
26522683676800266858277352182400925892
1317816347701493450124856849577743695
82397797664302125351895443415883914460
38323638009142521230370548872593101789
20194227723456741215611444581486359600
2591952268660799976614372760854164483
7743040325390211280830262231988241788
65573272374610418296881493555190775628
31845918408432359839488793164486105047
15955223828995021420614897016885790545
10588493027180189421481502206053896209
2397888120259000391076637523632538749
4308672714491182699096773687946248535
79873413088984333472639623684717075741
2335842720477388549647470879988192061
80898339657256661739808047149513503749
1687972438444042331866800623630245725
41224181469050017525260848122790395925
71038395551192707009657293341434397180
37713953166722010277368077192575186737
1333456659478222552915292272547598844
64071804072561791321611553615538901057
64453524041798873702718761753030624003
63927236928278908831757550679814632447
71452643474754316720943806307096293623
7078871248085349145902204790158908721
73755376238430578565214349667349568764
20558170451620336470400897145226776636
16320384553573354291114042360620767063
67891218098756931191886750577707659312
28973025583560589746479580736403750941
20042869657284659790805483833521414099
27996139948669888431870319907166748756
25328009004093915771433681082844729429
98718296374506589540923581425467457
81562159788408976710919734911986241807
9955201425223640045612171465667707187
64057958475769909752868039455166124356
38502612586286295317877328346915587871
31594920020125486488241603824187592957
21430236483821227754992108387618067525
81106010674088877916245838437646618885
27661904772940275660055558513646322756
38245595722756075831428242054113075191
22600868819454788455793258355498178352
9418600603383499726286708934751306691
38885741531955019623257046385625691988
80870668825721375911416363502983927239
21703594547502601223687017603473177692
6395855430595318760652832877860843792
23844960404798359425721439427348151605
64151907469811936513931245854036279764
9792656494819058624259044947642237251
30934833808813542274071179546752041165
28273416585169221327469579256829137361
2577751289700528089980949506668612620
69603023327927148216613801429055770573
27188179903608524485859618582930674709
598573508105538902915972521101581391
9574521207260657155026111275312988277
17628208260894523965329653504079551796
84884729177173654445718349124539243799
26564176565456373163926115471059916055
68124051412492161801825606988950739968
41662266624971917339705298317534387988
69488977845619264467769976248341986320
26253870477380866446392970745350469383
22274288322766883716137738736208449393
17700237418393139437203220768087998273
26274075775708365166293681663606469684
27038644979121041099082985181939777856
74109718761886411314068612629457753136
81066387045911380982340635689353005052
80781492502963149905392296892758430815
80402782773179956304409936864732824380
27908610888040041904537567998559195213
70723079265071248076227611083746170837
23600112306947248812832969791788351299
37536519559016666679530019346786537845
84006208685006244078658996483010858293
482011763529161183444887605883438173
22997678148754732991078416348757122244
68124026570281038191975498004361998396
4067458820820007846078841581823151575
69106647321998576748638653347462058995
68381402795367573902029001208884919409
20417840878030815741604886326208835591
4423843504071934186662408881878553921
29185977750957452461507755863246861271
349649990237857556242242924101596103
84852500303896674344127590761895900404
6585158121954437763816192726001900853
21037925557217849814169059396240536771
31636447029327157769560287542491485661
67806225541179164023816409070834769671
9747175644265211120816500587711500055
22913967259260890847564311879713310069
31159256143277370768715132844761730135
71550926054734923091785802394275135612
65464802999057918888475805349784580109
37468201133046959065944284324288494679
63871442257336530607975352773185570645
63964965980904305133743133573287533783
63969040822940795231840533892678139997
22612887944997858850493649758989964481
37304042029406610899734330267955917012
82081541578342079800868030656026590271
3987947367605316875554784713718706497
