87316872474981087717332542069872387
69723156377732264481706097274262720373
16227658284832646628182710686246441152
1002362187755229248115753938116238588
80850244126365676737844519535198535996
1421493000560832805393281586757456975
162504009165719609085220841779713485
5482412345486511165671083779145848028
23740743058109436306918135235508116556
31724671821638877845230323737200184432
2593232941616911875401993051538474876
22294527336805881332341790966036041475
84361182822644533871177554217376159185
65547474676792211265608102564374797556
17206395208752598498586296163365096659
6922981020018410896201710945399327939
1121328661299587101637639972769832732
28272524245942688531239920014865810676
22518281897149408697416679741156756572
80823232408622237956332390655356571633
4137383681450647281014940966927670613
9740755244692009483917512376120074191
79775423753930760274022543063940079361
73508593342082306984847462193722051780
16216131674389425745348634542022411092
7102802627092931825210545540962401728
28013668558639943495925209128995192915
16989118371805259561323010209481557967
20205764617638931432057519529129234885
1912367985245253894655811527243857916
82102013243091044937409997113376456643
30677486732379684795285538089235337411
16300564241910817084099846346353226835
80233749092751589971654044084415250432
70373588614010596889228804098202810191
41849932978135393555347453904288010711
37637763608676539811188880788035991359
7124080095358254225549694729607651284
81203990170324817037311237288856371701
69101464647047585639839136286835285873
20335406375149747673328149001514730447
25292750193028473613220052817205992669
26913618247097251332219584776052400065
83745510793034483396372289089480808199
5741817516010538432112355979365203732
27854021944161300497316147507206372828
1435658811735279873160496321561350972
5426290259878850228800438028691639488
6683468889039878846611768185130668100
20526185270309252316784244883795006919
85025148760565606263759268162611302877
21347474890477165536385081099352478517
82334840544085267325835367945061253489
69240663028114147096693305068868137169
69447576207414810979963405676802045136
27924152307054959744929914129745903925
5136631557351755756809058911079723345
2333648719950438246192360517921128775
82336836460222226171386427696374695228
27019885654385082317846718944277003281
38819947992233177395942325564726968273
4575816896267896843618461734548014092
39550847315840314527241961710747917780
16054672916420276519741010181192946908
21256974417832964764927169423529701493
597461243873851843165044848384105757
38536274572607132966729578697467049181
66155333574857037535123802813835337669
42531341840516860529730945482875475911
1312464347122763341406504358975993075
7079651745309517741983910477886902577
26289897169864122813718168788786417859
26261775444303914035953191155865558064
74394321772326518628836301709251989844
30738386017643574920315244247389248775
71474298979252128165762211786342104439
30994113285000886376056793374425089500
17734042654178426903128529459390190588
79842353180662194282052306844243194071
23694799463598131459801757840163478976
2356087254376387645869866998130882316
42355842739799970150610288381425172471
27705778190255369095743061000634859472
71456132994437582976357727033088132468
69437054915561291339296274566375801983
21185814901719279826595287141977650641
84000008860397395358435783295186555968
81172217625882847028283666526070928479
9304742106836774605834301581387743743
7057732541135715985843551831886607153
70542469437618491308174289995742168924
65791947520959284093697696219435963191
79762844639481103123816200319387785212
37369954424508142377179447799399829565
21374009042275049486754441634495153011
65786326804089969180897563845510643925
82086097705161537210095342473981986289
70927410012173004155794971909068632332
1075126184275566948489005256991571148
28251631126011055344942501108400387853
21330350114245428219687104377671994684
37700377545814334208033853776111877191
26573224580432693935084078623836537213
113042817713631408795545344012567575
120492741024703634303525955841347381
9802108064733602229652439166547513812
7912884134503589987201196933985324867
82245800755963395036754740516758963189
81192939930501292925276847611821112768
64912812895361693401017911632025667415
84363617664656300227852407103745737841
30862765113750462326769781904179753203
31659320529744957092299270291508514629
42454085561703274179030318676516877123
22285029846197713847494927948428087552
17032112028362953791409457125456400704
7078712828600770709993443534258521149
2638930391354144579298127070201501441
65528162190224671833956106283886562580
7920119003477082987772873440864522191
5422082406987375940076206289960583187
65383090899678015255300851621176766833
39566911043711569983827383383144799280
41685641333603482039768421712627250949
41243655321177843809635163583166100931
23624226191809315924311040881475438453
80029884486938697875358124880222764244
26999643474390048478267317026442171143
41608455363509764057880348498140271452
1941052926941118039573117254246712128
83893483471851905983689254014895212023
5659284131648944451686369179585171411
85009994566394519254597843320473910293
71559409864792021188876242233478599884
1063757639357581073358363178956947796
416358831327673125928717120135695669
2489053325675293235852640236304336895
41610844897548851585202489132145701724
23594808309147565191013095997622649969
16217486720405952229332571532748455135
6407007553076099824962969105811625973
1912693798343843891313181545958592768
17011020461267539980565491152302430065
84852257618366637391103351446243708880
21277317571895039508471518176734199879
73506460973131125819902311069549711860
17600858915906950068394243056890638836
20583998082421922078469881969656485137
17555074886180727233269194793696445815
70430838779793593752487913316914360516
41236009842430164401428967211263123229
82188694260404712388320639631370869841
31232640446072977719661328652576216516
38245468630756819687352907088219041863
28252978011016412526050300125101979639
39648644975311682239690814799079797199
82339155612052922905900284822146729413
4004259112321635122400824306834945359
25592948946046672312023778689921013052
42535241974830206373020662762443984196
23016627155748056373323343297266261340
27182281354312327602235593270602433492
29238428682342762354785426422498645108
26587104669505833734660833336664809460
38616416257400227213558570091448432467
82393655716974199212740534202097537095
28325313348254124877156898954618716631
17365392444862161819496360554821808192
20560463649294275840111385884188724692
80188843896329274376642170146489582879
64144920515557425188959639513746884085
68163823257651932806311080114842056177
68934017190148255234715829359830310237
16349393074688686894200188481497792508
82333219216863629126326562272588553485
80074405595321655170263642963503575117
1118053832465258706107918595883648243
6724329638592314432325752855393194812
39034658603928714572666966981032636429
27996053286985884505678794306096550199
1666790616893307673231173134921488252
38482413790147379726523377560723095501
30860374631955365411743671598108867959
6651646634550569019012600773027639600
70221008423269965212723664524227658013
9393184705191190026106792081159584887
41869445061374794067690527354668384515
73712226610533867626710727402089170897
68872937726106666917079841304891905365
4028196897052829134508047241175190768
67813820719789212820741909479032946768
22416544946316806631544317339296923983
66158987863714679131651928662775698929
26262320380250950216131658057227009216
28401133793115717055518592955099173108
38484338073352109116820018126804581839
22867155897061552647254898016438449157
15978083219959453787679480617111934001
23683750759994198007974402449786074621
21701128687307459204251668456242677189
38546558396186774242865314562523120717
69452087119130089475486293516657391476
69702386015764662934759360611807445021
4241281280291230197734506085513188400
67880194689352362841563313081397113073
17925172511557030794364503907544281281
27603888282146258536603056142318256476
21704069626677079949940507637893778687
65567469456879428087441996678137911165
42456706853478695157886353271689264956
83904598170172916527796214828965609812
70143832273300763880148275704631379249
7658740686958934770407067848683754701
21277972872368847163655218527450955973
21045458191245095226128290148719606991
74124262798408024353273841208644082769
64830937481942537362825801667596633460
4263467971504664312885301599065626399
10448472137319346925051790025431471923
21547733190761442700433677698374898503
18384895350681714194018580376797040095
20374499179620736549820620083134531396
39614574204648788997865168902358765809
7006837752678163581899589329213584509
5243012386554746366774032681889822163
68277838845013611670348771287246897601
23183358841292811387855461932603896948
80165236777780599625402292615008613853
18401196809856368732266116036359701724
16100162548985122929478629278787509575
27737173124527694192553747840490654735
25521149794137505892136297235683737905
1355256938366547032387584482312658695
16956901997750586714663954437409403987
27689332546391769366609151317084271424
20541198904430268832573794781056153589
64809195793968974180204323763746782685
31888244944496740775386646702592082001
71700573375642503448365019611045648207
39794773478473229518841790629938328439
25584230584301368962635972401851254543
10323503174162653292438805081883658228
2440305988930358334835777215773572940
5714122628524332625536196840608879040
5410130974152358651161871391756983492
1035619835394054388603659462062068849
23912818249908174059186175404895128625
21206333973069571812993724759515058015
26398700816503184618986258133406778164
71567787090459956562925875992025108991
6323183436969320910160608113491934996
17720640205210686068329274844265304079
9590416898610219638212843525126959324
5759942320309070086572045626967786945
7652752555853318598958399915022114053
6351421914341676955104059256424367988
27669452650652003575570106951321996371
2488366858197174513946489774323584464
27229946818455398942339814565453582348
21690155818498798295266514683309280455
65549934235830860140883446289336368963
68855395025924915495176306867000537917
28500909496266655852466041383417901317
71712261180829737767358207710858823516
25629131971818791904744657685312455156
1399075649416159561113001279465180541
28948998867951260435081552723449413959
22333371696077490306476195105502990401
68410137582974639613300323691716134260
22331365013772224188383124766545893329
26938913993321194997979521608446054640
21082108519608743766849203306994402356
10577099133269941375127152655062745869
9407412676252627298673077419187991037
5388752100887776875680513875387371719
20047889571896828472084318402518547743
21519469340215750300421650227508247564
64452051048983299612426118185203095036
28395774643025143026347498270090165315
9750176529641891400924658616651019524
79817373154807512137399334444677923087
69741973158151738146666652414719768335
9723901752481430026385765918151351569
25740587717310492414666944198535574799
4066035078083804185337264524942736387
22873771959910593065112275881208607556
68046955857330467047301936013336839244
80122917671604119703293561731693921269
25680167038487398878871091799569680381
67911365559186361361277436493976375068
66398854012602989011867224291744930877
15968584934509742573656429673159348679
80086398809195571283875151643339341053
25904853095322143798723299483307593585
1060937309133100031620381211476623733
1662938617013370408971430516521000917
1657961888532408508049200674921119025
3990016725903275239986679218150668032
69078243184078863572715505526551835476
66278388379168645465824160321974357084
20360039654980864488924829233125838796
81062713055319452085845242277156385232
21025155312002705810303573191354991636
83851452687679289252989251378905896711
37824625047874243149137356566522772508
81673557260957066049842679076468578291
38369795354934458468753094443379283412
18298065894932529553972366026441315088
2409554445389596878567214469903023477
4072180343672360848890891884161779143
65612238668053584257004607611397423900
26566149149252556133073025720625087571
1266199397845909313786977474679128276
10391485953331964837499738036953413061
20962661804509746383795817861405343684
84389736852816042389252433909468452148
38703147316952696536807759013011117525
65776459412379949633361521507021479923
27589205105573330091511730491666724693
27296326592504458984355637266052212
20191634656308513611426947962438383413
27186987975497643561901979052546053469
39658535288403177168472832691818202380
41604600846528255802536403662177514871
4263215724952898777429994196393874188
74370970361106931470382245890373930193
69156769867579660348294114617723765189
31730520719498696336137056212227543933
68041115481115071741811002014357847377
38989423947754749534878348738486599485
41689352309509678445157099710617613133
80237637131535408412543389434096144412
16289894678098092336501674719323485248
289895604254732625487361924894018591
70147850762835880428310588367143131120
65281857027134247867963200758188564477
81690979601939027571001054415184680704
4074905103244511239520239895069446225
27020782611904439453121421295170321628
23912909968802875806453071059668555223
84748625313548424124584626298817443135
70180141486430901849250608764779623921
17290294406664619943001621693795358163
9555518688409313587564131809026407511
267085183814420051076574667773169680
1399160742710594938162526240126267653
2439676439182012898207051938124594636
5748507478593722167482337187685978908
1121353722223389769488938995987741781
22934090423614271038188049498572291132
21284804241492235814552390172079555568
81681709463513779386840639930846944596
598893999945202677203786434539242295
65552753976652506244034288920366793671
84081196576635882862135510904035823428
66235327545413048808254674007110729036
22621621448334715085385516858821038279
80184723998046145437026485771012158512
41627086899053874318966701311128961085
30926688949164771430628520068046347571
5967348914702510341853231774235383793
18382453883527201168923578743376581847
17342616575196114344160940029213934855
84329088321359241938165265703748031695
39170387324793392495135546089843834929
27026306117709964878479009132525859068
1116941843973676344549671935365546099
17695103620397670526520829201130929367
27170099453727886119337873459294002177
9559405247947527624455770719950814477
38668601637387582405448989109056270607
18344730983964561923855312153494117692
17050488452633099442123947349944653117
68859010192482379540327707150919927092
80164850881146877346792021141843956863
18366814537193248203471969948980678620
31163273144490900570121040806018864439
63966238496775795840157883772831913279
16278851231321899727329161091880386416
23613741274158614039888342543024123983
22285974162992931630178509290779458828
21709306851296702542706675669849670004
81484438446439071856952616109007375363
65066364881627983099547936607492328707
80911908123896821415202994962429056085
79783860288284995711239493584912502852
30664842590834851407602967407635662845
73217865223375577946594747440697725900
69219630011629751347396403690554017037
27017797255222868042307052021352509951
26340511585807188531024833637645512977
3994508142053661132823628206041218371
25680872184507967340201387989593755925
21876555340577681097142710577301575431
22411044486971136373104931624184918228
23008110810267286665430297514497279296
26337763539610987649919667804734322132
73397010651349979305099990876020823108
1760522987122022453280359107303506771
17628130542821093167615151221784827089
9623599062125171073657262779906907647
38282589186756672970036394945327345863
17758714122587571377060803290045729876
84174753489775930654556691230700565364
7290558240295241756069947883804020700
38324364749488053123137858754998244352
644110141202803193416127194272133440
22290353022821871558081544566665900404
20390626101900442495501582081052723156
66395218352561482204639703661199835089
5961749834522204481191119196565617743
18431476288533146808182052377878454097
1775478749307751483476777990897487043
71723092263573817198912898513786855373
70928143892802291331507593347227513296
27068479506589530872422465363400264765
22271333099079624764241140277220332309
69100325464602229842386836109067880193
26341981980956409348604556946435817811
6896431668087932612191041142921106547
19945990669633604197204039848456909111
10317507054421861550576648857506815029
69615416910715578179914796152671453169
30636909276830592290031148779573867379
27666006705080011935587638594174800181
26290973458247840146085831268021514303
69765423587500298785666275552352083148
82243366774086676860937746463338626429
80003158729800159567751955232431867668
6760128373630913068757634052920690485
18301856969436059704122501956831575280
41522571659010399667802409326529806092
42305634642095025375086927256469488944
16402806481733634221623101089641459905
38655454656944659432777543525556617685
65283100552048064736705984123941739777
15981225740807083043112923309106360661
20527686509993561943152268158417884468
84391700585031413986775587873154651351
28245875752644213607346793449133004611
6710352974593450100626621228525666800
26404695773593059385614567410510272327
37235538922272221431991140932088041463
80822416910124861905324892932913509175
66395547181671285219166539152373122933
80023999043252328020727045999024356685
17648879811296562485748257915228934172
39031574659666014822978176030236041025
38316510556461080186280227344322264113
64963345847933043126498264522287444285
20021279689645952804012608919474392113
38287167185694801221115838218882011412
73753742486754699433824024290453844277
22284145323615313135638365704532295476
2476058507768782039653122128199025667
434890676818107716853970246488294709
5298532937841742074320372925639032177
275635249066535561470148370974998495
30927900183348148370801517068547863536
71544926154735270905269939570584325917
6715269174165067985128108527972114396
81037910067148871275873005688892358719
42285403666089553559985219049782001616
73146470906803294287395507698070009311
26418342018589522208332017425686019844
22743582538999333638016597846014115012
83821541765807920772653447032566021341
26684851692691220055818890566847033584
18345681911310516737679087770246525383
1027354472625196952701875599447290335
16284376972616131872857136237835663185
20371100525650737507586213734251517200
71031103197144659282132970669443907393
29030704700316440036985278898876910832
84163177071301127065790866203043813197
18297979940283923161061912375405647057
73698484881798731718733996596456263155
17722689750889747644081006053508199495
39581301482999709959734603750317052173
26588760708244159925665013235939394385
38650564261540300487294965985904161840
6426780788294922692586352848156261588
1116976854933249448180979184036558799
21013829371312517929600277970837886157
39699426394597639283173244419530243543
16967228289046168627522533638536238900
1770649371672666141810323923190006257
70489896853869411105601935966284010845
39811029576560253306366902015770219325
70139474007415396578965002728268313876
1392121053071244255201490020656250115
79906834049305278045765114680053648385
22951239204951695140410591594860187507
9923894550492378113815096176262844401
69518770670928348360462334468879271391
26253250824377503852577441666560950352
64141736552679675275861183222585308419
41298318667126090469893676233512916175
82082109270092144198858732309336028103
23674205334550956829674510591083281885
7735636554700183160972131634635407436
23677283430547579301872507737353803075
26853404666014549312907816697309631424
9891038114455643429629542035950423825
6468382327195903060819507037431125825
17036024181323155200874308535464754176
38814048295173530827415325768659975951
251506096824922118099352934406180685
69406817431413910035628105058422359261
607517825220774252837467963012466439
73759119570999360644246780751522133493
