10331944532333786469253205190692897804
27569163371528244311497317075190864
84885250997599733178416184877534098780
69386112877042792625163238648623167349
39875943917250868989170296542487172551
10553034636407690365896841355046437148
22554320046320966599980892420815409651
64410398508034926600627642573723349075
42516805696005718607910667141101646172
4994974134759399593489914873353630532
41866773006964054868251479373005028804
26586285762801883987548552957740960989
412732858966741408374365226898627711
23869238372840073113520261826933970271
65407509866335138464790044545792833303
4149213201197121190363305339584508945
64464654043630146547910548184584441980
73394090747638809552942022949946356753
65297672220455566022970007884047384903
22349272427685967535737547045419992565
9332971337626141569338338159456633695
79873672320979050615766269884804169564
21024198428878884314316315294825258000
20188136888905172524181444876311592060
84392748534959009669118015133603087583
7081010524274647458885164916048461168
9718934049853142421241836544469333265
20524976435024850696816410279107049277
79776862562014473367961678612737101825
70927085648196803652407497983576560657
16392076671286636673296094378638243087
41226658463180734122435587773157176691
17112933861635515440280522282656585725
37702504792728083015029675885452004636
17548732591286084418956700265211526599
21678313267520478944020540082490768717
41461788886951692361639471367451574084
25688625055101897607852279842467500016
1151454341188924293095119159428600657
27009466033262537828152588488213476428
84060466841339079892198589608062213324
26747882852693965411969848076462978101
29200572356828953273095596863331302673
42239496261989554928103158453628653332
16221323582746615087913381424175013233
28006519681277276809304780419932167516
583100325975758318953983064711363953
64155002060374401221381944108582487348
25624255582405436594761899206071572253
73114059612061964041431556948668254161
26501898025780519737703188272601104253
39657585863137612177958935620721136884
84846356085654219405276545911551809407
65567306834885933544384499185336844033
71553769341832727096525206370599768567
65485578840602322191609185395568135505
1726435463304222423926625008275127389
28233053781824372018209146828048680717
17866761012689737133632174331287031249
70429731138557837667107336691497652023
1665697960314096134436380131865735293
20046595956706897688890941733715375937
6925343828844683152044855666912854340
16113071681486985134837620647538792192
73592853761501264704612559970289874692
69119800585966895516541389232884936764
84745126303402838852981622255148891613
82245085719685027330780132766367741041
68273994119997523674764196441493862236
16071940916593643689338210277956269072
4631971030553057371738197572992222484
68049573764308471054146690502284542208
41540249839870479349595434992331198588
84816414163869492521013203580141130525
4299586709534134077187284596363951431
7060534283324414493147029566826467664
68152936608060429048294486636292949324
18548002195822397262762566875501907248
22306047552928165289666611987568121152
73704805158181053674800676002085145727
21273917674810885198862409670560002864
26581887534086201086593306169816896723
41462360444246186499534600608118830463
27981003538794536623597933060555797831
71053783366934740967200742713306608116
17629716128993649417942651523290313780
65411581337176777556230921304118415391
41857659713804341422669022601991248913
25857799353354438317437896448655831861
1767803438753259406912513060022506832
39691285442248682349987435996914660804
26330389873580146481192749347709728051
65584232872423047751025136124238812407
2576605636616540937392662183706156303
39649356642486295760324766584432031025
20359059072695448361979313234463884737
69454457174056338993156246716785898835
1681419348684329048863456928039292740
9757725109295914479141161437697889596
66294922188662707488328089749893142303
9749875197649385770367911264624867133
27067128175685784118570689552954178621
69136892054105382898379849199777497028
73467415637888212262384464885610120641
64244651528235056001184172444965369168
74225750605009204822674888945974670451
71462225889229977816255433190784894213
29238863041027499043667399516805385532
41367419339340321108275819126145683468
1662584609889675876388701491573294033
71530361787259314899375941015232044308
7057711847497815148127979204500374771
446458298334166537323780300343475649
21193968597965955864903560174892041479
38962921871560880390677619811007153607
28355520985219213024590091847413618628
38287170591323154988167486557103060085
84890244684024549312687262151478572912
6672162745543141153842944168030977501
37653644091254732333523514694500811980
31049951700232263888884210452060640720
30885069446971207583648849470633866705
66449737963881059700046975173999456452
73176132279622158477588851407243507029
82200529939949632770518119484023594996
70707477571184468131151258779559392271
65198479887743374611819092545973843012
25687587164466251423400319521813519443
38900611133310614135510302596374737692
65059417981982748117485294964314489072
103583628899273341726190770117210125
68869652358394721676765191523085276631
6351254600173872636392900252938607631
17943642406373878170859657472070767429
64130704293454471081381496465550040913
31232912084816972074509334555509183452
18364445941428598585180030050803602437
17369312867269676714397845648712884191
64298766789423206655113884062226645201
9392971758464937155265223456580488247
30838305338576480808370500285217425247
68073893462212454113199200454169596
30933049095012345932023467289169058839
1671631891443098604403384214815184245
84183141163184873270894781596470893820
1149121544150286682272060967010815751
21189540996423781367082922212072051059
38320186726684384078228398230173675973
38570925859168382782612127734516888924
42274635833474347756687212248625894685
82244998524782977561206322235412083484
28979854162835603458048478328818488284
37561065101260516395571681336308825393
68069723027106735076253843226032025628
63903869128986811164298395098805194769
64887140249951442908625857671187478384
30650380646907968278876999601135776708
7098193142171127412807936010845619457
70262465658068609244157741494855210269
21760920369504996829938974077834501936
16200052200639603257944050887220821312
1413396449180154062804939398382155763
82400774344951075618792387450918663152
73366139687498738081180942291321738320
4059169106280529293678881004637600831
28574625335673917949565261354681353460
16289226237720352008628676021028650439
17883849234756946701422918914459841283
85015993815976453333604362942880634676
81524725753846997312378581492362399053
41579596257775077283881470830412158335
20601842287396141239364729441864728380
26683686167087653732048275257469239668
7079002111128032210747538465481945861
73693406348975884746484662760103955957
70533150508477213957732045635441602628
1740454008293946312156466438328812997
67806596444417640341665010244625154900
79900463946823256438714301381588337475
17046380549205657674329328983757115440
9623754976625690717033198185428104432
73228524737655388286778500515102540757
69722574237589598229215105669603226867
25843039162518819760203306755332790109
104292135312628271772383491292382477
4107217161622326005473673233066446832
30850013068990217750520506930761430492
65136092949763063635783262832015234244
26685491865583263114779508203066774005
65051483729809733226000891211886645445
66207966580365956509638966953588838387
28178598890048182213361678547657243735
74379364778073302335672597033279904973
4060081876612545826725423371193701120
80169082615486332875391559474717597135
5646363109816784266772446746010448211
6995793984001556239883864836639543761
20049081175631525852241395711693900881
26270348970083224342105761123246887941
21521181949716940590423082277807656263
70610477669971995138165025644563782709
71552222729918026360123876260872126940
38859460604566730563234449798431769975
21017123477783032949559815554778586191
65534266450784788446069910405610476992
27660686203215793688637303872602705107
70227505835978853068377067814311498736
71704911431026311563863353700748653363
1927963519148026092665762289395372159
38615688617055493039608526416802727281
23611242262280641740237664977247092732
9786207129520171457353092220123352117
4149681452230336721335706558542372289
17047970244255232773701675338238915599
6382387905797364966459983377076534476
81163070495992059068480535496980909873
27606262673473780469187902045625195644
20298620256805130047779754013219634236
41522624740743000763734998597967287300
81403640230236176570061428626920701124
84822806324250147038933130105146426229
69037387190570012290268179718136462833
29056495399841427276092142474982798157
23080743069666154381176392829775344720
81021985409500744768663812117279605824
68140818946104725230716943657518300621
16362830466742071102114806043317907957
69130183651428952438301639731994251068
7684588520295897488911140328555232583
84744487094640738004272263760743051587
81441601135444053137642314316001558876
29185978242394266512988441343571198940
28532984835946462375152409079892988684
1311051099190610974347259203851063408
21544082240639777146501972115733733331
73729724471586789471299110543244260819
16201372441400536827209715428553080892
7065762837807605288272386415748669237
25525686295321984909380064972398134271
31014633628075767638639990548545885407
69739057766981894099989908802892482556
26277060607539426510153397912876419029
22302209044966654578972511720818086192
80150654382873560680164028151734951408
64400323967036965499416633916314221636
27993415776421973394292698866316967383
71057862795571484040464726499056407804
25265642133559536553321674225900142663
28518028549141911986273799990907240903
20287548645494212977507096864473957872
73518000914227751725229535403957320735
22847522149251068487085701675364505429
1603204608487870101769633959461256209
65528023908211656144262589188892118399
16271933644499456297727082470388877123
70386570205445645229668551354540356944
84158691803305621814461716499508555836
80814028974981109523109408815445040956
9902687547526799628896665847947326748
69441555318710310098650088426066760908
17441238663507721769799510628162617396
69044496409074191795171616200165103569
28916914142592608975617323464188216065
31631539920603065448535105885637049807
17206071581981996298099755588322614623
23079841051775060892312457482269431261
67946088418142509306762353719538481015
21637361815769175275669585883731156224
71545649553450336071540925033514229749
28185416353501942147104441325522719500
68855292435918387658022116593382718917
38304873327864318354672690749715039092
17566989540313550107005383329653780700
25571996119191158310908909989487140852
67937131537847426454937321919561867093
84837582718485605742069859864880996160
28936463791878146034450501152127796037
20093487913392682083307108003664183060
70227048581107026505693131659374190397
30932233573594626151762908721717836864
39552246623157637369884478854046663792
25709482009544437503980864033869542607
25541318749679234474348048367002784193
9740788609549053258223291520723137585
64829782677565676907546705322046668227
17399498028861017272622080597163308404
66396289710568469935885956872429453084
31637706452553474737635673693853003797
74370339462527315963807055116954763265
41485311595311914642785662775686459667
9924260126936596185304397875441045852
20250941196721218297092847524625105668
20101085120309104485706206549359410480
2647114575409604366232035318482288855
27685148535959762590486937110469942292
21346920840421476600687514717041542351
81425281162609051206505859876693021452
41312250707931899371382311964950404879
28199750873089860171946801861221941461
1417329969165490583252314887688606516
39700238120223154949787187315283018864
68790070722549107796924334091995988445
5671863605066907281952341232299737172
82242533046228437851895777604650651443
82231972486387768903797791420991231823
73395063005948134464788573874539220049
25659040296913850278164350705672062419
73170197191889633930373429805549106013
69198104390182865786324282619305870103
30851920423146032730158640805123993937
81089139212425928771414649193146633680
71031694998714442203347004569902317904
68879871066054164115637538893732017427
20422373739097793683527563460967485507
6670871679966533912935263916778331972
21388437234351995268773772559975403523
37801583320973549891419802427011658228
7061266236022912405258962909305509245
79874183669562142738025119195426313020
21022743290103048067711076637346181941
65585022465984633791007685652122703676
84858053702254932399690404944928887760
37556936714022000814269449364903513949
22746255950839468899728203830892370951
16433322273468899753434050887902118340
6974660291920420836113837871483389893
38485653177313187262492049563760729541
69469316969336797754805574393770013900
1980150730879784869247725812802999500
5592690962436451543992017865902871861
16599051879097080116735509040230101468
31190542334040844429965330394632027407
6655288968978815546248857029222808780
4306045581700150365735955388627176501
28992548536669713824103731979226141903
4264493814166987805933679958846356605
17308274423125455729164845053853842447
68070804975432800925058558202574535745
41232464463862599030389077075979728337
17734056360430795881347481636553842005
65066056313918357249471659589682412631
1370694376178055533458892917770671412
38656353308258189204727993449285014727
23673085733595434172130186311221956887
41860054144271941590088903498153705668
70700037332823739441117322991177317440
81093074633453552595351019910349151519
82117538875769165059278228020956191871
30696844922556238399476097975759729459
66401393351752387217674913117885977859
81369789695691623262631969859144314948
31828555925446341156864000170174568400
28184420241876464125106978313841407293
650908254265669430315551514887915348
38708918307132922314932205103222949711
65154258133076524966531422651990244656
25073263384726165024912835403926860
84142567466697279557710028797612658707
68076594234033542402583290553281807604
81569704666386587989749423033859166224
9576538665317644134484700550636993623
65142333102487586950195824754184756691
39816263245257051049360905432792381207
80819728539892041630266896737598951180
20025509360750607850695327390752624956
7746586301566090785525766150333911313
9758614222738801992923201478386324547
80241087400874017431209038504263898899
66240404241226539686458782354654067824
26362660197915819752196458847369418239
80752204383821174216963596640489312533
73358338494605478368885671388550354396
5401692252652211348372815151750386676
16287286028686266198676100079868571713
70206126253991418083774891735173091277
83888633340139542292613453826253504765
84182856981055084039368086723119624980
69729121361004131034468734753057062972
64826071961731235983257312043796857139
65588198747701546377260307903305741573
81736839309658025673616815938832750033
41577013200171611992649764399751852352
1927334946437425105771858804707439839
21554223569252633664057459150192668725
7684314406271225596222965868634600215
10415570981597973818305310100879953375
20394455675438779456501257222211195164
28248483481614639378067146070467284037
38812438415840093291890428313742393412
68103204871892423602046580140134614111
70845441698247005308224574223996474876
38314954038017371417693621376374857665
21867152025104350622785691527987363015
65282992223697723469847618142280290359
4388890353137513534515277188204184049
81358022488045963925757350136230923772
21210643984858932939453739857925209969
26601532796366626607344549175018475889
1360204865428886829467194593058309428
84183313388950207767624889708682876881
39197053508019353727387332229650832628
17426322208363079680746521063395378132
68451712332643803781709577004046826823
38293509084124479456703314846455714261
73544036352754319406912746315699932421
26947153726700839756777058049752875327
30921250286460957919679994722794917841
37577714008743687822648128150005153119
68813917496152541816439947616049959005
41351469063619435252274850557014005071
74422606877708428866390717157663162737
1002520284827205922090622326042276813
21273083962314508756830036172775167091
42285342205207291915348776300451159379
66249830237048489872349239179218343124
7763728593000357508501025639205291203
30847800428839641502888938023054234880
28563799865729467639442739328108551431
65069566715156510108754661137058055116
1724902034736678995750787167192691911
5921506613594415247715792884383686133
41462379036937527473034050830413417713
16112289777564645898380932828355753461
31890195434087578576997755819772558833
28995489776950262343932060479006302017
21544205480722634218470293570580712647
25654413746507367234476178929698477844
81165160346817233705622598502660264268
22627162418632479723298800140830182448
16043172149499687504719408144024012797
1686643504899994445269704967515526261
31715592899686281392532693426959598855
445500392669852616494261555427087605
28408942693881119412762599900082291459
65168828165113700097775695902881567793
71696922371855111344597735680243874864
2592403786127580266850621088346608972
64078566598365940388898388907860631312
9454347402979607168920274949545346867
27659507668426020248077284181314228284
81150795193621876141317967231224960113
31609790571594549016129250752168203075
25669890449416090029410379885172512512
84057857213511406501728821412144217565
69391274273101750661861099561544865247
6902432631605289267879603903588712732
37828215444959800650310797440178406687
69556342566250490509181655958055817408
5437983339833889815339519580503561332
26625125754794205575102327121942247220
28187685389521287602694745661577835637
64238162890470745416930606737914150863
9413781556483012943825527019954884547
69187299621989430967096537390184870868
31008660432878009668112649102968026429
73176357765171181373036426067890869053
17642721163513457848826744365682574804
68242667163563410865774422987450402175
105222406816756599747092717544501252
9576319352238750350723596690998218756
80853224735237502911054440684814978839
26947148659976685313096978207903677532
39650751632660784661924447344537908225
69191636293037196907655037973838645105
73179247372226058631694000468279491797
17778364701958371721796679681998635324
21751586844962228135315894816733362164
20197143964194763057212495025770869619
42530184721568870547065002107091415540
69067222751177242107609795757312513309
7004104529117634263628429373280109389
73594399120549653531924548619408183507
10318806730298909159521563563818749263
17360220570178972192672288894057985792
6336382265602479920749942918609850445
16974202566789702475018962729818328176
80247991241807395363014821907276005244
7914781049174419885812949648224374861
65505971553134912805099396139582865751
84026940363423348406186296775493893185
5135607294712131814561858134296773077
22374970230998759133657492111098338333
10331793628917873360623242898344231293
30922485344179244456209099298063070999
84323331671676003209140169283978917837
30941879490871367390991575176112304221
68869770290003261591237517522347705596
65470965129970737368954103166857934093
37805539829332327236291218317697728535
19976490174579640695178589171499648305
2342131884200674434038343838938430836
9657753848292919902590074779525783297
81063879603123198236030949810242962895
25509530126638899245219953625858575411
68938130716374098692403735731215876099
64821708787549524112222481427025317751
73263249370820814054287419328755003763
68803454426547750414845331944413057523
5903906810111909137305782885348228941
31888445605145693850783497159228338371
80236721766701737004863018643258080597
5967639201814367874849544111556216071
3987832936018916796169100822434496989
38361131399444842646225565839750100349
26609564043768213273189392563899781335
28563153578605511035277484541036791059
6331790302675209174195607317360489413
5007788734659746217511031663685879047
21927410638737688795935995341097170229
65387988782195544902454346799661436959
64058488476349410644241326265854070535
