37280778939250355646141853382948771588
5718459092745710728378079849265198416
6897297141167646725019727475885994291
70890265735330164048899593601875656013
70821964567746116060919548588561560639
25610744489192511984463964791647518743
68897677210564210083314168127254971215
73127031638922822562200774246245301573
80792065535574765791019129898896834899
17275238703451140233981900982146915347
22637746359665117518788810995460856848
68231911999940688065989576501107889399
21335554405877207016991139340931550659
69041927914991910646263026081276047600
21682126347669052483643524423048285509
9798228009815991746959986396379676759
39043212977742324774119260566343341125
23011046948086996199733099710574851856
23013587249808573768505237727576423633
65614730911517367456917404373498315632
1642131443400763582026984567984823375
1159201115457223326216597369282317589
22592694050278107069754756130402141015
5928772453093998256274831607239919452
20280158649064028180443368637043277047
81731234158056162664802670775543595203
7652577641152137156651561368810210685
23707154678387318490893256208514806143
17617154335647333048412942557625053296
20188975439287361676768328868831810933
70763137874878991345690770994694003991
82151288664213893330439066016180876341
4069529157548609719862048658890710832
6661964482325853523528519257288017872
17099366671998233820372971429639969999
38822910188542559744333233719739679952
1765442180789602160236978944991364431
7091690005595706363059885900026862813
29187675117397662041747369810827932096
31017600286423495732424692503554323652
70472235292756547469029428792969621844
6710065642854136933990773865653744577
41685540626554290053139636216580096067
66191647565612918134419730147226883421
5021525072639659566783888718025798709
38990340272667800202662399498308620227
311932367705182509190368125680696661
39697701616378595259875047725890559484
66242177629527226773884970880433975
81233240034155728069841333298847858741
63911938701020256096298773128049390785
79760818322689157673270493337202705788
1933405323981517022500662375029921548
73419094356396117161515223940276882885
9957888607816163913633199319275542337
39873996560210574636629646313248509405
23630588938673765978465961941536326132
31881117814692204377053827262340662597
20962667440225424699069127544651702256
26594900166699595554947454628836364620
10373178901278036356307188954131337239
70390951800696834471946784405906838876
25402588692842114483310500677422399749
69075670270580604486744422408265679933
64910631100241186392328621709335844300
4323890869043450597906077967975529924
21679071843777370221767196116274729264
63828725213386294240610838946917514461
16445606721060484919936747744806654423
84988799255100325325792584349009342927
81730977719388107431417794487926412367
68399789444118569113850591762136775684
5658334738580930102082963499163418608
38302844352653509882939117637420994387
65153092870199425344733784286109629685
1760619975154030166819696155709988828
6794106561086144147310536405217039692
70715189395717558400656778614326703412
17071449638220991070765827625169416445
6603385045490497262741944151511715647
38702428466575844511045173469480223828
30860093151707613108271088035706257916
6749969822623421705122838259103226892
10390111899464825775673619687180874015
16237873961776862160696761079316926467
84761574033127337434342144747158977605
6998505015793873030859639285226459187
254424229966197258488032162073792860
82190809034877655690792710330242887692
7091466055611781998350750407376458032
9720309902539696777849258590361433301
80406673228126788765755084544862852547
68394562266529746764295014480205907393
1096648675494893939997108741280325109
21285097099843240865668409004856431575
7084178211011440245508502196644294899
30681911212867483135536312019996132565
65777111784499720421841037562251392063
10391555980905275327406608143640547137
19939551706739252961126671329432917116
68285341174182887729957992672825196309
69575901305504082311825955971678819805
65168930889220166190910046003325812935
38299716706443143884471285765033248527
1982429716864384872242896438864066352
9582383604633732210399900954776133491
6631635462716010177342913722104792135
9366970863733050443565605659424407344
6792524265769434752554546516197199044
69158133742623123065070723960481320305
71598234379008341542822904739388200896
81040669333344232425296419062388051204
84348564845366553933606212830701306205
39664955974404603666611394223740289404
30660249435775400764139471403126371411
6438373554611028954688665026575949685
30574837502559370429354619442480345349
25320219616593573181787271022284840775
37370364400439602567669157585887376657
73365974984364884988792406253628604675
22939322940498769482925492694845218268
79778981988730879939279205314124074435
22384435183861924196399349566244242636
20966440280516068966653088633187157069
18355767356824837420892052669362863988
65504819580464297321133825509463282045
17887863315037096892731618753393724484
41548497322945656619231075436735823103
22710073399739650136537471651137176517
65386935908293831431012775654518019533
2362896599895563324856493427198647749
74174393271393216650588074464990003413
70123588265834087941916604941916184019
27681764696119975249583379475433537489
84766178517181003390299991174705795391
63805318370271302097148067230958996545
28079111534907222075002819867775587807
6765963483238050511345765990211194739
26999950398809028307907749701091331341
41788174436662436446117122555650530685
68119633130072999994604291843896430532
68232134403236844764957318920923856711
16051123526943958009544598232273734716
74123937251258025579489622780506230261
85023897513307858652583755035354402289
20203571626008064092024085911186906445
7901823015801074375509436394877222995
4592266110745672145807254356395573715
71109505640610544894011713065999088916
9916254259499436724846414626842221940
31570904745757862792525342959297741855
253432857368690117962529416964751309
21020310628932153356879375181817054012
18298084900404937343246618522115069123
6999475108087141688203495024039493969
71037384562083345110283180827601745015
81192027135355295596316473568708754700
9922783834887808912489973660024831836
401134469529374011220884923062777604
21090206974793491805020507571425179507
74375860122669219511697155530532065119
84993783972387710599094660465966503389
4090837078370166385052129280971198917
79863161369114979346725541189382111301
63926348710995859050964099198630057981
38245766285074629057604904657392881484
5095332288448459962188463936174821315
1920195598588411340196531161123640351
17732816113653222171768643707083280668
4482559604790427167625604734504728055
80778855682309088045293431764876590131
82408672303508624340764699261246981964
22554636544303901274085000677936714828
64072942351804228091646132783869154565
2352257346456236604915605141972963551
4077886523375933516833108297705682261
81005425173710365929120070554114814269
65474606359114640015754249902999461375
1429787547617826013539479153531111245
73144521237925271947716266281613492085
9324702569397934191695941843515674899
23618782026653086237524218292773635412
64801251528780364074764654730496721975
80373255723363641819720730149725262607
71556918833253318652008978021090713409
31070442591951583491300219597885849687
21537348299306550208552216564915338508
9404954845746090098301074037869597759
38814777305486677902698890495648023539
84392794146753297174268835801155252503
4267854123283809265691564145000695293
7255919221375690524750249532479820052
18340274876426182153754329657876182847
5077250264505980925434895528761974727
64281678968620705236204163214915694912
79823125563841067964356242497056027392
25275838388032845718741739222334688757
70124524446725383234222910854507494404
7970424476333825307790338896428889948
64244049761977158738607704039415181775
2655785114955301517501561745645522381
81104311170571791204975927362194470271
22596003090274618105126543112369167824
7234438030161406650455078122802066372
28227680305065677130531428681836148161
71549874911706591872567406143354434007
1359328051442081878684335947073666079
31217657417526334987417745284273565777
64088640709872644069064687126230288371
84062454587289547732434941261714912596
16371430223557551528574897631258836764
21308040059455473897974758197599984919
37837587809482095419154603171052328199
20062856329777529547367062232464035585
38625764781713806120192020946195645708
39191820975624828766291942884926047485
81519485695017063073942030303472418076
26927172657756061261693331821280834497
4575048766279737537309914906313850228
21305411183357997191085076437630447616
38661838404025838510107904861937824788
5762741274418073808929507004227121661
22305201246375367767046435108157517841
41462849924223062616657979444160396348
6728269896817780448945521822231888640
31591058577283583550822407653335814524
21555127143483971449134485274293635029
28226395688614107666762653989569761405
25608428729583301206595766772320814384
41320118353042178550837167379525867313
23247369824643441306382817900654085393
250453275612434512823771946461169143
6334912543521947095957880096713602253
2472948275317943073941915357513808967
27587910376686781112812096577159942607
69740263988465747609506275538144137269
63828848693819565758359307154811729348
73363905702142510529239953247713964109
26501629535068302176980946234687414019
81337412391362931137327173176303893711
10301518508635944651401142077196424148
41319595310275568246800134268815176912
80025044186058771924245855627736118101
16555637572128539151193983624611159360
23848315891716743550396119313697588047
73549137344140576545253545091278123212
41472442854225222470953871885755342333
30657621542884084416834940325468659709
20355450687853965866376866636139798492
63828034818015259705882754141154823445
74144707429975713322148590735809330237
17263113142281022504471520835634846960
31171300702481417294595692853473833329
84755100202062383735862676563233157468
4383422983394447877356843404948723479
80755798353979123860902746544752345397
65528570037307640625428840459063873300
70719073022229341355830141301562867780
64898623891367316220175160584630533956
16536735665731234351892209438614934720
81665506989781849811743369526114108404
10323406528957357056659708233145929692
4246068909561511059461694322155459711
70204823071103644040205712832416781133
68143385931308712027266530764760303475
18343113413571920243904725440857377792
65388157180757949619783547699848116223
1416829977186302323681587672814931773
81172296550747474606031107853372313613
30594250575294823552623723023986329085
74265672154362877876223398549791391549
5675247715057891832088707273217361093
41274156872828721124518131765175730544
38633268554911191753580814271256531203
17036408745325095109264334271841419341
71774757437638896586733666648983600204
17389406897882171008703529609328980931
9403680594629989970771054500952936573
68377625819746716807633108857753715543
29166737823958997304874657810445303253
71099116227658463294455462127709795293
38339094707484740302432659399543704579
4400399416729128607218189096655510909
81732046525021643691906996154929503441
41216271114486303185036543049143730995
25750969111701196505247083702953431812
30735637821268928631173631812157394192
69459663771925241041996988563027070421
27071620689700679308534342669866923021
26365281750102565062271099404463504595
92630227378578355252102884098245655
83804072196582539623590195079706670431
84010091031431356307983853166792832983
22955149639856903612112921374033298653
2328092879676566677644516878221147187
7929042276879793741603497315826484557
84017595026626748097163823084364848437
4259130871835942324134941030532374327
74172564601948125584474377122045844788
38480440498490021317008145523266344405
22862003585433401136719545785771148607
38916373902128515327413960190121434373
21014520273463111740153736386487604599
5728387708661675660646427048149204061
30644282512715540130082037929777939956
9747832558074605739131947285698965565
37651617348514537051794802989371486992
81681565669291760352808881132377410773
23677123973111666674896365948477857749
67883144990244939116123088351826007381
26850762426196243356508446857665912159
31153731382245068110557296879148087
10379727464902843961843087585218673685
70930949402787351837570159768237495324
7291613498145376354771946248306708789
42283175322958650445581369634015354741
6985994274233060385286510292491359172
31605632434617570973017850261783530836
81175379471868672811033597853622666301
70798088386924697691627831819242573828
23016264447046010055799706547109563669
20937703763774962858438631705921216453
16570019087731962482664953576631091540
22676693291225887899983297623855777747
42243539682801899298849725360169152629
21932220351912835237126011684855510036
64116033155909236905598492740329501645
31179807548148517787927308587815154947
71764375164684597361963362080572785923
68908249864163440753659571537353391479
9746252882250910153115986871122227509
41455643024686809184223479585410413043
41485299703660428041508939399952142165
31174937058677875451510511737996772663
37367671752975886491471933845617367007
1354928303759487103481490108876048204
37580708556835945690026508266794766716
6736191323791338029441696233134878815
64822048823639030499446481036682329119
41693271936218012018216537023303463219
70716311197793072815841704622075368723
29164950278611233645629880766371398929
38492124697165348175476614370176283935
66149607423536299460063939920685500179
70370882396511097947236607234766101699
1587575177933413286975759218862464000
80897345073569670221527784117726692336
16600094034477842183958037766466262080
38553214087213106756224427705812341616
30639458861459138186750468095359704400
23091154228551148353556301900642523088
70437755374862997771032329130573115735
2637838753001416209161909658986508531
84053504986025849292169717192770915407
42291687790383953282060962628897691477
64841331304937524410211410288957457236
23039217244187390751754019162332580916
9657364202264420315393873334305283413
25364053179197386050902329359800061249
79877569851073162507124105929841389843
73706424168512339224087258547675530707
22996382705099674353413850538009740611
4382569544126816746081143568019050945
16433335295359871197274038617283547404
73710451964173073450692216593628774483
64145391150961358741074681559449148428
39571731305133393679692733152544951489
65720545805012266837852107493831098865
7082598209710146154217053279332647420
7933612826696602536881672321419235313
4590402159040992932286648108069482847
80178250560537885200894398832028448196
80174524471432648074189231126662693661
4648979213074249181143510258020728831
10331732753585390246841605523227639031
70865927180714836987359240298652880245
23852503245250321451469986377991439639
41351732606301922085001081756869153044
39613761818406660982131274412732649735
21532613236456269334414377623789719569
31731166801399675540404849319141773405
74391098676514214912604225079618162448
27701898771830675004627178242726281284
38315739255087198487159046455565681421
22354497902514267899081271780736726044
1691476053925653432123190675345511751
37877810598902216291664203210963760149
74267063834133360811236194738119954772
70139826623649388644702855283712740548
64817140958124617260227380588226608911
39707437727554166770823753014858281309
21879624466208355512390473046484389953
70873859555230855714407888360682085589
68285262302363020233816398705585538253
22744559460619640178566974875469304257
74134889766258407058720892633591586815
30989563786030697980834882378280420355
64157466770790263542737715320884122383
26270222818795104908258422939330544960
1669086529549934436038220134735106380
5815206673477125183885294056535953663
6336180728206446215184573609280738115
22748852089665669927428660728976884720
84073454220158866116996662399034937393
7792752449133142484948626843020653661
1003356012128825830714845937660970308
17057989378964759256719857816704472541
9583951090959088878698031274606398672
104105574461502166520618563996278749
5240350245011794414728821732820469709
21267419910199711127961852846856409925
64073416129814598961839202117282108353
38983852544142651811430482255952343361
80403362414261372260101081709654316817
81017279199457994321644579011205100831
26528808590089283437781021817376100629
39799295214745330230970297375513653589
80033758427225572356690763971466198353
4010061535981017740943048461524981056
17930406576004046238489114325925756124
31731343662123486870019834942713975165
84343608121082071784344574886916471869
65528073599178106963373264471579476801
71473747085569808239945585198688651100
30590169760040088764598585963901292831
41813491162667322163929525971741700957
6331843518134927832950972148248531295
79874725485798760314389145839951889244
17429495939502383398701178314416719173
20037481122195563453955493621705937201
20542375426648587501863916384473583860
21858382305168243688907496706356875248
22934635107647183801802686770036687119
22846206654723611229877232943385859264
17051782322643624148660992031965019999
71731846464693681120886254210684100383
70869609063182651771344539722653745501
5796489267008272945048813111278433024
41242575898663186738749820152032746753
69537125096559703694664881593033707473
31672722085416646912635570431980795095
5685974906215462301920706881930986845
16236626418474446116064197838559773644
16223165571914218067503897968540465139
9906658855463062709631634541775932916
5713412882894785711472082683776795084
83813102378668744511788716526415377652
5658938214594893921673082304571360213
7788603531149321174135154411952148499
22349329418020008776923731815067307231
37881765866097451721900391060067319813
22581568115193697820073875661845288021
25317737195320002894268818894501018716
16264692993217185116788091752053425207
5312287895843593654834447424380749635
22679633053499364017190895032798089525
5799105024717020704176185568748068735
64883004050634373185718882888626164851
31673324280021743217798545267034937204
30718034219133546195164243659697706301
74425399163650718059979229031028522964
31887521744745127944340861585360638995
20360555137183574099251701600088232732
68393934225107632470746475386526758741
17595466111586003621308799134112798512
63829293166985036047947422490564776307
21215436027841296429643945194621771207
16382675620916715645511019338576167888
20939338793923187057917298264778079443
269279334278618106784261493210543228
23873896000930627720168233790992310261
1993533022729349572817480668194750451
38277617776629466450896390614574813184
17732116474276104184200765570703017783
70521541441715553364114528363456315856
7959780007182141356957449205794485511
31824014442696109586928272185106878549
25257665819823556503677635951899663472
1022594681203363912864258769293172499
22384264623719007398760545439760778032
6905024693877427616304424394125263677
68939453096110068689374239163227799300
21356325142875946588477707916619547764
22930760897256129803796255247904857171
84080170245248289614474234137446658419
17290135573349297324479177403006911733
31070004439628572289270439564277512001
73363216362493231922039358442502944543
28992573546483290252741837150597443911
5274490433171356608913371347304136957
69240398376489233903877455632065872765
2335880097716371330507269362687497205
80008204795604016093359395780499457009
64452614798985678149987984413895442941
37817912050537448453043441150946525952
18283481811788174330393868339834548495
83865075580253171410781253439539430467
81110761913680808187694312953977753681
21867357963233971637813504720123690268
19978912617816965282537509362923065164
38219220475482844186033389131272640332
70513091659214485265888610027756941553
20548205848225784605045709793647686084
69370715304020113103610390001357942832
20382356645369928284504006754015989967
69770796606973520569874914416325544983
70735901459935470834862285401434835980
111312087018195715203721408139178817
27671533684419393516623503045649355548
20193147770099834148099605814640441343
9917080614418277302798543717164512023
