256877787864644641383301438931269180720
22717877060687689194256836543561929728
261548656345095217496147832858761983197
5405246061352382742578197562291974492
38833194247073539921399592078384566464
150302981150150001195669604227869574980
260596195912704844556332874805804794701
155286092185978056553447051363876139084
9736921870688699764381937541625796368
22333646082684913602370909174017831120
26947290854629471454016434192389505101
256639987752140380606724592576641323277
39544953814758486542982685452569490544
70122972028078765737476848514761872132
276550913962520506094759687997784863197
89323118608078144471492449033557980172
1578710751111232849541990897091114765
276919472596120434295559968144621858828
279079482254709897446455059077616895809
90343130934958447661277657526873100749
4321065959019764337834648196520877389
25339710611339725141052319392064815172
478993332831271669276758808088360148
5333792429680507862613870167505099776
80843124026002391334799068653922829389
257601688370252995967549041469069656832
25591537187107134372301024882821762112
276564122620573956386861228927499832576
20416254809436053117166927759383791388
22302234330615949591746439247238623248
63890259829755228296817755574511983664
293781531721175962563121288955220226496
15950802426859244473856337974752447793
3987684578847394626754227303822613553
6460582270968273881082373558197342468
21272840230427945466785128460616544708
281070001772001863535537744818593859341
22356981629958628097683858860569097332
294792772593581702539210000451963467581
276767271638672413317472589167291495488
9893601914007090554713860215822102797
153261352477743080171008220435870437585
264607059186268724423342905456891545552
256794209369019593287679391327862486016
22290783707070910677166492670953050189
70220766420181750597328398033540088884
155681935974488966541695601212811903092
17098233615849445458307771299608741748
320411508072228234186650700612512051277
94775989502086522741352586536628506637
17342273101078815617075313111584464336
69270442216249058208336572036778562000
4225158993044802572858582106394884
21588362506091118327642505872010133824
1370529562627501987633038163477578804
7763072548996005015356490079219562316
21671366526467136519884840840880730132
6646177791551650288522990724912897036
85672999896289229636515947627680953089
292825037623115679936479795317447016909
280554472698703228261660321613024609329
321347627162466754544710530816815777216
86089342068241725549082307166776607600
31175142911406372281514788069618013956
149313976942206718063525220131247506433
158203186411001464977151903174217385408
85427912253462095789171887015530071309
4383840091528202420751075260319978308
69369086407293286787402175429623165233
65254008312454232446314717378532623120
94525769638789174490236231712111640692
85158130610351465572608217134848351261
259344858976419022627973799110066319824
63906793552998298832817532170659434704
4389771358007981764803999193642041628
324596589295001641253078208093146385524
115664919453701529063409567742413704192
4007398556032721094274708877582536961
86488413291478745795183798811454371085
85433099558268410404365273445198464004
86071991028509334684473738884113240141
154677549860100985913490723339991516381
261796201426676109279355663220661798100
66138573868455652302292260346615853360
69129984132395527462279171155707785988
70698562505448369997963595168187880317
432524683343055458945907220673949812
158527338004362901359051442789551393840
37290037836933281340133007463871940429
4055513693184747812641548888833215793
16599835503702062385745831122501124100
39545117282398938057898864440350344141
2425224904792195510589771924853060381
21422205365744166383157330159577874628
281860092169017820990290625241301650509
69204173639964910890077499988265403869
261613147324198763349527043350030513984
324951218025071710810981101093689036828
22929183898782898079764747596650606620
21604236026448505506301040938525671428
70146957062889755327887739400843509789
69220076337311613886226344237074484237
94978794531923283510157266550706483316
16434010964565019118279212851281068252
294843666047453713477966337431120459597
1617158444273862779709585593444598989
5658635472087952145903531514521256049
85086259207638509644680724647186862160
91384433589885782583873726842841334900
7797974360969136221719954643642156048
1664089627662526607857180776304745792
21156166644266326270524641332183296
292800261490590355590092627537309007872
16549412099988303823964244679167575872
102620701468553007857346848269123453184
277476345224958154481822497725469192388
6354318968769996363862168978130226429
9187997169966975461859354991146004
293765651540802467139084618332462124148
277880615331661738468502039975316020301
415851532799561885819948307331479361
260798954323455728265894540220316074177
102626073453937821665026556998138840832
18361542784156566574736418322928619793
277561811376642719330352659750908342733
273489960687131651831945587957511799873
5716722707334797723131732947202437892
17344564009592829839319780342888215772
21419787376442117322474258106886915917
27182996769146336187690173863535857868
4326239255936417451611007492614783172
256546671882303548242247446802993251344
257559691472707553355107711942332046621
86504147953566940657968074792119845905
154788875030487919686770789302004642820
31004568867383501714395240911945691165
21522314007762099916049127198317084721
165220200686710374142356178106320165905
257626222765968030887476800199626405709
91530786950630549619774036237733594113
4470633551491679093359968356452856948
9575893496498660148349596974453899277
5633704206456437783447507875864105757
255232629771304854542092387105430098372
17431595815062302660624413449455366349
85403293285988477407175895593361917005
264848780619214372014509431648215752468
68792032224667416503861925127511015644
286879170540162925169914429065884724
276500214242371205693255671345323246641
283384265806158402206700432254595027249
4088695462742121021685920661123448832
154464670047944474875298141935291597121
9320445440920928695127642514324729920
21371256581387535100279274698280589149
272512523540164627302794518058792665140
73258381404193896748784731460494804740
22659432327538078273333628691510472973
25655174863725215142418597008177569084
22331986495714383980484880409369869
25738364793925732826532119428352917952
156584437369888953606913935658767728756
145785207795289024549864753200307249
4574415890421440998801076637636025348
1104723271861822277820454341074301972
37310582646937670117054354815346280260
3991725262423888826919648082393251856
260545710277769737728143781313023693008
281879411892039003730376835686595768384
5405511634003843979750427761951850816
482900092262085699866171694278079537
22597870831972260680269875245540137997
69520702200637810441816891901596467252
20023261293221460872921486178836090192
278095595582997888028474133382009270276
38833592998066985357498229525414937628
149524201254863817875573131737742274564
69209183893814059552094584659333166080
70142819972199925673926958877020025857
255802407927238981627133400285766156301
17364617738656741793853467965702750208
255550310562302396058367722163292393501
334965784780814850846165958245834846476
277894066367244482778457355595148281280
110662719111773327610519083177322071041
278810769804341964424430622566607033664
21356196100203379886926358684011450833
86712578543479624443404556265301739344
1726151899536062546227138578910092400
277877227294377460257670619561218654208
164845044532092570148935120559077870864
105098340490615292242963892191007032397
78273716033025899415102272576963393
22951022348919035669165492075079144272
101022951781557039084536169102879703116
277809005174869893937515626634030352196
257558702265192739526430658965760119808
319177245756514318039487935378269998557
281880714133237600240731072120938677316
101109633526724908038790345782571778512
82169456743674034488382068892519633732
85382271836823079707816849117782504532
257814756079375510194214721612816778253
66165459491257738713348241208545576049
2488108392096940407081714005726920733
106753643755571104602787293319371365636
271560252201481255210775314962652176
4573456702898180906134979033731170420
1391861589110198008274945292496556912
38964635654439109075393880479837836100
282893456356297997024621643146577313793
17554187261871895323014488501769799540
15967611252182406670067592676187048972
5342940894374492476518710516237147469
353076512906832981742263168609277405
1105655371057781935022074120370144029
64801164454766305161683272726702048525
30842248549261806694272996476654318605
4009766782756433906744803901977137985
154590846713640978674912449057952659252
38548080627816833060203959621733806580
4388549358182156383731136226540351700
21541871260231528984034749726697308368
94777331156046023752724351041548633857
22356793616555537382792690782643109952
155274911587086293435932987181444969668
73693122407808232586919357383502218305
158549057731444140819102258836548894913
281888751014905888055808546122859076864
85356515112764269347386694170595885268
1733316293357308912709766654569443332
5666419734322518433745589026588262848
21886123627909159251845259172346070209
4138052701638143652904620456071737357
4321696947847449239814648546281196800
292430245276961160122279279237372068893
293547887254725797510442075528258372609
17555298229977689358550905016021974084
6464090226346324731012894903263261744
23618846974651215028858218819733386244
9326943522526860952611678012311461172
90658883879343318103238242578469240080
150348539600202103060872120385336990925
264869447407953439377100334185681273037
293779252772620890330184897448505465873
16367439322411755598146955092130009140
83741506287032793542963837259299698032
21267648255680707195360976951391895760
4077008116665548745483471137041297713
282864655291611477598337817248859780365
1600804706943503361747782975594126621
154455676784502218293440170991978296528
17616757402280972549699747969609451280
69182565763029728413216532172006228813
65221476828887185476145060921712099344
70236303376267596633998575406537251841
324431831161658573986174825279103749389
5405279604796786465815204541651533828
256578926360644692897387100807308444720
9382725477317038816949963105759147313
70137546283007234013958949948046405901
271251838996867701994740435402256866308
259350116995916099530200725454072905996
5130572754476867916390232225995767901
85159109301268917254559146090682217425
112661162984244735063908791284609070080
273088935676888554212698356015656290173
6334687519664436463644402890131133633
277565592843289237418171433679961833712
85689457838433749708518381072434872785
73690620781333118765560985861260918992
324336008173994067137389635366189822221
37255160316260008628609048800671301844
166756923755929388375465673663967969489
325330455302352118669520600611255235776
272840602757575103242766450929511374097
37289925963479796553167907460164366385
88289393938542086959788634528313393
7788688676815185551372224532224673600
6651924685866636448346264482459157364
272808475274653112467114540144246443505
5332495132744947090493399135927219972
581897658623203802753233789451043073
602712085345088844058381209595822860
5733306049375151124089612963828203780
25255393119262414872117060088403972097
259532769269997352274042273870610746820
6460667176065627233366173430580056092
70610629625800278375275633242508636189
156668231921687231334640582308158835972
5400049599912394914144746605755027421
325328815893244408824620817087114248561
5385528959624732790747725245371663133
81098549369291183447043314754462495808
264864824054767513595008764305266967005
101043343346379459051680192216778425089
9653783025577258354802873488631739456
6663036260130519686965930524167897857
21331518531634886982924389444184244673
272508649837551640588104359556373552384
1102126172915857966340955644934348236
102450847366692340532088362818176031857
1021599882425050012841522883059332148
255524650699502609953280042079351936192
350173050005681865294401300570685889
63948659932433112210054300940239898384
16292272036256542126578352086968190721
255216901663877482487750780993784250845
94712723901756864279585810872400924928
84378695013022654879163243964741389
260565622655920281010994196573640000628
21422200215622539750067576027146633280
38549028086216337166601717226325164228
292431564200550016014844446422090243441
38572680950946286107143428231166705724
7644115904663326739352199466366918493
276202323688363535637764846236471057
5936239179748624850610347874350585613
4346054868437791759713612644422071604
69367109559247295749686404071831364
255829923722065834448931931859204918528
16289212846565926622741329176201020189
21805828577559479013014941624385840
89062313200902411417904770033282977844
4252497228027014785571315491988045844
280716724074736981763492295070251552001
16014440208909322893251138424239299648
324414729331147205469022535303460667652
277809037752875807199901584042277995328
70125949497432628294514825001618572765
259453885588067735366723237293233209360
65216806189004949446651232895557374989
90403142041695989749973089751648373764
65147753789533682828270783054461661249
260597545954583682594557307949109298189
70404645577868732024861957788486795728
63886353943777970888603560465416638465
4324232256909381481736240835229451277
260538164527342907315677871795487375552
21267652053000745537712695104953388305
276480747604343946790868547368053310720
5135266921822274696082302776056496605
17285744500422969229406275178272404721
17627874234804131985405479456583237888
293780160459269116998918080279630631117
280491785827968045763296422002870263236
21276835898775608594029553805913259012
277847411076169801516778948561438245712
90636815230953951214265453399105144016
16969745901659894775890950493332247345
271234494442145225207829057022464324612
150453389461729932104358563458158694400
320618446264537434642828134284033840384
5322194620147552793035577639360790797
110729626949347021475179854338782399552
21519239838361400850720972689845453872
64904035712104264197253409586853118273
4324149019017920744366823953074765824
5604120074102037028311472688612575041
265103426319357197188593779599724518877
64830054232524068023412627679809140016
68121962556324698416689586591131254977
69141660724285630709677060811069132893
9372360490412644468190035780074209309
16289675853162539271273266055789728564
16963260387244093038828762990098252996
294777329515214975348355247242321526992
320631819042462918508295371770358926604
63807118432638148617328874025077507085
286366858299637777943478530516028702720
30693213821315502343414916919993614340
257865059429049547958005912936500019988
106738109667299276116326736405608219396
70699294253739646445634823700448597005
85091628794204371143588011574117588225
64388948836736416438393007675968603972
155544584605630984047323539508727411456
70200843250858266889428912962971633484
5379568150657953115596291926253383988
259569493974368081660370453366314594368
25292271326815310604314360943630054877
261562296233582557898986378774764918557
6401375994585225963010117282414317572
70790497692650359458065008470036646941
4320259037384258590674330262799925505
66281961380014181135179594629153414221
319352220141172136249572117686805073245
586817073260703084308926423624834161
17123346085580931906526852393536884
294049187207816864302754130135891320605
260799812241147827923470344515117405200
107402993991366929684372345714425200945
69474296019036803739707178638695989629
86093559167776206438119777048966776596
102667322565484822725498422162651886413
7233933177108447420131297227057465329
5383115372460032521466317731570923277
260611830797119427827940255925080519949
287208051303028178913611236526813453
261525938097878025143611135102537450256
6478709028103459495908058846998937793
259682358330981900082116889485978685441
16039350113952859730013067095496816384
152945537440800330780795736293246300173
74225263122214879422359624045907991665
292497662749904852286393884666851299393
22269822102514733114657617941737836608
85137052221207772238012722914360942336
278161742834211959265484607643703053789
294824112175523420046970534533698620673
37799983266430300435808908396004638989
332312073280845041304341669735371073
90412411843695993182183657501975475201
107435517310670767787498896465966921153
25655397519639730713287090674825445453
64837525445060942901898322948938292596
86105159212123163163015362636937366592
87433189563590789476027209589761471300
89208935762720696642486994311229734976
4004564025049190271644607707976499213
86440649599099635460126807401575495120
256246681425981733730856330386814861508
5341692096670808373831062969677520208
293761253308628088931012378497133959028
17300794322857278900071655679231843584
1019253442339384594682824758797746032
151224739412379431710517194688496259905
21267746750492974101442524895845810189
86504271347714763279792650379904009537
89075480531271941578691588348636774877
5721623628339605128309344615631357696
9425900966028290151069023557170036740
256805914036329802870976922763899395953
37290045533440688914621888750507793885
69239380259359931253588870818298971213
25008543200023106427942805544389953
21912547488298430686452889987718317069
155212421704974974878866578474130224964
154526711806946423961298710997265929168
67941646863423635129174124033665863728
277892074500989516108683279213626081348
319418569414222071205721845842851201053
22627061243025031606349423574645818116
80361503950081902914732850984211710733
16386905604363228176078393172182631636
293847722093703871809649674072800625412
64197882905956706324990751485685137649
85135319064236088679930955925786064068
4487499219544328301774785320079572
4109638349255784708276808916191494413
102366279692805985554406492524106597745
1346167936681036846398615396062270285
104095812021403757061199761213018896
278420511614777925004439632629668803697
86092324458558246019120761564253179956
3991598274589093963730040040041051908
272861933695894728626483884901422616349
17864065270351494604586114752568589
255559680631525963093040086444687170576
90705351715025674561790268148685741105
281500942099143757788526543530483830797
280482704602198895775274587257491701853
5379225669904801856342532111330505780
155208144292078368933819257514203353552
264866536506208004763383003955824099421
89457226682522503757680262377479651520
319445679944556250035494533830381930257
69407769993782855766263051151592177780
79775503937733717608998085620001725745
256790836937382866780146478827125354716
6401371879953250756709534024548421632
37550691908121335546056430544247338844
5928696405830055463282329471077793905
277829567438135172866754268872351892957
276827633991222873018992376039154650188
21620972912527601212341040773550059549
17591835465737749526616800132596882689
271249871421260327582421209635522412621
63804013839389957871095995479198061572
1600202003200557061282460440519066064
1117643201252797274164991581930733777
5319203916406993559743082543146535984
21887919651650906099930109009460481245
101104880254182629787827798800471019597
335053744645307851739185167401370045649
17366940009600247977588863157132263901
150271237235623568659096561922537755396
91634045713048987878737820096837992500
643861309838542750546749598925643008
400847429904566794905043923788635613
21859333079150067640204204293495133444
16433316653688894218717474388236848156
65382457703529631249790232027518271757
85419778879838838605431106584579207425
64052418798839369753182124701391277508
280864137502526619684887326073822842164
66133023855568326148910635493043012621
154585343209492547428516059191575895297
37285950077219556331498334559448186996
115995024464795897679288487326612833329
276542137378892840049961288617449844749
155582059368106734991069118477242227968
261882822067715018413822907997444309052
292535044805533311498160489742086456132
38702328332792962651584188891364344013
155225597285996625811942253948591895604
278063155355317529558846447427214442752
280799480409760699589669054687928061196
70469869689863364249677683075644149021
149211425518888258458503994196074247168
294111429105796890821075238310271976449
