-7522544766498426708
6155591771361339744
-7329143600366137509
2660997818623602522
3244402666165046328
6013019642113270810
-6988414547831989769
6554434513639226694
1980494761661392596
3993141415751208380
7683740232400914951
-7832968119571905073
2907338754500734180
-2822937707877182286
-4712034420083633205
7712018205438303454
856591796149409871
-3638072387210424770
-4216486901645315559
7306912006311433287
-580898328585458633
3781829825318008202
755674283903654622
2272843034644825248
-7149467846740241241
-8751408764780669712
3997856890615828200
-4269307800408478992
-2732007187523752174
4147162442667212612
-4337068629156409188
-5590161995379750840
-2307746792291163155
-1152554810455277155
1906810065057804242
4683737424220309706
-5318646440133007857
4352346772514603878
-6256354830037076021
-4809598653788783256
1529473236526043599
3982905040994482109
-7685831525129296244
-8385152503715907744
4243215835744805831
-2443537984518603234
8177700317483406342
-2666233012457530474
-12758177576990753977
10866677399139258559
-1295292109718969172
-2089080820709817780
-14335448810915118
4225282096639793304
1183110242217558430
3256377545635441878
5078622905311824838
3461979683426496670
9669819983149239089
-6489137447992456313
-5497343600681392483
-13152854065083882840
8785174514229602932
6209843138272720338
5599079204913080481
5888275226368831912
9932479213437171759
-693257716054672966
-2593666951918106675
-3075590740408052108
10594566304900007814
9484575812123705635
-10234623982153311796
-4180515862001890756
-629319128209811950
-11883353461103492890
15167289303113299680
-1270068531670645167
10754612736879205999
10003036223362494498
8617122132710094407
7692149015884580379
-7622089004748277090
-3983986113944738740
-2289323818393637582
-1447749646309639373
824985548529201478
6309152305249823580
2187575072340606999
-1204848641002270867
-2092537095685605246
2890312822607801831
818746572200257331
4804022616578451066
-2407839200537699865
-2040985344004959189
-7232946101207900328
-11105800123969639614
6340633459706570562
5166451967326008962
-2684270325315788413
-2055480311331307553
10845613972059984070
-1497853435224054022
-6073806300382294313
965112372089126423
2939086926098857733
9161920552998679372
10953927145029843494
3093057654557450020
1740075101441881656
159519760482266256
-6226353021140794112
-2058244280302371304
7930160871649357328
-5188636677817629126
1757296877576913491
49505284802932198
-5703372985842617370
-3557210478945649497
888511550257975129
-7067563110358513287
8017425868052347024
-1412492493245997867
-4870005807812556857
-10916326220339971671
2808945430217357106
-1274158286644716838
4858958482596751383
7173399992194054838
-512139078206767622
-7975032457591605212
-8516629099553745997
10829372158200493733
7167695263406596194
6591550010474973507
4386703336471641085
2773317454143680037
-8280604905792469289
11077957336481889313
-362494627612887706
1044752358044568703
1942173929718976179
-9070603497153804854
-945294049497928905
9815039812065943463
-7480811266366214506
-6363850185863883014
-181889818656233634
-4461426770592905955
-1391394479823968819
-907401928782557824
6754583766199220249
1077574077383888328
4784795568768859611
-10234362511382680450
-3245654679697006958
5614152244860622799
3965783887100499242
175467685658208047
4258733656032427400
7438869378140911750
155971857209982749
-791937389441695838
-183500141995482394
2632383299774591002
-1182125905425005692
-6947194400647970116
-2017506916167391544
2685764746308854168
791579792282014557
5750869058041970079
-1821367537196616450
-3111909775774636292
-3641517079081285438
3253551545744551458
4883672547400474434
-1955298372039747360
-2656590100792095647
-8897739588855459073
-835044377030108800
-8595343554876339773
-16120940262222026674
-3155335423656058712
13237964321190575265
-3960375401134063240
4964928050128729293
9915642149158412828
1606101441477613860
-3533863468225378176
2448761316819805300
6118314792715057575
-203553682600849799
6474642677251847228
6972392333108705670
-3434623439473776614
-8501539320089691040
-13732651011590610197
-1981890920224886102
7281221493546682252
-5949151322852173254
8796124119229645934
-8666491939622538465
-3957981059237660379
634199630167310083
14704143996366572338
-119779467547164380
-884066347444419066
1027751897918527156
4375889306787119802
-2637114234219510271
-1312899895187498218
-2341135517345058338
2520568573357043511
721161587183070955
-193232494620370829
-5150403611127232849
5622901545349908575
-974387758932873671
7434958648583894094
3481971993123217734
-658558255209294530
4452089268239953532
10893637289474984849
4355227237919580040
6601990674425521370
-3200341582274581335
6432114174851638393
-1989022496168476240
9030381466928924926
1636408987568142658
2865449704984544008
4984786309212850201
-1051578983973619009
-512725409368757520
-6906290206876468573
-7086173534602362207
-1220053198650547158
1822091762300392796
5310931245900718946
1327562908271207086
11431144049837920692
5925464717013420951
-7350026820012572553
-5857420093916992603
-1399489919958074306
-8065494953192141836
4612359375878822780
-800759812022779443
-2988035135522807441
1038637571597834163
6583195018181840860
-600311758777529452
-2437156643345453577
-3119263938605539452
-2507755330445538783
-11283803156924563089
2673394172940282754
-7968976015409166052
929747092410114029
-2737633886317117617
-11178423963652481630
-10150823657629473010
-1577779544999181429
9576845915177840941
15599261723238520288
-10149916349308424301
1882328635584322265
-4843754823162080140
9567442529063593613
-3142692302221095044
-11543781500011436977
2408478745619369470
3878386383315373437
-12056933221205826088
-9888085491517953227
2203980528476022717
364734513685805629
3017424659124688408
3544223751578815478
-10734842836413188251
2235195054440793810
309395113399672593
459417395326226030
3155904216195974162
3454901984670344385
-9811714081344277654
1914628952673851202
-1073105469298174013
7700551648414510834
2589711261860382539
-12110540905791472619
2221955071415796851
-5841914628393695000
-7557380849936708597
7040687435392989809
1695729669376278760
3426938504631768561
4500325326440350985
-10410281463101122512
-112016639071222618
8338168155307511333
-470656544447349026
-9617948265086973096
521189872313939081
-4446792713599143916
-1688474373948695407
-9288465243094539765
11028276553626292176
323031457972522191
-6832601795334862554
4801475546431486088
3506980753671990394
-6865474810336321355
3593798321575252090
2873070628319401627
-86886577182412331
2705522641530495439
-347242001309549842
-25908316441569318
-8866570100138663568
-1676668437962978189
122296427231066508
8040011477616312894
-1511220189833272826
-6037891410778444559
-2406787830918460376
-11235466013583552366
-3444100300350310408
-2835012606332377813
-10593674584422253820
-3146170348938635937
11453045742254336226
-3528508220055759799
-6958056645573057121
-3075632426350866676
-4304341308376176703
-589229737711349473
-6864865775312331272
4611134880478389749
-4569064096054130896
-1504483192953192309
-1067431148110101547
-642087144785121392
-5620796695982235209
-5658520480537605334
4661295370072000546
-3364396544877411844
11250143754557361948
-2696312057885061331
-11624056412398600350
5520371983220904512
-12850464896420623376
2388731178088520719
13151070737412141544
4351707972446609692
-4736966384136216807
-616838285280782208
2144437254185131801
-7692503602748095957
-4988130774919446420
-6286056021313638279
-2182724227947655861
1075852000640882691
-1616484986597963858
-2948396096538494438
-6204831174563972356
-12877009578279079442
-4653497330669931745
-3135307551078269568
6154472077430650754
-9146982014486349706
14335856590137887090
-1455270537941406753
9362748098735418801
-4347890374287503718
8170396374106634800
-2614814342773825514
2183152980475198414
-9682595333426621112
3546494918830731115
-7405508332348671661
1989959441718561986
-535543712237252893
-581659886151471471
-3796617429414972761
-13185053019725336581
372517493117518501
-47015015782071050
-5996520153822831597
-7074772795178184988
13205996508888893965
-1551614692915213805
8871059226530170774
7713682229527744439
3811373075906215173
2127527647163095503
-6632045745811077265
-161152103764221361
-7472977774483918732
1770586701770840185
-9585390365345392191
-1922476303972443312
3723586922991737151
-3629296970033080411
-6990788705962063031
4102963248129747784
9032506175591192208
-2739878646358689813
-6426711389377266959
2590886936710365711
578673891720398169
11629254362549159777
13521252947655676521
3952074790969615495
-5081302737739450186
8755923392517697256
9886784515603872058
8296526583586564616
-1186676467649978113
10427301661154449900
-9674523495000008454
2425483851770453052
-5719734078230020906
-1012492886723636304
-399893273104724332
5311657177468147897
4618869458364533247
10820399575878967993
8054573262932450187
2759348522216763152
1555537765937763074
-8416357540885334635
2192369528450251307
-1932337138614345561
131122886066758777
4746666537884094495
6461653811829925850
7454058976456292012
-5518177759484438212
-3146551413843736182
-13359081710493700861
5964917487820456306
-6395637662990528017
-1298386014902358242
-5406673885851830798
-4161148214091138571
9103673118509586522
-20299661124270402
-784644721247908465
8005437254918473909
1111880275041388343
426905507735228852
-2968195782408140187
8762997528591163326
-1192473322155681454
-9700605509951066029
-55763754791737681
-8713303533238745820
11156084265560580637
-6259893372442333761
-5831542062235850613
2163818757461012830
6488414232441205580
-7547423772341780725
8495794540946676600
-13041859014579550187
-2505504040236982394
-6781876880376567891
-8347013883429967430
1990750860290091840
2881545875851313114
2789735110484448133
-3307542438077832277
-4089007485157464602
5326022234218503107
-1565562630547589967
-11264448040858439417
-4622742468493320222
990158696537869708
-178940983608494723
2328473144468844764
5001398995436129883
7230101894713356999
-15775670428276937891
-898279171591107829
5674113651885433650
10680871503630385790
143140165921364400
483745107892016683
4930920375454791538
-1633739582012039582
-3756355817361129201
9766449051537971025
-4907554782386396566
-5309099160183292690
-4067571801915242209
7343746193612054961
2232541253022433414
15485639932910328989
-4729111495030891713
7919326920014071472
-5665110243803499782
-6504800713137015686
3630436046902967927
6456792517429511006
-3665585379658553072
-5189920827279176466
-1010173185953210765
5275857454707327712
-5301058587055805151
