22372345872393950765768411309785822225
277584411100250661590173758042409272128
334971215463314892937634207205676766065
18377162205110693806391482078509204688
25504562264757582364703386972207717380
4590988100819220223742107205099330865
124631027604951531404020843223309943860
70126204615811359789616188497896145920
5320835679044176691066970128425406589
17364259483741485080832014512391569677
37566844710066418060905660207870577972
6336488836622551347622600241212100628
260815354952268801328961354200050266237
101354698480328079465790250748722630960
292515658450572773659467468229908578317
1330344819934312281044618290928009476
4071009350200331355536140254890168769
73519066376781787091843647884109024525
18423502777292072043299633721460966733
66218912252821481057868144109527237441
101370590927848365512881032618843337924
292769225191376061704417865236640298253
17365397578175246026508703787035930673
292701607579066312518264747302112523009
2605868080905839550953018729523593216
5319265357214456755718367989701854449
18423243143743470124624502211112866052
256799660973272128775874761856575868112
271602628351439519366566375715401421252
5760285743528889670982588711112000
260886936601738869112858261644120426304
17529255300206571820262711373196497392
17612848101584915984364877658722170740
91401063576632529260078933222475223309
258337294009421500949406041760920692
7643085299882027899813743951636591636
15954666970062814521065249726098534877
5319183934883313315700914474865443009
65418747288098293073384222088997646800
91535086568861205361606797132408304669
63804018072158184320421761240419021009
9638205183420112544108559422070939101
89314017684914226879485097916807312397
158526599098691702114311322284380704848
25593841553348796115237850257630970896
22696540860811652445677863747715076113
18281103762565941771538263515479880704
73698489262383587359403504808556773572
1333230053937100522859389832734273856
16050966562997882731408856813295132532
153463607105270791923567408626219626496
4470988455430253981951750888432671952
81233484669231855886072820387087913021
276766297841686813512823446215640693824
260532972864076566935869198125337952285
281879680677386390289242573653443662848
107989654568081869012558146097459457
86076604557114913073808703743014809604
71529111004812041656627802278797033472
2331402250603623655815830823303933956
5462636060338381666535076024186588416
65282748497926393161032384081888608308
90508309900758927088542220365843992845
1400683199331799527279038794311930049
6713908644621713877255194959225602128
68043789022469439074672642846957179696
67875272325251629789114016897970471745
294008653227857019313951628315153909505
278095668546198788539977612033397035217
38965352541043290821410709067208356212
5323419210004498136606281029890018589
323152981443035453273368946683638399184
149891376880526939052384070081602467008
338954133734093475134655183617534538804
280536512565547971522155118143916004380
85667950531818175627846909241220887924
73455996732018493887731406909871231053
5334796381511144797182931376672896797
90652393276449319368706906882722026973
260679867244781158713247898662556664884
4091939491761278148833246234946842829
73751977132272130503350139531892818289
64135640044899928485270256357508908157
89702156294922232200511323404445418500
5436675506844063028837669362322912465
1351559251025300544201052595489132621
6412872550346697186231096833856520240
2336290234332952520216073443779608589
399872084936754956997712181590242308
26605658950342743764624696044306617457
5402407668952454707583020594426401613
4587168375605055140912098055355160321
326804463762809880822379936300745446196
5353360036495235403231492765681467852
4321351433138257997687361583672248093
69454501357808290449995340333630375796
264869537702670434100444429275210645617
21288745687941427864110209845058274368
69598845261646354891095793360172237873
259450981423061239496873605565930082497
103468020479554374790033706082005110849
86462217385749441296485084299822315264
17285222719592485128005333061472355185
5658342263479042192854445761665962000
256890201408117517864146169851586547805
4343035947073726196109711009307767245
278064129698315375962288781352603829012
38302417828316023178613636890783194561
155337954073305600782669882896068952512
87418492802323024281086105695484408641
31004442027035801813723971144796680285
22266921837252838561507063728003088576
70454540127307945638906654952610268932
5022270370555835525048760984799560912
148910860555117952720626536380637642752
90492352377343121410180733251960773905
103927131240041111332393432001568029
18298039876549631212496957843199564852
21350810025896286446123768632226902484
155789690184102264018515378849613569024
150203095416910768552125551442670978061
37817806436360878981287327379751720784
259551630026427734381261728443706360640
259536014079133668804557093154897006865
64298796759918920100681417695450379101
73378590110819338301416565283427139788
259782445498397537294026128759924457565
91987725958477181778781619762831098884
69384731136190058333321560813350367488
294793644213420916253402391925748741325
69202693320985692894457906992033023764
255524892213775524211949025022924570689
16298950473521622426938776941708456241
265097909504036750052447455523729579073
292696265243363414945460909786936646720
17609351688985557381876962890362127156
5322189450330991003127630166796274948
4465790078512256422197395186218250461
261110285507145373020458472290106328093
154289516059052428753658619765999797108
85095728924991018729394976305008637200
5319285044870331425592202872916881412
122651468953256187703711299872225326340
6791548380615690569234361324375855360
71051714989247337432138763072153125085
280555969453425190137773347691988202573
259220295269978011040194227569111860465
37305355893011259934984662827556618449
149242196168430268822913975239235911949
153874047566318365883084353908612272177
285801907862116138188939184542203298829
87507147717793578005079703338887640125
5471386938803192183652212415762203840
257625285592190792934196021110647030064
7794631521828289410338347593731670324
9895792975046687604577463815791500289
9329294943437435379663010326077507380
1671014265524026385056263381275640260
89360736634410750971036198677774400
21357778486356974782578916324594436
73107819044097231409897644621798864349
154777178101893138333784217115308552960
325344373575464536598021412908055774976
37836629534334685187078018904976475405
20037402283964057096748493234804626289
156580265280468432237460061960845411281
293784071144024094773682880766037656528
69122152824908736592519551550351488208
272263547149079847942408756294004576093
255296247766226871913470179030550499585
80359900707685829950810313854245687308
64404276683567452544809251073952018653
154477569108142530196950958133327443409
5571927102406969140411324652367904845
276484959092342902900373165905219214352
21283468240972160512735569458155753728
277833952537748975811043706101564916801
292576928249984402785729596276343844877
66155140880032349493155823800530318337
73443837791812916531917185917307535629
37821699939064341676036903191041657860
256545305296468386597790854160123508561
7790088302925527442699240954375756913
17297119064808926450434007943474119696
17384941581418314611406540288207882000
5316928526990933614278824136502705972
86067533252200213635107676557406114560
261624347120261687848657850933197946897
4391980686638939972203876518118558932
17554248102097841960111889346641015053
259201003117384005820686633008837496001
94405186716619409687964786255630643204
259344985726008432653683133403871082260
15988136975713294887950799942461501700
255818549164798683321723571312466030596
85324750936779818062214205087412178948
86654248923250890226373418649706581008
276838751363643270079534141143348412688
10400318983560953278861253715814633805
21422443858067908266201820270318547972
22676392258545407925430290408285618449
1350245663781928348004697050260653105
26585859021350099932755951706647560412
276728691165567150097240016453089642317
272522163782682706947709633969168334861
86463515940710969513691075635371789428
18365163451452875976961810085823383360
21553310779189865258985618799647904576
6651398769260148784482040268342965296
24678954210263928182393253265424653
4570534795490564907601702842897997300
5716805379271226234217300273560289488
7711681577246935326086889819593994500
273588861336839338524383885164980065101
9636909309937407616835181209398496257
70271276765411075388723488459719557197
37821746827318741557957819215455993101
63912957806165995822818685066709634173
101620811136611532947571715452893992769
5604056412980638821937712980678623232
15960212014376340121609077459447984580
256308798891277799256409834579091980301
9387771427395056636266400762947456464
90408288128036683225147960917016823053
5072874052093506593310791509191646493
17285558468825421766316384405692405520
17550353883614939151639383378323315777
69156482249600380792824117726353097549
9716090631837554853165342642774491440
272243808234521209845823219869646063428
69727394384932722495640274117215390977
31590907786591841323381569889399488513
22846127555625614913665950984642092240
65418062200923773073321324439523902493
158203772276017818629324361185742408960
16362225510376564740439604968575982896
292458495248859096108245893326033400257
22846191431011033065959135876498667268
85075904533437960469018565016906958784
150557227887838537593892318349528220029
294856827712152685428766000351598874864
17344174572248855319636866537748431892
150016835625911098219010521500268625933
324331965413773096645142790208315458308
2347008203057457729677387331270407184
30905018666387091876860311261821595917
5403952830126209974642671333341875200
4594478228940365768008108398245655004
107751522004863226244171713704109331677
82105491300877939952379349030541268737
38617708026496074950871121922412993
39695379275760101406474622889116126493
9325712181550615711344381911812476992
260565379401025189044089169758598727132
16284164507190503072430870851128512628
17538609352352800435266793026127598033
80237633367723788725068965429901315569
2362593659519230771378083292066364893
17538605628861943717199293833383298353
261115501730680033573971380067039730945
26655989595431362684830095474115481053
292461003554206516592765365246638376004
85170624574943545269774476860473962512
101057998419822586664696979256266199836
280482700485978926568692570133770345804
26856917738858213409933381114810883092
16302538736343160127018342811764339136
6792842970518181254915277387179294797
255312705610725866599773943295005016068
108685248180051927071240353406237540813
275172328367330421510246218145769456385
15976778710688465132493928613512220749
64386022609781756975808316638947564852
149474789520170802055862013217130118913
64152187013829882240087067526461247569
64058483148953628329134669865779727837
85217684919719216405493636858804034625
294095930386144148358182030831281030609
260861972906831629821790712145132768308
1335984395468674129756520715044454769
21354700102741605312188069185900630513
85138092872311275536584460058675446208
101171940186031046231390639155297662736
83462447350194656996470533323181120
1329235369329593801252723486085878720
5666175091447428616466419488308085965
1384294573322821250974066161086589
21267733837861466151838641763392885585
4607118209846158782070861813955768577
4326194656376343094304778592228475953
1030928426439095631822884700528
64802282522936595285100562462044045376
271812908501235582451133756488917450829
280468551206070090616966254655403208817
85335664205230278924997621688048664833
151204958329554623167836938364108476541
256581595660580637647518868339971706944
89262905416917209083581748825109725
85675271291024005722478809325137375312
4382608094292838368082332732542945089
21853080674756956491955644957596848180
296754073769455065393972021232665447873
70238590171622814639872134413177326913
17431842768529273527335601912499195100
286386411729897488455673832844404474893
265104150702218203861367996498993009488
16054591790133410967065653960321798980
19943697483151417452330374512259825933
25659393336323655221989884834101408784
148874859194063516926964949308854964240
281812216238449877979736820001394667869
277540202336403167630380061976383574081
1304239702521700075496996890072948
69158097077960413351904643935656493056
276829599505436375883484869127823285329
38694384362624253552968708972684838004
85223601045828614527242938573854661661
5397154518700419368117676506840112436
282942551138678195190569724425703274269
9674635624771404425638111930502892573
349191156466512084639661147351237428
323089698487718550505874743531191404317
1429006394006154863727594105561989428
602655595031962232091692940943192369
21912576601327538551570598426522688769
9890494338075767836073919443593088001
37494631573619218962857066558159639316
9892336881580966655309662389705380637
22285911097078170178731807891577110737
101126294284903621969665490380739596292
2332350751995373344021245218327937149
5321197994258881837731720471543754972
89406748036904449849166628357330635776
69370445224747632778794769746532239168
25837842804211189990408370199993319620
151289188081866747610519808114743800260
21357036408983157878592037376850329628
63895447195718514273438249438825727440
16283371349645332286969150947290452993
281801949308145214355994008446520292608
260218476945358884835942834579055113565
25874206268377775183388633821181170112
26731510366993237631485237110202892557
21601253007223663270012203896456367452
64421187696479468157228375542758125681
4320320814413680946627758753856157041
324762917654726599420376718503829110797
73715040826709631081247997003977576652
25592516145123023788038436694194861876
359347333133251933723431408560572236
324735746661915654906537081542252707840
89059715783856270818048547048365759744
89458149445752007410952836762989690896
4599468921076974936448241159633073472
150967079945910672525076650015928628
256562024777228613651765475725050856221
4382441857750410992149729782099349725
294778072057582956412741459318512291072
65133509165885311619982774805097290756
69243497596147030571025945269218849101
38616085704818521822064150473349120001
25402079532942684437879780138615373828
85160167868440606814541448296912915532
280489235551340226801854092022101778240
69271489376580315906635358016392712385
26833856499697792017367468436426330484
155536565982705603993473308522527880244
320427337219940353451691733746729635952
255319601883766057847429294249419535153
154213489418148891799853843568493855488
277824309253171523886842379902489266004
69140625064114493120015965124570465293
38549153360763382771010013687730723856
30968435683919035814065250989685333300
16049472942033185052089070033006874052
272161962611202921353391843332050663232
255316210416193934824959354974265954141
26606648432476877853426604441877093380
73132536654538368728483836541402418484
5379223432350154035056614983910342772
276733144660827686694209491789414401040
70202226711711547873061369454325399860
155196707293907084252399821291908828428
85402979860115363775981638054985335569
30650387229002534774740157541519723804
85443727281396339877260110632887272253
255358461934740704943520166126980812801
94464573567654882406690406530934714368
154257947399012722363342730894148186368
264671085702297402317847474687293785165
256641355876297629126704216023682257117
158428665922477359948241970697951065920
106591774853709457378183764599885810756
261119782850729729049752617718258666957
7664191523781364339124853101139791300
69461392801293544160223951481481319377
6434650574979249821012680394280136913
1588137335770533152009369532213822672
69452187198133093649930244161140020045
104836943201994400080191821766004032
89158541135335342547297073769193734237
6464658187283596519389936798200262772
1066291611446492988362133273583812864
150021357732671390594699205985178816577
65141847549219436782988521608261522496
2446971582694232038959850194412100733
102933397118730171988420332206700692288
4321311582126702622404276766867179377
280737704201205805811196190402039465412
21554547831907601648831486686398842317
260534995007276900230348787662891451869
148882968131335939386313152854488466192
5326147150905068633394951930133938176
42348783089888175447468735115628199936
285867458153899991663725106036330283009
9653778967931381714741492197064990064
17363137310517627935102785675797218333
86167712936341252437730303238880703696
328577958501439691945662596115333984321
6651717717115230402243091115483090192
25861796567631322764123216462102191188
26956358580725242797145830876843213
1642064179879655420724905653069665040
158324896346771426046433073514464216013
37619753061281027175652224426830754820
27017439411178503836034714959884352
1143395512301708915739339982317765453
265120245383784883361605320522148676061
86671442140741681117930036604224979393
280861758454609260738893694417334508785
70517882279505944338488078256289563649
38702089385766121264882281718085337356
276500460166821225980924067312011577117
111659433695925701006785483799605873924
260928494040717151417456355455325506624
30579855936032859281215550093428638788
25280584075960476387585142403344896017
276502546339099303984842893586615878865
278058470508893482119512248674267509952
103348799165792668266044431785053704689
273574090689237311098884872890029789197
101085052259059926214798131904185119168
85133228902512004732187563744915439645
65448988435157679963148149943243850004
256547313473191314357800466759252529360
85097562345200078627098864387967946960
148894390917113706036705851288092267340
21538702376942266538145393988749033488
38963586118984581955521246659651662129
94729259265429836361231483699186424912
486782907064533869334297464595566848
1739805403889097022219682679884889357
39644550531548881576290507164602385629
37240136117921880396344890741396469585
5907865049989881004145349388199068481
18301552744649916117781381980712194052
22717713475519269203639006260639833105
6980756423468636686749765476380917812
359246299671888166465508252803449856
4344999154092010899648193731081912385
5436754678542192638874972915309904
155791035152380358113217114828065550605
25596725443373072417378057119342556224
286386391764170303618771276696463085597
272159756676560409668150814434432921872
5630803170427821499282091245901512717
155059287903149444573045867451272308
16320708753492048339158178882471030849
18423831382393390600500269843373673540
20006180758916403169478816579838873616
102497012356784292009641583295917486544
278203534428124330158480879328629584144
152898900114611156985938018550108247837
27736342206468796559115631695186129984
16034847480568471736428321234178884637
260284930404500633840072669675046850036
319113621671341574223260481541789663293
278827340451181630166973063701961184001
39706061993913513068743386649510335504
256355967095447664619195164579259960640
25339000756887837538247660323325658228
158536482399127058059741760127962465092
297020394212634595541199421053754949636
154195999968400690784187337775446556672
71596909842573689161912237186592082945
1338904239903008431847324431354544241
297063133315606378549645877597880516621
256292016712200728016324507460382705412
70137551096410133900493940353546699844
82164614874027216136528458828293033268
589106945507726408771261387869259021
85075789193277156236066236090886942772
261548000047140531070188574721909733132
68272493708055548374363178035337614081
63840669114468305284858256300871523636
255794869410906141281956314466714967344
38219317960188921491682049790159376436
275545154569290143290071499528742926192
21354639214360337993920056746783854032
94646550202220959542407264174011272500
76634368950157163975003277673552
1366973834029315326284995096049881885
276811974496842503670451564244604342724
153464840524478845655473117975796827136
5318210081416846822157939764602155344
25836950317770434775513818562148225280
70120757237387088438976359020215344404
25625608877095671096724410591235817540
154810628852371410580371718813097516113
259304619670206688315242520740193596476
294849063645819194983833724913588225092
