285936288411670587318134543805258911757
22664455921917729593814302117932266512
292762799856472058790997631078404981021
2276725020428315454377468309132113
64144906314219912604526729172580893517
18345987671420693168978749330364121537
85075056179070845746927148122557911884
22702269350000536240999054007132274881
64153160723175131099383468381693870864
38611221323507498198460982797267698740
64884245641107056639733917203557453825
22918104691278004662232940874377805252
5712752446935910176455829063115736836
38880024170964935008907455072471101517
272516793062857339259932665614910669632
25587720292140209000767408236576112897
102750950014626170823597381972436975693
9715118315027959956244865041733730496
31156113632275942351959440243321590528
70467014382381456055040618147745153332
276813048539245670823530120545016416077
89065765065964782186649030345998005264
94790835382020726968103425026332295188
255497752433276247500649279811172178944
259595438682098080166860909335471838000
94728362449247563991853708705992020317
255241976669517832881793357325750506365
4474806757779233482381948808609144068
277810200144057953828516544188694859089
277623291460495014150561575641196479232
280538829518056045258031045041625286400
261671089795753574083943961605004133469
260559009441503534370862014606710621380
2406388027495534314405944346751074577
16105488022402669152126843484425901072
30905553951351740356263150446862139648
150488341157252344838887899949275562192
23680911158739767486288369678597701836
282414301786479902211048019349966160093
281949453053257097143119343600239903053
74250110020304346013433524488133936896
89209237717342542119444478617310724100
4607876739259910270380961639551795393
1407189063282966428810864732958429300
21544284867929999266926367006376806221
255565200559138055486951992912006660209
155276611354034900177527763192921534781
166158729499600051344678535139205514100
91722066236667557756952796573319627229
25260666202324150028611593069121272833
255248364658194329465354991967720493252
292517555976669462521891954411658596428
264525820015614639972300949741430162641
260538347701462034195891115997913969665
256624237503433781534891205387759718660
287215485936073049388896207898087476
86401188081631688473449870934674719552
280863056507947944967448131998251761716
5357153654333399576605479328640140481
255529908827229500669068776948823572593
38805994623800689604516588446156116800
37223673789271120820370888231902841908
294008619615374326293458341187254960141
26871451372008717834818901989249843520
323607132350979596048522755053124862148
150458242975638293689600190355496530189
276728917047828896986770192221690253617
285805843431283733943847294746082221888
63870548873134172152507958144777664285
319019182214387802601815368397297766877
89158247858130797581408554344710930688
89076128361696223037333325611869687041
26592025170069658453620038416790130740
255220965347897677741472382133150438365
286187757511768202204792302025706583244
400375721808380047850767191287542849
69186417823427177191528358375085690896
280899638685960270432144525146830471956
21913039364778711153303787033583636496
91867328663736673305086239011982332957
23631831582439242440272687668287795248
260807840082822021662994454685981035780
87459329489880357768348223589761974093
4008847726664074920535065904036016948
107745572398194468769621006678704404
5343524561839298504395874441179392
68097274460980669687239020726459393
5332575394893564008113577880116331341
103384899064883319030858756973854250781
25592832166722442873260020329760379073
6334942045397781151200717793822983168
281833024733817810487832986260040922189
260783134419664712870804696392472465604
1334699497880510036383800469591914244
271448087476085753856169507459461870356
26980822507472059999495856335161147396
261797251844239294919699193598352556864
154464926602164409205087616415184205056
27665860113903660991405334390107141597
272638457160003397396986498949784552260
17280231419540779172550420623742422333
257622369291325278818691576781312177948
22597460316566252092204830757999162637
1333577182930692944221050382635472
86156782965658928415851521308002158336
321341009977682269037335118003990234576
259350041891317264762720691003267745025
6912002364588677840601183293984742705
1104667214145613176645360321412941628
101641483647387185123657358726606818608
259533206561111898997824469066660933748
73200103615140630290236469105990633408
255829762242974552773067937107460489216
276579963344580478040155891465922546992
25343682418011323719571752827328938769
260620871761449961409899788742801014813
1097846273217923092994380174273033025
21417073757347541387431358066633850992
277575241466555805760261196101841875421
261548021643371396332692911864306998324
41306298551171180150024663853441221876
21267669506241830577177884122870193460
272826479141897985814295455411017351632
4149242872453186150685097786202768576
276480555398001417361635900030935579664
22612777357302991433547404040616082701
255212835502462461446035312300104290576
5318564117897205250572431954432503808
17342287037530671597854052050289345284
68056794416098482162711369622623617229
113025213208739576213110793785480955088
151201343870359326677814723333203477825
2332597647427841937291557064825490884
38553083074079009726574446954143286385
23740747361687616569009448704906625293
25733027121826679365886345675948547520
17032056232307179222249769333973532932
21274406036779156824579292267734372685
39632077840489480018868723968860688400
6459550927767577215518887999814566737
17378958604518114630371753962417180688
5650532283348737346245084992611814513
73694599868088596891445791631045054516
4387577106057157546193301919810520068
70734745071444857457364807427485336512
64286836852618848415059281473432519889
17303040811346956133843142020028629008
73441388329542137392919312201684163649
85471716970092407998655734731401117953
282798452208003251134039019174571807492
154476597786963337354566058171663597825
16056472523106388277719408267692683504
22352008644123078885563759101969716420
73507813438619551277214264125432795136
1013796338538145732862136115169975312
27228490951239381700719691333336514620
85076818753148701320294160675568144592
150811244830453317264652076617980670221
90392700149913085565081013836206572481
82096955971268730674022000888477963124
102020151485437770933752759268451025921
65282891706301071150013421936627773456
37239174327454973729335106229579743453
154440026715815021132590395862184476688
320758606731044087179330798324724994260
102829241810316507079142102598441254913
103373828658584975424105377792896586704
21522642540967384371749821481727608576
260611912001621437937990930876926745629
4387755547330534183477091785027620868
5586999903791583146973471612194637620
319039707868060157408907921205631435008
25406178479117924158926952153096140608
280954454152449915578152309878308590785
277498330268204770932313212595765838129
154211558652248741635158823556365418820
6421654304093746584830714737013801152
65133490185679595661964922192656548125
64863485643414711306337586127153929216
265539319655250120127322592013859632896
69203196287124571523579249013518621952
265134274789813659807703389994582544436
17285435457350730012632722428633313748
1018701456332485406931779112362052929
1148738968762208900416934685230714653
256557899710005122289286541699936748592
1083892306263151267767887876068233997
70516971374981410284344253018920764429
81234561543079589215386615305513992413
256301453275905865934087035857055796237
85169571510748714526895967989131188032
6330773170611663865294676277429534989
276541749944458350890577171301867670532
17861538039948807061671748241058707396
276509605591108255375151509416831949901
38298447570353613310011186805688294477
264918592642165298818024102301689758148
261597031964054746677602303713358073972
154190517505421932908388617137173152817
17380262002316533543801511503232962609
85487032003563638214350186984045872176
17281007304731681006482222696010042417
17363106946324291346880491670708760772
23199434626427461337366133663954108737
16541359860933488080384797696524893556
4989798233342482593655433327667101908
5130461898445357755720808320423697476
21671979044332325361063455328459407836
353328766769574804332732158460304400
66216454471420467649843053774047572432
73258381084499279698202238777944141828
292494028483663337575140809731218939149
42456706622278239267443531444130169908
17649006531327737289895440122155319325
89420462512993622755893309665835775088
280809090423647502202229441300253379585
16096529749432771892329068808759165236
276518061430838834003457503403037495504
255212363385843624360653327628162369364
281812274311627393164823822666813436353
89158500116667073848730170881998965968
293494663415454632358476713224765979677
7659941079576293585808441271937467505
264933059065878015973223254951781746548
38635160616594234286519895203749106544
69452243927992478192705334656480894209
67898692839752417082481912955744097281
73194774480000162078155938475541790724
261630870167676143672093726875334036548
63820940396583328297608000617478098292
261857930382774218496223295843035566900
94393046139555839689075259858814530576
292430733080778150051262507977780822209
255468566044836035566242398516557239117
1481219406063397972069403328533763844
256639804206073560251182851856677212528
85159190683140188362564895695328627777
21335151688837077441169136585429745677
101088827856103741464615513914074018908
39697528538647894036515519353924408092
16299918219474008310451477609380410432
94707495804368657903995614574547161088
71452260953326607524827882570794747664
81085184459760661383856501858834071860
4988848192284551670308533214656033024
63803353571918392700488671902343304385
5464715116125452736123733391853338881
256543276647603250521789669037959495732
2477051409799454101647726321431011137
293514381958221813002885853845884252417
17347484464045468965219943743770935581
85676792649737908399418647479805350749
73108777569580080950021777213787163649
38697036193525928618869586421584616448
91388730746954100295152917701780851724
1330207572868465426042464143588684801
328474051681622359277403232763611738564
261796197535272695909143975859997199473
86092212016620414272644892073500558129
294907878608144650749970656235097965392
483213206242338726942835177710637325
255279283943370240062739659984019131508
38835550180727814642608131793743888449
102355809849729176679579528075541479792
17431574972411374232811294694685357825
94393183652117264862694785584250863645
21292726276941380819319033592385896912
5332586581927988971752479359675401501
70262303685670782757173942595102121229
87396837623176661775540954059919859149
292778371424610656721599766836146080781
255548321615422678457207691111045075716
148973496447903745865239382904779310865
165161914021927916372225660769205565185
293760396212442140637407791272699370740
255636332696349987344799764824114361437
1095928311674192837097769368609215684
158449124852446433621012943394118059037
296818704742537283799807280030480078029
10141447461365445755804596429730845
17236564383270458554909059550561136
21367280517687381437520406913523449920
27171326477388798097935059966591451152
86561188800248792851331457447826034804
154228359138621003080792094198946886848
85070627226638383769985967864083972548
282815390506071578230322490631533299568
5400329026516445950121086367095066640
324099852488995267646919162975268142144
292741732461354576096609623368223118365
25839238106477369945907847825937220048
37650886063706823764794278650293780532
90138273706729533430576574618819561281
112689736063596121442110449743396359617
257630675721675519504318281667732131908
25875629408889998175083931494278525201
622122732542901578976019586832209741
30925423226014141858947397618336020237
20196753452121104847551326393387307124
255213418388288982266062778119435918656
94495025138691119966192561421942002688
26860968618846396033448175744026172480
85358446976650416172421935436368196416
89145590302534148379511884092195210253
149958743096947341175746741169536398640
275229120397964238283130560669497016413
26402854887638184002351590132529812272
69468819708740822617898612569759858737
271504229317940846916768300679447987012
256891195845402714980768131166867561485
94977899793178020122068785045986918673
264664090170902417484444999595824794881
325427473702946096338450579579929379060
259225482466542869838657839177577284417
37492871134449011251617764295767491392
86669921842598085257613104504483610864
22633553912271915352179360468801948733
90533217693820762670636399601016443357
329403222176802368421329476813536182388
276625193379280241026177287623193713920
255213681025427053676257384379131430673
493836247760527021009075948447925200
21541685927075517011621842615961601361
602307015028185346425360383722128496
6334664298691962204740721511946531853
73129675231901489236010537658370612240
278807473903763130374563145068223398096
7743154941114420280753467847769657348
256495838122915306926732188157125980436
16224712074082481106624278370523021376
150015938718309003056523200109584913524
323404506817072748750761826439171194957
259620280022534682909784277709262799933
122355319458767577966674764579683221556
38972159771001358488638007434353363968
37373118737922778002791538404143206449
70123024144889283687169611768212230220
41290706701656327708896218070255891456
320094797924072983411849271875994062020
292779426548056082574451771070128917965
4605648719311621011301088861211791837
17545172221001056310648255695086687088
6479265330872178747943343043952840708
5586912746918613878473962605408383236
18553193541652584271766678779158859780
6022815302007134264885897134544
154216471445708933011755584491378258689
255544554072679161112617620355819781149
257124961445233370524843810650211176896
83892087412813543993953064561412456752
261116736042604541893517487582730011456
255565906482413098613408863373252899037
22519077691799810162334345155647111476
4075953354599638413936967436019249612
5658893711851466488029841111022335425
23594869122087923679001627550331195661
101088894964171490186904018591175216977
2446887353315857271301670934660783108
296765994507102156118364180456377435905
21305558055968717073496095630978729229
271417263300667152185028023784391836672
25612567739649500500591161825726302145
5383438370897479153905759732519892737
6334930805971193466636708498765044852
37903328358571178036366862936251588
154528023104563203734048402393596888320
38889162966544971858970619288576263281
69121621677542771219114175639905913885
21688229323293012274122125742212242812
278811738924432676699001928314535658525
64867450875305099847739870422995688752
154548006174561654204272990594086800753
89095997290818027361411676050546822192
63690871533604544706662491517367504
26954516137471579216673163185185046580
85077150237604918455409772401871773121
255227442659828612068447826554517459024
89468472245236100907199785860633461185
280566086304542103189417164632278251377
89415327359242176444554316091359346688
64817859194384755903781831145073489732
320662304856213263052835784807259422989
70451360941635834725393718229426570436
6899346614134067361107257706822196253
98982545120646272811673071005746384
6899898277428954330896947140169614193
154344980477302282739807481229737226356
73107864865166324263164894948604314628
1064888857065176782526135939300095184
155524874237327030225192434511415083472
2351389265263175612579441909010846465
150535658970572943908290825038724071696
293823073843849911011489641113140921165
5338676370708194662975158180007657485
4072140262829028470207268760792910916
1086269156316387741151264074778283085
101170947240825484756520231973081170253
81172159491172354342494487362306055168
1060936462303438108068920383448878196
89489346784891722261252299565057655628
110659285595682118321294844699769335812
107667530076521321971204636173626250064
273490227186650239659543348165742971908
2418896471594929362922183471629009664
1353993080664311076527830033845501965
38817696569930598701214799566643614541
280863100896780637832583162949652239184
148873881339376323405988239901905126660
280836769337062866439971507658598401796
260566331465030727632386008471026483201
276495390688978360853051837829153359105
336775467873277602217865692865955613
17296983344482135561800975102220030417
21272865919207061030720211746482622468
255468748392511620524027233579503977292
64801509016653898053682146901676749108
1579508284305237002820737303267105808
90638092888980384912526884608863719700
158578279358374084585267053257584493376
123883160115090092450801819807766574080
1001204705145016405259629359791411213
17535517556502067267539746462776705792
21287480394672865460624042291155489776
22660485828925993166671573597071814724
276600474639534083813862352738280567052
264885328792775093047316483351756457025
102418385144879415103482289537328378128
116655334507631535709953734139799755776
28178996007442138945298278970819809549
85627581132696948022897293454737713
5415833652389911902094603923826490381
69371380249153088414686260040279343181
64386165517575883949173111329236665372
292434296719213883430849227499898732813
81694889026582738141514868108908756993
38586371661880623074790665949262388481
4585124174060957372802276076001891377
158519867060984668944831504375418930244
73502236505353051399190044099947273472
65734805119580299835130643239071592449
87647087599307438929347924963724886028
94526170989166884988560791698259915789
150021073008956358856917640419390849216
353659622631095080824584391517543876
21272857799272890465640811945032204352
256944984561956298279099668601149658957
37219438810011294744596366509244468228
106655559236068581367261981071494180928
2332461577949858671769045536730778689
66279816767834854212060109058870090753
37488480928781604589715010490358104157
66200828129909565652930432182246493196
276729974047472552476992053202417163328
260315804833812533817980524171432680525
85425234024921436598869757354217308996
83386315536798218464611076040573140
74141151886653678420632207462715174941
9905609740183764005276476581555014852
102933658932600673388283226552727466000
69457695766481500605912889966197739520
70121254440235981732042617617122333745
1600547061747278648865525136851522372
65149046819975303220055806652254584845
276501884624263895133130744682513184589
280867971019732071608041816670602463028
69120197023710746494691198857741655488
149227006290659041985606739863662245137
6569297246999634422696004846200407053
6397006404407913680410526408302861764
9393980787303649964611250371939012660
259686581908626228006149297077965819920
69122133528281986973280846167187206144
22602543674427141847169456945529680944
69375268620813614137885669163082469597
5467489682724932764181563914953235485
82185252966512220582447386363695205489
69120124558900471799481972958973444113
16101557456295164258246777141402079297
86400149375611096207542893309222722801
71451302860963033420035763446868096257
26922145971313059640545626478431977692
6572511272740133705214184855301217405
86674286937787820751417589378125624384
73457000615059750036815569893491408944
4317221265462509181633145677045765405
280472316861271899248480850984974107649
1144233414403373875575176475335476288
101360276222044772953431270984791383117
64079175008947449282254297190069503028
261612908760697381244113411784968507585
276827896489116861794837631167166012688
4575489863297703063090488172051108288
37227794979724452436228737722897727821
280820198751696211823732196948611109633
64903739924576043889538945810232892480
4137387570051275760622472501985230961
38573253931219666887522069862672302132
1023161388094117123947386320695020621
101108942622795868407670696028106141812
17567313816908709805788909236303181040
262955058863346994015448678757233067805
25347821218226300578991302904973751325
21854737809563080497013077053253550288
357543724365551469873591803959956340
9637001625604217110907862550047555633
25593949049891242488403466558248322128
69128962899717721497283613792880558544
319364910561687361391141747516414325812
276499036773458412134341852442841412673
293776506530379705282758995052231199796
255213073539582126334211398486733882368
