-3191596700995540801
5684467378657576292
-6321523338435140589
20361820906045117
-3990575196500379913
-1778552129392019063
9197365586356599350
6225663103597081977
-4093512744353840908
3349668066648565534
-4862165838350537919
5379262287061261994
2712638741511064594
4047897560035797447
-10252122229643411080
4044012775837488657
8580738348010968071
1534707495261726584
6066303071591721136
-1198448517763339890
-3994853575567154409
8167180587342197604
11236315234534520326
-9427589325620296672
-9910730931406637396
11104210560044750427
-9021117263927650765
-373642027982142414
-3429129120870547715
-5011433285430032016
-5855808687247691376
-7343547472021655765
-6714953989505968742
388708199519823637
-2131713138046346780
6329378892057299472
5549614532465291388
5445957796721373558
-1935929603054643205
-2074526983550726121
-3894506613788528112
8300365307431728642
-771537585391630087
930253594085387590
4582682486381223831
-8481011739766541435
6683164811656857803
3533584090187783414
12758383188439730955
3535365190099671073
-9160309945336804934
-6633811031241936442
-8013214024167258211
-6870512577885231007
-7779526391220089006
-162879657751961282
10409284846984633208
-5292855410371419522
2343391109579574297
-9535495949436056187
3204163108621679032
2385829930945153246
-6051985412350601857
6736673990462935320
-14531310570161813894
5540011993000003663
-4904436142662169907
-3322902263327270120
-4671327009795288365
-13862376992880983605
8327366195478864400
8015817987942939249
7008597725049938750
-9173176082474215253
-2986611554547208234
512926365331915241
-2465907819264144188
-4938751573315652362
4785396174134622148
12902641529057257443
5311903557349707324
-7028067964879364750
9649936692997453335
-994650696133242066
399360028397665174
78096734778434256
-56799967399497183
2245591355309020919
7562952310838940627
4106713798780608441
1889453923512615328
-2219183733905821465
-7130168252983501254
1218849420606043474
-11745343455174058186
7411037736077750914
-7578219874270582280
6744923012759070704
6664620309516635243
-10193679960219479430
-1158554488500758165
-8325713675942414638
5772519661229879023
38325937721668556
8996439396725111056
-13253954730072245972
-10158175854036490191
3089819249721631277
-178354178144126070
7295152522560525036
-9758768197107844282
-3123238533662800120
-8848745285426647552
-4345410431289434644
3828693081885175925
-6588983384735857789
-342166455254659655
4726316907934638212
-4980398783322185653
-7290098361784264162
1398719649150834710
4617436802022871086
-9780225111807887348
-1066008218068125032
-4626375242366092124
5710708452266118447
-9229806262321027244
2365968108829629376
-1298693697250182798
-6093149599021796873
17345669533326992028
5243392188603163065
622997801803557994
3524023042178685477
5363139806270618639
4178542916796650664
-2554219028704446062
4714043693863726167
3145148171053362500
1892418354746911485
-919742478642957116
2916020642723347429
-3078843223036260674
-637415479295331550
-1361127303347941912
-3833985209012134627
-988254303805033212
-2854862888686179031
9768531779937569169
-2811301101684146126
6712201798340166033
-1824868235307269964
4310681968224389338
-2931279310162161088
-612056339920185692
7073124753460445050
9273578374066436028
6252362965928311631
11600851989352143849
-6385001532204195914
6389402077328413217
-3237103710498399420
2454115183742926587
6651322835236019844
-12346970701580412098
8777052743455818369
7725894252714019756
4404049265450788752
-6622818909849191517
-653291525311675326
2173470713949207694
-13709501464808378992
3671984875372565976
-4997747716543835431
-5071088398394502387
7078038601513924122
2134776547544921720
-3418180147532597357
-5298473541155749344
-8432787840699542320
-2021778456562862928
-7705527339284784578
-1087099568307442098
-447570880431789063
-383392510896023213
-8100813990601576676
-323539387064062289
-1210813865055310945
-5552308651008819205
-9459543705968652193
9459333952104481112
1688185642449394703
-4759357441060390558
-860953014507716662
-4412836074145351385
2015487454066221991
-7544170961852499574
-7596174397524863546
6913974884978348701
-877225095107155139
10080419287741582108
-1174059214025729699
-866403568673456966
6189078092875793433
-1981378157470199626
-1657832081069395074
-1560670979951329750
5085725950222357642
713250157836155940
-3767470552576930228
-3247326781056660670
-7029705965050120401
268065694113151646
-491349442027750013
8830421078970546788
-5136756051980975135
-2135743074185767794
-4516533213845122756
-9209773048516518626
-2356813340180004279
8319404831678920796
-7556322984967006301
2848445515160886053
-7168193198353758058
3720612202462489396
-1720477086709050447
-5349849097960888991
-3211170410591162878
-7013014976071375510
-4659265928741309962
-5766811434110040658
10323024349593804900
-6906554721830604551
-9414067608108309321
1416781635872335442
-7847026312385541036
9604480568827503209
4538724801225815551
6846049147263952106
3123695213756373938
-1765787513787500184
10952285152331478208
-1664549417575840876
-5744358612115877746
-1743537352935820464
-4585190438976955559
2474939467269356177
-8050976671046101634
811944785161841049
-7220528525786703919
-1220069283023113325
9619509910497966907
-3480855410533592223
3570267544138827424
10945632696670402654
1136606899542997857
-12505903004277250486
-7622834444059259547
8757703462968665453
-6138149984455431556
812947579209269711
-9294156873709819930
3271505148080773257
8137716305539373076
-959324264010381103
10329513051621748355
4748745413021945868
2242097177413719091
-2733467328701895889
9806847247834561575
-6396068728806577185
-8659518979759725774
4865512406721207317
2959968544942010065
-5780161222395841002
-8311581539908881301
-336642180201050918
5607276722434143907
-7574891263178063273
26814516233423075
-14049890337903500
4812719799274528520
7280875423793823620
10476017289545082950
7019974600676765784
9225646869908108554
-2705192092372156140
2610151084895540292
-15301976816765400536
-7347375743142826525
3771161239808965516
3125792215355918334
7781880476160605465
15668830573973599849
-8308859646237923894
3841877938500959829
347293924466551639
6500570082367739855
-3712208598017666874
-9164181868061055176
10765057419206439520
6818679771359097512
9028050046885069752
8337573829825720863
4394080529032493676
-12917639578709354869
3105286325034510252
-1803684816370798723
-10898552660675770246
-7544188925241789921
10835697228852945813
-7912242089047842191
-11894926313819792778
-10165078110618167687
2141940436132672504
10246806029409101300
5857682096316113883
11693881705166760267
-13008565729816706682
-4453664873387013200
-9176890599008776427
657674336146984172
4436794896637353917
432849140320044068
1870070017157894111
-3280348414758987612
-3988430853841847300
3138848495031397186
-9985754383344599466
-2475959509585870328
4187019937735717222
-14458786879233226361
-9447318634090177381
11353939169283014526
4353471953231160160
2482145306481231165
-2818786464120883130
1473395216824494944
-14114425849222321958
-6368845383835834649
-783865418813040309
-1501693071762724300
1775748975991471426
2162711272545208658
-1813841475271481790
1717370422365452
7130783875652172977
-8621570920280947805
-7756550448169572920
-7847360169702987380
-6517320307248748424
-8510839592075431493
3830276026963032078
-792102060308127034
2931995819264234601
5177748623959029455
6844088142875113693
971262781339144226
-7571414174217207151
4716140035949090991
-11724896801535562208
4140609910543196169
2144074305931046225
1890955921322271142
97242247364721946
7558989697627393328
4074014713322260261
-2246306278675656093
5550501754520339122
-3981651637668039005
-5248749205333021012
7615506623437189365
8173110288925108956
-100542773676178980
7604327879626113918
9329778387553015209
-9284889060017945524
8433054497651425289
-5530625260520492843
8764384493400161408
-5238377518227865894
-12985670179506557297
-1131894880960138470
3143197227128734627
233509179698990748
3141308522976917877
7094442650077834822
-3440347140240052446
-625137993890217380
8146127317136270348
694984856787902385
6354451400950222868
-5863636701726364937
2437805940477702783
-819018005648549014
-221017788781512217
7042682363988955799
-5421414713580785120
-658202833211687706
8877836170877989750
13249424802101077570
14984241511447015996
-10919250069773350302
907042702853381360
1274466299497278847
3323152466760919479
-5287051461918106692
4633520382843834418
-5131417451400039278
-6809284678048246911
-4668272689286288079
552830619608954643
-1184111904989156659
4691198393567826242
-9428165628628274698
-5128180669096537778
840941391610760868
11272581505367895510
6285869696447464312
12329596923166529120
-599544034801905857
-1384335128621209488
4524912930834871716
5656173525049722058
-4195870513860134834
-7434828549576681559
8018845402914608724
14338991703728548256
7721873841438262095
300080471654465549
2516666429496531103
-2570669783018241145
-4274152544374936670
-6962476164386388209
-5282569667052310783
3553785033338430513
-917771951084676259
6393665318771181994
-3017738086492334032
-3007759207310857023
9497755146301179390
10619247574859914975
4252914299566913272
727889276517071402
4682188930318068104
-7607473119952006313
2296639203645250914
13489491716860881736
633346514798826985
-3811760196503566815
2169596242437963531
-4126541507614003874
-4858413798128445656
-10591028825398539097
9974693163757961210
276881887716401790
-3940856951988336957
1336001550300104922
8389855262241129796
-1642076577024609216
-2911045941838934947
1050541863341589946
-3494911010128060673
-4416906614688213545
-5268470489903965426
-2289140187443772504
5347620654563741173
1493686775887056031
2024887646199360810
1499418154891678782
-9596740607815741372
-2285910663452025152
5860580495456108380
-2541253622803268421
2521622843305199907
-5878396877217339419
-2307991805628972155
-2097870319095702711
10396411721311437333
-1644478586903872015
7577662025265912442
1498341543324811171
10207832764559863656
-2925081847893960452
-1633410646659936909
-5694123927197183583
-390662344996706648
7608349261096869031
-4704030920615749346
-7221342783401845191
-4092759762566389580
-795776531368905400
2359737817007545111
-5046500146300427471
-4750069537246463832
-1020735600165015163
3551042864475797758
-366919774093703321
7171956904311386566
-1308974381031553580
-6090399708044355565
3801945497971248739
4992827200293535996
696519469711783606
1736938971733953789
4094601203142427180
-2264738771154158580
-13310031154039103138
-4714911017423040151
-5810175472425056546
-9187534228917432800
