8444190141088281824
3196337426044753045
710920805248424320
7851326164703249392
8936057813249126361
1868365266221688669
8787077694245665033
8709500803801103952
5124854403158692751
1645201902330528365
5050985042086829088
5091550997341448417
7397600640415613091
8157048542351648800
8456635717729081523
1279940106534590796
8581221025825737595
698880116318453000
1354195176518586295
2323937436773451193
4210563519188837150
7875080213794905719
4549835533346623769
1629783867598569562
1561193126635647349
3801820541663626737
6749072250874131185
8445713080862200104
3616788613147573187
285703494254746643
1448617726575121697
3665648856469655708
2958227433328745914
8466852626342521311
6974477179260474105
1308424426636532340
7459770974671033169
6508913741307031089
968623817994592747
6535723040711808986
4715720277956644971
6445103855756870975
8646103024458187183
3260540251138567348
2442439876158049178
3121105180674866628
5792874648690203822
5010217449377275335
8227497676452611401
1598715442538157597
3323688504485079043
3916191801187742203
4587134831896399434
1806386244265817574
8385261584844631063
593556355440616126
1083112250544640133
6860064749842206026
2209653402858111922
6214962065774152816
3591299586725556996
1627918330515257936
7954235768739536576
5845317804193629982
4073514591565321165
4858201094039285649
3774155733161393615
4669932957721453317
1448998976312799078
1531474935456688809
6047293641152293492
2212491271515639228
6455629696412215506
6725534907389211540
561903661744874649
4572304993526549258
7003766309467971538
5980691475203147879
3309358180816251377
1644927846970532932
7209947739566331180
799465446356247980
5335950394746646361
7879802369349496859
2470031107741265052
8255686602456853083
2452369311667856920
5287669408398286688
6761038265191383011
7527383960543405653
7515699315139730640
4036559199186947545
4765342348405838369
7269919865760343989
6507458936979012264
6301074175502610353
6182747041958558705
6863313231159399935
1398930955060425285
4594962910791275580
6763340231868088419
898988042416239081
601497323108129873
1844447329697532424
197112192491412805
8834452675798316109
2747342047678019564
1671037014454478674
2792392487636995016
6371411759327321492
3648786339549366367
37353565495240710
6323215038113365858
304017143433159179
2898567886602845465
1029455224038776102
4921646446092342313
4745655065978987522
6821622736573279979
7150256178212011410
2830241010852779606
3512330483792368163
7874573435559706607
8736253668625456706
3552184304558542611
1346581901428960253
6336289111880346223
8228280025697701120
4051063624075041508
7456347179265698684
4441848671706142342
3359177123116640532
8782535840707128201
6568596395433479196
419962017652228729
1332881786158087716
2677426913045229158
6477781888626936956
4024343412187306875
2543881873130481418
622399958887685886
5076266781830161076
5006426156830694604
2880000567350137088
7046809196851732708
9023143662910319961
3544589253020765966
3167340107380056961
4424005539519791444
5379259729768179434
2380685057881837401
6468702957420496355
5012263822584022951
2615951399671582932
5449890165568070280
4950265836324660109
809939204868341855
2239179204656356991
4036956903529800078
1829253227041942423
1225203259568133694
8541625623613829703
8776440532629587088
8942206999177527338
7112323984644452158
6867524133641129652
3406417345369212101
70665927302059872
3108351438652974984
2298844145829605423
663634113195225253
3942215532718499278
8748640362841096024
6100651597369504786
1372070906758816754
5089312103783835765
2366143829445783727
7317882033401781897
7396176936816033860
8687258071310813073
7100361845428993217
241636937833022720
700379019467844121
6191310381197835258
4799336535840540578
1218748664749688516
5419984509303227280
5240522015937515898
5999351918499742801
63696455590764673
8803652104322421378
1567586326846918247
1077402802311119264
4975245095246992191
7691862154619373651
6293101705741134642
3994069871020546958
8268226529944637933
3572776369485996854
4475790545965114510
8728229009228562070
8493839985171487855
3146018877649387226
898168772627726446
4572473367995610686
9167377755356927280
1961423154201857551
8889129503547519353
8270847735487270829
16837160078326570
1356284556321211389
8225844589223504109
3723273179601324826
8040074854621894690
1419130950147078484
3236254135508899870
6998385764969993532
314456536949207857
1119597997476976660
3387517023891778702
6568197928787129349
640714058684081131
1707572900518766774
2650464195379915283
1628039285360760830
3567448931567499895
1094681368977913837
2508994341218872953
1507495723984311543
2499074173054748054
6366078139496147671
5337530199781303328
7386779276040694235
286831044487813756
973890505257835736
2089705740732152848
5100453027571350085
1287075586214964375
7448082853305062517
7075401861088771934
1117985852242019005
3127060337427938362
5551343334259887263
7890026900866843677
1295861058473827112
8500072212302678732
5125709660900837703
919756071892332687
1081990125938457753
663702514180682534
661751725712541570
2170256163321478542
3131925308153956218
6156995004744020901
12913941309630424
