1476308323214732130
481757111039993087
5055221565743408842
7482448756232714113
3011281489337289357
3863358778843566783
3190063325312461524
4629440796876412745
8030116733246835964
2475237806893031258
2725716175136091299
701583548829804320
2813167932999395263
8739620166408514623
7725454418670015663
4820675776934129371
3129019205627270593
703018325033265700
956370764526568961
5613446965502842542
4531819409267705713
7769404573190768494
2982981479687802642
995685102610548561
6495168854623348891
6718324708795772712
9033290196605148848
7108822472905600374
4204638633821822766
7025125345659042364
3881873634380242427
7139435366388732351
7823853988760052809
3938431749109074119
6600350796938011886
3990027554994093938
9170072141694589040
8842846275012256641
6053344470063086492
3282790043973072082
1551888005017189947
1019418741831603141
6582364750663860126
7828590907399561343
7323515976551849698
784198809646248809
2061755355561751345
8908238772152012763
8977735358657605508
3709752452439619929
1796290916896470877
2505302030302684927
2826036218424302379
1432511626913601341
6436606517745788588
5333453569439917795
4517486782242118069
3701751714949111115
7641506257580152085
4935690771538600959
3783457882314810348
2483484594327060768
4547808453709690718
5894843834054104089
6783575873699362291
4032519143663959337
497894331731846511
1310777619933502073
493483015554061529
4331526800341992945
705804850490695843
5736649320331780588
2688432968813692580
6575131220059021120
3083920184058409389
6676981910768717609
1084004302397637014
6040537904921357775
6632343441194637052
7941160040848048111
9078728152995868055
8446273734212042572
5093605728797900836
7832954952225312691
2522554198437970024
993120877677536682
1550486869463644839
8330225449401914188
8530462697822102168
8808228382840588659
8255246008066349292
2298904032505364788
652044342001243299
8542496266546370249
105682951226606196
1325546827271541092
5335388895936645716
4593236073206898602
6075814420852968374
33278246260952025
2646853212672602223
569544189902632029
3149847945026671261
6912914575863689034
4511077363550646436
3302293016196379390
2707562429365970381
3108441967746430375
8739624582258559224
5150001126080569904
2377534450980428564
3674895363700076527
6279460467953844631
7863282545449504081
2854681319708800638
5296010863594789200
635781777347950055
5865847623184312783
7555008828619119652
2214790771247990858
2212524997239701424
606710125045305338
2904014424444839310
3170416083970244704
7242222903800901928
1927172036213580416
7312355853234770407
103286210708543305
711471120966900381
3964563750377280321
6200369873915688682
8081497930057091580
6680472598850288738
769103759144550911
7491968024520101722
2066737693871607021
6383577854110028219
5095510315284134301
2518613596167652390
8204105127714457316
6031842615147007411
8286119939589613901
5960465817310682346
8248964787290593857
8235666644908085539
5468919706539482348
1949242982158841170
596916564624278434
8128080121067482648
1615331825205123595
5144968521697222395
8879793647229824725
2094588056613855146
4743400126555316909
4188102657887800117
7123962313193430225
3042266923629296249
2349740647408560911
2047938093699853993
4698594794206836028
8201013222859650961
7314998414094999250
3909928782845933975
510497020967312698
2412558452225920587
876026325199327648
726549290307994232
7570797655142379528
8014381843630203863
966932147712117704
4693075766659667487
5527174922813716267
1855510557849685006
7636834019809311017
4372494889201910492
6737933776513846427
4084499802587810145
2504209364123861247
8098950517106513549
3771375829214196033
4494142856315029806
8275744119480390293
2725813853638290769
6841649500244583273
5742361727891417307
6438784693094670778
8347926422812337337
4420657203579926761
5753801927039146447
3891051865689559981
7542422942574924714
7291624260059904924
5667744466485369330
1963191932636973076
1546882194969184226
8871361560622077225
9103747002959326995
1427496724162015785
649020610550079626
1843376095980090410
4470211778733804422
4280284801921451483
3477907054997572350
5191660911644681945
7892776758076456960
7530926706165671398
6462420518402159421
1180549065702338300
9208693301593035371
2227858081594209683
8257244669758882863
3632419163656747149
6832451431609073935
2780223371609582279
7627263482888501681
2116948471329890690
2036780652332743274
3759919022333706644
7275735916448386411
2149762308533007597
622667386760266970
8522381031100219446
7671158217051659177
9098346050454992760
8906731311122327058
6124882929125036014
7504125380609256699
6405871489331464119
1685629529944639477
5144483000820444915
2778546682316806484
2988924392409103511
1647353740135213452
2019098111928521188
937712316231988753
7127240622024361431
6936355755092753869
7741686910162438643
4410327251264510489
5583062407591657473
2696849388693530308
2757085329473016598
3123814348945153446
3516329137058528541
8071447539370944536
5365244434985847510
5299606318250886672
146457286862644017
5287782067480784874
2591974076624144070
8711300884908662533
2354982260264368477
1279608193692701641
4893442505615960103
3297328457254041539
3769518941583309114
4815978599288421158
5172903678658087669
8499957105453948995
5895004397407711770
5005795928681967847
1098687356981924103
1392191219408545600
1039838449006188113
8486306041347150901
127386873230626765
7217689519374271973
4099639211276063812
2425995082695645272
5108965794685789545
372409826443501531
6184263548266320803
5657020142808378574
1943553202222587702
1127260022911915076
3089884261873345522
1472720229444663056
723663513967900526
4524157437446673197
7912495875073165358
3246463300136125444
8173282803101365279
6067015622718404411
6127699879237495074
3795132968478353113
3032560331718871950
7270372956283492904
4854973052983283336
1595205300015858407
3093892047542701216
7504299919282989328
4964782592453342381
1921932663568501025
2780827796882587984
1577407967525739596
7753273599594772702
3771085453406304778
6019595574857931668
4897055900309765297
5077245023485026834
8392679607164897138
4919270112592668337
3398331232744611823
6601928486636956668
2992332444675401472
1797703738588238862
7612875347668270034
6951880634579459219
20703117410765761
6357955577976748947
8407352584005369658
3058728237320841212
2032321137102994647
4162979810665278050
7655166140193082251
1586027745661835699
6727459729792518070
709787021500360740
6740263224159204490
5904035774556122959
442248596038202778
6060298270527828383
8693253785489289977
3463890102436946423
5762887071174463234
2422339168423075715
3981945270655995423
2249149872686303601
5402771858409836554
2079830404783231682
3982686234483539314
4987210937931165671
4154838948714702201
2116398736024336516
1419519492091444344
8392277259004963350
72822952545998212
4589183867886816114
1537102388836074755
4855140914476359658
5488702905050240949
2576343472717539308
1580341911774559389
550864706151527423
393506303401424920
7267455483672398436
4401239689542500476
2097678407324816322
5993077199651657821
7778999099314214401
1659184536096622909
8749474940834230949
8453146842200062545
313458742610813060
6199055061062155301
6114358428057797520
6632428135350509416
3153399493815462045
5831102042439834259
1918408476338701879
8732196232609767507
5497074506043745631
2807485907699410093
6495721773297866424
4588867862414607274
6490116613545239816
3184156441707017150
1413028174250781040
7589081866101420899
938440147525852253
7329993083266250130
5252671322367520987
7436089653043016409
6351440130846458806
2007681989497134408
1556138959121844994
6430311081862937139
6138710869242520156
655170597887037149
6828411312066095216
8029191216670381898
5251777580422833112
315353663833209674
53070379738992539
784277608590830979
5562076079441542240
7418630952359386932
6650035253789483890
8265913405274842823
2321655170000080193
1516563550306003732
5034891208435108055
182243967278125470
8487259947510566348
4810559236282291085
5152830444685870762
1742676881793891257
719588529208813713
720280679362344309
7041025029494601200
8084460613320243960
7298605866809542741
2106215439353969963
4339739749137601012
2675958098641828380
4256512414769290174
7185666836739093608
3345457198627071425
5602618089731268563
79277579366357697
14630527444312603
2763179421197403398
3845398048931678991
5190258623066229887
2903977967008956978
5578625709692736422
2791929619908526284
4379197278910992862
4923164832049739521
4452748367271344373
7203945263304431032
5970624603939140760
7961036132495528417
5130322875110713995
3272644484363978853
6006043088937564259
3739363211523796492
6045443827133816665
5250554135616276332
3384367998410135535
9151724100128295783
1186034794981127162
2374222317046836863
5075375972568604882
2042891342031350639
4726035131371752918
5290581010351070657
2702093673700507913
6960825104942452124
3706714217597421774
8166774343315155494
3751715216624272112
8906062105971667603
4516059944527222774
3822428455974447496
4590196575974782511
7890886899170073356
4322688123935529554
4026030642664050041
5905982446277380825
1894742519790383860
1449080738823276568
3006538147844231951
4230710795625861805
3176331541843783932
3373375443535686234
2872492225752869463
5945052253453197780
5556659804301293364
2971490937686973674
7267002880917579498
6290955460350494433
579302836406734262
8742721273409314105
3059177033976087874
7696021499348461027
7818897413117889726
2506783702176015096
5332720203773777886
1834372803164317008
8733882831933828669
6639546381640575454
8251468965016640109
3427255531294295421
2710356989289019779
2656376097141107217
9063831589825927438
6630417255031467301
4587770170352119032
633948471261719758
7401186756529956353
1205696249331393589
317404548941006943
2239891603848389235
3593341023317110669
3737930994468944685
6036496561746996047
8278906271079795698
2000868484122342414
8977395684787521309
8249021843810690696
1940110754378856437
3100284375858698233
3249527399744658410
5110655371875745481
8250361834720500666
4090562129496845178
3023134826430125235
3686016297803329400
3811861382464663630
3857518463448096700
4954743720405127696
7770466128092247922
5203939128064608897
2347957110282103296
6587105701727709644
384497786191019452
341609159615058119
6325331453650077190
2654089980916313049
4814292034324147154
