4821136308740611517
426856871905817469
2832118396257724958
6791301538417733306
6750060258033415853
1484759969266241813
7126246713018890908
53972303292093845
9102850112908733102
8128824354912184549
3498569580025243750
8680289360939556862
7629581785038953731
7177775127302963109
624222535464528383
8162173102857473988
9077375317700102686
4045930576753598065
668608939783849997
2670249825083061407
1104132002801440199
6912777618664576178
1970082227472950975
8505333075482119218
1964555703481954115
8153580532436935281
2187782374236095752
4688831508636991306
1218682930442500210
8063083395719637803
8643542989502625468
5948362956504570449
3091116645680725526
4672870301209377862
300768885048585285
3981755165710217503
4745964975608366282
1159106944016709714
6306989799852106049
8932749758235676887
6782343019219869932
4629018801212345251
7546721560788494959
5604771907990844703
1238296726880590450
2849139727016733990
5453755783577598079
190700510932232320
752983472419422857
7433821739287346906
2562321470398820548
5943175840186227923
3227769900817949946
3871746072986803578
8036403907629211461
368053707999280806
5962094426330315220
6676600757707708415
4313583250836093706
1402761326548033681
3517699965144445686
1656044212571709462
6730599032378731892
5929068751324087533
3856219331530150771
612844161728756845
285516876026968345
7305420929732427105
7847266180389580344
4354061910386398855
605483137569395430
7068553863596337614
6512457496920560749
3911462393864514725
2356987311817641167
6389820352834628519
6894444380114487888
8144890675272410087
9148057726363972401
487695050469575515
7063919501668506183
3354701512567148799
3382775974159934704
3548752495427827829
2611663000524008214
2508971547403413490
3077959641820805446
4903092058020930325
4608863093077247784
2410582155288338881
2791432602146534180
883235955151546051
6828792838139743569
3951940418348479478
5326510859723958347
1393984747079036822
3020199586407759517
6010583371152444555
8744091437050801749
4774654143437341981
4008557208079281748
9215384809510609275
4340455438660894865
1910997858533674039
4678802265974786894
1001775894476000267
6486063036311807293
9028586751108753249
8238621211479992700
3995436437025191401
3178146653674781718
563912727931967130
8484094559357616984
6438836097438435265
7009295695997418232
8428435769178234024
744178416724946387
6690042812316181204
6890772406279366478
1247538634321184310
8605300040488511564
5861043729504279112
2553372296204460855
2981237080427017943
6263271191979126305
3618296914166225053
8276109570810731913
6610697976651111766
5442875403240248085
6689080299846557070
4969997221095404038
3318683441291617888
730254263907947858
2153234254093764276
959847892385739849
1582198252577645143
540972453541786402
7225078675151163487
7589758216317543440
1213255478357800704
8651496153601340783
7947932182880202676
8285688174544409094
7934202430791476522
9140541124542162006
3220767704528452642
3742398694605858336
2428331072392037044
4111830432155599594
7371433319891098083
3691055743215110081
5820800188137992928
7172012678854750986
7108337675543838404
5726769186844920500
7301799663176063745
4531718431918749907
3414319528623259959
6551728525288393269
4099102591698761033
2920216697461038644
7485197955676291557
6862107408423059478
5377310507969544408
38403045973414356
5238102347750843306
4667450034354641542
5124643418953588341
1303761118530660539
6737851905498866726
6968503568729593098
5874881194141511396
1792091664257741572
5096966697105380515
3735216379802215306
5562455481890907531
3214698825163131961
7647394952972228135
8626379890053106077
8022483381428402107
7580717593174831945
1213060475340394275
682872263639185482
7740493037173248100
4210937440584301218
3372922849893563898
8716595929161249474
6553594156764120468
4879781071297426171
4584373733483895126
3658369536602394095
8176005319972507497
7866851365600144074
1819158035809632416
8390316354733503875
4963840879174436814
6649819205449226218
1450439853350455976
7266270545640282520
3194874691771472588
7427441709158259448
9157747181265301491
348724414959912114
5053681808563782062
8350750924039769791
2562649013306704666
5654977521004039565
5687524335300011986
6685335378509097553
112708087195177176
2160108768590580703
4059429827781254544
388025654027721556
497584833241228817
8683289078339141751
394094585006013820
5157740774909517612
854714855505356564
4517208856111712634
1079815917231825673
2589157179753761415
266457536656807234
2842040917985160928
8045030187400771511
331476255406151464
6720223741991666999
5976994838571535918
599099694999317971
9101919371322893977
2722472537923442876
8179741555165695296
8401276626020433430
6071542812560223259
4137628967110241177
7332140768171184900
4454399122966141939
824459138140242856
875112789233209818
3032145955826850675
5997285158234785056
6928659377031356877
8349718536000726132
4782072034874757456
1086383511901812432
8972578073696360068
5802315512225345968
9080803807352184655
8545584836328215929
1346273638193031900
686638462697441857
8698265944348216065
4813039659976688593
1237533252985996429
1463414261927321962
3218033614208928857
