3955374319458416715
2302819449264414095
5209981531764356825
2178613696985845429
1598370243522453408
4154844559756116828
5614265974698058823
8407842270845155981
5093677260538103626
5343127448744002789
1220744123600138290
6840233829768166395
6008946853682350996
6705487749181151909
2565143028986548369
4826462619195840134
5104473550849886188
7194838702732471985
4034781595746037164
8133683426208106962
7574914379001806263
3020276226759937625
4646165054462975925
4887225971570501781
8838298484954297668
7178247360311730443
172435141172940435
9095231578309097016
9151157626244165988
8394455381541267491
870722219369456462
8984855278892307355
3942433627153794039
7892982626725974543
3792757840846919085
6168866914737859565
4012042215302605732
7589694513455353590
7979761415229297124
7212360598841548390
8514623374043141236
2162301426648835619
2300454109097912119
295694488927729679
455198462662326151
4451664694902958826
8873563758571776151
2090655803927350925
2545442700542523640
4064267834750398412
1714579986182687155
5638673831548596342
3006708820476544881
9111402370135341504
2433848560913938205
4154120541605833849
7266360108599146
5084832078430742624
651367912515901900
6061802227389742859
5313426387076228704
8467043539888699039
4557704225789843254
3710093203489077122
7643804294855879526
8912474701032229345
3504986291044316879
5697497270905103594
1637667601303305937
3679339856703798928
8911264922181416159
1960576893915845226
6394566007796006336
6173867911854546199
8806438467073205048
18877395046687659
5564756581077688931
446258519578398856
7834699815332813198
3030294670352833016
2580467725839631045
557155010740639553
6526131374320463261
7070568651661635321
2723146935220123573
8329709198866609733
7566648563205196809
1715255121992282935
2158827064931228840
5621025133799274463
223693125933530484
3779633995603520097
8365102465313350521
3559715154716220223
1263451273684218084
3974652261662306899
2582291069815620754
2481443024073514657
5829626473242897961
5883072667929174341
218905767019328284
5418831817155595064
6304478710218710791
3006649050745754081
3019323305498336707
2942992012102275924
198690740066811348
7177014215814453277
1599207082553437927
6037483247322186019
5970115918905455174
8882879208586185074
8770719653178540782
1194830907473051221
2529802843181819555
5750275268236022
6571549206706978723
157154187961759543
62212610778340898
4493079049537606270
7837928641576472688
3499779492614622148
276875198613529056
3597980261551057842
825288010057340797
2904995289592076696
6724788876203648459
5380822374126337591
8651465936203492756
4262743629903956285
8901502076952981353
2975274337916051697
3949402214652960425
5063861855454757764
8401762841304593944
1418685557017554544
2759142487738677144
8855592897062569182
3616892692775383142
2839917522886489088
2471745265240977390
6834821333223803647
6167727788445181592
1211519582309439103
2244828215554285507
3929738941730795808
7453045224118130404
4000489293980406202
2278481263441196361
440983754010396555
3315401925288934876
8143819037482598851
8776167571164493482
7543114605241658286
5162424447453880505
7286990599379802570
1898313680851127074
7937177715782626070
9210933262418501855
5732550823752106661
2268757661575765655
4371927507416578149
8558809191586394704
6614398678446474803
8768694090189604963
2785621900518143528
3675180725345691145
6047639655212893487
9097014674939057416
4928595241530651418
5788065624636745711
8009526653420816690
6788983335770052223
5578538979914781687
8539605978101790282
8382607454643456684
3929827449652016213
1658883948191074416
2057993021208360526
5607095500923808322
7122644343130582571
31521558395708716
3976766799510542918
3696323004368382689
9033730658136790147
6919697237445240157
8156804541415867299
3456937044688452718
7906067228849031914
49543892205793862
1113029617025112201
6569141745119343492
4013629159755024945
2568465479467818741
5247983190273392804
5487431289443385768
5591710093279569794
3132249819979805287
7029432991734943983
2419102115751471993
2028906853498978473
1966944505820444894
9004706395413333705
285566864855887738
176049006043190572
3698379626384171938
1382801884329714070
6749585229297774872
2592425449902940925
1084456496865389666
8599792384376107213
3370477112669809895
1986005507569340963
8252756803889219951
1704965687471149454
4813078647312210528
4713402357990343356
2976505116568535335
1409247607025206211
4392396082066861412
4675470161278203636
9088046840897146615
3945356455434546547
7385381011940985773
378806926135279120
6914819753533729724
3183329468724895564
6011851595470614541
7715164013017716818
273623138638261444
2255046784145232098
8830239058596364964
8825466070548837539
2804870522543534865
2573506535907437079
4814718129877455348
3563801646349515038
5424088655108087706
3702243717468777250
3141713807224591012
1032604658122229536
1324146949382510035
3252168933396004144
2657532129123735716
4153451829419428658
7077275707756015262
7945528529445547206
7118552681290666378
422427799919786800
7681307933514874281
915992839690155950
1153043503448961919
2219599364151343289
5675601882400337757
4213212929709240554
