10958742639657345838664660429749172032
6062023999246149279458850818804083200
5590513746617132066253559154159355246
1487717701790948639287938967706797290
17498071068799555858107672113890725315
1331702484130765328320637321423452428
22199075748468145811693451436718596265
37893915174328295333857510356191490480
19358814295285521626537287499797651866
74654497266194777096585045033512585024
11123985592511816671022648893717948096
15362807453765243927488210635290504562
4727589522502340911420152816023463006
59382021311460801163795906745551849080
5283691493894572069541293913224580039
6024887622326190060305183634122774755
871104439246094195629154012118051306
5837339513960929664262120965607236091
1039229001913907394271518198248721000
27982589979462225789351815800382281760
7946275944460087074583955588835952287
16484574463183494118834412926191660348
30844103523182729277545479599775020336
28340614265150807122073489132694369800
47813984909258334296036061024518291672
14087723262311667751324198043009082525
20133532745117454237046519345252056048
35376115590787289855379994034217284388
10616902268757448917038864772869368154
33702144780139427747273752011244090644
1024341419278786995578616229732247316
8434138724967482725750741016213874579
19108994410737950532772002204690614964
60514261355579818292580806062902799525
24198172127129192783030305923945622051
3862229183584958243463095408605171191
18313659266806236265564352886350498856
71076848907241058914601950109364523940
13688812627381127179298431238664186384
481222614455985203793150114059953740
24306455055441091854377804780855170414
25826087255001169474952470908595659456
62317630348343903690170572041442136800
18781592637294437828025418958323964684
41236486142915060806915989913174599931
5087691595763909169212913279617666448
55977129062975225822840936193064595280
3209789480790027503211196185072146912
22291655962875918420945894213804083288
4054672460637533574993766727556667550
12842733958800553325091806672017925984
54077622972276705323476246427042986410
11059795180485867483303451410497789822
16193388638460096912238195994220087840
18126337986839170023697724857642153458
1238379803611923070032919749641387736
57696306279260341100549118936696930
19738929651374424974956904512765727462
26254452334238596381266397145477105325
13293343163982970864361667196253380352
16976402249795108502775969215582612848
39183340717950215558390009638866004295
6682663242637102569957766074684325773
10875945359373958386913405855031602451
29199574369935117141753640150436614854
5665291881737585455838603776108994776
26443398905660563339754120523747006024
47042317188421593896745895177081933014
4114686462568307115452009784900968268
14513780601795392191451946280018357848
11172405488540904339669767811827698699
36621451530834148948009989193129609745
13049861448456731299637087707663450675
1323144113144411710535683301924257600
8544092278984699941478707899407085205
49109914918827149624105650514868326290
3994572015816185047395058248569735223
1853996701739649795251074294018766397
61737804045994280107881186186151806786
3745787506981311046020470543413913702
10625807768629968505519547162605027875
366862325773086270576955020162454827
23921040990053691439104356379476586030
621654390612584422187096727543594960
2918817541368910085371602371675576602
29485025990781370896912101059889452264
18513740353428278676655359097642870321
4294481398230703748413446663684271503
1388515895922504184756186155035055352
62946230013818530809923816768512789540
7001273981736490960006519718925803832
2575718819144278705619657137402382952
204008848430131328002323477272323335
18526638704504954955389867817334220624
18969000197662566454379509692660304272
41567335067373084299140501241402564544
5617951278485494052179703418342254300
73231255950735739430369845512902182146
318162114572053458544728198980639275
12481331722239708346388222109206257859
17244613957133086248853472074161785448
65376483994242329786247734001908172124
11121187593922103221510718817941995828
23626869592990339616018433544551478455
1066296296422896728631907436047269540
66819719869576143259863724677524583910
2096428878544723924419766489805059394
6056677941389417359925330999376388473
19403330553258159039811891536492461092
11864822523545802560167550037512434720
65983095567293609571189294650201639916
164902377616040547319410187044320925
6676695904776097133124350803180983176
5722000734851734943296615145246882944
2409957129096449453153922134429513916
225228842313628303527747429689852404
24342518209069406467052251417287012576
53139800905077391860693360292613565585
6357002893889831922023148507295400007
29880704221472086298568326102055270800
26391382558199690651222315952809384580
3038447604255444851333895012482686712
10930013556062778126024598129957233301
18974343376829503069593699847906299130
38064966435119163126769367929215149769
301070953348728214522724339385998196
5362782207577081473664800448743845328
4722329773946159558183762828872788140
38159494080229241005438259525850325992
3027280301954584233787477465358624880
15884748051256078240302566918415862456
19902738863203188541643304897125264064
4595781197885648035973299434767545516
18715513814428705721916717395270991697
5910913362650724275356986116525831688
51025890098929433319328850471331824340
11590720332103256281764739547405307125
18515777318578503211822782726714588000
8495952056682437017301832477554978964
4060225357408255456093745420018213680
10411997354962286669828521211447434846
1064221751919707444701068885899832005
45321390129166526532722674199848037462
16435531641241817491612038690934265460
9035229408038872652838195996680840526
28284945731093868953214561950129469558
46298817806861886123977878764374303904
55961344760480347514997738495484726001
25760086117619731067930318529271901694
13209338724678921617660498631094894644
29708927439427313009345475375815485982
63317352422690199295425603510921851385
11524518608046137707678678789601753151
4434780220119221603950965468809645000
16561483703176465289608698661033386225
577395671475751394543246237429911200
29381269025357648335945786147939119510
9759845781597907885176957227432035005
8967440135288365648922960347216727653
102411685176398124342573464174832825
19904010904504554700032419562829170735
46251488690880976692232918321659779068
29296822134996452732340975500422101060
14613008333087973470271251831419209229
45013298654732004894469743495001384803
40331570024524432976133349176889795440
20160686701049166193031619492979483434
426799205162123065996493600553725630
29697456014685673309541369863991935350
5455449375188692173555970042597209408
19535659518130028372767814696736713124
48062315791057041385437958667292497232
8970146468931685540040358429187761057
1413750263157243594543519928940845680
1411725364354914841109303870084682936
32390860840243882571388087637723465995
1457368401781964974688203709500426059
50739928970820775250478271245634681220
19492866113098217417629177748958723456
48700494312652134039125377009420358000
62032527635320863222224860380108766125
1216096632556824174184178617128508080
28814461570933615079917579038329137500
1104115318314312934876935406727625240
16554009486428556905909366233052897808
30565967140404563940278741827550020212
26375528680747899715363128191074651826
9206164057955355314406036220313855940
940899774500051726501975339660899536
10456870856323546739746922417803335424
8985774447993897099457834320507337540
46413982289652398490363802388062021150
3881503773914411022392267511654992076
56209569725367966923456250550408739775
5078046421126637317169938855717347487
40949325933677105622985921949932413755
21365919443095718319106133030737118223
943487621838680035854470444410878896
2587400792924572665514854321518862340
47412468749837843210016518188635268988
26904129240909860497389657266085227892
54960431755245173653058989659305819012
17874776482109002531611721376014373550
518624144867048732351563208632562298
22243820475463936588898305330312179
54198299699855079257864030369044301247
15749646658211320979895646073836594731
67737158107902317925055216799638344174
196618369812994239075701379636603310
38842931403500277134201254051095524578
4659457394568118033616896023335108516
185898316360604411288720530183993240
19656953742573701056236257541049609200
28909574168817922432911236175202510316
12866264901981833370417803652543953690
9696570220547799138561036065895447183
24408249344439241535163872668596794796
356037354204198303790646697573980688
10305655615900929465038839112979406548
6506095939914046008623851685051052420
3091247190620161576477138482829275648
1039059441259247984394684228837605179
7872937725730463405344817616533803482
44797585822708240072929219260059984775
5372901733615914514130226323544121371
21006588017792885204121327493417675140
39084180019301203842069098512805003137
2193804397440115267981820308117000960
18197606304292010464157726096209866444
47565444713118120519109455820257379455
8108188330228949931633881769471492700
4560175442926586209877829996210432741
2974425119922710812809536797121500516
28592343844314637250425795556343102236
34870058682611618214143232311742456524
67943189817198188683995772744813961400
2936482919029673489337931454835802107
13236527695745219783709898501422676545
23763764072355445449543344222643880197
32828374873318927770705503412795494778
14933930800156835780888304675493221646
30238453065659630478759137815511241813
32784409994011831209260453364740145012
15653083161067736470392063943011273464
2749845488287372746785817268252264446
8746845054813587049321627209748891778
4313094047204908867584185250274792064
60051173353242766603464665153710623210
3877095051634050787691405857541813926
3894133330439455600746531888920893674
1934732852424143858881217948743538320
838246520628398537962790439252965991
6254379884564192360556234698351913455
82494350780055196408557186041584450560
49306074554680655430208933326041187890
49306074554680655430208933326041187890
10958742639657345838664660429749172032
6062023999246149279458850818804083200
5590513746617132066253559154159355246
1487717701790948639287938967706797290
17498071068799555858107672113890725315
1331702484130765328320637321423452428
22199075748468145811693451436718596265
37893915174328295333857510356191490480
19358814295285521626537287499797651866
74654497266194777096585045033512585024
11123985592511816671022648893717948096
15362807453765243927488210635290504562
4727589522502340911420152816023463006
59382021311460801163795906745551849080
5283691493894572069541293913224580039
6024887622326190060305183634122774755
871104439246094195629154012118051306
5837339513960929664262120965607236091
1039229001913907394271518198248721000
27982589979462225789351815800382281760
7946275944460087074583955588835952287
16484574463183494118834412926191660348
30844103523182729277545479599775020336
28340614265150807122073489132694369800
47813984909258334296036061024518291672
14087723262311667751324198043009082525
20133532745117454237046519345252056048
35376115590787289855379994034217284388
10616902268757448917038864772869368154
33702144780139427747273752011244090644
1024341419278786995578616229732247316
8434138724967482725750741016213874579
19108994410737950532772002204690614964
60514261355579818292580806062902799525
24198172127129192783030305923945622051
3862229183584958243463095408605171191
18313659266806236265564352886350498856
71076848907241058914601950109364523940
13688812627381127179298431238664186384
481222614455985203793150114059953740
24306455055441091854377804780855170414
25826087255001169474952470908595659456
62317630348343903690170572041442136800
18781592637294437828025418958323964684
41236486142915060806915989913174599931
5087691595763909169212913279617666448
55977129062975225822840936193064595280
3209789480790027503211196185072146912
22291655962875918420945894213804083288
4054672460637533574993766727556667550
12842733958800553325091806672017925984
54077622972276705323476246427042986410
11059795180485867483303451410497789822
16193388638460096912238195994220087840
18126337986839170023697724857642153458
1238379803611923070032919749641387736
57696306279260341100549118936696930
19738929651374424974956904512765727462
26254452334238596381266397145477105325
13293343163982970864361667196253380352
16976402249795108502775969215582612848
39183340717950215558390009638866004295
6682663242637102569957766074684325773
10875945359373958386913405855031602451
29199574369935117141753640150436614854
5665291881737585455838603776108994776
26443398905660563339754120523747006024
47042317188421593896745895177081933014
4114686462568307115452009784900968268
14513780601795392191451946280018357848
11172405488540904339669767811827698699
36621451530834148948009989193129609745
13049861448456731299637087707663450675
1323144113144411710535683301924257600
8544092278984699941478707899407085205
49109914918827149624105650514868326290
3994572015816185047395058248569735223
1853996701739649795251074294018766397
61737804045994280107881186186151806786
3745787506981311046020470543413913702
10625807768629968505519547162605027875
366862325773086270576955020162454827
23921040990053691439104356379476586030
621654390612584422187096727543594960
2918817541368910085371602371675576602
29485025990781370896912101059889452264
18513740353428278676655359097642870321
4294481398230703748413446663684271503
1388515895922504184756186155035055352
62946230013818530809923816768512789540
7001273981736490960006519718925803832
2575718819144278705619657137402382952
204008848430131328002323477272323335
18526638704504954955389867817334220624
18969000197662566454379509692660304272
41567335067373084299140501241402564544
5617951278485494052179703418342254300
73231255950735739430369845512902182146
318162114572053458544728198980639275
12481331722239708346388222109206257859
17244613957133086248853472074161785448
65376483994242329786247734001908172124
11121187593922103221510718817941995828
23626869592990339616018433544551478455
1066296296422896728631907436047269540
66819719869576143259863724677524583910
2096428878544723924419766489805059394
6056677941389417359925330999376388473
19403330553258159039811891536492461092
11864822523545802560167550037512434720
65983095567293609571189294650201639916
164902377616040547319410187044320925
6676695904776097133124350803180983176
5722000734851734943296615145246882944
2409957129096449453153922134429513916
225228842313628303527747429689852404
24342518209069406467052251417287012576
53139800905077391860693360292613565585
6357002893889831922023148507295400007
29880704221472086298568326102055270800
26391382558199690651222315952809384580
3038447604255444851333895012482686712
10930013556062778126024598129957233301
18974343376829503069593699847906299130
38064966435119163126769367929215149769
301070953348728214522724339385998196
5362782207577081473664800448743845328
4722329773946159558183762828872788140
38159494080229241005438259525850325992
3027280301954584233787477465358624880
15884748051256078240302566918415862456
19902738863203188541643304897125264064
4595781197885648035973299434767545516
18715513814428705721916717395270991697
5910913362650724275356986116525831688
51025890098929433319328850471331824340
11590720332103256281764739547405307125
18515777318578503211822782726714588000
8495952056682437017301832477554978964
4060225357408255456093745420018213680
10411997354962286669828521211447434846
1064221751919707444701068885899832005
45321390129166526532722674199848037462
16435531641241817491612038690934265460
9035229408038872652838195996680840526
28284945731093868953214561950129469558
46298817806861886123977878764374303904
55961344760480347514997738495484726001
25760086117619731067930318529271901694
13209338724678921617660498631094894644
29708927439427313009345475375815485982
63317352422690199295425603510921851385
11524518608046137707678678789601753151
4434780220119221603950965468809645000
16561483703176465289608698661033386225
577395671475751394543246237429911200
29381269025357648335945786147939119510
9759845781597907885176957227432035005
8967440135288365648922960347216727653
102411685176398124342573464174832825
19904010904504554700032419562829170735
46251488690880976692232918321659779068
29296822134996452732340975500422101060
14613008333087973470271251831419209229
45013298654732004894469743495001384803
40331570024524432976133349176889795440
20160686701049166193031619492979483434
426799205162123065996493600553725630
29697456014685673309541369863991935350
5455449375188692173555970042597209408
19535659518130028372767814696736713124
48062315791057041385437958667292497232
8970146468931685540040358429187761057
1413750263157243594543519928940845680
1411725364354914841109303870084682936
32390860840243882571388087637723465995
1457368401781964974688203709500426059
50739928970820775250478271245634681220
19492866113098217417629177748958723456
48700494312652134039125377009420358000
62032527635320863222224860380108766125
1216096632556824174184178617128508080
28814461570933615079917579038329137500
1104115318314312934876935406727625240
16554009486428556905909366233052897808
30565967140404563940278741827550020212
26375528680747899715363128191074651826
9206164057955355314406036220313855940
940899774500051726501975339660899536
10456870856323546739746922417803335424
8985774447993897099457834320507337540
46413982289652398490363802388062021150
3881503773914411022392267511654992076
56209569725367966923456250550408739775
5078046421126637317169938855717347487
40949325933677105622985921949932413755
21365919443095718319106133030737118223
943487621838680035854470444410878896
2587400792924572665514854321518862340
47412468749837843210016518188635268988
26904129240909860497389657266085227892
54960431755245173653058989659305819012
17874776482109002531611721376014373550
518624144867048732351563208632562298
22243820475463936588898305330312179
54198299699855079257864030369044301247
15749646658211320979895646073836594731
67737158107902317925055216799638344174
196618369812994239075701379636603310
38842931403500277134201254051095524578
4659457394568118033616896023335108516
185898316360604411288720530183993240
19656953742573701056236257541049609200
28909574168817922432911236175202510316
12866264901981833370417803652543953690
9696570220547799138561036065895447183
24408249344439241535163872668596794796
356037354204198303790646697573980688
10305655615900929465038839112979406548
6506095939914046008623851685051052420
3091247190620161576477138482829275648
1039059441259247984394684228837605179
7872937725730463405344817616533803482
44797585822708240072929219260059984775
5372901733615914514130226323544121371
21006588017792885204121327493417675140
39084180019301203842069098512805003137
2193804397440115267981820308117000960
18197606304292010464157726096209866444
47565444713118120519109455820257379455
8108188330228949931633881769471492700
4560175442926586209877829996210432741
2974425119922710812809536797121500516
28592343844314637250425795556343102236
34870058682611618214143232311742456524
67943189817198188683995772744813961400
2936482919029673489337931454835802107
13236527695745219783709898501422676545
23763764072355445449543344222643880197
32828374873318927770705503412795494778
14933930800156835780888304675493221646
30238453065659630478759137815511241813
32784409994011831209260453364740145012
15653083161067736470392063943011273464
2749845488287372746785817268252264446
8746845054813587049321627209748891778
4313094047204908867584185250274792064
60051173353242766603464665153710623210
3877095051634050787691405857541813926
3894133330439455600746531888920893674
1934732852424143858881217948743538320
838246520628398537962790439252965991
6254379884564192360556234698351913455
82494350780055196408557186041584450560
49306074554680655430208933326041187890
