9323628491337817834588109884493427498
324699595276510841322040638619940056
12955784625135366651941017761969203529
51566446193508177148229634647240192286
641580607214641700699866896409766345
6898047216030977413882895494770838019
9225243437788935270412194896614505544
30540893332283770628875965477663827844
25357147843671475307911710697604552947
23383813911335896106801609229044932711
52105302712190012867308266393843037120
2859228914188255091748622087282896900
50457796392781895895358956388323932955
57580996025074863086894027274037246416
7740562803179649210835643050489785397
9925645658344648746104516303358751392
4476360535607002671756513713810896458
15684685876475794854166006813798735272
39330990924188890246197245122248442821
21237293224184308907842879560754886196
7050242258476548267711338568098395648
37101267083576373665664028926873706259
445302555046257640787237516891875458
22847490480182449205965108845140872686
31829085232857160510967011542196865400
17565664769599929472123697336806106056
12860757644573477652760617777229688420
6097321349562320020770331828633388328
1669887977966250176105250699512013337
6151864707537038141820282053468914989
24424985945003048316883293533036121681
13460813127060647959158416578193242184
33546486084180010154706645236990639288
1265748294199028719663358835859257815
32149398179243670641784714738070713708
22190120028433463588784074871584944776
240467101375223549990130437232269160
3000392676612434480878878459127272955
5845440199863429243609484740229425762
209419749062303780689262523795423851
4431697948001405867817852043528296079
40209163516258505317264239112856051760
10556367625185161493523858234069259282
11309091856580211438858726274609004748
6625080352703864671401620103055506352
54191656801536084143223832576407166359
1333967067784629648160104784948073050
14539267346153253055342605845599805280
60497158883491459569128343528389094370
18650487172651421018634999597365289753
34032404318493178754398566421474758498
15662046813475470226387909778465862720
23396885697475744957762565616985420816
30433413949502849882106930969664652946
22233713912044868789875894048610145376
8946119196258815924468112962178673719
13262660150907645160326270090781912080
9144028329737812283755778057487186240
40859750934776582479421085850643134976
24639729229311374561762841673280476995
18957421503711930620881603923830989560
19908956072804044950090111198418187234
21461921695713266239655514428955420011
47423730810220133645220505096042143900
14075245934989797520528379392492632586
1051624942928021010947255902982720304
6732771132896090132111291264421437260
22100261436952464566103865332170552240
42690746941039935392887803599758704317
63374978691370437238216619002070994816
6528931622139314102177480096102402555
19143319263887388249850566718532230770
22459858204746599978591664948092321519
22105772896354237212109504101280911340
19356946436238057093356448476026300926
23409071521303346504551896638611804812
62136316400129380460722189832320141754
49354666005194377348161160789044566200
25939447273044170228562941359399185091
39797766600021202742576756884582074655
51973409409877752123656073500192636568
29898164615244027881050934727832478080
16747788845947013330842036556443740336
191265537745376210872070640749972292
15918386879283620746561985828944755396
73010405551065753798758080550483273648
2272375217628341482008749778323263656
28179543871126648493581536372437003420
3563938422105548183965792189224962480
69025090964953068750801978415796235996
21908749744192478191945138987598257498
3490180558143954006635164295360169996
19568764267245236965059921341292222385
21233942138308456025462825522702659104
54805164902548519411252283985119051366
29426425350155037939574509593085415412
1629659210210906863037380003080206509
1167395869136523065907336442251438879
2843597825003933618087841102703812845
51453432983748047939676551465946731247
5003995036482347951240762491443301350
6263781527313067833031190444117102507
24711366623812488755033889826876964742
1940892528083796273806220208635638748
47438838513140524086064594755563205968
51533461203790324547432227359552334092
5510524669088296354645787461473244828
12765841967281379898147712465766994351
11243200444453767210749091131500879386
5724627078967264508675387202721707528
5914023888164508737058593702982811090
34918032053793749387958730266686864142
27981065473866928194837355088187127090
7704101358168419334643227634317399490
39480447607263843150973843389194891784
20785224081800423452742949750892507216
5505646507894253979770176361247951934
21574180217548998116266525649865095936
5930797077870810317945426659022767016
5040938339845443040670821610591387724
9645032343391197901779794854291770852
14466459321802678853071837128651288250
31719174889355182463595932829630781040
3005173355048025363775164539635146945
244360773454974499581699488718595002
19110217976687088593803122342278246688
19998199823986774603228709809064749406
5064812920437859848836736937359557464
12288790601504684564202427337043516424
64857207527467189208414967136501305872
3743251224317763369804779334969544785
45485906240426255818889780550905655147
51605445664324896974662774171423318321
27864894909635289174222739638340075320
41393207481986870198105445788327797398
16169485479580371283462992301701171200
51885661502912188679393914196915061705
516580661664811432246642491985354070
1098195014052184885368838541365605642
1468361503021859099653602872675246370
62526679328107308826763531502811728888
51442140598315121249366827957228166865
1511938761080025013133931749463105909
7109823269893717280595797602348955850
9019157591174592042894236039719787736
1919661771829119657415939767045274560
1664987804168575305888221347326991293
16817304706536526517012278176635169730
30468426878094790764324736793139365377
45410804744644379625682730056064490000
51540206592686907800348607564108184395
13190818778086660583366958027828728352
21682460611330916212908805074985332726
20582465080230518141605542753017851080
5701408340054861258236963144403160456
52839485339864253849991842236317453900
15366664398386572816082202543219667248
13021153937108810671335372270014805739
15342766537825049537978952586391387813
9817002963294345053627788521316804000
31276438501025591179521271645924280308
41121503966480378090979560276945682864
3509906467302745540834895602265459232
49246472956151501840397946271267276604
9240760767734743570497179325801041834
24903407411399727983226746308531187928
1197541604636823690760766496910808205
27305607749264062720513518557320823718
26995382887352742345749637913781798856
25857123051362120140156683441759001224
53889290487666119338973116583948101076
35419620292016317483683224521088161576
23943265579663003657373443231843265508
16302452636123752032274115792165050560
44598149181888606253383085361955111669
30592449354720605698093841446665715935
952910277022399312030855646993478080
17064922664412705295823871435201894708
6148828265247085619286478671567505920
46662283619704726985194767473079534930
2793764955139629494954799893254775178
20275694928514065447479357294336096616
22608937813335883033061101119181276909
35294275376148304772607379628188515360
14281905500385491976655099612373676742
30003809420293943211557093797492008180
40030537383091135466753451864116513546
9829413171487051195007532697080675260
59298549810156060403808867627931616680
15684639672113278134073105880820560996
27126816840294497178168404987793122732
12016433717392374789572134385221652374
11748005937187494332618751306471368112
14157405856942140409023578982031799136
10424419701949886153662082199759853770
1237595002871646516766421832578652852
19330035447045672255814505686348246922
14607173941256292977487093231336305981
10543914233337985098518453540421090396
4928762467408387584961292190428932430
10135555694182231094170510890920834723
15518396031528700043037169833071399232
22070963519087016069676000352160279814
5256519142555421588620458013085724456
1214717894573442001994170053221185050
3908813399466455787692467810491912624
19532766846280993702686065899631593623
5190396523828949003932677041175446528
3525235912219631496804502202866927668
30529050602743606210250688801364434918
16287301646988163752320249540091344781
46863678539329365963301166819479208742
20991526554811345696737375869396214055
36192970607554919143472121821121926371
2564366262448639183056760686948958869
42365265259774841362666543187964639370
8583226106068696905356278728057167632
3704795012129094172538911596930483201
14300058745961721596521629554698985052
788408036645823548484700670019721425
24318547823656108608610089554332480626
35101895825756790698670878131347527436
73512841307363122681567799952691731540
5469415860761780675633586127435443377
15167721532524249000876219660108047776
9317019894857199308000202582852367167
4281458202473024283853481491783088920
12552621985447014822312992486329891280
25284298823608710111126468671887252091
2426030575077696728981810909751971592
1403395450592364592648275443949629622
28296727081007760470528025745443225312
37824168704453034098334071347384586411
620100421701104971537790291052946506
5326630675111147474120175919091918716
34345524259975138159732531975775720024
4724981191228906730943749871675561158
13619147970217692401013449923478623851
26260609541004832811008636633226515368
9596641590765153606965634653223441825
301946358133170287233072001752237815
1728567936329802060271931963135145587
44994116892208010827874218401377569584
20650473448332502851705890702166584764
48491766650661458198800898963018761578
15922077949734305403152682064939768310
7745925530895876866010409779475298178
1231967462420078126464751137039408734
11653272216968225557795776869788690216
38194727295138888177669355182262668989
11822054113606558802974466075749986203
40623777261694320750335207909315069482
63973938023867640934206326429066024128
2494912429093146576527315529093412723
24085195696534077979277760042633295300
47171466265035163742462526855133111116
10958742639657345838664660429749172032
6062023999246149279458850818804083200
5590513746617132066253559154159355246
1487717701790948639287938967706797290
17498071068799555858107672113890725315
1331702484130765328320637321423452428
22199075748468145811693451436718596265
37893915174328295333857510356191490480
19358814295285521626537287499797651866
74654497266194777096585045033512585024
11123985592511816671022648893717948096
15362807453765243927488210635290504562
4727589522502340911420152816023463006
59382021311460801163795906745551849080
5283691493894572069541293913224580039
6024887622326190060305183634122774755
871104439246094195629154012118051306
5837339513960929664262120965607236091
1039229001913907394271518198248721000
27982589979462225789351815800382281760
7946275944460087074583955588835952287
16484574463183494118834412926191660348
30844103523182729277545479599775020336
28340614265150807122073489132694369800
47813984909258334296036061024518291672
14087723262311667751324198043009082525
20133532745117454237046519345252056048
35376115590787289855379994034217284388
10616902268757448917038864772869368154
33702144780139427747273752011244090644
1024341419278786995578616229732247316
8434138724967482725750741016213874579
19108994410737950532772002204690614964
60514261355579818292580806062902799525
24198172127129192783030305923945622051
3862229183584958243463095408605171191
18313659266806236265564352886350498856
71076848907241058914601950109364523940
13688812627381127179298431238664186384
481222614455985203793150114059953740
24306455055441091854377804780855170414
25826087255001169474952470908595659456
62317630348343903690170572041442136800
18781592637294437828025418958323964684
41236486142915060806915989913174599931
5087691595763909169212913279617666448
55977129062975225822840936193064595280
3209789480790027503211196185072146912
22291655962875918420945894213804083288
4054672460637533574993766727556667550
12842733958800553325091806672017925984
54077622972276705323476246427042986410
11059795180485867483303451410497789822
16193388638460096912238195994220087840
18126337986839170023697724857642153458
1238379803611923070032919749641387736
57696306279260341100549118936696930
19738929651374424974956904512765727462
26254452334238596381266397145477105325
13293343163982970864361667196253380352
16976402249795108502775969215582612848
39183340717950215558390009638866004295
6682663242637102569957766074684325773
10875945359373958386913405855031602451
29199574369935117141753640150436614854
5665291881737585455838603776108994776
26443398905660563339754120523747006024
47042317188421593896745895177081933014
4114686462568307115452009784900968268
14513780601795392191451946280018357848
11172405488540904339669767811827698699
36621451530834148948009989193129609745
13049861448456731299637087707663450675
1323144113144411710535683301924257600
8544092278984699941478707899407085205
49109914918827149624105650514868326290
3994572015816185047395058248569735223
1853996701739649795251074294018766397
61737804045994280107881186186151806786
3745787506981311046020470543413913702
10625807768629968505519547162605027875
366862325773086270576955020162454827
23921040990053691439104356379476586030
621654390612584422187096727543594960
2918817541368910085371602371675576602
29485025990781370896912101059889452264
18513740353428278676655359097642870321
4294481398230703748413446663684271503
1388515895922504184756186155035055352
62946230013818530809923816768512789540
7001273981736490960006519718925803832
2575718819144278705619657137402382952
204008848430131328002323477272323335
18526638704504954955389867817334220624
18969000197662566454379509692660304272
41567335067373084299140501241402564544
5617951278485494052179703418342254300
73231255950735739430369845512902182146
318162114572053458544728198980639275
12481331722239708346388222109206257859
17244613957133086248853472074161785448
65376483994242329786247734001908172124
11121187593922103221510718817941995828
23626869592990339616018433544551478455
1066296296422896728631907436047269540
66819719869576143259863724677524583910
2096428878544723924419766489805059394
6056677941389417359925330999376388473
19403330553258159039811891536492461092
11864822523545802560167550037512434720
65983095567293609571189294650201639916
164902377616040547319410187044320925
6676695904776097133124350803180983176
5722000734851734943296615145246882944
2409957129096449453153922134429513916
225228842313628303527747429689852404
24342518209069406467052251417287012576
53139800905077391860693360292613565585
6357002893889831922023148507295400007
29880704221472086298568326102055270800
26391382558199690651222315952809384580
3038447604255444851333895012482686712
10930013556062778126024598129957233301
18974343376829503069593699847906299130
38064966435119163126769367929215149769
301070953348728214522724339385998196
5362782207577081473664800448743845328
4722329773946159558183762828872788140
38159494080229241005438259525850325992
3027280301954584233787477465358624880
15884748051256078240302566918415862456
19902738863203188541643304897125264064
4595781197885648035973299434767545516
18715513814428705721916717395270991697
5910913362650724275356986116525831688
51025890098929433319328850471331824340
11590720332103256281764739547405307125
18515777318578503211822782726714588000
8495952056682437017301832477554978964
4060225357408255456093745420018213680
10411997354962286669828521211447434846
1064221751919707444701068885899832005
45321390129166526532722674199848037462
16435531641241817491612038690934265460
9035229408038872652838195996680840526
28284945731093868953214561950129469558
46298817806861886123977878764374303904
55961344760480347514997738495484726001
25760086117619731067930318529271901694
13209338724678921617660498631094894644
29708927439427313009345475375815485982
63317352422690199295425603510921851385
11524518608046137707678678789601753151
4434780220119221603950965468809645000
16561483703176465289608698661033386225
577395671475751394543246237429911200
29381269025357648335945786147939119510
9759845781597907885176957227432035005
8967440135288365648922960347216727653
102411685176398124342573464174832825
19904010904504554700032419562829170735
46251488690880976692232918321659779068
29296822134996452732340975500422101060
14613008333087973470271251831419209229
45013298654732004894469743495001384803
40331570024524432976133349176889795440
20160686701049166193031619492979483434
426799205162123065996493600553725630
29697456014685673309541369863991935350
5455449375188692173555970042597209408
19535659518130028372767814696736713124
48062315791057041385437958667292497232
8970146468931685540040358429187761057
1413750263157243594543519928940845680
1411725364354914841109303870084682936
32390860840243882571388087637723465995
1457368401781964974688203709500426059
50739928970820775250478271245634681220
19492866113098217417629177748958723456
48700494312652134039125377009420358000
62032527635320863222224860380108766125
1216096632556824174184178617128508080
28814461570933615079917579038329137500
1104115318314312934876935406727625240
16554009486428556905909366233052897808
30565967140404563940278741827550020212
26375528680747899715363128191074651826
9206164057955355314406036220313855940
940899774500051726501975339660899536
10456870856323546739746922417803335424
8985774447993897099457834320507337540
46413982289652398490363802388062021150
3881503773914411022392267511654992076
56209569725367966923456250550408739775
5078046421126637317169938855717347487
40949325933677105622985921949932413755
21365919443095718319106133030737118223
943487621838680035854470444410878896
2587400792924572665514854321518862340
47412468749837843210016518188635268988
26904129240909860497389657266085227892
54960431755245173653058989659305819012
17874776482109002531611721376014373550
518624144867048732351563208632562298
22243820475463936588898305330312179
54198299699855079257864030369044301247
15749646658211320979895646073836594731
67737158107902317925055216799638344174
196618369812994239075701379636603310
38842931403500277134201254051095524578
4659457394568118033616896023335108516
185898316360604411288720530183993240
19656953742573701056236257541049609200
28909574168817922432911236175202510316
12866264901981833370417803652543953690
9696570220547799138561036065895447183
24408249344439241535163872668596794796
356037354204198303790646697573980688
10305655615900929465038839112979406548
6506095939914046008623851685051052420
3091247190620161576477138482829275648
1039059441259247984394684228837605179
7872937725730463405344817616533803482
44797585822708240072929219260059984775
5372901733615914514130226323544121371
21006588017792885204121327493417675140
39084180019301203842069098512805003137
2193804397440115267981820308117000960
18197606304292010464157726096209866444
47565444713118120519109455820257379455
8108188330228949931633881769471492700
4560175442926586209877829996210432741
2974425119922710812809536797121500516
28592343844314637250425795556343102236
34870058682611618214143232311742456524
67943189817198188683995772744813961400
2936482919029673489337931454835802107
13236527695745219783709898501422676545
23763764072355445449543344222643880197
32828374873318927770705503412795494778
14933930800156835780888304675493221646
30238453065659630478759137815511241813
32784409994011831209260453364740145012
15653083161067736470392063943011273464
2749845488287372746785817268252264446
8746845054813587049321627209748891778
4313094047204908867584185250274792064
60051173353242766603464665153710623210
3877095051634050787691405857541813926
3894133330439455600746531888920893674
1934732852424143858881217948743538320
838246520628398537962790439252965991
6254379884564192360556234698351913455
82494350780055196408557186041584450560
49306074554680655430208933326041187890
