33006193450856005182477310245794229210
439785880278124229240823463177956788
29798886374325369123999399278866895105
21295211154871816263118650711130207830
914101003107328773789455710952812605
2987944491397735365242546831582717658
12192514682364592581965031040630640000
2906032055601217333915644322544607647
74981566502434132062723206531083111566
57565147279064880953735517436230515
19762168584655977956083900963077961750
15484552063641532864357320647122542804
11425568610943349630411335309271752504
29300509510231548552045645494618389890
2108058754690687527869061884460225901
10436141966371825949780789223069018061
38238076255834074670591443004687760246
12231788179926281909207144056758342618
8344948717064412356599481073147212596
3941940027617687501234985347895170298
3632803691102104014944677183864296816
3477683725402111313211197144121422816
12500666694934060634966162117430554129
70675427732971948383680550280193749214
24933306367559146249399704925373398060
27617366711135443848712071650909945919
55108202835164936995053063079626480860
5493880847732281664446246827107315652
2527031602227225184922241004580219566
21139971558749143351435649759471499600
28910125807208444383648500280148009936
31695344038678585393588778726334476848
7470447484802046365083172586483021499
27810557049609430589191813627809771552
47484920532379890041003515927163733536
37457482199480438544685016554993074677
4460186112139493864893676404060698975
21424928011167100888987941139586934464
4955442222110452317603876345022103740
70178322902642883890696731241031074334
21494204517433556138748500788522718310
38879603460111986739122096884205110844
23645208702576944125710303705601405399
27397626216800894588219736047189863164
4445498677721002183551062813516734084
34132184512999721820730038428141835976
27467888421696466508236097312561454184
41621350647688714561187438423688091008
17913646709152904673212232271290968064
8126214054352838738398398579535381410
56647439665218847718971928284664070524
41262614493177819943635126243326942520
16218640170215784380905278610253330
53822989991400746726205483582027631683
66890322624248153176857535891187480744
27452709935742893235196657595022932192
3067049223432403886914036501346119839
31405419456335917709966700063594636900
41281593733183041226225158867930490038
9910151172952558597051942628955762251
2170698094329058825901196198847816520
972695039440009912043245667048115060
59425057988837688008059952731736650080
9980530003574023163123444377725241296
951251771792156075056814601910422060
15502873287043559059303522045508117059
44401583787911272793671605570427407695
16323114162772913469651065481600335595
30564242373929363950397504541353451426
17619488845299406951333461342728110140
17322944574504679467195029690580009588
4953366272971611869330059224446795715
42311613764113693021680409631733747390
1241197010396781427723571060635628960
35773010100875831518042017625611500836
1749534465007664140890693480625879671
29380473080084234796497586349121794524
3117605925802917467681658268105465328
9375292187647718368452840214754618496
3450758713586926548713637513525822300
290531326204536461265676967748079224
29102180068704082515933855864416752116
2974562980706308515931861339171282280
33195602513196266073664410599761434130
19193550350104810039546589022765780336
13126162107828331239918030895317449684
10405437896324492122406936768602605387
4610808752353606521868722076947800947
1536379535265202817956287753146755400
6740016891906957787229852355807942576
16787156475379945540112565058202042708
15364768625903240167889586254632797834
6690656045918690022360343160216061665
29946853209678309279277512664758318643
12643546975815219623797194388089330413
35438189379165108593792131391390252722
21293598289621367789446376665201987590
1419665294892153245434670347391708120
24229644541772325832768108703309957699
17557556618323418909160805950930350400
19296766819959831855756140788026967000
4537231018015402079596501484650777410
30460563832607884170688565499979356299
5302295686958906316812681993361210446
55792064498684500286163319180760335548
14125890369118014593834026219524361819
19660032793426917451175899564460747828
47498882143250752367225179754389802472
35864905246652523535665807696249705672
24022793714552925700168401746839072352
2829980179688397907837688332575668150
6309136643467343766325844128418891680
48453219222666757081713933919156653703
7948356423408160148356062584577688197
24590318494602511781147084861288977050
14789947774680320283269943412312864223
52191005747826156332570047212025470747
5396669865457860987424199234716524298
1679866293478439697475593860507320848
4477175266439715892701368104711424618
56469197789341848148542693473214853128
855605315454785914561001112200184708
5542355003250195731168397704845863156
974847789626840075373013435373107552
60374060741709892279994528746319417424
29845845034778110562326586790319057160
2746167572570061885918049663907163426
7440197175406638791119418641118925
3995000326640541389556221270965510866
31587168511248247669540924676684491040
17853729258927274764395336299305864060
676309810080772669929621315279559940
1649622422143330766541611208429450050
6814708720112257239762434652533933046
13852856368794532375934249709943706104
11390305800109789789998431431691480320
714363465138579680037606186948670740
21448183927441714682733144440781709788
4471083806222241617998014431866440195
40942535664257991976133842898132208926
9917268577143938618039457631703783036
4926996050878534277972653107831441987
2754109512121264518613622797716443151
17584656440909288933763347797671680800
50321794227843633458910717293015325600
25563824210770534626192498847109059037
6685073045731441622561300463964969764
24322742801892359135648155196879200960
15084667821864042038224089559523088540
7857291916376028907254058564303879322
54862432416003738242194434719402141488
19408987183110715342345419770872067550
20378542329357885094179189897068788713
197696310369843783183770654882524290
38065955165805088552907499350075865
18971006456720683033654632164591950858
13255747609876872617614706023529652399
1208115542129522480045232559413898128
19645442702959961393927930008385243694
30100842065095150104499290696762421632
3567113035629766490449803157644495348
6692337240193930908398770110951320506
712696173934792941357721024287416548
709691395669754834007194289299772381
39545126169511503014218540262550017360
17333585627656947334060744177236770760
57482326450295257733512967984057464821
42049392345249857484627533844818498130
25098097918429392954839716774256365035
46275430788223862889449151636844126967
25407225284102519157629351893304633596
45377453189999150896208606031661410610
47268774718187774074667648542638600864
5962070594625897455248148383837052340
32637381131497653998340051679382462880
7601161252146040351057076378741023948
6270876575370463011212719107587750998
37213187330016460537722934770918024976
3908013163063045795106727689106945201
30754988935158949546887810897448006194
30029940715348612650780173306700371571
7068191743345184828021337622515356107
23613233545059111580199870317585435624
409443678451377963661023376700979312
37251671227916396829576919978169366996
7771805312425631332836251389791741376
393502550206105508526924727275193520
20656819151993497623864207589829175960
2185870932051165110562329698864017704
7549809039676921718118080283104474247
2007352575541069284193242542186946168
11885212478149216272603164289439019214
26185870187791363149703534839501432027
42638779254786915459638204706911526850
403955576825252446651094522441491740
2520302075014301612375124730191022056
19648389622982566490708801329928365895
9757303900293359318190306667789042405
14057102669666785063379108761829776812
5419129984174501439311191550307348484
5770688165350210650736362557294901372
53466127486659940256097246995183740800
11798616723717180331064454335926321836
12621310217974611861063050247609623938
40961043674938131257583742730198031702
25321287036854791460695293758593504440
5063477912777262994295635671629179672
16764008556948127088335260995453667140
17617382150082525006789819548027016250
38175958741099481470804222271007123927
70482632507028917447280604089353882172
15167295131859756837214361062684873200
49038149511899928276025271632905511152
1488602551819962773944453146516997680
56167476680381160611989968054841954656
58417581392159892760240961231570457778
57558856967404335342740281187566059156
15356047807520409137663961072021062724
446218644061512269828691280067717337
21440995988731644597033801445552166292
48092111707248033691112619407678304924
24624360341694982754411030639248928059
25845439997152394845997657176000193184
595151260952251785257402091385215290
3211238957370807307094430337201476950
8005966913369662078518600987153788852
80875930671807875903348023681054530
15150143775258581199550083377811979305
10624001339290702184058906686324401687
6524931458127965472535954134225397905
43816446768000483405623183101349209941
74709260061330422738192021245685606188
7806065087524888005515500668444740016
75920048340727229315711899853746591206
6930846956176713011512231815537745888
6181724375324140424446831418782616520
4184820969515245532685534237708601497
27157846503960774015518679283199217650
491706851641944891210804487171631035
55559201040333061961458689440952755238
8794808320805456430312884958901970436
6121293972531293576156763222542543310
12412354607978491638987344580704328000
13985465134274270678000425026797006290
15758310178225193442843673412779251400
20084031570035184073011821339668966032
15733523514080251042242155718414108774
14687137139021402567963000109387637887
20886767265020762525561998955562382848
23448849605399225315551043984216141816
1935265113062691482899700121688169520
1136919047752022036751997233540523942
982177058449843709389030687354819540
6401485947048603744870037686198949419
33667903758417657348849409086972626184
33667903758417657348849409086972626184
33006193450856005182477310245794229210
439785880278124229240823463177956788
29798886374325369123999399278866895105
21295211154871816263118650711130207830
914101003107328773789455710952812605
2987944491397735365242546831582717658
12192514682364592581965031040630640000
2906032055601217333915644322544607647
74981566502434132062723206531083111566
57565147279064880953735517436230515
19762168584655977956083900963077961750
15484552063641532864357320647122542804
11425568610943349630411335309271752504
29300509510231548552045645494618389890
2108058754690687527869061884460225901
10436141966371825949780789223069018061
38238076255834074670591443004687760246
12231788179926281909207144056758342618
8344948717064412356599481073147212596
3941940027617687501234985347895170298
3632803691102104014944677183864296816
3477683725402111313211197144121422816
12500666694934060634966162117430554129
70675427732971948383680550280193749214
24933306367559146249399704925373398060
27617366711135443848712071650909945919
55108202835164936995053063079626480860
5493880847732281664446246827107315652
2527031602227225184922241004580219566
21139971558749143351435649759471499600
28910125807208444383648500280148009936
31695344038678585393588778726334476848
7470447484802046365083172586483021499
27810557049609430589191813627809771552
47484920532379890041003515927163733536
37457482199480438544685016554993074677
4460186112139493864893676404060698975
21424928011167100888987941139586934464
4955442222110452317603876345022103740
70178322902642883890696731241031074334
21494204517433556138748500788522718310
38879603460111986739122096884205110844
23645208702576944125710303705601405399
27397626216800894588219736047189863164
4445498677721002183551062813516734084
34132184512999721820730038428141835976
27467888421696466508236097312561454184
41621350647688714561187438423688091008
17913646709152904673212232271290968064
8126214054352838738398398579535381410
56647439665218847718971928284664070524
41262614493177819943635126243326942520
16218640170215784380905278610253330
53822989991400746726205483582027631683
66890322624248153176857535891187480744
27452709935742893235196657595022932192
3067049223432403886914036501346119839
31405419456335917709966700063594636900
41281593733183041226225158867930490038
9910151172952558597051942628955762251
2170698094329058825901196198847816520
972695039440009912043245667048115060
59425057988837688008059952731736650080
9980530003574023163123444377725241296
951251771792156075056814601910422060
15502873287043559059303522045508117059
44401583787911272793671605570427407695
16323114162772913469651065481600335595
30564242373929363950397504541353451426
17619488845299406951333461342728110140
17322944574504679467195029690580009588
4953366272971611869330059224446795715
42311613764113693021680409631733747390
1241197010396781427723571060635628960
35773010100875831518042017625611500836
1749534465007664140890693480625879671
29380473080084234796497586349121794524
3117605925802917467681658268105465328
9375292187647718368452840214754618496
3450758713586926548713637513525822300
290531326204536461265676967748079224
29102180068704082515933855864416752116
2974562980706308515931861339171282280
33195602513196266073664410599761434130
19193550350104810039546589022765780336
13126162107828331239918030895317449684
10405437896324492122406936768602605387
4610808752353606521868722076947800947
1536379535265202817956287753146755400
6740016891906957787229852355807942576
16787156475379945540112565058202042708
15364768625903240167889586254632797834
6690656045918690022360343160216061665
29946853209678309279277512664758318643
12643546975815219623797194388089330413
35438189379165108593792131391390252722
21293598289621367789446376665201987590
1419665294892153245434670347391708120
24229644541772325832768108703309957699
17557556618323418909160805950930350400
19296766819959831855756140788026967000
4537231018015402079596501484650777410
30460563832607884170688565499979356299
5302295686958906316812681993361210446
55792064498684500286163319180760335548
14125890369118014593834026219524361819
19660032793426917451175899564460747828
47498882143250752367225179754389802472
35864905246652523535665807696249705672
24022793714552925700168401746839072352
2829980179688397907837688332575668150
6309136643467343766325844128418891680
48453219222666757081713933919156653703
7948356423408160148356062584577688197
24590318494602511781147084861288977050
14789947774680320283269943412312864223
52191005747826156332570047212025470747
5396669865457860987424199234716524298
1679866293478439697475593860507320848
4477175266439715892701368104711424618
56469197789341848148542693473214853128
855605315454785914561001112200184708
5542355003250195731168397704845863156
974847789626840075373013435373107552
60374060741709892279994528746319417424
29845845034778110562326586790319057160
2746167572570061885918049663907163426
7440197175406638791119418641118925
3995000326640541389556221270965510866
31587168511248247669540924676684491040
17853729258927274764395336299305864060
676309810080772669929621315279559940
1649622422143330766541611208429450050
6814708720112257239762434652533933046
13852856368794532375934249709943706104
11390305800109789789998431431691480320
714363465138579680037606186948670740
21448183927441714682733144440781709788
4471083806222241617998014431866440195
40942535664257991976133842898132208926
9917268577143938618039457631703783036
4926996050878534277972653107831441987
2754109512121264518613622797716443151
17584656440909288933763347797671680800
50321794227843633458910717293015325600
25563824210770534626192498847109059037
6685073045731441622561300463964969764
24322742801892359135648155196879200960
15084667821864042038224089559523088540
7857291916376028907254058564303879322
54862432416003738242194434719402141488
19408987183110715342345419770872067550
20378542329357885094179189897068788713
197696310369843783183770654882524290
38065955165805088552907499350075865
18971006456720683033654632164591950858
13255747609876872617614706023529652399
1208115542129522480045232559413898128
19645442702959961393927930008385243694
30100842065095150104499290696762421632
3567113035629766490449803157644495348
6692337240193930908398770110951320506
712696173934792941357721024287416548
709691395669754834007194289299772381
39545126169511503014218540262550017360
17333585627656947334060744177236770760
57482326450295257733512967984057464821
42049392345249857484627533844818498130
25098097918429392954839716774256365035
46275430788223862889449151636844126967
25407225284102519157629351893304633596
45377453189999150896208606031661410610
47268774718187774074667648542638600864
5962070594625897455248148383837052340
32637381131497653998340051679382462880
7601161252146040351057076378741023948
6270876575370463011212719107587750998
37213187330016460537722934770918024976
3908013163063045795106727689106945201
30754988935158949546887810897448006194
30029940715348612650780173306700371571
7068191743345184828021337622515356107
23613233545059111580199870317585435624
409443678451377963661023376700979312
37251671227916396829576919978169366996
7771805312425631332836251389791741376
393502550206105508526924727275193520
20656819151993497623864207589829175960
2185870932051165110562329698864017704
7549809039676921718118080283104474247
2007352575541069284193242542186946168
11885212478149216272603164289439019214
26185870187791363149703534839501432027
42638779254786915459638204706911526850
403955576825252446651094522441491740
2520302075014301612375124730191022056
19648389622982566490708801329928365895
9757303900293359318190306667789042405
14057102669666785063379108761829776812
5419129984174501439311191550307348484
5770688165350210650736362557294901372
53466127486659940256097246995183740800
11798616723717180331064454335926321836
12621310217974611861063050247609623938
40961043674938131257583742730198031702
25321287036854791460695293758593504440
5063477912777262994295635671629179672
16764008556948127088335260995453667140
17617382150082525006789819548027016250
38175958741099481470804222271007123927
70482632507028917447280604089353882172
15167295131859756837214361062684873200
49038149511899928276025271632905511152
1488602551819962773944453146516997680
56167476680381160611989968054841954656
58417581392159892760240961231570457778
57558856967404335342740281187566059156
15356047807520409137663961072021062724
446218644061512269828691280067717337
21440995988731644597033801445552166292
48092111707248033691112619407678304924
24624360341694982754411030639248928059
25845439997152394845997657176000193184
595151260952251785257402091385215290
3211238957370807307094430337201476950
8005966913369662078518600987153788852
80875930671807875903348023681054530
15150143775258581199550083377811979305
10624001339290702184058906686324401687
6524931458127965472535954134225397905
43816446768000483405623183101349209941
74709260061330422738192021245685606188
7806065087524888005515500668444740016
75920048340727229315711899853746591206
6930846956176713011512231815537745888
6181724375324140424446831418782616520
4184820969515245532685534237708601497
27157846503960774015518679283199217650
491706851641944891210804487171631035
55559201040333061961458689440952755238
8794808320805456430312884958901970436
6121293972531293576156763222542543310
12412354607978491638987344580704328000
13985465134274270678000425026797006290
15758310178225193442843673412779251400
20084031570035184073011821339668966032
15733523514080251042242155718414108774
14687137139021402567963000109387637887
20886767265020762525561998955562382848
23448849605399225315551043984216141816
1935265113062691482899700121688169520
1136919047752022036751997233540523942
982177058449843709389030687354819540
6401485947048603744870037686198949419
33667903758417657348849409086972626184
