1241876013105556405211317625660617050
1387861148192050446088736673631431938
23586408570219143586566662078445503902
112442456267713706261083680577738638
18545817718512297564172067603139128703
32270100356063295128086720030518236757
27263527269339133655761364876138169468
8723424538368183662736666319471401625
28823330302827526665075005967943128320
5564331684445719435126354636043143908
3844815135707796487204083691420728903
10530379728729808580818303295525280
5312377887708838514758812455261074085
22230309171232701613113372081359572653
37930425628446612634764298029132786408
26465361129467830776845882575939949825
4840548224881113197825084270906837258
2627985592319933476266480283987889300
241157756953734393161115817066717717
7613484574509935396931108856249380978
40739861649303882806926224843632805269
69405663464369379222401181286768835344
18552806170761045405598089885355306584
7217046757570860810684526941807707358
44359945707035095462128465325267527632
1041639613595931428903836391621834616
3768850419249159315119945083211994992
15615607791757720138615650519501424668
27614078904160489599663178536866230380
63764151138875798568941133128861293364
7681843126011982438932743684125458555
40198901689464215796658136584069451466
58162881513539762100811895795912834027
34553516442152690128620193934607858451
36199278716730855423381730578942149640
25035746668247116686347414395580676592
44564857209045303662321001168149618800
48456416071361212156621393950305539008
42860289581022497613677967150386623492
11268774871663341526420420150624220764
1022137688426218653768076282459419795
5433695798846529674858216380389422910
18495287400058438707082565163722829252
25238419576956842793849150000107591503
27753962123597806900292065389282582034
3106984616393269033087006931697902162
14907115818103862429405253833001746665
8689720211522734225516492188405337317
77620077891841430222104772394596016140
17407838368990220141121510116639121675
14108596563064355238150886340186557026
515722489946819173253884991937286552
9721801652356395168367557608755978086
333866561278111898857609850344324501
48087852099819682785358234240869900376
3066661641987522887656006481620698035
39631088643970025770380453254875733780
9925618849476103219710924539552580190
46282153418885003454069177285671992535
38985203954404445357886328015874347707
9196610846795633081194917747710730972
1824172070478889991237259463510384032
29407132337304155505021848051674317904
38745168710409121796045202629086789101
5845077873329934194229155036286599285
35481780976546912909538218002486976595
3195115276101196436452120661374022037
4334693108042295207054924501877224855
2917525239127125301790657102104302162
534067095465605764717629365117367600
2538694205831630943256087976231542547
31336222752596155992351008380257645264
784605843616706918828941238371063680
6387628273079766972463844527836738560
11157969034738816021476204064083618789
45656660549099366367287107678313177832
4584494299699270021295323180333505140
19036083008216704272174207392778898875
46547027777991724076323447377351721284
18104015684616729983401583868989742708
53386489607409073295764384417101880265
61996317489433140375628870777831831844
14520925999406917904183856101529900300
44858023566751252821728913858132598367
22635826186319082506465568849513973800
8281827531953269107282673594077852984
5862544333515299002506045538738950090
37704888674261021723123122603795691068
7679868013070181648183793311952063728
13900075406325341180712699324712378722
40857396324612099249583282833642193668
13612081889870784065158260071272874868
1962297507380531592804804157872964071
31930779520756641493866386897489102560
275808657401474497181363186462256684
8962490317289650568281325032103619208
2494819649717726161518230508018069532
23133804869425944378047756487380915050
458768188945414334556124625210730920
217910348700995260042670811558530700
10195024145688467016992030428295264265
3400752165530296539205582252285700091
1491928467377167104307583414217485241
30717045838542087092144579696579664666
40467265865423168860400446962669677720
604503830977081192607259799757240650
18935768173975157994852160949772956115
14174476655560455695310468940789699125
62432762421311860490134944895903776384
26723720442783033862058829488011611456
9889674822494922477468888388251407344
16479295054391135315407457981093265886
53902199508516287579705990142639122916
50444592352075069383740215516198117250
4086513524530128573006310322293243164
3285151637372745744671774325026691600
4511016430681069367422194823201382850
45817237582831455931405243887942947745
23503615410648757652413281818794677616
5265963683942423136453073447635986308
9073410561492543647642637004369921824
586550452734577284676341696989920484
12185812535820439843097406625759037400
16972885772126443383707766553383511328
12092838378269179946817394621337463592
3491144400282592057879732400525906560
39459403379624339985178392938743013918
82553102814951019456504446106426310
2230907252795416185196175731304714001
27501183796830333002989769841614590752
7658299001135807463650740135770235720
48480045587739120014415909605979953040
41771685729925055019189645033626601202
1813616414970930441340735694871089309
3917595849084481250097097657355135494
7624984482902474174194559917408637631
29232228547661715775136889682143929868
12179122456115317844252559264451791093
6976566718535510933055909140514188950
3676826250188916523758822448080570196
29572783871886715064517596099675697214
9044582852785228522501013296876861554
6063898981559798155746791956848890592
32221955932899886108786595157400682007
25521052289979428413167863131662684708
49713234867162373764136068310415521192
13340752275452455777075754253431942240
5239322710982443406831294573574874098
25269129460910070437004518547010716304
14810084102472808810433449782887336100
33981958599289722451680231824470600875
7419453985790747745695908831645416475
7078685076132819481158148245611556418
26441654297281727488268956608786410390
26102983760771181504038575910472368828
7330658179221490961825003356982560575
25854392188009985947045404831704244763
12112686358116374278313444780129530941
7752884668370953718108605914103726741
27030986819427517826612810851585481892
60722769800312619123721157128648542385
46154157305282349009361099783446599000
25459868796713458346345132647338826325
4080942122862457695897009870383269636
3603410304736961100637149050203282374
811782641227067559964363611424999264
1018281216505626551246171854772636536
13002833926626242158075954860528149520
11084275296661082544236743781034299456
615628757873946790132941247944015096
35671635147433826486629620824565544419
10394967144128725733851571236045430132
8290143115027478816732151987891965918
39645218793909649530544680833326488673
5075202802159509179619353487094777716
26854706671129119192432868695914934530
35531064522683028962520976676823733230
3914009582225172244196201636710873245
56494887996380045687412283163533432104
19780809033104089147688617153266931692
32445337366333367987125349394500293656
59062223742911259994408761640333898807
11798155573431656738112711445314356351
30894916328225267775067358448057492138
19048687150624329098415207444337278000
38812838324687940661135552216557257662
64881276252031907712863292819459501432
6392483496856012437170401837291833234
35455633293562345285613582150446638915
2508553833456282276762998859011341610
9690763392041090142363134188415256522
22579101372425591340584616460635634392
37313303702360009683011100162984480590
7960742421270351616657356036124180568
2976587364666839136001932835041371258
7005750640676070648532638729333928200
52943081672335860067833553095399624300
7279003533521305669814271838378966050
1250715135453364179259203028457963668
15618687373820749598697667274879269810
29523778839584918638370016376000874370
25453652483283656578505827825661194473
29198836930261163234087410612425259800
23840504935708791027006968503885186395
64854077943565877480297395518636441600
66669375672389557831163811314763636920
23913725616219848240340022902285555306
5137990872445236672209414929090498700
33435218677626387921872944860254264103
15192283442302456621819454926136078426
53988272669513135018639887521115865607
27141409129754925993724285386813197670
22438388766345031457830789473396157375
16309968439772964941690379433596414842
28303376485414408217223878870823034297
5751976481464046163623307023773412850
16522535306474467539782412952395127458
21137947783548682931179435610271585044
13671302445209605965141714376635111653
6438126652884885745253434192347926232
3987696069222228942439621682495344730
19847693871028781621572532014000144632
21090257203759764781040766681991170455
44703353651941898760748277858620572720
23933229720244499181754860193590936954
19702461955965899921494592596866670108
17702558832279744557667726945986175816
207388327096917596053602046788495081
11399167110925664491606910210869089113
2032080212060933972704436615133096870
1346998868331450322705308408578751680
25092708409965096584100705885410861256
8006540515134079003883239696531557084
5188710771682537835621659572416953132
5915131357393293360498228893165491109
31407854189500515727910438911629568374
54009280433006135149169332348582586761
32123567293363015050163508328437134017
12150771554205051683949568133641888517
18319553315532674838254077152510784647
12710412013910625511557277724785159168
8513869254708542451676984804397862360
15528642035216927185732133544284071548
239735264002659918765268374819344838
73393639213915353577394658194961319024
37484929307577842267281190361185079960
33260172388184414610515266028764950912
87627232615152813817092937937531829
39767625644227933444807057130871533202
23177804784926218111542476099398635540
41820277160536228705481939560696627306
103440901208508120477727443741562943
736924752722402666635091959189019493
42406122634766561977742279009073850380
8691002224541327119742965987756969625
27284517977231736014791849158646819554
33006193450856005182477310245794229210
439785880278124229240823463177956788
29798886374325369123999399278866895105
21295211154871816263118650711130207830
914101003107328773789455710952812605
2987944491397735365242546831582717658
12192514682364592581965031040630640000
2906032055601217333915644322544607647
74981566502434132062723206531083111566
57565147279064880953735517436230515
19762168584655977956083900963077961750
15484552063641532864357320647122542804
11425568610943349630411335309271752504
29300509510231548552045645494618389890
2108058754690687527869061884460225901
10436141966371825949780789223069018061
38238076255834074670591443004687760246
12231788179926281909207144056758342618
8344948717064412356599481073147212596
3941940027617687501234985347895170298
3632803691102104014944677183864296816
3477683725402111313211197144121422816
12500666694934060634966162117430554129
70675427732971948383680550280193749214
24933306367559146249399704925373398060
27617366711135443848712071650909945919
55108202835164936995053063079626480860
5493880847732281664446246827107315652
2527031602227225184922241004580219566
21139971558749143351435649759471499600
28910125807208444383648500280148009936
31695344038678585393588778726334476848
7470447484802046365083172586483021499
27810557049609430589191813627809771552
47484920532379890041003515927163733536
37457482199480438544685016554993074677
4460186112139493864893676404060698975
21424928011167100888987941139586934464
4955442222110452317603876345022103740
70178322902642883890696731241031074334
21494204517433556138748500788522718310
38879603460111986739122096884205110844
23645208702576944125710303705601405399
27397626216800894588219736047189863164
4445498677721002183551062813516734084
34132184512999721820730038428141835976
27467888421696466508236097312561454184
41621350647688714561187438423688091008
17913646709152904673212232271290968064
8126214054352838738398398579535381410
56647439665218847718971928284664070524
41262614493177819943635126243326942520
16218640170215784380905278610253330
53822989991400746726205483582027631683
66890322624248153176857535891187480744
27452709935742893235196657595022932192
3067049223432403886914036501346119839
31405419456335917709966700063594636900
41281593733183041226225158867930490038
9910151172952558597051942628955762251
2170698094329058825901196198847816520
972695039440009912043245667048115060
59425057988837688008059952731736650080
9980530003574023163123444377725241296
951251771792156075056814601910422060
15502873287043559059303522045508117059
44401583787911272793671605570427407695
16323114162772913469651065481600335595
30564242373929363950397504541353451426
17619488845299406951333461342728110140
17322944574504679467195029690580009588
4953366272971611869330059224446795715
42311613764113693021680409631733747390
1241197010396781427723571060635628960
35773010100875831518042017625611500836
1749534465007664140890693480625879671
29380473080084234796497586349121794524
3117605925802917467681658268105465328
9375292187647718368452840214754618496
3450758713586926548713637513525822300
290531326204536461265676967748079224
29102180068704082515933855864416752116
2974562980706308515931861339171282280
33195602513196266073664410599761434130
19193550350104810039546589022765780336
13126162107828331239918030895317449684
10405437896324492122406936768602605387
4610808752353606521868722076947800947
1536379535265202817956287753146755400
6740016891906957787229852355807942576
16787156475379945540112565058202042708
15364768625903240167889586254632797834
6690656045918690022360343160216061665
29946853209678309279277512664758318643
12643546975815219623797194388089330413
35438189379165108593792131391390252722
21293598289621367789446376665201987590
1419665294892153245434670347391708120
24229644541772325832768108703309957699
17557556618323418909160805950930350400
19296766819959831855756140788026967000
4537231018015402079596501484650777410
30460563832607884170688565499979356299
5302295686958906316812681993361210446
55792064498684500286163319180760335548
14125890369118014593834026219524361819
19660032793426917451175899564460747828
47498882143250752367225179754389802472
35864905246652523535665807696249705672
24022793714552925700168401746839072352
2829980179688397907837688332575668150
6309136643467343766325844128418891680
48453219222666757081713933919156653703
7948356423408160148356062584577688197
24590318494602511781147084861288977050
14789947774680320283269943412312864223
52191005747826156332570047212025470747
5396669865457860987424199234716524298
1679866293478439697475593860507320848
4477175266439715892701368104711424618
56469197789341848148542693473214853128
855605315454785914561001112200184708
5542355003250195731168397704845863156
974847789626840075373013435373107552
60374060741709892279994528746319417424
29845845034778110562326586790319057160
2746167572570061885918049663907163426
7440197175406638791119418641118925
3995000326640541389556221270965510866
31587168511248247669540924676684491040
17853729258927274764395336299305864060
676309810080772669929621315279559940
1649622422143330766541611208429450050
6814708720112257239762434652533933046
13852856368794532375934249709943706104
11390305800109789789998431431691480320
714363465138579680037606186948670740
21448183927441714682733144440781709788
4471083806222241617998014431866440195
40942535664257991976133842898132208926
9917268577143938618039457631703783036
4926996050878534277972653107831441987
2754109512121264518613622797716443151
17584656440909288933763347797671680800
50321794227843633458910717293015325600
25563824210770534626192498847109059037
6685073045731441622561300463964969764
24322742801892359135648155196879200960
15084667821864042038224089559523088540
7857291916376028907254058564303879322
54862432416003738242194434719402141488
19408987183110715342345419770872067550
20378542329357885094179189897068788713
197696310369843783183770654882524290
38065955165805088552907499350075865
18971006456720683033654632164591950858
13255747609876872617614706023529652399
1208115542129522480045232559413898128
19645442702959961393927930008385243694
30100842065095150104499290696762421632
3567113035629766490449803157644495348
6692337240193930908398770110951320506
712696173934792941357721024287416548
709691395669754834007194289299772381
39545126169511503014218540262550017360
17333585627656947334060744177236770760
57482326450295257733512967984057464821
42049392345249857484627533844818498130
25098097918429392954839716774256365035
46275430788223862889449151636844126967
25407225284102519157629351893304633596
45377453189999150896208606031661410610
47268774718187774074667648542638600864
5962070594625897455248148383837052340
32637381131497653998340051679382462880
7601161252146040351057076378741023948
6270876575370463011212719107587750998
37213187330016460537722934770918024976
3908013163063045795106727689106945201
30754988935158949546887810897448006194
30029940715348612650780173306700371571
7068191743345184828021337622515356107
23613233545059111580199870317585435624
409443678451377963661023376700979312
37251671227916396829576919978169366996
7771805312425631332836251389791741376
393502550206105508526924727275193520
20656819151993497623864207589829175960
2185870932051165110562329698864017704
7549809039676921718118080283104474247
2007352575541069284193242542186946168
11885212478149216272603164289439019214
26185870187791363149703534839501432027
42638779254786915459638204706911526850
403955576825252446651094522441491740
2520302075014301612375124730191022056
19648389622982566490708801329928365895
9757303900293359318190306667789042405
14057102669666785063379108761829776812
5419129984174501439311191550307348484
5770688165350210650736362557294901372
53466127486659940256097246995183740800
11798616723717180331064454335926321836
12621310217974611861063050247609623938
40961043674938131257583742730198031702
25321287036854791460695293758593504440
5063477912777262994295635671629179672
16764008556948127088335260995453667140
17617382150082525006789819548027016250
38175958741099481470804222271007123927
70482632507028917447280604089353882172
15167295131859756837214361062684873200
49038149511899928276025271632905511152
1488602551819962773944453146516997680
56167476680381160611989968054841954656
58417581392159892760240961231570457778
57558856967404335342740281187566059156
15356047807520409137663961072021062724
446218644061512269828691280067717337
21440995988731644597033801445552166292
48092111707248033691112619407678304924
24624360341694982754411030639248928059
25845439997152394845997657176000193184
595151260952251785257402091385215290
3211238957370807307094430337201476950
8005966913369662078518600987153788852
80875930671807875903348023681054530
15150143775258581199550083377811979305
10624001339290702184058906686324401687
6524931458127965472535954134225397905
43816446768000483405623183101349209941
74709260061330422738192021245685606188
7806065087524888005515500668444740016
75920048340727229315711899853746591206
6930846956176713011512231815537745888
6181724375324140424446831418782616520
4184820969515245532685534237708601497
27157846503960774015518679283199217650
491706851641944891210804487171631035
55559201040333061961458689440952755238
8794808320805456430312884958901970436
6121293972531293576156763222542543310
12412354607978491638987344580704328000
13985465134274270678000425026797006290
15758310178225193442843673412779251400
20084031570035184073011821339668966032
15733523514080251042242155718414108774
14687137139021402567963000109387637887
20886767265020762525561998955562382848
23448849605399225315551043984216141816
1935265113062691482899700121688169520
1136919047752022036751997233540523942
982177058449843709389030687354819540
6401485947048603744870037686198949419
33667903758417657348849409086972626184
