3650612729802509393
6373143555160559008
3753179056523845304
8136989800684967350
7436040610631581869
14948197605071460122
13253480494273398545
15385489754656851725
8646838403414242797
2749625952556373285
5714426331770940892
7775094170708499208
17308107685204427133
56915529554351574
16506479887042019387
1158256477759735265
13627047691540451800
3656519607462816765
13402186623070465182
1023945646910434878
5953318020363015854
5527394879798913481
15540159337061839312
2295065290417859668
10069835254030256521
15022657527735180489
16669852515753380478
3978898060732657770
15563689264071107484
8866839245973022581
12931378062774868173
12015040054237381435
13257794646532377601
9175147684200142043
11949699534093161569
11218400938292311626
12138046906517085318
76500789492429531
14468522408971730383
9615940175309114493
10960417236194506669
18270836768835117899
7259160793382537096
6014767605767381313
1042021847330332212
7723156691562447329
5060500973009364679
2929924251799164618
7175595585336144215
12375768224974321814
9571557546488929111
3362478200688939956
2767154103731737718
3305495290991537681
16416795601552217313
11214369325952736015
3695024388424942708
4741908241681471841
6417584360409144559
4070856856195132565
6759186760584234852
17810947792053168880
17764355122319812732
1120413035148061954
8531533660024806002
1508611858179186053
17049665286589141879
10386897595603294206
16620652642836863589
2779347182495549804
4400474096987167765
13779823994494537102
8209527541268014748
15710452343564909538
2167887139951328621
16654887460431510026
13782602576448677971
4907594026153684862
1182899456272038385
14304198699233921411
11459642233315035241
4945766659720662275
2096160896283773438
12536411608917081288
11859805725884791725
14312349100777844072
14692871972138126539
8686187384410874795
14956576927737236761
1166221982476279582
9610299391936654124
12608599154779840112
18413099705217743515
6615597059642515122
12619898551188644568
5516937597763824348
11816361505372538574
14438499899559634119
17699083626407542320
14601179451812745480
2193661439299313353
7147557189267810082
1123535290154836030
14167440162493990130
7676946842512151014
9593037891772937375
16892156488007725615
7007276673025339842
1394957942554346718
12457673264435393778
14798549205517722638
15539697031920449503
8143558305100704704
2699466706348952530
11494475112283154587
5811172494465959881
15040704695742442316
17803303233985995453
7330877866507102131
17563681307775826494
1249406254814247443
1300261741389091458
7598163035763856001
2535877570725615321
5685628893370657196
8593066090048875546
14760601535565789144
10572052679735335235
14038790784620119610
12711704297087358422
18245708503299160767
3969987402670393611
15370775861914672360
14056031818030334933
18201968526804366411
10721541777989419664
14537149424451301218
16740839979718679
2836158485196553425
13793088867553387296
2439044731505358625
10409921374737923997
10818921578896161083
7552563782088676690
10150061072114150287
2966429757215164819
3923570580578973690
9288069383645651484
17189155367555691600
5322173660290107858
14155296384167502261
11242913163150440579
704494302874639168
18090259931272541876
9249346686506224036
16872784596533832169
6767663582284631598
45831678711864382
11412886028124200045
4014742084788811725
9664154314617502087
17339890761100802573
12999664654614053573
9574526346082698721
6152471580751728095
5758197353886627256
13324801725857785677
4578107484105794806
12885155590348620295
17402342114750139000
11438469965181127698
14701010776680076340
7724535361921567597
2026419759165880448
356835979307074514
1492762623490789190
9939623874409965355
15129694683407770181
2627524449827558374
14756998236121589624
991239938745038880
4269428650612314009
603277017315962877
9278767642099865518
2081213815012880554
10239127649927690952
2520591426695167871
10041698200703082447
16434864161801476818
17724209460538428105
7630995773023604059
11528997218774225238
1031331812467333601
6670033713730009768
17737592725289269734
15273006528013434258
8320344229486691361
5525862909494826766
14224635649737266645
12621601233281081240
6671313425854443124
6280927306672179053
3103853365321642087
14045934743450661536
9322366775403537283
15029532027165869658
12163299607188844435
5983519714786072530
14372964349846800189
13356382816303586643
8427738552838728945
16177391988697932236
403922572842642026
1097664458374702708
6299671687095101886
8733806930850339891
17524006289229626012
3557112449314505040
3996540400794530165
3487685926771150996
17748213708541104688
3504292451697477744
8236083416393053831
17144565521865495303
3119527333241134362
3693822212076747911
8345418842116244915
11302594288399869076
5273896955984916934
728316004819900054
14368888004063217174
2484766216780096164
9751762627382837368
10592347304613807692
5105110442181674226
4840944710975271148
4587642371229044202
11875017021007421207
10920763912111654220
294118454693965899
10383878072106876822
17292216332134812378
12825387104551917837
6116111152278482767
9685109387513791260
2090338338400247168
17553928303971402184
15776226174773779307
9007623078085933289
12989766140964917901
7431002112412239699
2493677234405584588
11655386646320156122
9754443870697101784
10233501174300655933
