3830878611487212295
8001129736450494035
7232414124502945615
2969942389197768949
10703187442085413110
11946558534023999026
487897898798755603
2066341229667270358
12477732118163468033
9679053918074748466
9254412183142339427
6175346796935795824
7418238720741001041
15726621255153816989
4482570028548634328
5306642159306675224
17644984691788942181
16357505002785643287
4589573914848443297
9282002511240683316
9857556796432102194
589357928784593345
17787886438961200377
15406817433203818676
945231780604728126
12883175404794820927
15321617631351959948
10347979787712374873
7298947878606556590
17663530886712234867
8723309521939694716
6411665420590066695
7757567726391709743
12738864544042062421
11611438536662179035
7730093121606183543
12308684352927944220
10108655382482122050
15578529270324489490
7509154911649780315
17726336372259050221
16517362154345168058
17966410287494998937
17467267026846748652
9541982301770119501
13949954664313625280
6032842492366035377
5427726096092507383
8258896822901451399
16825936954959766731
17451235255188027793
10369435069825981861
13203822132654872447
4777769702059101691
17938214662499981880
17702393702911069948
7161632628633926985
16581761944784937124
9570418931868324498
8225830233292747417
13902765986442298035
16655680710764358599
17664072968953572045
11894374333203472379
13775651390456388604
5347665845340373982
15355818906372618734
9014349222291070511
6605808128401950931
9313894667613283984
977546824806585598
3627439548803098766
10835812884671859632
10531021230176077096
4939514732921931008
11282838524756874783
15515761292752284148
8901298457905742626
15914534718395389652
2423544895447589516
15643446518957820410
7485193316041949022
1843703524438242041
12084811250181012735
16555757701935329598
9130442831778624490
11719868570304747723
3094903742198622413
18259414539142780330
4126759049363521787
13359623875556097521
10388974832011371551
18126267449987996929
4050456572928518732
6628300968599578813
16096758084449717022
2199560759282173008
17716203407119382179
16538784176319685142
15047989161607030383
12264068174241356469
2519139855649135899
11425690482523771625
13410882962590715862
4427228098963460912
7805021378216099665
18398698596411529126
14531617663263943877
2261749762271288960
13915305392141318729
14411019246307830806
1259732839014158922
1416217042057836208
15445473731754106898
17705171953937512755
12488678080931125028
15856047985708370893
14778078319176454879
6508747959766001649
12543796747841058335
15820132986873362217
5313970780618455105
5498627633771341534
12834231294238369774
801806053674367228
13621681939414429908
7540666113649289135
3997353379942731949
4861959592721210930
6288563990831045793
11121624458942770721
11533728259542880095
4331917251714878051
13310278526385048806
11525968561662466750
2265877494097794613
15959457038877465478
6624032518809709012
2854780995188591782
4435242245670831959
2980871821355940979
14860614725995541715
10806406793942767655
11593414685969684264
7439337044378861036
15978316479163096297
16070445608265850413
12732118253130908738
6209582921449905048
8599406895734537455
4842721690048404043
8922922553913700517
1482269049653500827
16443625765517081308
8705518395484567491
3910590822512358054
11358595750342012467
3980860781802575869
17946995166725712688
7269838190744177577
1781947324551965787
14613791650226068019
3910402854425821367
36140867841403506
7071502146035926479
4666069030756680324
2299702822907282909
8544436671675987364
5335119109778925030
299320173551918148
15937538365010016977
14520198237043467520
16237022769129582438
7281732857181189765
11250307630262087170
3792541657332600379
5709833220062306657
15654703733557198132
11237616095644628798
3360138340750608180
6411897696880537303
2176108007583441805
10438963096440114112
6280351016425501254
3060369438032198396
15162738895301827209
8356173788273725618
17352412452647064692
7212840614787241008
6183641755867966289
7847946255723032546
5693500034078752095
8187307984252440675
1928280777949297771
16305340011919198514
12470968360905765487
9038070776793427486
7381167796835339209
6240059496669652774
17530922960891276157
10622718132121383979
13473396029743210375
3436592395024953812
10737464625581434572
6806878767187566043
15609471923420342879
14818014866234549397
6262883998305414541
11774379102090738740
4236474913332468722
14868174746936622422
9500059986297884700
15533550106935198791
5139419140037702535
11533402697169643570
6104980232956219788
14704206725307516784
16588732841694733936
5906556186733853775
12860968768163029516
13517396538245010883
1079039593337082088
449750952827080868
2828044114147053081
11202858487666535590
10647615982081904559
543801808026263366
13348312864326410690
12453029490543992917
17180401365697249205
10627558304144621861
2025157878468107972
9108924391886806034
15246787896195780087
10033403805726311804
9180252181068337928
12070333736619051208
2117647125987773542
4443125739206860501
12840646408770305062
3135451974569846252
11390069101106179747
4434109879874566004
9762662092026311925
8087242083079834591
11702982175525284824
17152784387739356912
13401169742200836640
11488851200076819233
16992327489488865567
18246172068044989103
18206404678662750295
1516703893169147168
14003695795131625174
2560940707419191158
