11030887859794765814
13883078224089416710
5954724257549770170
15032317604095538201
10350609740288228031
14667973840801434036
14233819140285962842
2147783012923309783
283904974066415517
9179732566743171659
167197810575916565
14735917755308258500
753558657782868768
659370052614105990
8071143540711071487
17153472643235182406
1594432816017899228
15332995220782347244
17593506142762141573
339330811498214391
8237300230609936682
7678015821258365216
7124458743538540157
3503381612204862098
1842436870580780629
14380916377115760641
13181584259682020577
18410959972421758176
4928556883210875187
189574503677710788
56717245146680369
746315251718839602
16681672583098247954
813769411235242953
2507289675973474901
5621406148877218642
2168575029880650487
16649818385330113996
18183528755370787071
11396309235585616934
7705760765669676927
1326678630540623208
16817814169552201537
7557526819060382920
10341897093439630199
7508549037150996236
12478813107136599508
10274917837327901253
5997597801517479313
13672618964782364633
3752030913759901140
10184251081240577549
2898956632254079936
7321965563522851124
10330870309917614632
7165776625973657629
9147922921360985673
11804214193413163127
3514060585888708340
3150943609800714638
11014512079891299359
784858341733893431
1735808029972999176
6896509474471150869
14123200171651326825
2630197585837926387
15604730182335640934
17822142345100001747
4474254578393791735
7303594459214444322
10942276139555291498
17887536883429800091
13767360969524926598
5595491819927954516
18269091920769606511
3319190925135275477
5827435155942807843
13230757214107933021
2815182390318053298
9134486071576815961
10300077180969575003
1518382631166704756
10231574912900931133
8450812984423972610
15224623474447349637
10184154878320100923
8432722152453497201
14164365736096939987
1239523468259373492
12039628884636025688
10782173272365504800
14742851656228589226
10322040951230742197
12325562844307760960
16743488571181978428
6433047588832492884
18136966241433813756
1344104875138104054
10967568312663398816
17654333176329856851
16139710239629706025
18187697884560446056
16889743280614374101
12395902890843265601
2385575779409994244
18245818566116906021
5018148136123904092
15516385436276385574
17127391794918292068
13999677396077693643
4804483414466021364
13485923116159015207
5162468982046183338
11074043468764242141
373722580521441107
17103107025947553986
16270394508689805221
1431130343844545754
1797088825521999243
899688618578551466
4807054106164293281
8765855194795861165
10700548013805431355
12548846787011931942
1439323491331223517
5357343871777788179
12978888633027203661
1051481543918789565
14284579776106349088
2230410237786767175
15621025457145190919
7606017675421712607
17508202774064072272
6639073147686404602
13542882777131650443
11815018764997617707
15036208132575711392
2445018411927817189
14875680613400755989
9956682333481062294
8348271402211973241
15085585384499359499
17012282652795187287
7507683166796905563
222584918683347000
5795504700866964056
4548298804797289430
1229649116086438789
347136096095468992
7356428724723704189
879497456345035459
6966370813045757552
10282189045088252723
9020214710910503323
4410802854134176329
9148967945340544287
1358470098911958955
3815003218598112911
16320508343231166666
16214389572177365054
7740024505449602451
6622013511451290304
942425802350560036
12045084936031900760
11684706316068793246
11844616396097803201
2721449600339490209
12974103881854064162
12001309775893720650
17563694147992606922
4525331465190652538
1649968900181198775
17959192808997408416
5142497977753404226
18230992078830243429
2049582631814590224
17364169692383048622
5251046610675225104
12348075935265988334
2297211755036996531
16177731926871628473
4061364004154211064
3843034025865738518
6711019681793211573
759693582003600885
14278814592101092984
7110810904007275903
7839564291027725056
14377757432690384040
9674475046857330329
3092992170400973994
17660300840254760876
11366013313160064303
15281357122168025986
11417738636094209162
5519376548418112715
916085726951565117
2159955923745099438
530463262602693837
6488991961579891880
5162601963631832163
1078340830094358833
2341426884927856283
10609232688545022345
16835402214302432374
13854053787972036528
2634667348299662084
125386619560932726
3766629155894656357
7781686944876240926
1205519904963555385
11822162157517026045
7131023857946428374
3436818144356610189
3965096557684235245
4545685554583764071
3061755105633327244
7920896156471270116
4559443804315753404
2768040413233637864
8616508756059982048
2888757374358678248
5841790236933482166
6136451696959665366
16728230218765071207
7375247712218408916
2918583222190154554
2889828900564387283
2933718345397158546
3325499066393386363
13730498446008297591
7550830011600819083
13458369961702906407
6093355642704704048
17347384090283352030
14304113912396286383
16005872425240315528
14462541327072882727
7728268317360345371
6192812677877185990
16123566605596664933
15078822762356769372
3258785477793661423
17547152542484926756
9685420845742791873
8936978069245494428
17632872181277721833
14716998117235605811
11441778762793151319
8669441117273332734
4867366053443866506
2186808529413817159
11925228416431213262
1174139412430050273
14254674472423772159
