-7183506975501116372
4878238957883625775
-7828610281598927571
-6181505615284367709
7715154501624975046
3328723555908599054
1278632020096725084
6747074776431346115
1263841049726227631
8538975315750141353
3740676069685129247
-6556212974725394303
-6115625969096100263
-1937384601284348968
8618585708081632338
4700557481062752824
1383003755594057695
6556896061670268535
257818691058139365
-8307180473376023839
36404041181519964
3478341322645736908
-79978991589578177
-8519947363393902439
-5042943115922113122
4836197657464583663
5065498134595999284
-5735652962292719929
-5938208819818265077
-7042000357202273326
6148829931007549742
-1444896157149327048
-180794185289724118
3394205945324248042
1147744418255521689
1724804962940496240
364350036924229743
-3602160489038273759
-1579892492396847968
-6019050084261869939
8550509982050173666
-4523332519604608968
-1681224047176435115
6132122011514357490
-5046772495249024060
-3996224059609250185
-6672392913383400291
2422647794502395566
319237499226153729
-8949166354678848845
8168868627913500566
-1996436020308047967
7308148262422342747
-8597478870696715613
-1217564003816822174
5937735905603109763
8415205163890202673
-9095529764091556462
4587215868719805554
5237995452742932019
-2370485231295857969
-1518159802772580742
6423733644669876794
-699955113093993306
-2161569129733446628
-4806024964289136033
-2631131717495471640
-4475251581741383541
6693818038025638377
-430261091615095265
4454150261971977416
8466990795467717147
4674877436721804036
-240393899740082399
-3543333967461686301
-9016459546099387049
13235168502956616
-7406393575992282045
8485593150758642097
-6330120063345730475
5158230707681541795
4082315641198577419
-5484373359697846970
-6295406345067502054
7930951111844343495
-8347035625496468155
1473576221764361831
1216817745274525857
7147971753226182245
-2067857600377282830
-4745019033444023093
-1414417731793343444
5111853618397266514
-3814703980571472130
-715250888747892168
-6360967694423431084
-8674514086915496775
-720697196655382230
-1183372058622703297
3483259122735739487
8739594678997905237
1959545197062940495
7338098866304366415
-5075308845173043011
-1124620281757632612
-2903269980723741327
-6856235312264888952
-4495122934795734895
-5836033578259303815
6731963862163162312
-2302923249903229920
-2867193140449705018
-4948592004055809407
-8035166382856073330
5440939339753735487
1419996142242651742
-4070346395862241336
3950585362142162069
4592812069920298983
-4817363766383126660
8769305505726423318
-1461618389971988030
1102778634022743848
-3392933033909837320
-3321999125566120352
3639832815048043417
-2316511626541683716
6028220406267517062
2189751490567214625
-2600829502633504382
-4201576104475413787
1575615612349783925
-3920601117684154610
1519535832395195304
-8616126837253378942
3303584313236776605
3878222517017014637
2691193899041699910
-2241083152235386831
-1550980238639325866
-5470115363931734292
-6774729131005483174
8862297859628820482
8929889037173232090
-7280713637288403880
-1350740922964551092
2447525074862376181
3880846475908831343
4097656691325777371
3355244290096793965
-4624952377011376621
-1176743042068818334
-2866430265855944715
8830887394175668336
-5222601089701610668
-5388841257577688739
-2849042852300689161
-1515353525835825300
-9058512222030694401
5117454893658046272
-6062724923543594937
-3982689194681394588
-1778898378601650253
-7454550875650723004
-6669679213545082959
-5085339901657727133
3631736298520712645
-6893081124656044807
7396705975765806838
7311376019738415536
6221900760417044134
3169779110388706887
5276557110511493835
3850824716362473332
-5810012750167285786
-6024417088262662147
5779002352308910330
-4170119602785786257
-8185447995394453010
2718954119724595560
-2849760227833105187
-4164098455138108154
-4256527263145052190
2000719570976789696
970097871742198574
-475251090390525486
-292140235377270393
7953297474566040515
7817221512253193634
422731761439284345
8800721899638909931
5439914435683903848
8906557539868726239
5697845849592154306
2090207142161996869
7950869278100919852
-8094041486351903821
-2215376960677124195
8845426358864644443
-5198923795233182708
-8871294707595995232
1781719709389220610
6132943129200543989
3848468085148194917
-4315752334025327615
-1173431222331526121
5152490063564883672
-825497895469073726
-902508064726492650
-4249122058223653274
-7923605119349436024
3574278944414216748
1036913130937853162
4147592162451688146
7765748125880377066
7706157351928483367
129555263419282350
2638638193582784089
8146941546819947449
4700417117562670183
2678089476950682216
241497088621559290
-2608464853894222132
164653025956323084
-6429221933945241975
-2205611848176284569
-3674996780407080395
5301987068229121540
-8576149463623491202
4895242413501260049
-1140523549683265094
-2409517920336837685
-842211072585522782
-8716681074958749060
1048664095037678102
1219993835206513379
-1313399657487889652
5866113017871298784
-6290582620211037950
-7647557217478010700
3568541815691608450
7887425103956078320
-6037340528252667007
-4778064455841101410
5475053280326217123
-3282201827497475707
8381441885690224746
304308393365957684
1221721712116418004
323707542959920351
2098855363438293558
-7223609550856378703
-4356537201948225051
-7283202562280285502
-1373188046506968646
