40269499641990730528777413023970290902
88478850509645365116692002500256223680
22349146370810301618589893169833781680
122317815025182479320683019748362737350
76967554373582074188517182568517169939
219259771438318822737657162833987512392
188647644334795363551203137072926864890
33044693540557607231078836705672925675
2454880432677806355490183778526281049
25240830903043954875957674535236729815
955439571369467522720917165338675980
114573148239337113274991983943109268000
13042674396024003820725162078757482144
37528395716812501798011180159328260
133226168520176411682354370736996918469
19868120805101558340304475424545747590
21727412024833055574984025017991210400
56065397665924313823011359828574745660
235791452679434831672860630267651211286
347456307296181968407009402287929298
49039267902030562217878872745502156428
42439425337438537577764723219083876896
110715224064912304867225803677793251984
8040489537259541247709606844256063464
18553035752699525962610396437297731709
216039581668408221278245068124657333449
219735065532875492066141717945306095806
73255332930495519985229325404707427520
76706527850592857275671899543985599508
1680926649245383119658555203111303828
733432139670806883937066212541995837
8967007642490111549846822869257588870
221162189467405890646978972677053678354
7466454528967952431890799530214772979
29961358272816827060991586658159279669
63063188015086359632028584051600531892
26322265432993025501930438881117249866
1273724251383322004877228159226815876
263088793271264070447108155195514278193
109586227828714037879240188986645624462
84458353114037305931883612185376926163
24239528703309439296945794231615599992
122083217250006633557712889637370716552
45456767491002592579554576671432373960
10776482714206156786111241285097670188
57989700740197487507990314678627253644
63149045870666775133194648147543977932
30104730956830841708547524848595466354
43036336307190588663568451997447124295
169209163336534894212560377416434004262
35912779807258334127890148571828086540
34244322251014208455724767722022647844
8021859741482215344058943056558226048
24202722691026984952970511953999203444
169599786264061888006525016235452523816
80359665590948077839720118489427808435
33801798297860391352232001421433822484
55974500570319285727742227956790006807
22551780257529570112098279596848922060
12827040397441479686552630714145986470
74449144224696394701396792297093059868
13979070948779800695421402723765627280
30835510268614710942170582224710308832
7726939112219587833648889129292938026
120492557651711412722852812656523603650
3967947267349363337575723772991080511
266055426496357827693889649232526074986
185116767472818863395716182009554977882
74365031183105711461299824276670636915
20299224682307774562805804481736012888
48151202714193803477375661010004161970
246487109948691990960834668611442476282
113023529049893202373156694399881467304
87907707575785413815967910966918573608
39605329433625146961195553049822251331
55280751317813562507936905194597432402
80317222794384946867507291183040126553
64931185065445862109673414685437628102
3330077718813842584125768743531843730
130661503783219463618521730523484440971
118035199469443412889465252373737680723
7509566193923223734418613557712279900
21447027239820986952172022949012645254
105942870002719895877880717619255521680
180561076656690689302401035731999353825
145759179914906990457639391121397278456
123900906962612282783220382298820317339
123034334965066894384208378325285927665
18539028106756984688845645905131339412
14040879866118904639071846152821902416
103619913243169854970091302106261795200
185886706931768356032349803323605833312
190060769196352256013206677267033602455
81540957311241458812480084678761237120
211301127161303078089154019397935379104
35490722111033895707167510706335939632
214312949719519772412007755472041823944
19406858104679129942372008411590618426
194115908744166958668674713748557893120
257774086809683544942068902945697283480
35405059994139966534220470763747051825
129997610771020957174464856176213936592
18976222617425762981025029936733659030
175618212466108236803355507945862518130
18313938447315018989112646321798763416
175032828871173643302359706993993434875
84767343595409281960080209771311716580
108727605717289627368810259980776239308
23891991219561420190745288342061232824
174403406807837594995443330168752353254
71099384216069215783299811561934438232
209567159420883627965866527233252592121
42040867153566977126468664297383021952
29894011648590138108706915814634566730
4295744900701942049725351885297407809
99389105119093931724564047251557635666
244718199088432801067395553708868131836
25478847478823091083285671334294456562
13174238695166467719595948441505686833
15801844172946759561165146909465340204
6005963467472179491078505715956330483
11397906140349879956357183898055428570
81304508380912776018124872011910311355
31822339105655761023621822566924483382
8183459229219935070730038297060478332
46036009957304862723010643497920970734
191576203486598708345066011323070856184
11116318274078886807291180580694822775
200538226922972745020274161506974415680
28352315403941685186971747727889397850
285016677013686670013442765202689474873
30195794355912549741810364876410953877
269114660585091548096528757968240801920
93319023406110912010850792624612561666
246507126071551213935955055559342470073
126675217296650915447693083211460390448
218583604400402977542935962236426075456
40931661981549475847080470760573331
42189787794770424777386936152227212325
137333404251703123196360936228084217024
20361807380741966035522707926608553625
157039757744533906201964580831441997503
184054551898606679400306626902305751821
56702255972947130397588386753569426470
2259250518367534011717559722170589000
17191957602732134593943503856188745864
17845571382185153013529045763285096700
11421066307749389674214994663393012876
5966976289471759180875924980914867200
39152191192526046992186727204096417162
12449547163685396101616022491507672799
78322302113379184561330761495616502608
7243743603344700402104188194218454464
163178028756259413030343596956754653948
40797044763718139650795917720802043844
154368565422323719022322019252369768503
9193668616029065959120805748672060090
174848001799517230879951211755236002
186264101642347418287182928993319699970
65096592194581323602775971870200458150
74800791219585973321962896000812815237
114824990907098912444253536370813152192
12251219392412865348314920732656808628
115325983060841271641623627968050927960
71889823539043469790523810515764446370
68203638789812529654757931312730646456
36262776331438620210352399563761936493
59396842081082135739072986046330342572
154638743750362522033704386281650591750
305649414362202303963849539271862158000
51762868047072384925640971195325797524
24256210582750776354622054399714483500
138726419924668010427798419829160696352
10420859513590080621469330260533973248
6505473912188908121140178680461868506
3059540346528703952154748518218878560
172593315633716494028352058952300490810
79446731987859344522691395104873823824
32444871428238679308751028529188008916
33899949817078739036248447830293594344
16036014004225892817272234655300030240
17339703839901537810180541230829995576
2318414104568039662862471963876996286
62269992268918187535642795108621239814
1581084778042514815814677084393690290
146202605298173285277972069246567480768
17923449001491255959940531035998112513
78722538635509242890079692277215692032
236296490357598001745450928619577184720
171472422151251646753955890914402496545
23602610178324935432973610005811841646
203605559270013251171857085187854188488
11722131110789212494302540576112545103
101927167196408932944759094325057831248
202523197770838873064664041133232102908
84297474054554092298185401938086390470
7622148591956575592991391400872854237
11935620325166681359410275305253957508
7545646636094220147137637266167166865
81901468945027785887525596408696331200
34441335792319553416142805334197397212
6772980365639203068736053919008125149
7267445716437895936052046834300182621
149016590021387000574547941710152021920
156945794253168137832833761150495199842
208219945112404357541714408468462867424
32046248322646554211352598884943902540
750253310113221967515170241086616780
54137626576767441299871722060197651473
103935189792398979767174231649183551418
10159806579275836311218285591510118825
191251751376103799182920769655657086620
2880381503703984378154172532531245724
3772473126957549347419919317518691812
24978806521041627219981886879267172070
39701140002089949667789844520503856261
53654215727199344566478257185330670928
28175518327911368602992117150683384640
18222001369100218473674744864179431660
9654055593968760049686873483526912544
152927638824068234736644618679368641024
10123050661750541127235360199236912512
48113471692454701195049461913516477946
105206798190287689482426415440724775898
52184171404187960257118836804384514934
27242853818960577504239934252046774476
24356799414750058780427627097966592910
32662563625971916893322416925359360508
15472128251507181599369749837438217964
2422014194067938712041140516266563602
197291994410657272249150034518254027834
18762047321474976862432374393906297612
131242829218026190910770052675806216776
64542939218056507754534437621245937216
88560311663841783764841839360735778780
69245424589402595585894381581685177684
73429218526519053650615009616338968656
171742924426013740003596158833803791489
84398593743344716598398633173329615620
1821420495026438762590898247140555010
167425149720009917032221548137837882926
260746265240591894099289628467436886616
41795185243395885419637378136892502051
107320335355823793917277070370803213852
93804360355125277136744066523346429980
18681307887586075899307397705566779904
309526174063240958534745762298120683272
232178690911228793524519568934160752977
103063230438089107242467706201516358191
112614012686246205598789305824965871334
36169407425024998396326578113829621694
5453194645803191050874047119940345492
138993148039190024915261717569716889964
11453076994922200368326376330517987032
145875227952822255467752866655843569347
