-29720897044920108288584381046491310426
18231819854217400477194872933062082952
40518182445026948918534648455838644548
-13914186232968337868766192063044324624
51322192228721594151909747407888668560
28254139551943532078881970452039654612
9715009008186298991435295247946622436
-49842698280545699655832437169603142888
61010820211363290731652102608302600125
-658990992597568728945384375293902882
23631957538006792549920755073409592712
2742198640623509748727855648352547320
4589204740251021834133846735656991946
41765822871351837702672888518253895984
16690570330193020091591689783708998421
-15686550823522094035270973674499838652
596229597725934734887248510758117635
63308855735729517439937418093397412524
7272938408364014318694390863113276776
-466596846459546497876574966384419862
66378596238283372604149313127424740352
9674885136926849223122134956791471362
-941228647640519353162992183833740448
-41620747841450751047162177866706209280
14003421223005416355374817662510773715
-2053905112193636324435747280975794990
1945669124300576613091559390853543796
-3688134948292043066124790805618188800
-11944304788666774976832485813296093176
42420825494517890473703619616304633496
-14600012728353635956067931190944545127
-8391494399747713237768188123130439973
-44261475339703349925987883344353056909
-31632206436445452152634062195307279497
-17312425762640876670080192918506959348
-6459278862847152672646985218312483020
119535458678475191200513178892732141
-9379793112383349401987287045223842296
15010221738804086470592454089062211978
539686902958546055126940865578496272
70645644383820231365909719867128833836
-6382326228828472077819901985106265575
13750693348492927640749651133886249462
-47002388142529155612011328354572098920
201716724183081001566230091510398001
9951220234508667220539600545985013524
8366808968672121610857920689571419605
30149978529949765528168944237845936000
-1717035655720586493291992871443842287
930625851023007883044674980673871000
14608806530482808350913776147280324628
23317631594724516912936487766692517148
-28042675502352465929323686924475705675
11803772017603217317537689793565439676
5288180166944326690289671641741694657
29246685782393240089587638032256399079
18193201942057636292659169610939015664
10911786688499797650022905988764832494
16539271181947203364683212875953202848
-53395699396996593802616738121926347348
-6979219070517540842150343211613140080
-12242180459300184640674476475127736480
-39984850641446194196496776871218723740
-8924362005984667408827281351410940988
-75817791610560594723364035894280807110
60009981418431916008742704215526594120
-1402915743308792275196171017036453841
-12326224925936781085462899669784753339
-48219618381017101611251536826072064921
-7845524526524960021480965052695147896
-1162054065251407409476319386985164124
15062785767083033617153957213102283736
3615489737392028854829063525621725470
4414216071178176091896293861405424828
-7207541131184148000351168896089639512
-22184867245725553823255209969306428514
-57818035493259619098387012230050465168
64604333888107929380277585067542852800
-52902989930053783894705818068525677866
18841875431361577758849174586600587780
-47522776174515952817316578429592739500
-1938192803745836838996080346615153032
23498959862194130578864524665890853110
-54259636003822310553347760772707487230
-26077138769967536642224903868875686841
-2311334963036719694850048891788831196
-35802615386058563440921129081188430860
7437679073927134709494309509527557831
19762896102898380181984566171677283270
-76277792616843075291193528393871807500
-1526840760427484686520448106715784770
17733978989070029171197460596827971480
-36637752137604538492463979433914285502
7141409691209990125607835092122479600
-2449872522463794355291115699991560880
-28890630733078298236559277570349946050
75589187480314470854152639118638346658
169018596524510999252759666063259380
19671614887223064342152792068361918739
-5735510098267170636708769836233089275
20124656257669631399470614115605273000
13878580910142452178574068051970452948
26702839736235252819598385578476728583
2300092046039416326435770359265716592
41932971532422662510106472540815779760
-35864037856829719156185404469838022634
-57432398028914139860996550512776077701
27571278106659402230875111736287287769
-14510789138795982631995670869285316743
2173663304942999543664627019405621554
-661766254919438896997612799759433466
-43111817077622726272171927955162280626
-34236663323640830531486621004467551040
-55291507459420538116240326429460609134
-30672261456613347653361714121356377560
8033658431746045929312637196781327504
11428250978141950790932035913549150910
-13827103216484815720431186253581285960
22398743617981594083435072224582568016
65649615331414366532394952412398228607
3109863079430516491124209690207614860
-40058832673528865479873823976530348803
-17389672532434703349304291562332590016
347849101053599309748922273086738000
-305779770967020308536197793778249878
5865428914662150310210375052742204672
43353741351179325049514595255603811624
14804559057951060154034579107832766041
34909813236764674614921791821840199642
-38634766627444426239637993024034042184
-11222343053606209712623071186907037790
-26542654465304514199362851975698140528
26735978296949163405960822071791968496
-5415178535622432304994652290510851152
-37002587811846649490169296587633967810
11862998132208875136890978925757241359
-22989360978869649247616423852410061514
-851540725458889858651991170375456880
11008024002096969383194400686208206176
3911218550864189896994719037335394092
48841866437176459840883792884324710420
2735167907089095934253795937023660088
10314537290068156195393888083390504562
-159850394497664133808349379708789096
-3897741695812056951125535700499201652
-22505409513685315602443656225183348532
105714329675256365746168412021712396
2026816042404403627335382712390263268
12279412031707454635802616214840568988
77784299517031898276553805252943072219
-44901130107267637310431518122412104412
-36991485749691734087967096834152884125
13424209691244252126581508512223231381
-8315430403660112280108691967317934047
-16859197699056650549087693019398813530
20520445780845475532816473903996208352
13509951342836478164221929383093192239
1774360210637016134087088632720201688
22867833659479757737841163065140713780
-28859336446275835842488105873257209248
-2428508797559753578631014325324602550
566337243925333855765532517556331640
2075958538924008070436399461500758808
62272815558952382313347398965885045540
-49552548396137716563806824191755272480
-14459678980505266925263787740249498784
-1866005032752978214483478518306055230
44174277001109548946243043159068932128
-4891467453381242199631119554258583964
-22432394347193571055174890573522251706
-16276281442900978343532693609997133538
23302094192619995575775957042694705231
-11329201242512989443106030251085408476
-25575359392422694139349938381879165606
-2209349495005568618110459769645962586
1276631718145683879081383825093432992
-57392434387005675014733891856282885050
-567871098250832351550276283821697128
-43647846538437516248344859923387279759
42361735840238528588963499291054461385
24001208563046333725895604424083360108
38620206137849779911830275368095217564
1257515018885095838650912152405961710
35999614768428750054431325765466044240
6623991314725615913328643120099388028
-603948449961509608695197046142334400
11533463201379519597506987871118589200
-46479563374021989421240595200433505392
-1309861427671504170898568287341179587
-17242690393497464712948378887469005400
32954643859900966997756110016672000192
47532487291338475880201358275910042897
-1161137263618753190901309375618681930
-1139794768607378304951604992077841704
-54945091705406587826923251823840633630
27825688967476943878602721386764001040
10826189866950857780433867556373598158
14767129756593874233605152226512800000
-37751483351901126350876487576595285980
-68537606241619987767164080518794337590
44738370080229259068316504640930479851
9907660362023639051522816388623011966
67871047414970698217313732382888526800
13770320378004310678166722479308453645
-9801636137535478860493739914185946240
-3466379536433406674416040915121427680
-29665777714119537683256441101958175398
-468265149884942295084637639375453125
-3015963607552295086042662285788446296
2642886330192083792081729349041856570
14199491009234240908979989404920535064
-1624619654474262603229234025763677848
20853428962837566881451755364181707254
36707228221960889771885438865892757637
222114617377743988845815107560004328
-11733198854031250752959415318552037839
-25565516075168344130989610963930905825
12060498227077248238823715215387295775
-23871243201445313078042684859679218578
-1346325290037123590280968717084262624
2421381961442401891491690917857526784
441496292747607393709221571266212360
-38729930323735312066877127670542986971
-24721614380357668502944977917977128780
43894187460881670004726586930093297544
39192441679763846239632524395818436992
14297268523889890167891003455987782278
-26775086141557114808683182926475235694
28395966237105724122969497934409961468
26954155936457785868943682392558765352
5469084910157227553143926367861568384
42800777624888241604428366026548942491
-6505020962793112168991401111161150940
65072941773955412400157264223722847493
-39958362034024031556397408310113832571
-1055657395173963035164553270584353938
15126088693101287540274477827914938852
14685120358844187578765876106605079958
48224892701765342525103101208049378392
-14546787292782368947451066663523826810
-40036956217500292156204427551012051854
-17747631400704663842548190746078713025
-18154603938275526492495573821299018845
-1340941963859561715929301137089571012
-42590056407009386210717492384337420416
-6463759244263584546146485393744675232
12021661710677056550954290261293375384
-29927614713455116167163482187891882210
-2214130428820348813132830151993051432
25251924373852867198972434449783261118
5996591750712360338818539660468946323
-11496775425503016582447083301348008001
8415204196181911608297014637110289795
-6894616104182562668915660789492335024
-410268546585801961437557961929288368
