33713342238415189960493805716778541000
25271956976005205595662121047102708190
125018968229684938881232104884717685435
53760136039484155655874321307189597628
66564459576621928973901304612182435630
97388862990942382338265172521454110680
1174561983768374444521739257152339144
4905078644956637634742854074357501180
150663069671021654901468283010750496340
148414097324083602260040601076791269368
52064040740323769962051853494824289144
46588577483274198798696075762831573440
48570447948885482395531602115545085992
61955013674659242789318025388301706671
68063497581960527393842533427684257856
91268380551190508028391200668529830424
47154724490386024055647510222438861561
275339742148292323594730246578395231057
28103368170939319230488756201597432342
43505872450876444835596242645415784844
23663126897783106610256505710403854340
5485520698896086200404488078480221215
267989708430906854691505118226876007683
195492326324120947090974586521223854112
8806851239488276243599859764702426984
198781155418215700985941890995855837244
188162085157083337763610645915670054560
65079861610846955668299237421279420530
46301218930824534167169643737772309860
99713599757927413234701223574066452272
4922081299526589135165634412091742180
2014928567284052892215383779707388675
63701718013674785558429531685609066252
140885742239841121435957538666236657610
182920697011433630291733840365834073165
136544812516505476453554072509907275835
218384606347187004525608550260300084220
7159908804937541296840432052654789250
262520035803055111732726168023739182220
71526147799108939782376859599334854305
252988300804362017921701800035269822771
77472959673912713732148665702876824644
60517316369962574868252628711514518739
144097952981837275088896356359991647872
57433882742425172437911894870208547883
176809291204833272806207054121723086080
101230979235132981515157132348506026235
52593928294531540636604100913403337444
73349262024766594427769341835426109119
13763042534968583110602583880448724917
2016407547172322392978966759912334802
164690994386799890817861751971530252340
22428874650836555240268498492591512709
38898212707916029122446006748067407399
222274679840811016015901042637997961520
115140699373723156123964275144386982504
32183380364240763193191986260093821660
158008670932799301765777403280403063724
108686499502379176457589767450828388678
91193808932522077397867886343862485689
215412878495935606216405771548647118525
218886586383165451156812681837252728450
52758180933073381569406299990921743685
45027277239774582909706624441108000108
181996501333176856130226104352193225704
61323015229189122603454902405178793742
123912498811898113024291927979427169674
75940998946942031814796412165107041894
61386203244732223246717459039281676538
86802150949172029760287582541756566448
9454216857433187971547589270416343110
58456639587266646229773354682967806928
69700155210851955618333015346786340112
115742407807134923459382071013984801512
54371276314610926599023095616351859200
70687877905045027367940180958916700465
152910959163772721292448150562646969724
22699607533399787405500694863409803826
76768643889618295571887624705899849016
29819131007639752899388155438136409956
192916709501004864731528514736436667370
72476991333217199041965412790033261424
4825815648626842955987335387365003835
16858236794115666445179692136138690750
54952578483479746927280093180074597368
6982893005685392252756124033598930410
197943374523032991553291807928678878041
29544232944164775710878928404406470007
293640014935914196490457762992538187090
38552902911610580323076291061970894374
167230742269096663095543990002730436138
47663712016270787345912986742926608342
28377170246542967944366954288576126318
51954592566610470126285495079063560704
81847584524574805742848830206338577241
33951123765555742587474305083259996760
1881076546443129985734463586579144832
263481654231984320020240269303843404514
191126583198120840039348421530145223338
238044795184456337407165569020786868117
218353746335277471173953691598112040784
18268246942373844937565804133362502156
7003298582835957448001665698349131500
180992801413524643398668745178808148756
14611195636299099847393342527655572640
53520862766193251010937697191366517235
51902567744039638004657550853421054586
147890881234838654555334591900014345476
35641618044279207871575612148316487680
179785832378141903570985415117682937070
235060489598122116380714837566278221990
2598613962945979328021749128656997294
22998106985851572371661279357027683808
217578071168914689614224736189678473664
47603308248842175433982915196788591730
227532128309375385686051036585545797340
169564252214475378692178887649073293726
129669841653102290915168453676544312820
27098362647840424992401926359509883381
110570244315574099022421039910061800810
259564732584919435761970225580598005820
67862591515387804870207214780416100115
54455632346556809201674891577193057026
108659912619059777836955765885144432854
2153648818304429290390168652149516560
93625962632882293277370605996901725136
81141852131472401336687018306877372410
28486683733200713314170996105882950516
62963599629269615615220282411842435180
91617415974661416795049507850181210165
60589587375201426458497618082745369150
204805181801415262040510010490010277390
76034376434061960446136866514138175100
11296474915144322865298035121614430590
157095957440998621470391634687020309250
4426500699618045805900853374239778039
245467170571914499061669298521853257426
121765581799499893931377885408551640308
4398681486704940493674414114505190004
70823956661385068015163300789556862811
46069786173401641339645803750455173823
187275241430238100828675243885536531420
54916185409203239742272186857928929045
174612820266332337175010018835562084824
88035836902843751205209687259963081008
93011842481931721071166620368493632428
8088489112566337000032523886708011674
115805420995925443735701912471601953240
110363642239257800885318163961411850496
6103801203387179857324468378859994050
76462956702482418916765506736834841987
27701798833440640309169325047204706804
25029667888133165499452363226389164158
97068007058444155496600057062619243516
148493764957331271053586811033792811808
63110577802110667951592654641412081154
44126436001946863963716141035719571991
36990935599189757190644069277829630098
262319421356960218846557813546187806256
83877937235379509539144706274665396022
25137939325229864259358989064455622719
165839176091523666682834920141526034364
15357880305420331606024455388493460839
498776386032855172283131108312973838
69209606408215843302341329171488070551
17718880311380829345115008520000216548
7652144203758554476838630902207314636
58658915952357222850864603606272809424
46082859446427032047943074541623317390
3072674925620301896109893385624197904
222285116008621848927531185110595191414
191268299068148265963428733022607185920
14788178565474666567869315932562650710
51051199181768196567463735689557971605
60880657343512260477311124539689183690
29495869012501129238339163453098922338
40551761488684286062838563270486881116
58185279194058507212424371049062273724
45905460371749788515561760548915677836
47975252643863769487597645202369419020
51624051130927098344816142006454348924
27322868448742916336190825642683425015
166543515858503144881918082104561920768
108219850359506418687149468153080786842
53713610717291442625424175936421478820
70724612973873736824128624589514014738
128825105967353128208408252834027283906
126225942756243837077954327682508819160
103729027587071298282125384372771868144
24980700242243333389943496619031597009
64255562289420250446684248488071732170
68243739857781277582280699710573629285
83049305036033336619051861003449295300
3562951519189357966511068838679287798
126232369516155490395974863138391354392
161117684212220900530221753968239533448
42968108771317136919711807207120899482
36825200120807064036189074927982773474
84800388762064756414209366725196943024
12134521806428384062128213033856724910
50850322065403403220584913412856349971
39180216771850368066240312059687133500
33670212023852408096801002185289527644
194751360705371880453378242565641622600
23143976512093424341397183276296071865
108455912385735116171352232568302150083
127484281335388062510561231785008620792
36673366755064364151572852138702724947
156821309229755009551689088169420761360
69803945461513980576611454080501349630
52512918509050174154140632554817890144
159140459023353195860420782550998301100
244416290147601163718478117001241173016
77562051748903536485409517407741323985
130761328317554963172508518616935203710
80554011636671178963384713837549426928
67828480875996085678044739234421945712
274812693074557608843845859230975075488
4179807262173837380850079423715684025
1081659509710211214457557634451837148
170029268805309918028321788550486869528
19705895323347622793444070577436075680
5583574491854239497575292682845100936
28821943488201785367057994973959156194
86229253454848142614467429723173575610
105021631183717621970276937409624895487
8022160649642691142584857377180469608
64416204341058294517533575088907164290
164810483282201414579065574988373385486
124037427024017456809118178283246580725
113399951975636114923857889817482119582
30626234084319478287394038109080988424
34552428065164705243936523921299913590
153219032825613252099665793649086229866
66394243631444262775342111483683007148
11154418329444839343399026057062260656
172526103760276837635130609215031092216
21815152166333671207951548334325887516
20631016423577920966180096948316608758
128873886769502146114246091395377851524
4708234131147653025373595060978962572
177727209792450536812235229350527992546
63690681742866932380854677018084935236
103361192396192139218560615887676388775
5809493845520611503257875100377920419
198586413977629350226138728975652277216
163356208363624212016360488219294847088
20857690894337703810327874407623987040
203971276528618930146887076014468291294
229734806237514649281730572652139968329
325929858688607004831921525705161845869
111522828590423779673390031671802820780
22316296281114768832433254775129745056
72008286812580089045478286872514054186
41570951166498536489449393750792381318
