135469127226514
259529001741231
62742072339800
211747411361341
122966854404008
58902052311595
203596662639701
720377537047
76494234194843
216431371946639
93682896272321
24187058250312
77929064698031
104531892995121
221091670736752
206534437041481
75506975797391
135363206321611
203504593142447
254351537569103
80392879789746
22091303082955
176159254412289
113785508174569
222912025910719
4225323548341
242505753725512
83417615947280
255029909364703
205129025782834
249673410075895
130894464049593
136328089627856
44527951461247
260239758520951
9916323994845
270345478572952
690037894607
35075974959702
51830226324919
112039588435967
104877029032819
220037460102530
8045610893754
273074490238185
108938755953875
12876348056114
12183051558093
227589641148313
199226172542160
50012719248599
219291802972686
35069900897222
280945602964367
137292981708696
39534322446233
41582192435277
24888328496962
29741697972211
46088106506970
48328881800846
233802858156799
66511291258579
212968107538304
255870401291006
86741625646993
227652578914178
48998579395731
183098063712702
246498079442423
52115502259395
281109113510482
136413714591361
241376145826775
184587157800139
104683767074934
234721034343665
65075204141751
177466404344392
258865164377105
224715105743754
98260943826000
80110588180093
80764543235671
40743973358608
116263963811953
218820040034003
71102962056648
205593025470415
87431413624223
211501866835624
49120750314863
70393875315637
65782793297101
97539617210096
277208161878749
241477877195182
249978192060979
205609778049213
79846394663744
78300470094776
222653274988494
86710049684818
277334417146910
180696075743162
40914969552855
40879110859671
118817489384774
225287109960955
10271673749201
190288343006939
32970740632079
136426285260757
245666494045277
61730638490960
261641245418071
202398271738361
240335888349913
129632184919566
994121155698
189272492135675
217351369729736
58482428605848
260618237372410
97683835900499
278039712757487
221268565826998
75681281291480
70009185461855
114375471992390
252284497908814
261659203582837
121892536619013
24797098212487
86520208120398
201071560250319
34302213131600
27060487335429
216098985384991
80517444527858
62242646727728
110097693118786
242460590708171
1199837048497
138537257234051
87128902372062
139638015469289
277055449619464
38683715364739
249609708482095
133863484950134
29909968740846
106546631211607
82679560972202
32965878207299
252727907133040
23590605913464
75920008133183
43254331335665
58228063172440
1631303274894
96608189371013
139223227402138
204382278213974
184983572550291
113919545074037
254006870510570
186162303497776
130774032823880
135607464690640
32362191928671
177808795239811
7722240957621
77673548676334
1625531193274
119486953553297
32031759340223
188376254344310
7948791644681
256903152250349
176384776895081
47269360260050
128462423530330
15264218075503
208304521677419
6472116696114
78086576104141
85297366849119
67081919788507
79595256488883
79107388694761
31138443481419
219829193125211
237011551066949
47204758790897
221964277035933
213973133941584
260952001580950
189111339578947
211612743783466
213993641909429
252436582831082
70640690177686
104636867230968
471259783493
128810225326960
62620276534849
140185438183061
136812279140373
216242140467203
263356701715344
22608568251056
202782294844913
208845056758618
271974996923513
269101056185176
185084933344432
80479506741898
269381420246935
41311996962389
136485775645205
244711040693583
222721261004189
242402354437573
35305090805570
70490083628791
41149820836793
83572932929003
61020722353480
115019377245069
132122578559362
24948368308971
51605277864367
213287941529243
34489950584407
73897955927745
236063141863766
129453398472137
13610199979521
280815731252210
207380494729207
39214584807357
48928598724241
76943142286742
100409912343790
212683856990219
255776815875662
233287967942534
127942574529533
13387369604746
269056083489448
72446768749071
272160227394
37252137124334
136908672660821
252211597051889
190638570829490
61153996411449
115843920264178
220524856208817
132562441851713
38200269106648
27099882647099
102785026401159
255713110387334
235218214245995
119427745949318
7548584931849
45501407400079
186299406291702
235279255113195
113403530591097
177291781828762
129045242917934
25442397822032
272808558427250
254055559040507
23047487357961
60454237283677
281393094012115
106077775278601
1864191290969
221274538342299
130636226261127
100639441810779
63222960982930
184008465474544
252196057311897
212188174453722
182052306067129
24961763728362
23723521116009
280882989049066
44012127506990
276099258195002
107419259472878
83246425749337
13965911129430
34598441413741
271736337561559
113741642051025
280806837703538
1180206492206
176892841275928
41206812420015
1597865796027
220473176188237
213898351801328
250086603101790
113044803506674
273573598964285
199219141596877
26316486947741
71664370278873
34473459265483
246547902455259
269855439760403
84195711145288
108346924141619
276470234063798
49460952145555
115940598929960
102666268004743
180122720635632
234342035878462
102442686478232
16728116354523
216472664124085
43258843431071
24096917067731
32692200564118
60315798846622
242629023040977
98551168153483
180996327887337
236248720123848
62588180038350
1170533343568
1321683172889
139713669496345
131040960541362
253619146052936
31962269806429
12297869057146
129705862717613
132644792077787
176434054217099
214958803088783
10356573969758
136272587643839
69841686280078
250835946405934
133613591273822
121503679954481
57309095730355
242156687652757
225750722781865
86802252524719
216184015861378
242805480567752
210162669420414
246997525697198
243145044700152
211305906373805
65316707856318
132730477040177
272389224985415
32647947412369
176423062538847
13906488423570
224223082361351
223364876178793
271957090176069
250501945179179
254461395375631
58634245073630
263005248135113
279952236815883
110556400974419
38051379734021
78425468409359
207360378552157
84860657984411
73927859450927
41315461013903
75120994184771
74611148484273
255542748991997
190111629406583
179384364114939
109431216421755
92368389029390
189553689079735
207732373839423
116017022373211
35054467679095
23691001890283
277765519810675
269750915021801
221073413184424
74347950906991
65143650854739
258414085432440
254442824556626
241143575573119
98339347985735
69203967884635
1531302475350
93689644568923
228501214538741
183161414417006
135443367418433
96474539945358
82343070346234
101247363158202
8816183432241
246159713424239
12990132591257
203977310822102
259913188060758
92393096021672
202660109898618
218667443288691
279071796155907
212144472289448
116223941211742
27056280536458
253831339294539
82726929940439
219522088612501
214968703479891
131657621574707
224187080446654
25498908306922
177563926460266
117673374966735
226076472843003
85100473056965
135767242625178
61734507812799
130970972695503
42836310062544
129701450524408
34763353568816
12659470137021
228414707131993
277179876741102
219004395692599
254805211143824
9428701260399
280321626700830
50421586748539
118087193824704
272398966674289
246660838723568
5913366863475
247586451529944
52258769200665
27462985421009
257168785288074
179693166575259
104298886741175
98656636344026
139981946850454
227652010697149
45490387654262
74128163283178
193195871627867
218950332437471
250003029048325
116210413253646
184887387003517
249784186674261
186573473725391
62898845570881
206706354917736
122128611326986
210029703386633
262671635022986
15209989140394
239201788535133
28138509902145
222668407545293
58909208335945
34635776332461
135799860056503
242897894732373
201879571600559
219438152541277
48436325428346
22976616753742
65447141844728
47218902229632
273589508531288
183827272787825
96813993340113
102994760826573
117861866894221
210050514592851
212943858414003
128165135680445
83469239773049
183476556361943
52756356103387
227239306988463
137700404112376
122628759281785
131335768979088
4259771746874
51391296799167
48519470552155
278849448578894
137799895039670
69152721304142
274687768309633
119180491796904
199407583335454
189577725840119
77980370592442
252810619094342
182431266848616
219901124006958
32151012080169
8654202611710
269744097890626
258645328623605
135153858674835
184171687538027
182401227111809
108782812651464
187819019379071
9439593685366
127778697449296
253860882485177
211885767020991
123051519523944
111715851298647
113960264782341
35403311393856
27570707554995
208444755968082
206041243984914
202559549351152
216416393909160
224495812259278
95240252066877
234908142662473
176437049598687
16654652376552
122792345794423
101898068127082
47897931890398
82514973929134
131469228817557
33990372046402
210188891863645
5293712813042
1569062482367
5525711049541
17555444893233
262811146232215
8504201177083
107199431925855
8675751750288
225005723720410
277538331440990
5461549943646
43686058258766
272626107023710
236321095004865
96267043119674
198654222580984
245618863804971
251797975979709
61554381611731
78970227362709
280074863414359
5599286075422
40617270421183
60540417991611
273032294176146
216497822900208
227791241733248
8634476363278
104878662423209
118937356271337
213967975194611
4218524525907
207656521949047
274800017142515
208782030089429
184793254702101
260607760149683
203618903880285
182104966917747
96429947822150
51930349249680
1535172421272
201309391619082
210740507372225
186342419313869
251170112930639
47372925719127
42555857549962
210945279726799
60818985244287
13309437489745
242318973943001
184041273597163
272135598605169
45636289273887
39216287934203
60396194458207
92711082060694
67987325814318
7552471622857
58509245734969
224708289430261
32305890316976
259576049633096
219930096284841
128584671162555
181651852170445
26098737341327
25321775423430
23323941727865
57588932337819
207262208065746
40021463991893
2060678370675
13319918643038
8872630546927
112913538739069
207289414794698
137832845611399
178819337672568
255113403120173
249617190809717
277607817960499
35812259849450
269459533096491
51594324846536
92788762093309
221077700514198
107080847524933
190878912779433
27433187744846
238599577829057
8057601428008
86580789107831
269919408825481
41315214307962
74820186715242
189027681522773
84801081409527
104893956977786
65103015910271
271256617673674
78743384362387
219762636829635
191886186253707
23848158321607
109514604245232
80803647557633
71270146846581
32822370200297
120929585910923
45083699030739
132756638923785
59247950572761
114917002454155
185777060085151
34891009937469
269311633722054
83677736414775
176962506503182
223135767243901
70380208821608
235974278724726
67540655349576
30231592712782
268771667567494
136716599365568
205265055258190
80894403883605
73298801558255
205640317850795
110364196369118
9014309614483
84728756876488
4964212225259
119660629964275
84788476610218
47364901286000
26626438182289
156475783797
237437330995765
67602580345587
245980742300817
13283133763954
240871816370870
75894490231289
92789531471774
191114368102832
16512403684368
197982780040128
104922852717928
280214101097203
78026650706423
133598542261976
9769592398808
268324110281758
255036222020657
189131525952197
244802378992367
100951050185346
101243006129683
131231802538501
129324849737930
127768805555955
77647957718638
203900627910864
12525364422531
101110006785528
106736805326768
30159513940160
254758172197042
139645193653776
115635507986930
134831627484029
40735907443160
62826441572538
49001247764337
251744175697129
226048149607536
248358865516247
260260269853870
268683738690925
68018386706570
180517593361135
187518439439797
79602618014719
185334476831317
25406567525827
104333250847403
66412251455375
14318351090369
100295422188406
133227033702441
224452505666071
112062663689686
247789480572426
4391312774513
209671549291608
118773024231859
137042388678269
133062230777195
13772986971647
189667251656406
39661731112385
45692944772841
249064063349137
33750317177741
270028587735958
129323607809407
82513584209599
47811689948563
87367944079984
251339775648170
44753180191559
221551499482301
252450005315733
108369385197295
276623845513945
186562829544259
276226958376426
234060941180742
214006711648648
216081404464968
94283087311032
223152739048848
192467824317995
189264026743624
181986068484107
57562630061755
37942664848565
63071210240912
214903910536307
65556992843999
255798338491370
260233634279785
105067012679113
179840760919693
224573161049642
127593038643646
75981245976959
118161905236723
233720980710922
57876445494926
44117631118067
39079250972725
107573993343913
115090240148826
257879874896502
77770735967480
652469583301
257841637033134
96417608961371
223902453663730
63073692224465
239673594351952
187930017230249
179751865587048
261085692685791
251124455321294
86434855854030
234557705613150
206770846901373
23364054561670
10045171381233
272724083031440
106807174958512
82508256099347
2095241232555
28082873208527
138179653737182
204464474464794
40660290370450
118003607593649
254425982098809
28470251428400
209559221875150
277071414187850
206357427056505
255081482107606
57396788899990
233210556219376
247448905419477
262991619931015
34848005661277
11699823050384
237895823613442
97232699223005
280189556076798
101622099318592
74718221247960
62338478973491
68023570329502
79378279566511
12248140327554
80842876953177
71008140180139
136900264854150
204387954275822
222739290152067
67878790982751
23010662383195
6213701500482
11685527827103
109341198102202
118289765162920
263197603592850
113654320987183
252845051108374
99627035107371
201118438899242
199564266025025
78696140493253
35918763086568
198442828606488
109358776885480
181070886959864
240838871881031
244024713867401
22362269154359
115404784017035
256305490911280
74855639114814
241540595417009
223464663669362
198587917987579
278128292091256
260939546827792
44562467120109
245993044880058
9165518656248
276548416036174
186831202888570
281128578137239
8301205576405
280426988140074
122453132388283
30440837475695
255651190376063
97886449475497
105466174385202
100222133198224
17204886383158
32085267422202
116138233216951
202846961890974
74107509134447
188007324131358
207734515664592
177736126410773
66325337924800
250910200205241
242039912676202
208493605264970
26999145226871
60657806670720
278363592487566
237641620067711
250402899919923
133567430803138
220279715747191
240962734258049
241884660309939
79005249137171
41593950492162
69406425986750
192781809979723
94445119540694
180824393105115
110740259596998
108773722547099
4011936026327
139588875355078
10656888596429
181584609191377
36336325555406
78729602051632
140698026326643
46162554350589
43022315427730
202295549738910
180409428315799
115988937080200
10517390010904
278340776698224
22000014634157
256672641868654
234663878257733
115426205564822
186915685410741
72558814759935
28093208036702
95812447147566
14519528790005
219332609347051
277520749351059
270461758831126
203813280999310
189537188510856
52662370955817
247883002997960
219995154190751
236448639476743
39809706687993
71040858863167
259434343061010
178896376948438
189737493390264
29164669981766
206874802483442
3900830978704
63071590784376
40835793902333
202009917907143
241778626143768
12564026483664
93355119652929
97196599464886
83650883125823
233361432472114
139692370587658
190033809542469
74346591124930
80872123082638
107125900546714
180725426460299
109205130493449
121751001130169
245151610109106
1888824033745
84721684620943
3919210785366
11744609430088
114193412891566
10909091082639
222023415988758
198005114014922
278616042656875
52735087082927
34756720606413
208519293689171
250685819458921
249303949168712
186428737297403
3908118712240
136277009735616
32245811063619
44511411166320
67610324016510
43154574111098
242473840721423
29752721927872
224359078197929
280650125630904
249502890567669
138535691284685
58716285526258
257902875218000
242113899660467
28395303604651
45012329033386
208891369878487
212968359710913
5683318307477
211038850475438
13377631457392
191885554442245
67782817030277
