84501586698695
189298906576494
74989037883781
8657626126272
190365563842439
114981840459502
268691425850578
105608611296477
227134763103753
42762744750549
192418611401158
71592155050897
116206761917418
178077729860186
115253284438038
183776397358734
98910015055442
192783141319570
205469014925535
242967860305359
78069353000847
47987549888016
262983711833162
216653892140166
87100231808118
117837404431280
268875104871258
246249640340713
67749514062475
255866741470187
41138679450697
245861161057705
184668760167606
260428694828879
131251903896177
278442910582674
246975354171314
119182525262953
122062595521147
239139115784817
27167742358165
45130165352405
223812320720834
50568588442717
49439204712542
60899913868397
233363175938667
205497305259135
176110058462542
8665451194367
247000808239175
13861690375763
132346897932856
3290050060850
188228334022510
47088684072595
60621488406233
227554727786413
215583524994435
214952533112528
255577495967130
33636930154163
237033210350826
121756608647552
86681355560134
101182237627454
202444554933953
103004764896385
129563484475565
9620448377867
135155241293497
226439219089277
117493108405254
111971630797635
190164677954635
12592995062865
93588634112971
252141713956190
74108740677800
6093332644206
5099263881835
35852284359229
254978413040760
250596636480963
207765933367306
202256366556382
268462525824203
122645352412154
95454727755465
85023994699605
193467991491526
277814854722741
45128534434230
179971391709066
75417218104559
61667112904183
28149624316587
438797160462
98370191351866
260273777353083
198401815223725
77687081908738
279081328045042
177980597596883
236791008713680
217220475446744
97504305115731
60455408447209
222797359248918
67869530177129
205839887782595
250372976578626
208352590017935
227252581629774
180918126040661
200737263364973
71519241995226
263522802120599
14434090683422
206344459447031
276467802222726
43927265974982
131936977280941
201121631734907
42928105422215
127931276264437
65569851817545
184555573980362
188116535013553
206513946417871
253608530906298
214110970751688
86684985454576
188196034233
206842433874480
251790452269819
138407607184232
72478680945994
241547797587902
252352321225873
181015571359249
94198434881518
66736789681715
212811230489438
226088176610654
208159230648198
5460280583377
70634345170895
227647316985494
186803246365197
64868357896785
34789939962933
63719585641407
113402336474325
101887258468930
177437719828423
35726640836190
60057656137539
86501845728627
73524629318491
30489061268489
238467035406744
1300715034047
49898283767111
184666132292477
262465466383798
82644744443019
263203958238161
224985787118231
8606073041478
246319374323734
131046704077502
178113300236111
63692046884559
6469206699510
43479076166750
178028308390807
113481421810818
199244899720058
252736333116279
280295096191894
99555528600280
192596714971643
94011601354897
100136360138119
105636229449270
207704054738838
38911552191602
177157032947454
206380678521287
14761435031288
240481856938569
250278918843408
136226296950809
94161959464919
47830641417363
220386404676634
235098077304562
119511442721899
223739070325883
75820428682682
51138202971320
114069751228342
104085137851261
252753857573545
39508116937547
258881564125832
103191752828821
78605925503922
102115687921523
107440005537963
237755274391757
247009614763197
249807552470033
249204861271037
192778864200542
254410276635834
34160460698569
203410637370073
200024113974456
130449652856278
49441909974039
82300337206603
214345361944773
23004380408513
27494263358022
114429355024881
273391814022831
125726454846
118704763041005
275997685677465
40507620744259
115362750465088
199250885645406
100581812545079
60985811659603
236360357860038
236909033780805
221357392194993
132431738574283
198820225195330
77566562974239
246420840877592
274132648781693
73740128322568
184377038176105
225461122142093
259749753728425
4344246811209
22761562271926
182340947763352
249043427638352
120360866080065
82274393590288
32137815635841
258090942827739
180388354259985
218853067361690
74138777006106
25862924115143
224765587349211
216721994065803
84159178416873
47075885088410
98662867330475
9904161002859
177803342880466
205847853331151
16166481076638
270357853645507
243722650925043
111755102327978
60610678846514
211193920752218
107433923305202
191890233995632
95605074205512
103071564392182
240963493482991
71599399124942
139435864031150
239632486148712
247203239835627
96720214392943
206904429307405
222747424624496
58375201786461
98666826862222
190315385847728
202272857105965
190891046738491
113947984346998
276200874073711
117922441929896
96745330238598
131872451640131
27640035125062
131923448410335
75576564880014
130543168849631
48258082350022
71599746473598
7913228549521
41677178043595
112762016054081
62138413047839
74827017265695
8200215007898
6162720588791
137930349486987
128825788332617
135323479107432
115089258820959
224352361973757
129114203349208
257158463030230
215658866879173
130933255552517
34685801628374
113710752874074
176326457595258
176436637703921
74994275911634
7556917883715
209696170811989
4788857245907
97116616372085
64518098759738
274390591722888
185657261907008
223339064884074
238140531217015
75363714510955
224386687428224
211106146004342
15004439156411
246667937090481
86567666531189
233806408102987
97443195370690
62555992850162
69985883926771
250402107630281
261248729836912
95930355397243
113500196246095
121584227823758
216280896184918
96982125965770
118280507382454
189709575334649
191967753213319
30293945054318
30711433650257
274858710965949
238213078980223
77613455944558
180594661422529
66397090417656
79536811519099
13905061789352
224210071400634
281192367961482
25449437058927
92746729139902
105432087822059
228055410632431
274191482037275
234177071477688
83684626522763
128512555298371
82263537602893
199638657510483
211363095619478
84645638417755
71999865058551
258269029408847
45345984553041
198311162116995
207301082211651
209711889089912
80425101868419
270188974517437
40386787213336
132308517824398
7522554009582
119673600635321
236792817660429
245941876098494
59075126229573
42736522849815
132413178896851
7359812845177
25304055277448
39720859260498
96251750915322
15078696276483
274430402948207
212053598606920
51199920782303
277203928782003
234431080354378
116056488677761
204399368418985
128019790214320
129346016744305
11696694317691
207804507615745
273638950937658
4885446650897
116387011860474
274347793251183
28465420349269
23288356504498
242040968772525
117681275853841
87000352599283
95526628988670
111632771939947
96012654252968
215094406078607
7303921963198
106838637796215
242918933988175
110167286964290
63681264394992
25563418157233
79089861312125
212840296030367
80156590684767
49554249311885
118950276922421
199499196474417
80475878597997
189531987319737
34754752316505
95577149552115
93588313535129
204005409658691
237995797718032
258322114641229
182098120187910
61721999987
101288061443057
206797091618296
184975293283001
33723116181337
210010104517138
243900281861070
106066622386818
102110982040643
13961559349881
101040454858633
269589924330889
227624599773903
95181967703088
82676382720147
246805435784200
35028116868584
33994640527994
35166405775553
133518988321528
176633193247370
277711640239093
101564167938527
255499937244766
64582368128735
69664838158005
31849519471600
207764945273273
31689794757632
80270655239663
225522555018176
247556251876350
202673880755283
241478211386496
48834113184585
244088366093527
84507927031152
98950828244088
210498230662910
120800027964459
94137386292915
48947342021866
13878513849214
43587471218168
211493962326680
234749461722623
13795093942633
48522040944171
205757756563999
278526892192904
268951024035215
200740722771121
224784025500840
74070869356877
79312677250281
26628707258510
269545558596648
176985161000141
10994732335226
221226749335259
277430448624753
102469551895797
186396703254171
251407358180053
251159817169949
205635545227246
9280657613961
190633430389336
37195528185258
23845442123739
102378415655963
9232872816478
3357228072683
22417409772446
58843154907375
95803599163991
58492138215338
66778184453701
212188929587125
181445972309113
281175427294032
79331682196702
119506156716394
247926133884555
23019946996951
4934209183111
256695988740746
97426831499344
211845992938675
26798444691053
7201647781405
60449654396230
96394604812149
190443100912191
186219168808410
64955044551630
60105027414774
51894038240398
118471287573166
237644062070330
111855667241322
271814349619950
257999548118133
93809022630782
238981000559536
34688460649407
190479608029570
64543949448335
219440800664630
242922951930765
269292267895430
246104819700747
255599778015814
208898065969011
273122598671350
209688793473357
192958049227312
176609252184761
137380274745471
36629791090190
211041471931864
256738637893648
185351388452574
208056863336310
216837100982707
71903173924354
222078686475709
60327794276055
132569868119999
134745830977782
248178511012461
226484482826701
248171974091227
61811066713581
100854923289157
203459953744618
211474679147696
188599998437033
214294057669142
218866938094553
132070308237693
105200310460143
24188100805331
237007172766613
7857682343925
260647236083707
27918792421938
62029692680064
101342756727987
113051449156486
101517745362297
36899981320813
199267660158339
9957876393386
271388975247025
100769513270138
192973825036298
8815696700013
185971038748926
118068886439080
190030604080070
3525879442058
181788547395023
49973132393197
235137656139285
206360222801087
70812237335104
7362020913309
94353020014750
137129621771309
268894242412136
35400171664023
29885864565760
74974846641680
80865529340568
209872589451349
95374166309699
202198179452011
101235583362922
114752712115155
219947023839359
84887654435439
221681296946646
204304997498261
130828346899058
96810809798465
46798800966104
246853096146847
2150718773871
115441162047631
97983377526977
83591557784133
140337894347290
49693848831688
274689432007307
202817800189456
179375950389384
133805150896568
127767898878963
270297426311000
241819339479634
8205735207982
50156793302123
51220123521587
246967261232968
203681364204927
238537893207898
29373111227088
112762196062813
241783139569391
245904961668979
184591989817296
97915329363659
210912318680493
8704921359947
119105487595409
214055926946807
15342650224855
135890737469023
256078582887941
201622704108971
274815059195270
133857757428355
239024785973907
247239508717096
12791644960461
225124992131662
271578428448882
236559251140694
62740317793887
257225878731759
189077311821555
242594165891753
105471329015746
277982478799858
23504061642131
92502002561757
70239510288968
65295010194576
40399806193678
250136074345808
47737779879789
209680192218651
93918022298671
138424441575979
236890291236050
105679254987386
29890053212763
184870075180929
198325397557864
87675624529010
58443162980989
228378277744814
139205653034306
129627532291739
119778853096567
27313963609742
50418470397398
178083552006521
131308277896685
201701628063411
25526383976503
74450308178450
139755926437099
225888320100917
212872909648762
205405758738782
227403790455000
221601489387563
201748757621640
189249116116086
227736403566739
96137774697149
221708807375861
111445631337302
199456622436048
257999815274386
251253158283241
112104935107439
104176425664647
210714060479106
83517468062345
42932504207731
227608534492559
280579181707765
12628044766637
30700275822635
73257011642184
59316716105883
177460419461055
182106785701769
138452249774955
237403031666586
123097109716865
223814861765835
70713285513168
13461539718331
180483240408905
94434834294322
85623220823805
245871225902022
110645475749341
260833547730417
9395292266357
258873762734815
16458176701950
256789757134515
48444917491207
111944735314543
241962794127698
137953177280369
76683670753013
101315573734085
58853100806523
228268913368493
72270613897429
103947520687319
207147778789790
25270464487502
77653961464969
245425021481305
255010293659327
112869690522997
263520791286685
259062366198473
280054423938959
220375806139720
257149741241238
281190313942921
278114153069263
25195202844345
122716121585477
99762286620280
275953716831954
137653350302714
248149666487255
119788953590510
203989159469608
35691054716457
129143339845495
84852897226376
118542395219
140202963097078
237708999155789
17115367783547
118869892988375
252181467475001
247080571835570
48820354984909
51394082585777
7718018016392
27849420139531
257959405084502
277826803032626
49407211054187
48638260684371
251489633503111
227094162632200
116347530675066
95153580379664
181301318266255
137656134729288
1501003056985
105982223649870
215929436993486
198323353589502
15356876401808
26555119837187
136434197401595
275985253021422
78131532562681
22021870947442
185174351080858
95660441591381
245223401906926
96837553857472
235863770994285
11810957506067
110373999793037
86672125031915
110347523782074
217609793770006
279193546908146
82551063971254
184315291286422
86809917613290
226429707342976
273788295504490
222849191670121
210713776518138
256424413549634
185482767259590
184435547791775
176608747187600
76011269299219
78229613280607
180119821390342
238213950437369
4447361805661
36888820799365
25279437706925
202772288332465
136815569113805
17315172024729
215222669259720
40831556380506
227851270857224
92437769300687
253628593810241
192017177977337
260959951709587
97777275363005
45709328316347
36285384523737
274219323356608
85281897758390
7380824216298
198833508390110
5898426672571
67534173633715
252743402941773
41281486944189
241869439407510
108911931482717
40272717338569
101788269851662
105496667007955
237578940775757
8278571416533
69258205390715
214885126679745
245601650348683
84239259645376
35604345560671
14110219621487
7834116347402
24807524002818
187734097910395
47836360384127
132549492514949
270049754459976
250880150756594
35108550055657
253883935627973
122999625999695
25491715927443
275619170156209
22242711216179
276381245049725
118093600284741
253573814496067
199376465739130
260191550119947
49945404600245
80211456300398
119163182714319
245408444439946
4511041530888
98258368565686
132030875529754
215901796639113
280503131088414
79232739654485
176471985530561
277690472752671
31902988582551
93998985372571
79716502070814
135135219262711
222872044492472
210610070297467
198394501755385
242504714625353
178799314686403
261146051984395
6555626080981
964284610381
104641112827242
52443041862573
116113396153995
27489382753645
105650200588529
227135365296014
133608738725328
13563759798789
242609161033693
212600871630277
62837130353688
70023221368408
222909927275139
76831763327507
27558647697853
57304962063690
133961374000601
78315153035805
185385995492395
201779729858414
69420718533456
76639228500830
1178302636189
234929341724102
269944259965301
44803727397624
252312839464633
269739377548744
67467932918878
105742807365331
215902658695664
137094994670110
129382020486895
273240753233590
132289067197357
220327224204297
198886494755477
236031106602031
213213831192499
74990521675087
109607181695918
243970936787328
118045428445950
42604250334255
193039217668499
210364803483563
506835408511
118294835105475
30973994044394
206259411554013
103349516441106
119169740352142
42896785375061
136222366022464
25776267201563
73234885636757
4811051809909
11619675713437
270153692905793
28180739735383
32902994121218
176911565939014
242325052011339
220247133360838
102837322875370
234791605701146
257009790419511
239330727528083
98348296524146
193341667610258
256944176966815
210399328522425
27450631274357
241827110989918
107463627807579
222914967026699
198594243718842
12813314336343
6461547076947
61536235426779
245664402888021
273491878125527
1796034133165
117287273035378
256459118669864
193104333176897
122442519275179
42539460268073
24871838741653
95321248243585
246710358790746
255780757897642
214934455125446
22208890721293
136592838848193
191911872222805
123053826653338
22478741057722
72373408408968
33736888417448
31218661394037
29144693334534
44908079665581
23722290035737
