260713295373911
278063861730907
31278608395223
100207760416861
70720021427355
39521679283032
46053789806401
207267721328217
262361752989162
227167436329403
202562366184259
228353871154706
86716622306718
83230546146824
39118867577899
65995133018176
227625079462623
179254167966534
69697353868915
209637611307907
228507331683648
238649653657689
51257231911829
202218831935115
273664951476083
263281422606554
237590363715413
62040441278615
120620083442831
213014025200138
58525508156235
3744223391917
38348661206920
94447465774166
96129417338514
207165478005931
221366638709769
131589578776987
57775907219417
10537067328534
31823340100651
258319069975040
1708291166207
75536956648510
114256112113642
222765445238959
238539535099567
103270056516350
225857059230782
9459056832757
777083857870
96706219711707
278882699797117
13458130836858
219981732935272
205258096942282
274257480820290
110865028229721
115914924271019
76538755451911
96302560835275
96705356049110
26543985234561
280254389156363
101511454456823
86542299755715
224277029543815
5103266792345
95315900867321
6530183371947
223263127578051
23864971009874
39419536805616
59013303099435
208215088163848
95137237220054
275843935232111
199828071321600
131510889846490
36263942495361
26568923626641
12070439706575
8209581933701
27972541900714
228241247740797
12807607985659
238860797949917
135257257448429
255088033588107
23844569442992
243544944517736
276948214740352
211787176477171
205290455994711
115480295888774
16852548599729
79660152487341
47515079897745
234245349444744
116417378177658
182501803024264
275684477132426
58848839687670
39970474277806
281060268799510
190454062333178
209662760287485
136884001757173
35071381493401
274588768503147
238463195037111
263159877179338
212965924918470
205133072545518
41654154980597
28062425723593
25128133420565
236071552291576
214517247497729
5903890548162
190304632930205
10925424336029
256107144998463
23093363993169
239334196304832
16146110960566
182495689374280
271052856746685
65470496018285
177579366045395
63110768336267
47364554308457
23325761334358
13041001370514
86857117575881
132014173691608
228620226998993
262723441255362
247942488811383
243628854736433
215017670089624
63214114951211
192499389066902
118447990320491
177228801424744
244991382031029
26592375642094
96088455619323
236959894398667
1212412557955
83106849931139
276130824718888
176424359833141
122719953804174
4581841006979
221688105241557
221922453288447
39281859868639
100466658354419
38347498698054
63359362766291
263773964998482
114287365289389
259898939855274
45857288976083
87366124196809
224325288887983
69799315300527
198072854670994
71843026940842
74305859580346
215696430672454
28427053241553
87013126518384
100281777554298
31317997126787
207291318738313
202216702574743
74853759683603
48746436062797
255308563285584
23236835569689
75714832668053
135246762318582
42793045048254
75856871760763
62701158498290
133315707789773
241420871200256
41465795269963
28299409779867
178884715719242
236991827743343
238541044753586
187595243902381
33564488667251
276681840202439
101679242687958
220342158821903
190472870257515
32854577443822
45986004364031
45077837359848
83938125216696
81081260359222
186863811989633
116180794175647
236488663664581
109033414235287
51136318451130
72199587494527
67510796808630
39127004800104
23046171202945
187593151677515
212332615625285
39790541906318
130832453693402
254571119993087
188252454415018
184382567447917
249512723079642
273592433805000
251979592872275
22764039140171
74209156895673
82049287890514
123087476917819
218505671965591
278682967333535
50457093594558
135942162259839
71445956833774
135358744065350
31181846873602
137837593574414
222850870710606
236414412764207
63018131753970
33963538932957
189256526171307
180845679057744
242658042553833
280097655468507
273299994423897
67546303462975
32855564426899
95595927408003
32529850244105
17524906833419
102184940540415
247749994090523
238860608496453
139888265129365
40794429322478
183443507908018
132436893962675
256308497326550
240800467782775
34696038307496
60522135499383
218685021587994
268894901898417
228637901751422
36285004951501
94426889820696
114610592342456
258994299229791
35286540587712
24121537328450
97678590338664
44119202103529
276160646222266
249584277522952
118055025294834
68972309593749
182229217347133
69183246142613
129648950451417
235993079035562
227304793194130
106615462960744
5346926062953
256062859981184
14349247177105
82894768330448
234669492700546
192919599656936
112863296087621
117213649919473
132677961605375
86515702916231
42479762443865
61425293999498
278398963727494
114159476321210
133313909294990
105155435609666
98839700618230
220642370207217
11896241726858
199515637001806
44734193630726
79223922730969
34040817707630
39856732684115
7567483862747
260836017090686
35546495772149
254692489492407
262782484708490
249234708260083
225668839612149
79253251612027
23072012842043
110202443437570
241706678670723
52247887320042
253701266957914
45496469317456
99978763381694
1229738930014
137677093266042
86336003169819
223934047278285
62330946018391
262469081989883
36428145419633
58500461147285
188515159961339
10917801325611
176543577351081
46757988007282
1446579244419
185797322235790
281200053141247
280974762553743
262703253206533
210716510613661
67161781630674
276897477459897
247052704241345
36934743310024
75323188163392
201754209419608
177104409141934
52768489076726
62757447851481
58699175329966
102973059895983
3356738880699
49549395376643
80314738973839
249298851009150
116073493422571
244755427163595
75503004382411
176431487156226
123024883162285
83025210211890
73465101749739
66571436291154
210369093742522
210427060387192
97707398234601
67880060650751
40165357097474
63064948282459
3443718877579
131819454357547
49195541541978
236807575758491
276469147797016
253916556554293
260120390500830
37346278681278
133093382330053
269250664393879
12848482725586
73520468368119
214079750180475
206963353581050
260381356617720
277106171486609
209666508807547
43867491570290
98550871170143
35317473785838
246299155701953
278738023494999
67492325680365
39997325956041
130375845425279
259707195370131
22339312672817
100837441649321
252327355034575
271499227262491
82684384915138
233294474178624
255730956914896
184599930210925
275477119627197
271647394989704
183432926687167
35406244789062
259983462118942
136557606546614
13048311243117
51629621007546
37051867632471
181642657534789
47655652285130
79060018336851
263178135439946
44449705954377
30985764635563
234845623369352
58153705591162
255143894853103
218279880744816
58371127093811
113926993110257
74919716578907
75163283051464
51936575448529
16170533863246
243179723487160
12595301672411
276970729678789
255135435510618
105571551228152
39155391050625
87370097987930
103205753575390
84605738750279
36405148717423
28475388031559
40915933033578
226321060802034
4416214520763
202754991953883
192223026712775
78323718648216
192880423121641
206755402874699
65817433134032
259288932362890
186875080519554
13674789997659
111137643785750
254181841412008
244703857246072
262457752813242
258951903732607
219883452821613
28547173294987
250097541881714
256313350689907
7743269836664
4585785587579
198885049498649
188726292555099
221259166428718
182444974159403
218642931052877
184876626164295
131050370192975
29278547471565
185656860727889
21995645686622
135098094026298
122947115611807
278860678279209
235948044178774
119384820184959
11940529714735
101725210056115
202450542523455
227729289681547
205861987483645
261290969600574
273807677584241
42732522133178
136879787477651
84544395366933
32521847579184
84865760103089
214677329394911
181442874631546
113650510158842
117863496869850
210237025673782
263451103285957
30838318699717
61450424283755
49299665272017
6592152669062
128589296309333
279181656919941
39421733495221
122851105280389
237088951686976
177185078214253
199444337246
250833629644375
98777771111593
248284420366863
271800979980462
139551105102417
57707133686488
14681509661942
228538437639057
277474049098069
252324658796375
139254942153670
119523868749442
116410967908565
228562421351086
14501302673461
191293314102825
104295820096010
128731044927182
137633988809341
57856043537265
13887405386365
99574794757707
139784172858935
251881828739071
65972834582095
111101245354670
256645664723889
135597734412235
114424376222794
22042719585522
239144049406970
51248921281245
43703479676842
272902140959635
61992203411870
59348913517073
71136163583223
12353441605534
4582462464445
69451066697142
52466648188658
208458447016984
110546266808773
43522377682094
177122593193105
34243466783702
73608287856015
51808070537182
104004012801907
185952686027434
1707616173656
66952462575481
105624804254918
107696187862158
211737379721832
243386493560275
16062166465031
225583680819723
177088314800021
279138889840601
119227901664363
44793303241966
269913331528191
65843018075752
121753449488282
86879691698322
76023505284941
132434511099637
199787302335485
31175132046282
71393178299327
252003757843523
115672281194881
16031911524248
193488477794166
251975979333227
223084785743029
234861652511790
12600266449320
192340328993289
213245579223122
60359179562570
202905935533247
260060104809706
70729697034353
64728597208071
220812193479832
184929881910199
120077438977646
59014010725034
200043562394747
5638352632529
177530572996520
190922185214583
257166938567289
200887572958657
100132557117144
10813345693214
63207605359263
30858113039505
193335039196237
75124853518855
136848716410330
258961089259336
268984967313950
41034481848335
219357989055192
98550362844887
202921831399824
93169603108762
242464967290271
27405522102958
233214746236347
128903242058392
27749027412689
42706359676490
93276371228630
214911798720118
277994776879175
214058207540139
188927954937585
74752684762774
208833803113542
134068774982791
62886953056209
49918777686670
240395388665267
29389098358490
242104221609454
187526122413554
201645556872752
26240781481093
12078488214761
37068952821358
99688529237481
128496615283522
237638307762843
41048998425430
218764150382158
189768036615531
92788370711696
220672355841663
74623828874373
41277975200351
85170467806319
70731276778619
106239355292368
234248411215859
3445684380393
217114054438742
180440348922949
128470162666859
234721268946616
87779769774623
35597113291888
34526536163918
179180890793328
81305087090246
8317880087383
246507762987880
276424011379450
118121379431965
13994800046269
39666558373615
249433313563387
227471186006443
84760867353499
178833242467406
215499300592873
219613439426568
276938855513515
105998345072707
27888665304595
81283799437378
260785988611181
34252360101831
225762939002861
235119314896041
34987630329855
189033379919303
79102344245823
278166210322618
45354809463166
97466951624049
37260944386911
227856690523846
192499097588377
252773731523625
179636794283064
280495810252382
39822232932456
109073299362283
16436611372477
83498221806488
69524830921449
221439372418750
184024755037701
275576304955202
70017963636649
280316929945009
102454141770718
29732303404478
252157921923459
4064901850615
75798377984623
176951532712377
58847318025911
269739372789062
68986888888168
79946398486665
115854613606526
95509669215830
278771084752457
48972297840182
50242316663886
84645383804113
118450330198467
43893362893661
212686879366843
3712726982856
276895564378094
75847259915697
277629287902393
105900469672698
221394861857333
275780837475383
76413510955192
5551161709627
129676847089542
271151859248859
135091070713794
191127549294514
185743149978842
132027288978833
43084731035688
67510684552091
213304536134023
234309239079043
42340880021397
133777345172879
275995989544159
24114099970745
86946255436994
112929474532691
207771377907447
80763936640121
82053343311293
130841838017477
72387658001235
275935237970649
57183228680714
132889240838729
46782718007890
119011844373995
272944498377775
115535329332846
252483397688330
199013591231130
268338244918674
225359280659832
127621686625407
206620575833646
71430708566903
177565020894033
268641065202735
189270621633193
254560753183283
110929395028434
279927324695706
48857508797386
103276156920403
274840340463032
104674918622130
103035105805486
50006168468857
31724003922425
16354383921990
279912702671582
105417670133576
74447138600642
233529053110915
60498920190077
139633280971655
181403479977006
43154730382387
115794569502789
199992448615616
136278028127750
215508467084286
242995146337001
131596809134203
57435429991488
272728630009960
121628260522518
78590560232656
3100647988815
268626551039978
107011717504055
114507301606911
253604101620789
25687987568255
225813393666987
189214687834498
99624364536792
59289663904926
104536299577926
12344460147333
111459919730295
245178173983479
34458499809744
206144204636344
31776062405865
251127694188055
120541351807981
273437854440387
77951121450027
225034547818970
30914296087951
27862560521333
206832524055539
65027079700913
72386680249481
213975321280513
81312549795143
224368467305523
44611708641104
136778420818069
8875614743722
48722482740936
64924163041198
176939539422768
138012076226003
249065317068011
271593372024907
135979040548034
98329702669663
220113940048985
242574750922175
76552108538435
922267096072
235207397769966
234013795788465
41106163737043
193154493359981
190341377913328
247926624395672
38440459282077
98808734002575
84347661244123
177766415540913
220442909464302
177722831977465
112026712583103
199679235022741
78710959265778
40727149255792
58099505527447
190429305691784
245600721543899
252175118445245
94437181817920
246274951669401
251130248441013
104093026710109
97504517631175
101794250814719
109061716044418
249402295694535
179997003748221
118105256920919
9321949001338
181479231731624
25978963135087
233283074709166
93126019340826
181619271646902
110705457773427
70439934172166
26319605182558
215504988632600
111413519656303
35337352352389
102411405323184
260009000263563
68837438336045
273119826706771
237746523798136
73619015794754
22345954122363
41651257981909
119014042308047
120004736775667
31696703716874
186400498361794
192077333462063
39523546948982
100074900452685
24154673558227
275523666775561
263467716108702
16838941322133
259481535970750
123037884941251
138141689117247
280502844838263
46786659808635
34225437511711
81326983541066
221622431486467
30774682727762
112087794418000
247602699113578
136027246959983
66618990702325
34776254348288
97735963946975
7537118206542
28224368481363
79935238517707
133512562080938
48774434731587
9692885782413
73245756062648
48860886929455
42758004334954
117486660263070
44799086915669
216017456345192
185775759854536
132350906789919
246273852220490
12730187241458
109199495019165
135877178801168
76448133521533
278274969544425
128518145400887
60172824165255
36482123796673
246728469615303
128094275644665
3298194871737
690649649919
67836191551474
203944325735357
192083732292624
14774147323321
97188751465656
112015611622935
3523063818133
12725378595662
240315372611456
187963940202155
86538050725696
249564974880106
140379345895153
220845024706957
62286969769301
31368654095245
73671175054153
83484679504841
190908089705618
212979331854301
38841574342158
279943727519245
58368734064712
35125590328878
96439394571346
208858893905407
227398835196827
46851611524121
133937167366799
119725948447234
212266911079599
86524257418904
210461998637816
102656272239343
70033196412654
95753756640759
27859021549713
276093017620687
176280590262866
206596905335377
43339942666182
23237115532864
17262586726282
79577933521642
22950199258489
242032452250498
109417382832893
260105490182685
44336833691157
247858148356823
269474727427646
250239879783816
185937623508600
113257304154058
74789456029343
250536435673994
272890501443576
177186902291099
43085496525855
203464123213506
3374089405163
27170163309235
258038847275734
74356715750943
41779703770317
183259952280552
128023467492055
120001829283022
251161387533905
84190358310406
185202714990481
236477907188573
31913653540735
10353390695553
34591691248815
