246136122130411
192492218031806
186043039222766
275657497558606
133829834827609
191959572968890
250837143096767
112717264238080
76688872792211
106039909734274
41249894069570
261498054829905
236118818231307
17230618375816
251838371495632
106865654739537
102884478479040
25541856190890
45193452329899
128193922654552
255520366601039
13266922831511
16517518808456
278277655194362
3851972697322
217240151511570
108901356453320
233996776484815
39407456170483
208425520594941
279089830157698
76467950252991
39155592248513
132489409146360
183134896775210
105068972801182
262499985821243
237315098792499
59304791603137
226147493492288
9458694390344
102986791006575
280178339985334
177279756504527
273343165815642
177685851902288
228579073691371
183074319599472
222902377731283
99567496108969
16561585382059
136414842233751
278672691726238
27669563412442
31180669768429
3184833292825
100409313385878
214597489570203
101957999874165
30394021753674
23213950606678
227079035881182
50153511944142
179779032814135
228399640153923
181359536567961
261076489205086
38131156685483
60952152898218
239293785800168
240793446556651
58941837536489
243489124330425
7518258933702
73650949913263
245613159612297
80407596355779
47435678052929
76684911701369
188178822138622
272114385812024
78778256663993
269200275709929
186009711838849
218828620118917
67778175039437
204507965749112
99964705472851
72464507428224
80941916367606
102922111454291
14688121619965
110362316253703
105915821548255
43670450921018
256597959574153
204060573081432
129098660535681
247955356355833
278933687188921
98476539766386
245107712169282
245991889153549
96903955579793
41413151350381
85009034982535
44599778042359
118591007699891
246902993672009
3726885096270
48873661498737
76495465442115
35617786110568
183788271368181
250786362261994
58134432650845
67429341699699
113715930758511
58126783569503
70345372405783
94506900290742
234420611647359
274458346299888
61830783343744
69618632751066
76639667849786
51830680566872
111105732793941
177736379310599
251752993252269
64878055121808
133127171772814
22336807122301
30427733667422
181466558915434
44925555146073
35081188538225
249809436258251
225557712786753
33648284372046
199572368129064
269051445600715
66734429597022
69116880255593
219892898780407
133300094473875
73864073919535
44099484754494
227695153052231
182086485344583
179024009202751
222730492357558
46912760521032
101062775880579
269201208358035
51549671601611
243187588540240
193490136506502
215856370069870
134826916486570
59211691561989
31058515500533
72473675147922
69203561012593
249252659128128
78438322463706
57579625539397
84266165634523
5721209648538
15046461654087
45688821840633
59978966671034
34511502700048
241904509750768
260833543893560
65647952916095
133685256565162
221547187119299
277516078477234
270289925253979
207892984099663
114760472265873
251503443551159
261521749089165
83637190328663
35415478153433
199424788131262
240736926905181
181538964125086
140691558298766
176377915604847
73746525619414
47518679364736
80950504025455
97507961702001
243197056887401
278345268792670
113992008722299
243893807715753
203018598806157
9830223134026
84177032021398
233704392091305
241478242776205
245863291626874
35190813173240
199505479050886
48780154037203
212594572652459
97226737748853
93950652961911
211261156818958
238848867999611
82395895863208
243453131518128
128216486973570
118840658398750
216086667922027
73653744227216
261129110138750
201100768858954
212348791729871
122713036090067
185979204100078
189716746450258
187629680045682
78137641701870
255646354542200
200934323413417
115114018285134
57343331501699
3686689865090
199200729896457
202815786745205
30334788326021
135712694939312
12112004165002
31288033865448
120335200779291
32322600097366
122004379535985
280035529252162
36432910934089
110396864816149
61082853041226
42450789864389
58990297721490
180440081857537
133433580583534
246282384630841
43967318030328
193081767265798
278631863342642
245217924822467
260515858998423
24045843495642
185410831231955
251791617502651
237348170851526
92941446983326
188941378106840
60346501690463
104376256237386
106092436594261
273226917340608
202728513565769
87427702318529
177187419024264
238407297202897
276047996151029
184784355821405
137912582610439
180524049559559
132740425154219
109562356760144
278139351838193
10533594391691
74155054535259
100604345307712
15284953715434
251039798804123
76339153399875
176540239339393
79588963165777
73698521137114
27511731371465
11682580238801
70451819220666
241856340361649
255286517087865
1794380437035
28494615216056
106464639637098
212308571645320
221632566944109
250816951683718
110519872052415
23316017225160
233631597556649
13807978723945
63351081581514
275585740290581
252191001034129
43050351629770
35621414738827
62246677166830
253997240325319
41761046453375
14877661916993
133593782260750
103192687799735
183188654653272
276877913961409
98533724299825
75233164181049
240783404296057
277432310027992
179278517742417
52155683270342
46092202908651
43545862151818
65877202080374
199817769234880
82651685692541
100210142721093
11956613588401
43283633984237
96443480168191
82275220622704
66523737979408
275962451849117
191169908408373
16079726290864
135607347270089
220260048895489
49367675033411
212287328135730
129050264316574
83108553821111
12641891529737
243534290582024
215658014244734
96279137150541
33795224667225
247004539462811
102471964583601
221742603489731
69754319074775
49006925371074
189333581922333
269190072177038
65693890821629
212899917146669
79174809016238
6165789347658
281279889232745
77765000332885
137515410077558
133290974893622
14445585604795
254724744795317
236811407760286
209626899512320
27450984969279
109532050690950
227996185199489
256683320261441
263729932699231
27588031403665
221082186949965
9858312421119
23593717251904
243416513651531
260437138760707
219404843044943
80771642495033
72420481947339
236656309671849
60710438038875
58196166565707
192083465141341
48353510112904
84339922239894
250204881944785
233457569266805
183733758389931
193235969802674
220310333644506
268465370599472
188117274594437
183969958568405
207096259188368
67232162837519
120658166305293
47094077940606
3395127727215
234605878470273
109915046142555
281460785808967
16593365794250
27973100688816
217353354308177
177918114655832
27609391669999
121627944591978
247747970692206
74921462111737
176327397825872
259064022920254
86914145681922
218406958107383
97392310817797
129381559536520
103982942218906
251601489797685
114767169574559
104273200791439
101283360248691
132353624331226
259906760514115
223914928437182
261291839453070
43433641475955
261557837643374
30927943609851
58087198534751
192252707888563
34351244488769
66045161497559
275778999079391
220481189504766
176962613907470
77893490154665
189612343599441
102340984771998
22066704078840
262765182982019
12814155974256
16541370264298
274692984074706
214253605193541
210196609492392
259675788066646
76874595601141
223938473554110
223731569573257
274191506238351
216292322257931
251781085768728
140409763216056
190318278037574
82712543948297
178689762071565
227203858874354
223559864904761
58690042511290
184914228841502
216051667967983
32281113034984
205294155795160
213913309931496
239074706169021
1024045740127
57304488254936
87489958919360
226305336695495
137558171791019
180190842769848
182513525255754
257880722091767
129058679033951
252732236958890
69349501315923
62206265742707
132545008698611
223225789207401
263743122901560
130840805109778
133518879988311
224383421124125
227138725429195
228605707382747
58345759718129
30115623169912
84859887052438
73932453905222
71526253068753
180795602275768
238520345322942
113878778093649
45176984736279
63440399794263
233472652075888
214310959878747
74147630583734
98317586984815
13676307015345
207338081910837
60402717101295
62843018039997
131265062682025
23805562264282
101646554201215
119230401909704
11708054099851
3659564509800
67030666941608
176427737785218
221763953203840
260445054941781
59974652098065
86428996986304
51708201993674
35965505148095
257260243389375
28442131207592
212985723983445
2084457901446
35607399394443
32865981953963
184572790912758
50171053973959
179842797887039
279136199048186
228576506487789
95709980815030
34344450243257
67886124029318
233257289844094
44252610625925
97951263728982
23261467216600
203806721993873
268877154816122
10958612798874
234606022628943
248291512922714
10515558228368
177075528429626
120897251112813
12369391245208
216243161216333
215722365320247
9348003085443
59063497415237
70083890677614
96442726137752
135706088012394
79678244484520
43388485840862
118833062867088
3644991007408
2147902578878
263279572230534
219003826505223
108436168227947
218613491335679
39099592340089
198606902325386
279955366240730
74317047364619
918362753688
181477400096477
60073075058097
71630239423422
259397077410259
111409125333570
140058340733358
92420431591021
3158966661009
241410671959873
71054615288350
52632412578937
57676206203226
177246574381738
17538913417205
555567602821
87325961444719
258036453575798
127778874319037
71289753938837
280576643398765
212194242629595
97409852059631
120283695111774
181297799099893
8132375867843
34632959038608
57395813261429
105748540883198
215032095494582
211038916083291
29353868488587
101117537615056
179733515920488
225112009280861
58137195900310
122791475785631
185194667110792
78829222572034
219369455776848
111242105098307
105802382565192
115583878978115
216017171817385
201058864119805
120098218648671
7371404827976
35416067668850
63404443874775
219216502320201
190853285457439
210738797166582
135905472508358
35353986574302
189379889108025
70288645203152
61597450296990
48068385529006
115656326919815
14971631415174
176298661414505
52694035001923
241994745521351
256684070003449
236635274113736
192232975764369
212662491067719
237197051622609
250901648739766
51222103365135
237085248984626
65840680379966
137043449710323
208490392941763
274303153594269
9604973835961
26400208007235
224939178538637
221614126322709
121632766377683
7779986543989
5680997347783
216480758621358
102375082166254
83612574486338
206970103065601
82372104680379
212696282641975
278874506653895
60059365211893
78317003727326
135840019486687
278339272539898
131239676402847
222834463634153
223434918919702
177168175775249
83428817428441
31902919273327
234456097170769
219816952619601
198823012201129
68833316035782
280722254801496
212097514995257
280175568182096
100204703121927
246638131807211
74798745791594
104548986593403
66507428560890
137256679567222
111283051533131
80538506920073
10577227980494
217347944296955
63104838705093
129727537811632
10120064861575
73129120985734
247813687836911
32515156164347
252707397642207
255525971520467
49667090710726
99625255596471
277832494537336
98528609804848
97107202501960
119457225448969
118628189505451
179170117642902
57577644240440
39997976172062
235864946358869
272846355784896
234898983277064
176056597783007
23456210399873
27327625942894
262279835178503
95532575438296
238232070186170
131795394417617
262857604559991
192987950567656
270191210282562
61999840993791
260130364530929
7781149244509
205157533986382
79090717231671
203206973363115
34865482297598
47788679308282
237497933386179
249856675905013
109197853978179
85450979930586
59295242248595
271761206425469
45426702506942
101141277347213
177391858967559
202680613763736
224945419713261
275934740970106
64407251196456
240263454700422
59240202573008
271727165650503
234834580678271
107561733251271
260285707705307
35665042313803
120618792801286
75816058813978
242495661969333
49387811582582
238031220276405
186869057167545
82305803901891
74880294751882
36762691777425
23719473097897
44443539301761
107403457935963
45793784982480
80385125196801
110393198113161
85170543836824
138335411347467
189857849135642
279144375333903
509190113810
254350121415321
61568242170707
253527385191359
216131525998009
254451348746747
217384793258969
227795131202539
95478644069454
281026989136563
101234709045290
185825921684601
255097386871307
79944826031594
198179876147354
183662118447965
7217698087037
224505708673885
115460224233934
23623918226310
135859232298704
15096157835401
201804866940873
214071930068362
49497313612849
206757642928771
48766352953902
37248148930493
179381305258101
181649082646347
106574207270859
107746739919571
108791280439149
203612779642042
23505530426574
203648297142921
75198553195578
27713764688375
79930794946744
201926812587474
268377321416663
60883562686995
100224595157469
278554251562098
221533173375225
205147895270057
51503890979949
136489629940394
140594419970985
97846638121296
258731778893018
39290546330307
140059809124817
213114536647311
217167879335762
13202576893445
227066092277765
253567272059837
152840547702
114169957649527
14174376230042
263538339972466
96612484096894
206846733693773
11643118260302
211269908905590
10404795382857
203394948763503
175949077999120
79721073739358
189322206966313
251454181332155
9055625506930
209816656797203
72362719802411
57189559242579
8961916449014
114608772229880
99578096153671
30594180036561
214776599564696
188750781512234
120057083116878
189130869385936
213924003438134
254340728943489
58970343757051
276406070268382
139313793202928
78733556575792
86572350608606
34454999432298
87043965729310
47695516995216
132589112529103
73822878956682
178084333040832
199968628970109
245696889980137
140583222046710
12241898639174
136757997714282
133248271258221
57873773005514
221201591241387
188061305885621
132073702153322
224783017548304
258480415663543
74055739205054
48859394632430
180782113094487
236520727931929
115013806019642
106819429121259
273698289817149
261681366916846
252709260980111
4008986785475
98053393029767
34435281457840
205790375579339
25366477675614
43078778593479
211850557758032
210993178903673
122489610345333
76302361803392
100053257207211
98293835420096
262456293904429
280193395424393
140550536171203
261569824207087
223828348828600
84808851502045
189744173932782
110869257469905
11737224709272
128661635478733
185394039631879
179309442514814
72490831133376
72285396511411
262794270752266
30968697630131
277997929470570
101140493992817
45339773820567
104677857139305
140628694475839
118804855839341
252450578281333
78703648169832
106626971275585
58134273998154
96398182095547
199690666910426
176059261875025
98354781188654
100723276110967
237925916483950
77731159633000
23502302053696
215693416676951
75660852978344
78558169338890
212116872870939
35972200445361
48788476457666
275935372095440
215744188589978
184297958391400
17465809543817
212191159813080
239138694410942
216794778513232
120330869081683
260670611617775
262640657520146
135178681701525
35689799884726
93641145512950
259586196978901
65304940870559
38475877504967
120585317277683
4898164780695
133468363943952
278023406887431
200053388959114
64508297778623
205135882528648
107552690198231
278887090613134
117659571383478
221787414335123
270169802920438
214642121468861
259032435189117
215048758304936
7826762553337
260016065684184
132516227493981
139440655652223
71926121669135
5625797386425
182104464237629
70225950874311
185964591381197
221271737460185
121979606934585
5584754522699
260394580534161
35128493152907
212053732879417
275868822615606
209614020537405
107330405842078
64365907949529
44666003227215
106476166914073
80204318225567
255733488196274
242389934690818
269386982449774
242007584758294
81363277212163
178826864518994
244055927706154
120877696101494
243712280820289
26196868172362
223621012972110
78283533170322
27154056009455
75677052166842
190679329970010
43919251701586
236411593118879
79895654690735
135422687935678
180579130405074
258921191449515
101412986434541
78211889788289
278019330061753
93139809801289
108782008832014
259677761842927
34567111107697
79663900107099
185808923368411
115455133963101
42930133853717
58917441405866
280284123964499
271666718006899
3781538295706
233526051223089
67345004293162
102489147064013
227749228458049
84807866465090
4293713326075
206563338114650
5985428528184
256797320327499
