75318725411841
220924896416194
5515547343951
26447082987086
386469864669711
40698322297423
216105709278102
2037609765249160
70574117813321
2009282493219330
243742466669064
212318224867514
350737917774905
282594134000185
255858749476871
183755998991753
39181107098758
22068761181193
180326364148666
2005441301183946
40596288766962
207886200078920
273802131378070
21992113439352
2008877906284938
26463678009423
2221658133787121
531500860964551
106866308612742
2243606356229632
251291135671866
493010556817862
307441593545400
531156573134721
39529822520257
2011419250254400
2006016849969089
497592242768514
437147172943
75925498163641
536201035277186
38570131919487
228155226353785
83019976895920
104928494977663
43569201047162
211373928190073
75814542758079
2017664100479895
2005998980529849
74371637681905
22977164902401
273853695466551
255574204083649
40546521556416
233184392602255
533815631503
557454544142791
528119010205698
282987004158009
561928810563153
272877278723713
4468651274840
2036365466362263
40210343599169
324500128338520
2006479035464193
72517443657296
272130101023351
259075246067770
430574989450
212824481796552
316455404777073
243138119631866
2181974534415327
558562777855032
2004433336629240
207936446300855
251782781022786
12162577977490
215998189874759
74149505229439
139638116451830
75204984579577
635552902209
283209344452048
2002152687994056
347041832144809
2002196763803218
71621821627919
1973746131530672
4405931880335
629353570304
206784677244016
321067197367414
258798895853646
3915046689775
4408668263560
2212714504027705
356783858673082
255785613684224
2040566105861200
531685036850688
532852604856
1974601672496520
251469540397705
211602070343232
360641054052399
223887237612632
251247714402816
2229742993969738
255095407382993
35218583216783
2185829114414143
74287797170233
256195055326840
1997677333319630
2246921674821265
5430079915023
12600543776824
2227077147460176
247449193313465
3968822907799
250820587716631
251180423244831
258438699421745
1970946682454014
64467326771273
43017600755128
17178827462161
3994216882641
40191406185342
531631200566351
30237643214353
324495414193687
273702427025607
216185217777217
254049985200583
2014811205726286
9903269783439
272679033085832
313430577606161
2229457442828985
537668991546240
755105235863
8313985269319
500481923220599
26457030783439
211794620617810
246359741988938
318309962446321
242520682910646
146184110200
352944173973040
8298879779274
2042139003363385
211192266616375
533737839108566
558432719806024
42424481133054
66536865538745
38430313247191
382689118552071
1982429946675192
250828640785034
383233235873854
2044063906005041
219849584029311
268908874405434
347384887997050
102203947822033
2225496478003137
30915349242438
347576591164926
96901051199480
537179225059352
2040417596222976
2208360391045113
83076313288256
47838270911022
1979232865579193
69956312007191
344011697269775
533187086341105
214517126622593
87542860360721
558640807776447
326561583009400
216141110940167
285472380685762
102393482088008
2032453840036761
2000364928335746
2247943753596919
280797315370558
215986263262152
2028596824435735
44597933535416
1973726217826378
2002414437698617
241900106223159
36774971538497
537299651691134
294058192772720
87425416207471
688517796849
286000816820280
30787162510414
386411769963768
3487678889345
102459798654415
8677969454022
241830044045817
1975146896227335
2000967151034504
1979611680144881
277099562937406
351492496687240
238179574554190
278253770277887
84828486774
2035744971199041
2009253481018041
2006694754290192
5497731915665
285263328751624
316531676115415
364995969512330
272198086364223
83021453622392
294178181118520
519597609185730
315010352393769
62647450436153
29491513095249
347447709210063
2000638730862576
27978100158960
40624920465919
271649167703695
2191867961205306
219406430764993
257225877135994
35260774294153
4279903461383
250191676706306
255088710882873
268951795605505
501241102720966
47957707662489
1178051576327
40088175678018
239326553957255
312827017194103
289853268848695
1982427245346831
5034749992905
31430537638863
39159395741633
215574025925625
562416339420592
249668764163602
243138232635984
9689593495537
17112353239111
277679416827983
393024267886142
30298070651008
80264361223247
2006479051988528
250149786641407
351304700486594
1997272514887704
43372622511670
554637323202562
247887510377927
1980643395240944
2824195506430
558060414201942
2001119519740993
97432453095623
532432099245185
250637109891528
104387956121607
75326461874704
528745091764354
2247280551328882
2009367448907841
42958127325311
66159692993034
527327761261121
71459937448840
34775161086991
104530104782768
180931853316280
357358625102336
317913506775559
79799318221712
39729536405495
2036311936738176
311171771338375
2220607614185912
48859646984640
256116923146257
39510597632425
40828076563922
280807040356928
2071947033387982
2878851023367
75267085638657
218314294726279
2221140489798840
211776379355206
292402416024088
250122032681930
75436973613569
2001609527226778
290469695716402
74694864953937
3936186245062
534922876248073
540976101125702
347454550275065
30441640002519
2002265267245567
501387249058319
4633370271386
259002881544070
96834649355840
2036427728843922
9949109985721
183972755742215
254131234471439
102186969002002
2249041240648823
2001606400283783
251100867949129
35167311735881
2037591541526230
308009450104343
62621954826711
219368644702729
35993334029433
140376742105018
273665740202489
31276188544577
281349217329273
273308431617664
39084240412152
287177484004806
62190205501953
37331902161865
321666358213689
136329912385551
285518690057218
1993963397669048
43850406076536
27420193975369
70850621507023
8386982715898
277034668941761
32085555483128
2243064003296882
2250760566370745
496369267960839
537257576472968
27427763651137
9832390168080
2008895742075394
527888428078209
4518423051961
1996842919527368
206234902823601
215444184673784
250627477220921
44110805990984
75863905281166
179745315324666
312338749915721
562247044658152
3978517288002
2208979037954071
87898921832031
70319088080312
211665822415810
539926967677113
309375472985544
9224503140223
2037392931819568
2001882132098058
313301636521920
554577198547415
31396095860622
1979740395135114
531156848339536
43086322892216
278091733905330
179279469514322
66046553227351
2003303896445832
44136289558591
238129799700920
245741672924137
233441019293754
2246734841876982
555406649437625
5386944159889
559790447138296
101713428086656
8323623648783
216186088525233
31465328962950
554726446329424
347026011258385
47751316374984
70787524694138
241409411945394
243540783592001
176470426611208
251152812180017
22632580453816
208356531239441
40121709302216
43928025269378
4457476096624
322296490959439
8308376039888
2009820414878671
136477018985418
2039678656159822
2018204160033745
321539339945879
258867527418943
101369432078856
246786673578496
360153359052814
625875882946
79239078502968
312408302880712
258950060863497
557529709247042
237633334449111
3922397266111
102742112616328
2041723301442054
2225885190788552
254958102352318
2068129693633721
2037549677902866
40674294734466
74337297859136
36205534638991
39471691063352
242604568478103
223345006637007
219913452785272
277712584606351
62146194993751
255084968257032
31752435400642
2013693291996634
214388678561928
248075564122713
40080504263344
1971237250445120
34429548634039
258446415136201
32042490228930
237511846723320
1982849240858198
528315237014712
31842097426551
133015285269504
1980822941340656
241971207860631
4414388018503
285789286113841
276603693134720
1971006411833473
256065283317817
2183004216564750
256744831643775
2009451217095742
97221119342543
558534729211448
321539240879032
242434928219257
247864609673720
1971492915581512
247456686080440
558001200884736
313361348727954
215229268985014
215970136490097
2009893605409334
527687479201792
541451749201150
313012369783303
250678754476224
2007141496486960
532525617537478
359599146012158
2239148047932951
277757814920192
274269112835577
72142433591311
321770224031618
39607800733951
211718381466176
289223801074632
70379733053535
260386586587696
44400455217159
22479892440055
211166613238736
356880899444750
8262707933944
47775351919800
69871623006144
5078916276847
2221615870091825
35183304613424
497529982190583
528744806580271
281363193848255
4526730613190
315989231644674
31491669127226
1984070983094392
308886384675863
69398070793145
8790051385735
350813197204039
132981178328015
181962586723337
41035092275138
316729408188480
294196552233295
27095741034463
1588784988681
181480756408975
276672949814209
2009487948386894
220933359170041
259484064484976
559122204591503
2187479979400321
5430853698288
102323183157302
67553650811840
96767758761016
532174413304505
281485980445816
312529784607680
2014229198877584
2036982725251273
36243047256023
529405443314801
537121215479751
277153323917369
2018222446281346
67069523038714
70369939878530
2010930697703545
2018720695943391
83562494133121
102392826175032
27059768290873
279919929593734
69272218665095
312818962764432
277087808062009
7234872644536
2002210928267374
3831920821441
290211632749056
211296167157906
282109188801023
73693204063255
242862042386313
243532178985921
2039121895555641
1971839773466702
61640570052534
253996032287922
74348152459271
214953199434753
2035815972110794
1979742479963129
69750274880968
184661148230600
1971289074204865
2012052856209346
9508032577727
243963653489537
238741950334137
70937861427329
2013909779551232
2182548965068409
1975823756107322
2216210658062478
69276870025287
71461797134465
105157828578881
2036107227235000
242381381632696
106018448909392
65558395519199
2032929502458431
202449493785167
105637119553606
254064748987039
523436134756942
242029077221446
496980245583232
213939587317888
3935637533255
1970669774188040
497102614896136
252338323124345
26549493765631
308549745942089
2221238854423607
211106245346254
179924625559049
2036925668001738
500413195554889
2212630888420880
284783357699528
66528271634440
80753975529528
243474063993402
558086993768471
2244162409464240
7749316946545
2150224823128584
280459204111942
255029535281150
3988013666873
558536880554111
70299938422289
246900346880143
554764953493511
2040272676957744
39094122746184
255077254496825
212358539313849
26525613360198
44056749345863
329475414052990
4954414322632
290469448089098
27969765979073
2010514056020030
39720129665593
250081066062015
562484101221698
2000700053323842
320377854951370
254521143705151
2014256057053137
1974932101659703
326610112512054
136941691568208
35744949280625
215992949513807
391437814244032
79594344772680
313414623225328
255070208323736
78608542069818
12740756221010
2032568864406655
1975142987006031
35666193329727
2000562635383217
39781091810488
97444084555847
31200972934320
13684855825321
246387478102017
2006135288430087
8197228167689
1970812583445561
1582611349000
281474979166086
2225342953322441
348680609628680
71666096877000
282502700703303
246839687287881
48378427219536
75864574038655
216019663127560
219354465694223
40279130534513
704408482744
48293839994376
7965385961033
47889858696135
1970386279388096
259030723833854
27069350054456
221550649392633
254537193324929
213298813107710
35595902578566
214818963845754
70591979914566
317148707361287
2014862674825297
280977853121153
237630058987127
217085798588865
8444811609200
317080152573432
559521772078209
35244621406286
285881766224376
286035330208825
320456100156479
748415082655
96824690318904
27374091563647
528262724128376
242389713165902
44161156220367
100605332886153
362160370745936
39453726603782
34216244901327
527903016448562
78744752025616
101586600501775
2005672181429271
101130109265041
2018780794614776
2001534085238791
540885517083719
223795463062967
219776010185736
16577346924670
2220463733630416
61148790198352
285923673050674
254487536894598
5369812739706
282101910109744
382756869308992
2226167363634118
351972704124943
48371249509255
493053653773366
277213410435031
70934593016400
528475594981447
324434075647928
78083313339913
45613085393593
31396313919880
321686507188215
215651754773959
1970815690107975
210634858273856
39615735816119
350869859923446
241961159685049
351782673059143
1982987774235079
31359723281422
1975908212965830
221138456609408
360014657167033
176152899473567
259416192641553
5008449674753
1974378464252414
26473395413050
4964197368822
532783191911921
218254251387465
2048399472537097
1975885479324742
247819466091615
500888066303553
212198487986224
69911468315585
65857941905394
242390608711673
66047187427201
118679358181710
212636551573641
29693509989511
2006601204748672
1589139968519
344561608618418
315713537679423
2001669256978034
285805129756912
316041696084111
69830694727280
47768492043839
369428647390793
137028538675137
43500250502017
254958968738352
2049357841436657
246362426374657
31860484243850
35602197909135
251288902529942
2075387255558094
8795134931839
2018576256687758
249055491403518
250637090823750
183627283890695
1970756747817536
533384858270215
250775639166392
62601546699143
70421758605898
78125503705594
30795184242616
1982971353993402
533266227495503
277757935976143
254476565078943
351912560373744
2044429265468944
39584299802176
22565607211191
250148337054712
219896837512193
27369660452976
180998815551110
8382702625679
214970495619256
242939621598154
500955057787007
74225627394575
1970374919283335
251781875178568
35613733000249
101654108352584
251373950320262
243121845506120
75311159184521
4526796481448
2046182417269362
49426486231569
531150279840256
294248377986561
255226154816129
2226449849348152
259005752833081
1979172488450072
542136311251449
2037272907808832
317338239890448
348132791047096
3365359050305
35252721152695
2005520114774025
70223021568576
241396592505354
2183079268982842
47840722156654
562888765048377
242449848496703
351380019942983
4468917145210
2030873189289990
2248665432622022
561792207319110
282504713799625
2005574820638584
97272287194681
2247945069987327
30992387824720
2212638352219657
71547761528151
102684467925014
66037525058111
1970746857590930
313301811892167
30504067887047
255638655499146
223813044564602
66031532368374
184030779903041
43372488397311
92437547117897
277163769794738
528856503615102
329304768713209
321695447486031
8862696964152
2015017077702528
40208533230462
241755249189824
303971984675240
2036723133715465
2224818968102457
2038449609642439
47159965912649
281130458374199
47907021650897
32976930631745
219366583432006
100734316146119
273718570353401
8389297931137
2016011498827322
493535656452632
73787930055559
2032644681143191
3446459404730
528188639802304
36790992044546
501315011187785
2075254027473809
36342103019585
31600238469322
355761955569672
343467489796098
8796210793648
346348597541502
83157275938792
223825808130567
293629849961144
313300703223417
39530897969735
251110915038649
316101004926921
2185076831457792
2075596786537537
364542628470393
529030300405320
40362806411585
212352681149494
73745511907377
241350465523704
298532606578263
1986886396805224
290811419631280
26811329589207
39609260307385
49684435531079
2247812328418304
1975410329875663
250696182566799
212139155911174
42892662399743
97449852871102
255665477520918
2001818659589247
2247394117521994
313576506495033
39026369597441
78143587583951
2228778774003383
217161299652033
254081510059975
280584828293639
82814636627129
220985699168714
256384034136206
176530672390593
1970864798827641
66452973654648
39171154546191
562557199056832
263411173453814
2001710430289297
285338430434383
13082453143488
383118612074440
14241037611561
386598744916562
2184592331309647
351774030521328
286492706898951
281020612177921
31429499031682
39645618647126
2009778408361152
2036315162414329
286338311618048
601461333967
251909512172024
277581440458936
219301050642760
259072624725449
561986691137726
1984574500899976
12094764253310
214955882677375
1970952292069873
249658012835896
1038547252280
531697806405137
312794801075663
31268588285376
34831901629490
2220688058589378
61753427264575
2222602374812183
273281304960527
276054629715968
74886496089335
497599622967753
66494853578353
2248630396718599
496421315777146
329389922288752
1978033099538496
35750240555463
2072590126448710
2212782448877055
10049982316367
2049355339764870
62275279124416
