26542210487624
242451058787770
282445779506120
254675742396991
527962376004544
244707053761969
218933257280906
2211790176383367
221061143309950
346200150594617
97172441887345
2018643368538568
322293425550018
258453132219022
1975754749641225
379282120217015
291379308371393
356314518330376
2224873575715326
1151069819575
294136393302586
496035455904775
78873700072936
549780516045234
555261830292422
9329862017167
277204023874169
2238726893988928
35923238620169
2220953512087640
65917128548952
255012586823232
249680411828823
7706502820297
62716169445497
1974875218558655
387558645003720
246838246374792
39093717172359
219748012650311
83495237685305
2075123232244239
96819285561345
74319304920143
214823776555401
250266840493442
36094031162514
35174560022025
259440588845007
250816678364182
554935445950407
2002020621652470
338775329447936
386979787730481
277695673995662
36768023905017
2220465074760280
3720803000186
215985600000946
35821367329294
554352700227767
2028666779341192
9293602779080
250699253001736
2014989447696514
2036847704560118
1971440343326834
65361919872991
255088849584761
273091486642638
35329195151238
32021264990298
101172218408000
538752093234247
287025382829106
246763029568655
2216761483306034
177011961855568
2050527997230594
5927908433336
348492962729455
2217294165967473
246832991564736
273904137086456
299953729
280991943364726
218885639118793
352889566172224
255584678751239
180817049693335
2041672582036888
260517535506894
343669152391815
386538633957249
57946782565864
2006473280065071
243062805073422
1997390615158782
2189267402789882
44587162996343
559116713631689
65998730898441
537740640527936
100459159065544
70917294346887
34823778869377
41378926878791
85279930588608
184168198005263
1984075078299838
70041254995343
1978692639133329
277152230830544
523566210671119
66056450012225
31689178885199
75246735228991
250286168020401
254604705034359
75730897798161
259561800077440
1238948682942
70393694027903
528881212432519
30898835976073
246375445659208
31249391718457
2014933694545871
176953703600750
101094267096728
1980157244306510
31905976451010
3093329089545
532241780613618
94474273088
132017817752073
39094117494295
38912640132103
64998289998465
241350687658680
2216203105902231
44004236559416
44693828371392
98356785513079
250277697229815
2146926237941367
2042891696866698
63304615336961
31487661911041
2248449489280640
247321414889334
2014252686375999
83149344408065
71021846590
272772582634168
2040195899952137
2186404660476504
2181913198690306
34704157602936
277575047676287
3859011633200
70445506471872
250835739112383
184797379163602
79089421885911
32031184260178
66469736681991
39238468730694
62037315547633
2022504279801873
136339696151560
39704741743680
250217534263298
66588214566031
70387279044554
43363231141961
4937186283001
542617594761807
78555103101014
498617517383296
243541576482880
242449842933368
100055688415230
1979807070133393
2185973251249144
250200918564920
254144351535489
2000458091102256
70164865418754
250758296211871
110380905213880
69834140451832
320730189570049
258386561670730
79656391045640
2054463133803135
101105579582009
312897481474615
2013267511939185
255019319620055
34633643164656
34645265866895
2217216917664399
246451986559370
251032382254601
1987376616317976
283118072036990
277281103086024
312322623075329
212122231701560
234133900750408
351982650428537
70491055874238
246306694206418
2187418239709105
348055723601927
6118081009079
92907778138568
64956198024376
272807718266248
1997065307296399
70977694278151
2035319253435330
184331274754625
2006662244696569
47874157064070
66598836379248
241763860160513
558699127013335
2018642143248790
1974797010174921
216552370544786
2038089079849030
216124080161935
5076653937615
540838505451583
251778618199552
2005936678359104
313380156170822
537033833418248
2008878660915199
31899915678264
285383445751249
41096361447359
40674447352646
1974379265352378
316734624002745
277014686725263
286508682617905
2189259588768767
183763678265751
118334101957775
1197473856983
132017649905144
1980159402479183
493055918780535
219973217651201
27031492328970
2151394500419014
2009761345471959
246418407380366
44555050946633
2224431466839481
39719974534656
76940076122064
70914077044238
387583303016966
559162700079528
1970334853223017
105424521568390
104866982625751
2001232243977919
2023016537849991
69835362427466
320523785965010
243525336994177
1971030153296905
1980205276062346
39652094128121
2243542774281345
281486668590266
79104688526392
67006959653055
3992194814792
111531861475505
39119452900882
1257318612993
216113113670082
2222540516851705
219488565657086
105432844398616
47821942186482
4405829607951
545222341238175
219448136668146
1984613018572162
26885595634768
286416439057489
243526572708881
30709146751481
40074221739543
2036370849869640
38897490654265
249943776826430
35537641352202
1983392444358136
250749078302839
1971905819250745
31834041985542
250766350578816
26398276718279
97926477181952
109900954603593
298037291257998
252419268701880
40642086960711
1979060815654857
1979164278468282
39942072034289
2049026643724224
176702604934607
277773772649018
45504359046650
250673899831370
3842920411280
214877887459769
1978914943078889
2005097834144329
2217103872721361
255637480833087
3969457360841
321135931847935
2040023582811200
180990345216552
30802336603785
329243743387847
240871679554958
2014441294561327
249460276043391
1082581622199
1987436823814159
36144299835721
110005802204280
356662974809110
381944183373713
10713257451513
2216702685209023
1971362508108345
2017609236873784
136973084000391
211117948861014
218812659863665
244032358288903
62810547491449
492596528771209
529370979045232
79097325923511
98389073557497
4794393662481
104461930368569
280918021599246
558567206527960
223767666074296
247382596189304
34626145624463
1240044089030
70375887344570
2010039208116353
324563164237769
70789414085014
246348977107961
251239098978831
2216695082851967
36293560221646
2220876201726401
131942558969473
246834307854286
75735574011911
2039541695255615
1973098545659402
176051779539528
317760905646152
250827163852360
281003652748815
41646266026818
281053124570570
78178185969664
220530332607630
249589154514071
246856770887025
2220999379780177
537129857359737
551285006769849
5351682174537
39100544156657
137446571906192
246918775939466
44744417943047
283039571903634
7697655472129
65978245805449
317089017234105
78004965012479
357292842754119
276099573505576
278046251188352
353081881296201
2041184194424241
1996774486908992
2005518320701975
47914839383567
66033144534017
1971287729634384
250078800970696
315725727892106
177159752735746
317228413100223
365530693242762
1979181099191313
38981003935734
258989481006081
78639946821754
40123597349880
2005028175585287
281071631732681
352257225273015
8675838107760
34118834844151
220108385682050
211804046975041
118624027902343
562466776100878
562815786221624
2221495833092152
35819890995600
66667622986193
101231558988744
2247456528560314
2049067960311425
213862686983048
251187961310855
1970417579597767
2000200744796608
531196069540687
245674432275390
311706081037502
2248647307886665
2014737936711241
348132783383089
42940043125648
324428692976270
31756183393218
2040274744280015
3978482166330
27677958614599
318728067354633
273716789861833
2010396601156162
2013895132225978
39121769234943
67267663032703
35109474492930
501248705200680
251240301264968
2221083298722426
3836536127560
43455524900816
529332068249791
101714222415238
177555791089718
41169528783034
3915806450175
2022011284947471
65433661075465
40682077298775
347589580690920
66108960612865
31868390776391
245903000374848
23022117682703
44659091214527
1971915212451473
2041372905836424
283149092716874
247320608763394
105063477161610
562813591131201
2044560244773383
1701616755057
536561422721081
282084625342913
2222192694624367
62259965496943
66949715599504
40087098488263
252752026670553
242579723226574
524612960560064
254665824107983
79914546274322
2006666849857175
211657060004928
246842390773761
250698319592696
66872641320129
4535616253457
240974676591487
344131718907064
30925830193655
2221029995541631
44248124163073
2002356673421248
34634303741895
2015483599265736
75277442575
250217549632959
57242501554625
536141740342673
8330760785913
2040290817375689
2017587888164414
2238622015453174
218886683430033
2207382205374454
242027866321529
40190288076345
12719581816274
207733594882550
1579610927546
215580697502544
557581175136376
281554282389895
39091586248232
3797804437511
35732129607806
313842106138160
246237770821246
560200253446143
2017877779546688
65485117547199
1984122388476537
284909906388511
281066017133183
2049135628747287
254536016814086
351829668170823
347525263622672
66539661847737
2006189996833857
31940495801951
12728285068288
273364734513600
217212751510991
5559952872440
289654492131280
238527569170455
9370664243721
2248083581403607
246831955025497
241486866191985
101891946095494
206149716837417
12669931790850
276648375118394
212406804786682
75867644494962
35186283351601
276612945449590
2005020776722040
309040983080575
105064584742391
70952071238145
311293711979519
39660682474439
47880530830465
8048028644288
492934656860671
114296711815672
246850982866622
531632026815536
5019623551609
240937867743634
2231030173163896
321807795814978
38617157934079
31594589134720
242383942156848
2013842490526256
285269833649712
211603525963137
26535266619377
294628280787535
528944719000105
66443010085318
1974124037278833
532042433102407
2221090948573710
504746874073720
2027620642320769
207403834642062
1973640450310785
2010656035828351
34840661259504
74412571288518
2045023980057655
347452133615111
35734434611670
211114807713849
105546925670905
30725256802818
524615107030601
285823769752159
2005708015211130
2181576417380296
26525703602642
2032884957819023
290274189798935
259418994516978
71949472014313
83587684609670
1807076531607
562257257365504
2243372213826225
533743135137415
4266884591536
219361278919233
79846663057871
224096364797047
62201998348289
2036287881965072
246376521360256
2018095656866761
4890248082327
40191482426798
1222729313281
326063347536727
224374642905590
2032592335417904
44553838849984
63164926360721
38948003086361
39748750349760
219888265174583
51683589688849
238035709170296
2040151123262983
43352340594694
268769546711096
78622603866632
1974266710749698
2018162637824457
294660528118806
4821637632960
2035813275889226
2226435669958280
320931665321552
2221624631530553
66183347102145
43945302521231
70471808450673
280513727693439
241903033359929
2151769138298431
2216743244181102
2243124657450625
238113022308487
216588844097654
31190038065150
34288888479738
493690030163447
219971045319112
246300151156160
34635573072266
2036243976626193
347499260281297
78749333189161
105148413964273
47968623587807
78683435695161
313564993159616
180201682702521
105568397726234
215779041935935
251152780165130
78127063888399
70316395109463
348408688709514
1974308685050936
31337018618377
250075691622014
2041322679012554
26400273442367
559048109362687
17102931033103
43936776461937
313022807502393
361886264816697
69886636029033
2033531744022463
254536151471737
4960569462154
62113695949886
1970394364633535
242382085780559
532585641578968
104545045254663
216004405238825
319418842484672
378783888236657
67688539619369
246788433088952
246358550217914
1975974698771913
66529028743249
316033346851863
1997623514637832
249614821289535
338711720722550
286416205225146
66523441693647
276038609280600
66462606195279
212101721523775
242031997582911
321596684243057
282161233993751
12110612955641
280985632304769
2032430870110223
44472108620335
245732412492848
244708013527729
40766927830649
557453422100568
36422008967169
274275526673792
560080111509447
969943503303
1970418388993041
75194162574209
2213186044467839
78214546395663
2194000544794169
2007645957910967
312203337506422
343675772046776
2014393481232769
382569967001272
119229273141690
243051273102009
500413335669774
8735160308097
2224379381215682
1987849333072569
2148443858662794
258498917801470
3915788092545
273728983855176
74362145476567
62175066461360
41379831022137
34698969707983
312277557117071
2013783835094912
2001112355569745
532850958864826
238533791445442
48309794970711
137971531812999
75337901313024
48241237291602
101171314851014
2006206509944768
8789516157967
2040815150716368
1985094056969096
61709977322496
560226691974279
2186430444740217
39034910638094
268289478781953
37246747578489
35131727059966
101286066618760
493601566011409
255165131119688
43516589842376
535455749663824
558063490953401
317080108332031
106230412021711
2185899054170655
539860475932303
497108933109207
2251735139356695
347650860283864
12994593926152
47348946108050
249606487466425
325396167750672
324993888075655
249650631676943
374788495508408
57198344663567
421595898404935
552964228039
360099707589072
2221638545121351
549764674580119
211184647467960
2013824385527984
273846159125905
2190649029324942
237606315233674
531766477290681
2007099320038342
106179516559871
57234469220863
5050124493822
48500806870710
3437053645254
215014965711497
10934164653079
137637644014775
5499569841218
273143866653706
2010468587439562
70883337341968
2213798117405135
280395077128710
220099979522007
493131002381754
237553183141832
2005105500492336
80325570261584
540273595883065
330822135579834
324974175065158
287032551141439
259434296902134
251780531225170
280865093196826
35192178155663
634467057865
2037275896520889
284852882596871
100537689423376
1971698153038329
2185227839410234
1025859694138
2247401534070392
677290410113
312277423591895
2217188572753495
361283273589783
27352601787465
104519119465415
289644993899663
1998017831916407
505639015018560
110149807124103
1996791722011577
31543427079794
215994662098000
2244110597553730
80418753708569
9344656896430
255010476434113
2185821855128071
13283139301374
43636033033545
2010035268084346
66101564378175
2220945136644110
246307083875776
343512659029673
272172314461129
307947980161078
551217005010
246179176178170
211519897378694
255566809408073
562518992953862
31902048657330
78263940583497
183747322343552
348681583431242
413375930809
520275157869672
2190708230295946
316265017451001
1979336772776520
255802837074871
242454054055434
81937502276721
105013292761552
215598638271950
70934508907969
2009907528037897
2225413531599479
212139411239289
277576371412671
278374161023383
537172510015426
278691051240633
251726055842736
251232098393593
529063834037367
290151911825026
530530482946497
255646238606335
47692503884281
32453846860815
2244252314895031
246848193339343
5092751744048
2229691587194958
2181577188561968
110155206795321
528402176802442
247478047743633
2226384244569216
223862306827783
4312974757510
30793843634246
252331643959890
2019117565710280
241946131668666
70385939191233
245695754011662
13753422938074
136339473655353
101230351876081
531125470273143
44117128439352
74311922851454
247261401223304
78081720587313
1975831286979194
36489946201178
219851893502456
493213674872393
559673470584
312792808915398
2005588816929168
80472962958288
136970013290001
493193428472456
3901189460671
211734350990871
219302221524935
70396411477894
83170820882616
215024715096591
2190306937995222
35957216375170
242511985812424
278161422570431
695784209856
1982369968099401
283063277627960
81312319111127
2005974527475192
209550634413961
215996317134857
87486340100102
5980830343113
526796833750928
258945052580425
13082117337159
13067321061496
2039654033372248
180457469382528
281484655264640
216672362884160
186489745735050
9218901730248
273291029811896
216183152580137
1607523831255
316246109000082
210489620534226
2213315562373127
52250577829815
75291479770174
503147615220304
559592329415879
485211997680
2010646128197270
135039779929
1974328031514135
313172914045566
295363994649743
3919039988416
1970583741113416
312341712075858
5495559778312
19063238208
285829049643592
2243486115921802
216483695661097
2238629600854143
237004950892154
5437575131585
7780485931071
45229246346816
2032867379027970
1970417210720313
40002020954584
2220136561713551
2190166983238023
558675257232937
102177388036097
2248500575994871
12788297076785
34696760958386
359591880174776
76415120466007
2250846064963599
80343722267585
562891985825216
259336418866162
214961922309768
