-665091992
2080156150
-3915094720
1092810265
-5458871477
5981620819
-1472862193
-450524314
4032041698
6178861584
-249025809
2694804495
-2536567307
-6708769988
1332231753
-1396361321
-1241404313
2535966944
-1279544564
3757331314
1576954958
-1369299446
-4059323579
5209936785
-1009442313
-1812943837
-6990927747
-522813980
4101461904
-1303685274
1352283626
199444444
-2236456359
-1160963081
7891568956
-4226231368
486369178
645342843
-5977699942
-1949983341
-6030861032
-1416043858
521733436
-4344214
-1345562173
-764347861
-5783840735
-2002847801
723979145
3368904179
839047403
-3030258589
76330192
833055835
3170384320
-4547278925
2011728683
-5142539620
-2226720762
-2655696184
701531024
2485397071
-3108171750
2715252858
327355833
-4441170873
2208949405
991209997
214213882
-1800121681
2214990254
-3207258448
-4588791276
-3761983062
-2276776861
-61376949
5453020524
-4714898130
-3335415608
1919555681
1095131128
-4245314971
3859149809
-45066929
-3633701182
-629144553
2528041095
-5927469727
2365215706
-719016291
-1057150901
2446648240
-4181849654
1959549206
451644062
60999851
-2418545090
-2247513808
-436497630
-2803530435
-2261427592
4448833148
4276085366
-3252277822
-1477914156
3171462008
-2017025241
-2779480500
929006073
-2859297066
1888107650
1380572455
-5898203180
1353644657
439923890
1115827321
-292952444
-1950815056
3885281168
-2593332760
1783170303
3616348058
2901328088
1466216398
-613747857
4018159753
-4251310946
-4770283580
3950265839
-3071415607
127926079
-3638341467
1148433847
1658222031
-434196011
3239353698
-3036689313
-4494603806
-1140397015
2982064203
3107412892
-1192846757
-1614763967
1373019567
-5094257774
-5315638061
5541550944
2638137078
4202528803
-2798465565
-1120268378
761993792
-67695492
3350732162
-7323848473
-3973682556
-4142004125
-1361634766
-3961101928
-3134629483
-5962472192
-3124891304
-3174497645
-1246491935
-2338552951
3276559340
527295726
-2279507784
4255091257
-2382737125
-3378218108
1666399506
1044135397
-7313956733
4124156684
4525497063
-317457995
2349469245
-121190583
-1819491489
-4091752365
-398714200
3873759659
-1896633513
1462613985
2053480260
-4684627831
-2183558432
4917998958
281409197
-1930391509
532236065
909540209
-939119285
4625396770
4296029961
3482822692
-42172589
-1571048925
-6578855111
-1578244596
244244147
-504000306
-1820276046
-648341217
1301854419
-1003627006
-720961905
-2776989370
-1904604154
404465875
2309183246
1976191860
-6139416723
-243702320
-4616963311
2152699229
3673007525
-1504532005
-986148733
4691788515
-868467653
-3692847123
-1379342331
-3261371279
-1021404068
-1568352705
-3129970596
-499353481
1227589322
3805625084
770300407
-888704680
-1586042309
-360956944
-1374908952
3349002525
-2901013518
-3569376459
-5307703563
2141499657
-4943917422
1780355474
4216537333
1476316066
-2797590130
1134952048
-1500647506
-4553708344
-6338198503
-296737740
-3156190650
5037385643
-1512421274
-3702809157
-4277414903
1262081527
2947370316
2119205502
6024299347
-3439293460
-3914707779
-2600461874
-3580827030
899316491
328689603
-1591450024
-3624668010
-3098748245
-5352780983
2332848090
1156020022
-1539285164
-6041444477
-2848249507
1928762008
6082017742
3609700670
385886469
2744805459
-1192121661
-754695907
2427750363
5894422171
-1818725554
-6471889951
-4002886018
585568731
-2571924820
-6858707291
1637035093
-3229922383
-2697861364
-3868048736
5669318987
5205521995
-3390076740
-906180414
-3039021338
-4802632428
-4873307156
559904697
-685281329
-4942360109
152042388
-1265771398
-5793134802
-449422227
548002353
304773048
-700572082
2274032075
-2975358624
-2705636483
2541763833
1349611020
1382327608
-766648743
852567826
-1971209123
2751413054
-3818328735
-6567288432
1565530388
205247102
5485075940
-76552204
-1924665347
-1058378496
-2665061594
381452176
855869392
-6458474922
-1057483462
4855241573
1240893529
-6784999324
152879390
-2140558766
-1147513025
-5198496438
-711508684
-5571041801
-1836275382
-326886213
-899882396
-6978094839
-4136203968
637531840
3960387907
-3768780571
6490801725
2387406167
916445356
5078683017
1335185403
-2476938363
807948850
-3176221237
-4353505197
172823452
1699550251
-4545037262
3200447872
974680525
3585938458
2993194750
-1822931428
-236811213
1740813723
1937087409
-1986794815
5143585830
2745951673
-217101504
1133856821
-2145058927
-4968923660
5514490457
-1152787056
777737351
-751049932
-2072688495
1750312621
4083357745
-3314675745
4824468618
-54631787
1883803567
1015443213
1249196993
357315174
2575714586
-998910572
252688535
5770754105
-831030435
351132506
6197929315
-2123494136
-1445608182
2093493558
-301202212
-4183519672
3858785748
3470820675
708435191
-2239660429
840476430
210912084
-5115235212
1840083260
1379453551
-2433151047
6895552944
-1738747279
-705526081
1274645149
1150846050
3071467938
-1425711255
3532256751
1998016545
569726246
-266233877
-1983769203
-4945298812
3394841265
-3757403634
-3377083667
4721690801
2337532374
-3122846504
4076429315
-609955441
2132711088
334513205
-3441274456
1954700129
-5030914213
3194521426
3680254148
1954571539
-5129718347
1152608196
-733082606
-113119303
724546098
5724669018
-5858378211
-1511060027
-57488750
-4099989466
5334873152
136969990
902367894
2097522950
-3880542280
-3362956
2009949585
-1085677729
-3773163306
-3953399909
1797873749
-3215858370
356340536
-3494666211
408459001
1089686208
266197863
-7637777469
-2864515319
-2021922010
-1215613973
-300634023
-4548431751
-216478442
3906588312
-6350104860
-3144625705
1073635409
3535127094
-1008356092
3508133108
6818322590
-1971087843
-59495764
1076637951
-4942646052
-1907828007
1459081143
2154736441
-2102202429
-4257092988
702970621
3926847213
-253338055
-276199969
5284389358
-5160366422
4560737058
-133521664
2029682289
1412935344
2351639220
5166410816
1015326814
-983685727
4770576127
-290120524
1965363958
-2323451358
4976181086
-4700296934
1084107364
-769593159
488760679
-1749019102
1221258199
1110318510
4736387370
-5005178111
2287001703
-708425080
-2933489813
375698259
-1898492728
553539468
1129239401
-978599583
-4875079777
-2073704490
-5805282649
-717665039
4266457433
616805417
-3491339961
-1030523381
3431412258
1788824269
-1258186757
-1049359769
2212426758
4356867088
1217030020
-615762240
2375725940
-1259934785
-4816678737
-1575350126
3793429573
-819144708
1818063364
2743300665
3426171395
-4420851978
-7336555325
705003593
-2487402247
-354122505
-4056037899
-2331702169
-1860527889
1858950309
-4700468919
4878464003
197134327
2850753452
-2194901756
4219346968
-4448005676
-1490199130
-2116115438
-1102583396
2050055989
884264029
3109878557
-3987874989
-2908469821
1613988984
-686757605
7099226429
-609202602
-81700519
-2503588815
932184296
311789010
-2735297489
3042223468
-4454179648
4913501397
-4956225574
2668292321
568965033
7165305370
-1405784254
-470509196
6438247549
-3817218467
-2418349622
3021132649
-1761697283
-808858498
896439366
3497522217
7360650942
1257153796
4063364320
-895944311
1598587886
3855759352
-4572126405
-2220771278
1478715296
711052666
-1958246506
-985271641
1427849170
4094522735
605711022
-4613367549
1025896218
2980657253
-1288378771
251506989
-230465167
-4444128942
-219543783
4685412122
-183734128
971743300
-35612418
1861751424
-623197232
5562142628
-3347378815
-1097155873
-4134850990
-6522522742
-2476920174
4243082883
-5839280040
2481196704
-370052666
4489856762
-4489296868
2708421631
-6415260293
4717268610
6321951932
-69328639
3428654685
-491266888
809320254
5522514224
-2262870943
3005918725
3993213626
-173343557
-1849272052
-5185294032
1352798514
-6191443096
2994601520
3257921144
69084913
4540766922
-467841843
5505540629
1195262133
1517596551
990705337
-1578788263
-686504646
-1130585522
-6281118016
1653700591
4406232628
-1514475693
4126738298
-4465819959
-7231253247
1742767642
2704200131
-1497996835
-1093740374
-772831592
1740235889
1655920725
4070739297
-1817929048
-1429971234
-2683107763
-1097463997
-3797323460
4171159527
2978047743
-143570626
2625089783
916995947
-1875038013
-804967176
781442778
-849722435
-159876992
827148982
-1206734297
822974510
4455267154
1997656216
-3070949132
996584082
1187886586
-909275925
-7615808511
1659108127
-500832419
4498787628
1345226758
3319206644
3862529410
-4781112568
5803183906
-4889721681
-1227314023
-102962612
-2028164965
867571336
1156648892
-1168628825
-2999895508
1888488401
-658914410
4958141385
-4155799784
-4387180633
-185735623
-1440843180
2034747457
-1327063093
2366075506
-696231503
-512611835
4788171011
5481187222
897203034
4619469637
90482625
2753150814
214670560
2898795525
-5020300692
1673693188
2152341003
-333994907
3028254863
-1063055574
844471737
-2708045077
-957631425
3056548261
4656665349
-1532007930
1787565395
-4701380749
-3408366526
3233982189
3883846690
1679592332
-349432
576392703
-1228954146
-3158355804
1351499780
4249404484
3859790800
3198272672
4483580365
781658048
157010245
579000965
-4023862895
-4006703305
1865320372
-1539341272
2219937082
-454108529
3051394564
-1061268298
186936245
4987276008
-4718646309
-4501611477
595605116
-5596271470
-5724131013
-1604555828
2427179607
1881643445
4695829694
-2513697923
264193598
2269292544
3684414629
-4336877521
4114175956
5705504003
-2097368850
1444237924
-3246212624
2457963383
-6911364631
-2780724126
3460689173
7037722888
581565556
-910046532
-482934972
2736708604
-7382631863
-1742413317
3823054263
3512760733
4647121221
-2064182362
735163986
3361300654
688105855
3451967789
3812883411
-4492227909
4655267658
-5109317006
1768055054
-1533407988
-1648823438
5470722267
-423177052
-2109508140
-558516442
4205762624
1259861889
-3075299350
-210894314
2578726540
368690727
-1444979056
1571817471
5371289706
-3206787209
-316044378
-3510255900
2611549662
629205815
4714616169
6108145451
-6777425566
-6620855459
-1534018
2015329108
-775441714
718489916
3126259214
1571061212
5280846381
4657158731
3992403746
751964563
-6075976049
1298935812
5918232981
2606400081
-3933628121
1380087159
2118751985
-4256658566
3513297034
-1910783059
1975511751
-719261432
1003742420
1252696937
-2487254609
3424351680
-2537861408
4160777788
-1723919740
3333114242
2861267014
-3493732201
-7738500012
662843851
-5256319934
-345038318
-505909842
1666364209
-506556916
1225645953
-2288683209
-429156268
2087549358
5833629170
1791731584
-3371704759
-1254019304
-2286673850
-5396827868
354284705
-4024110440
-387874174
1670783593
-132585874
-1789590593
-4245026201
-3313170714
901726658
2509148350
-2163890939
-1387954732
-3592939703
5110751945
-4325394237
-4046472987
4257546744
7093759678
-7539044436
-4146827593
6439065264
-1034663997
-949481069
140580153
462802665
2471762736
-744386532
-5697643525
1743914235
2355577464
1642424107
-511039784
-956860584
3976568283
4591053986
2607161400
-1506597507
-1479610594
539033263
-7298724125
342075618
1975605008
-1877949904
-5929608661
-4318850715
2701846170
-6764601834
1943781540
3166475674
-7549000273
-5695198503
2561992719
-4163077339
1477399586
-4986628748
138880617
1024865762
1615676282
124836484
3862632698
-2080477853
939278997
-1287066454
3786806340
424151028
-3127739312
3495432999
3864576294
-2747776765
-4339027856
-3108364957
-2386418124
-4480909632
2960818634
1937148901
890309924
-1995240409
-492793177
-5126107003
177344382
-1516563071
2637469027
-1713614266
-346614463
-2477200219
2173834457
193081129
681294347
3333790921
-3800433458
899317248
-1673900666
385301476
-367878146
-1303770003
-2330797644
-1819523051
-492878739
-148126037
-149460791
-5014997744
893549214
2202802331
-3050273895
1804230160
4984065613
-862634931
-3029153532
2787769016
1389690170
5559346406
1387525545
2453796587
-1585173588
4302724077
4336293682
