43825481
-483316186
-5784211739
-4629159873
7006365184
-3564563495
118949391
3878996441
-126563375
-101915655
5510536677
1384667150
-2438197412
4600527285
1285748983
6503953847
-380016604
1924857421
824048896
-1496580425
-1755651982
1131776057
-434993522
-3997174762
1357379181
-1827446342
4524523275
604508541
615812418
-4189792256
-4372812373
-93301511
3337665214
-991067932
-5067783531
-120345691
2004614302
-890243244
-851099660
-2838853199
1189261821
3737138902
-4166951583
-2241446393
-2840376712
-3080737666
303701189
-1113752422
-595678318
4052778712
2988661567
4732762481
1322167365
-1383501139
697831583
-1991562889
257042382
1562696059
2321300320
1876685318
-2982875441
-5377215400
1444758062
-216103338
-1793442054
-770200840
-837686373
2650255190
351871921
-5812472314
-6012328084
-478914101
862929628
-478806969
5228282174
-2271507440
1990775020
2473573901
2358766454
1179518077
-1710034072
4426011254
1248577210
354579216
-1674077881
-1190630097
-4503774031
3928661269
224383371
90507800
4397540553
-917042433
3541284979
1807012105
2649356208
-2828172888
-6787703096
3142065664
-1902713123
-3915144861
-1451629728
-2521525333
-3932320865
-909602190
-60576569
2306603669
3151832965
4820571004
1604097871
-2671905372
3392513854
1118867805
3246609648
-4069212061
-1268993199
-2378987694
501379411
-318539547
-2451374527
3669951984
4174755081
228029241
-2837618373
4377974535
-1686831003
1119039318
3595864453
7128301722
-6029553456
1045088252
2551115565
1106849642
-2042724713
-3356202063
-3072980361
4310118012
692532334
-1783502455
1794969280
1076952373
-3397774665
1016941222
-489450892
-2103367287
1136309980
5660524201
2209769045
2425033675
-2792185738
-1367533175
-6867930610
-3291340188
5552447719
-1583599652
-2825880254
5326685900
-4769324870
-2324995123
-3960545224
6665722812
4879326
-2711253701
5124614380
3210672027
269291916
2209437961
-3803838
1920749180
-2679918791
-1474562657
402966760
4332878472
1295794397
-5049942308
-866846389
-120054756
5222694701
-1201341956
-3557976025
-4638449563
-6780790595
2069563054
2489534387
3298136659
7015546518
-2113662479
-7873322197
-2421891441
-3355141777
2009283898
-6586329745
-1381977337
4144537770
6440403862
-1676363866
-2806609817
-20639856
112654366
-5276710038
-6016165300
475725493
3403677420
-5753647583
-5339492192
272842337
1802922021
-6924108239
1686157588
-4901870828
688398450
-871370052
-3693039643
-1322346419
4779193568
587046348
5528933944
5624253356
-20395880
-1207690782
-1204907181
-3588662071
2054784080
5381270809
-6392169960
-1158842253
-4847523498
1003297145
-1237894918
-6107717821
2388456509
1356600217
-3008308819
-1441347850
-3515477425
-4684305648
3091734381
3085464403
-3205395558
5459079342
-4367537825
1887132124
-5492395909
1907708246
1560260051
-2323769065
-1417740092
1382265026
-5123114297
1555903467
-4130460836
4228263577
1218964279
2611299186
-3297642441
1323435492
-4466809408
-6258289756
-2026562168
-6204010482
4684957652
-6551306593
651818766
-219991288
4763494695
-2407087962
-2152688384
576064903
-7120545529
-5084506025
-4399640337
1021068452
4806003435
-4067034807
6656179133
2310682438
-2294641700
2259008977
-721617987
-1214912788
2958968986
-1763593099
3486265943
-6986684342
4441271652
3200655079
-3318266148
2891925261
2101839037
-158678300
1846547838
1865956310
-2057667901
5845436340
-4763973399
1091968695
3212469016
434227986
-1572040169
-271008430
397621337
-228523888
-4727461963
735150332
4174243212
4379443071
104325292
-2428945004
1278542999
1678863932
4643547164
4044083949
-3320724855
-2336473136
4206972663
1016815384
-6979448551
-2342654493
-851579058
3494009080
4271117950
1697036178
-2640839856
-934434030
1042340887
361839819
-2827910990
4871039895
-29683079
3323752154
975020664
-5378068232
-1554439764
1010057262
4783853072
1807628629
74221934
914637464
2933012381
6697220557
2429992010
-2767999425
-2403578347
2849111528
2643334063
-4146027312
4522635202
-1205586720
-3052462583
-1847823089
-2548385634
-3837531439
139876548
2001288415
67632128
-2151976769
-3999823188
-336171712
48669004
4942472443
3309198426
779088588
-3608124897
-6707693026
-3306322346
-343946935
-3130183226
2569979416
-837244027
-2597291149
-1751124263
3679190703
-3294445609
-5201683215
948081108
-907254850
5542844642
1518826758
-6591170846
875361306
2813490890
-2701247193
2161584071
6823854327
-643852793
-6021546834
-399268724
-1130585913
-4688851780
-426626260
-4532371356
-2392518346
-4266425971
-432764664
635758695
5482382409
3222446861
-2569116976
572076070
-2684376524
106794153
679961666
-2096999914
-4554308274
-4470768684
3273457707
-839611644
2233238926
-3458641743
-4103522926
-792124426
-4205940969
3636744220
2789823006
-123121608
3146988782
5056221841
552131586
-320171782
2287363881
2360226030
-5006430344
-1228470876
3460823841
2044163797
-1254805762
4230777658
-3292115595
-3292334886
-1769251485
-1970353588
-10945233
-4938799529
1197149758
-210940513
5903506951
2080302609
2517560296
3830313661
-2170518976
-2746045525
-477555928
-4923817631
-3062681444
-269175429
-1450960572
141672207
-4139120712
-72234140
-510111179
2850188679
-4742192229
3315023970
-1703942793
-1024917130
-787185983
2968690485
-2920974064
-5082204276
849275851
-6813150221
-4748444844
-2299021561
-3884609123
3985553376
4338494715
1539483300
2749774997
298469347
-3736206935
3240872374
5530994612
153514106
15639280
-1084088250
-197264334
-3790699608
852492163
-50760771
1075451576
-2195114864
-3597423024
1469225805
-294635104
2079198006
6534940540
4008444568
1584924655
-3868753802
-2548838401
2476274033
5615347138
700992168
-3722896512
-5519794171
1858936177
1659799342
3114816036
-1076517948
1889842749
1074050056
6095057998
-1187119912
4337729242
4162970828
-2201897395
-3475279718
-2186691086
-6195895533
-3949303498
-868333345
-540443151
322629686
544941535
1273766977
178561430
-973812234
-2321200877
1998842552
1125659817
-2034598750
-6080377542
319089830
-3600156270
907020105
1805466875
1931696187
-2940004408
2008229511
346906047
5101538503
1998940949
41567574
-3634302401
-3174494868
-1259980992
-4642966897
-2049052136
1349385023
-6524717721
1647608831
-1277757547
-2299588893
891289646
312934034
1945863321
-156458447
-1870515861
2693131680
5662338497
4380319007
2076478165
3645669988
-1630604173
2817860929
-5539575536
3198131056
-951781418
-671402345
-7545360687
-430497537
1223453244
1706068255
610887822
-2157033436
5055710289
-1582189491
6359527140
1248191675
4191049226
-607699961
-3849059817
-815900212
1122408479
-1117045774
-4931041824
-3511834284
1488025074
-458328688
1296484660
5781915234
4601452580
82807001
-4670493099
-272965047
6769854366
-5442633814
-1338845098
-606547041
-2936484123
6763462207
1226439100
-6306745564
3481971781
2525662590
-5104679697
2415938550
4028136584
2498054501
-3980579133
3357101152
-6070183518
2807486884
2296628130
3442865661
-2871049406
-4156468203
6795463793
-1509896382
-546493345
-2326618042
-535033483
-2396764094
-5147870270
-109605141
-3110890097
-4231819285
-607998893
-1002196776
493789008
5218825798
3309707305
-3720751166
532892092
-2745494626
-2724507910
-5516973270
-2039137620
-5394713929
-6244546367
-2344888188
1083965746
-5448665619
-1126704112
6590274393
-1682683394
-4040635164
1243841285
-4029599434
1822782027
2277226396
2979769543
2215255075
3611190409
-2857617071
-1709852055
225699997
-3157423460
346636746
-2018249095
-3829998128
-1306217085
3170304316
5601448759
18271283
1071588103
-4052430262
-2357315284
-1631545354
142977426
1446545245
-857584202
-5784819632
-653257417
1820277692
935417298
-2868947439
-5407343953
3111321557
338452160
-387578676
5492255950
3371819276
1297160201
3585026704
-880112370
4219041229
-4326812794
-42758330
4011840621
765438732
-509856379
1588054139
3278804840
-3434584821
1382055332
-1216287996
2865953664
-2257910441
21482982
3293235802
2796965694
5430430158
-5168609297
-991015851
2659460119
-161750294
-3382201022
-6579385926
-5453591472
-2017442821
-3103290660
2284290844
975207139
-4361144085
730427146
1323158597
227838234
1344576851
1131360808
3359550992
-1839241952
-935441637
5055899123
-5202943695
334688427
4433095672
1202255353
-767287954
3662447460
7067291524
-543881932
1767700659
3645693622
3575942200
988342386
-6622397758
2007803867
-4620713988
-2475165211
-885731352
519492705
-903559373
-3489476904
1362028714
2389984015
-297716084
7011161875
2500184940
-4023616321
3792641723
-1981101942
-2996288660
3974382870
150637863
-2840015715
-3431257189
3453997236
933109832
4962075281
-1160654112
5344267540
3629258165
4660053540
-3585777551
-1776238823
478775727
-1093852668
-3437878575
2875379056
-1009793822
-1979320806
-4316592302
-2576355690
3880205822
-4801308364
182415531
-2115262485
-2668752638
1679482289
-4694056992
-5128751910
1782758548
-1030987085
4036201487
-1821757943
-155376286
2732734841
-4278776844
-5048437563
-1906884001
-4685263016
364257104
-265094161
-528512722
-2141149900
5200794960
2139551062
-1069097587
-6471458484
3244816899
-6571537254
3950480096
-3947998491
4721861031
-1458316341
-2645429480
3292959442
1473614100
-3157093499
2707998091
-6799244074
777741880
5119219528
5731606670
521943300
-3026312423
471883532
-47742384
2123540190
-1295559811
-994106566
-587387080
2173782954
-382704563
4087166513
3459326209
386197756
-1552495350
333968000
3973155396
281923505
1395353991
-5291329168
-3299950954
-623823992
-2052893465
-1323585930
-3084654615
-1995153190
-475041653
-838278988
-1272579157
5668536016
4102537000
-4675157270
-241690296
-207326999
5525227468
652359743
-2418366913
-4926274645
3628719298
-4263985184
266221451
2778059513
2889923535
264891868
1142141600
-1130136058
5815440975
4380916861
-239337176
-7557879361
-2484841570
2187220559
-720573132
3394025037
3163296785
-2498005404
-4101884675
-6597774861
4861989578
-4087290896
1145105686
1404613825
1668898120
-4471627719
-4527547097
881852971
6549431034
-2077518851
-2885453957
-2540437784
-2045351323
4702280778
-3833877770
-1075002667
1857405469
3543759982
-4496665992
-1530139340
2233255031
6185879881
-170346172
2336832397
1130462767
1559579876
4498233916
-1252761242
217763840
5571486669
-2609624214
7331902020
3148140199
5369312287
-3328308574
-580266439
4360896299
3027495831
968338648
210022176
-1150511390
-1830073046
2794963334
2346210409
1155981091
4619646938
-770594930
721327960
3788636175
1964706523
-1217453489
-3513265251
416744178
1090272195
-898602837
-3172691887
1982559981
2597739826
-4612947428
2248971058
3620144367
-5665553336
172212702
3542690094
-477423593
-3835512279
-3038345936
4633117691
-257533905
665697460
-2669600226
6857274434
2258090141
-880827611
385154893
1578189427
2942447187
812825942
-2524765580
-2941684476
2002180213
1477155086
3496830366
-1000530987
-4326365801
3268861593
-4834532174
2707556812
607839239
853780285
-4925880974
-105551958
-340142354
-2537937712
565326761
2010328640
3627313740
6380432830
1317515324
1215911264
1533754504
-2460939375
1886026826
-3510403799
2656155656
5422038251
865110832
-1434563862
819008060
-2654368549
419746164
-2021711127
4060866203
-870822542
2600302248
5628830448
2884598533
3614428836
-564840931
1512773417
127797870
-1180843417
-4456181429
-3998087667
3862803712
-50471224
-563317327
1661861759
-366429538
1440512063
1055861992
-5032918719
3111218988
-1308445545
-98373347
5100106689
-1281309672
655593986
2410032634
-1315141640
-1240306689
5704751926
2121116181
242576718
-3918498505
-1579704475
-891960824
4344475268
-1233235243
-1668230975
2480078672
3559454
2058907109
-14698806
4077601622
2519391589
-1900488331
5770457220
-316093232
-1217327005
3634521573
205966745
