2150215368548343
277131687362425
2000012992620016
1983466246050938
2049139651605497
316222169018962
348742519943671
13132153770616
260663333412870
212271288550399
234401317257321
211190402249841
536570251214385
501241038042560
1974714597936791
8819835112465
74296514646919
283055495336631
2037892077559798
74775619505216
562906785459273
38619321249857
242930059534466
219506003538551
1979205489757614
1979764370508921
78692361203201
285254258825102
277282855645263
220393014813680
33351561215
26619389927944
282847240253503
62524781182
40253486752769
316789534032433
228218439302770
289804952399888
3859563181057
181039427722758
5720898572208
212290826965384
105073021297105
73806985033159
2243482866946063
557934518531257
211218755576888
255174579843015
277084731888143
277627124384318
281407701844031
5076919051673
45088885473343
2014320641158399
3900872826370
138178614302151
562880040865281
322362096063055
2184783040588806
82943586340918
35819790798904
250284154285586
13675329465393
104995058590658
2008824088945544
75438703260802
551053063454274
45174755631160
102461936702082
258856510616058
1084362161210
1978777112150151
97177040068552
39539517943887
263409656459270
4348419830271
251437165023217
65009415715999
83011098444801
105431829571009
92437087751857
356944714083842
2001739217603152
286571792212023
76337813164088
66459384684113
40346807234800
2217303846940232
535994904703063
22066442969983
67215181528159
66673193804750
74834700726329
378910843772410
544364244553
73881054904488
386545752671377
242934327239807
2225540631335374
2251714885681784
27481214054984
74149158654521
246350734655474
356233360511040
561884004185087
32942286142535
251670737019512
180921492045905
35167346949568
320921183384241
36155319422086
3318973723215
259477112156615
2034690288230871
528177660964850
282112884182072
109959989719543
8247698301126
2035357187346969
80197529140167
79096507729286
40327746977270
1975416671474255
1976423723598591
2036449090796104
550933587592199
2009840700851648
220531284987911
554832616480262
243054126563888
309565400813527
1975325372673993
39006930731335
536646885901463
326539903693432
382989800571960
2181562100179790
3789081805439
2006119224701312
2221026107170824
352478422112785
273665668710040
66614026507072
184213182095826
383255235523017
527791202931448
66390767955089
360288950490561
312262378654721
215488076187064
65892299636247
82478169620082
532034880081921
246766020596255
255216993442825
221499117834294
241944380903352
246342398304441
215038513970575
290423692882966
2000578466578426
12730181911088
39451524932214
48259457987080
8848955965545
421594157776398
540472356933191
250610268179473
542107258882
245312543023558
101697177232384
2049970847592514
36224945619968
559795537448552
533798131430000
312348675960880
2009495174089849
2040075210264640
93122422469232
30811122887698
2015895498981952
2221093460929610
83109754106446
2032937958376910
211597065191424
211166749524544
281945161042506
71948231186032
2213181482602062
12449934189953
251780663541830
2009435786418753
62086051336186
84655990435776
496446294713278
66572041773721
217095834730446
256263638613441
2000484110171256
347916122227858
224856721818632
251167653851271
198318219132241
2005020521792954
69683479117439
1979079862164031
100724897784135
98395993670200
2018032390012938
246907450855368
70436410369466
2243742585368112
273228877995665
2044036420476937
2005577798840767
176344828779591
9199851110905
2221038302170680
69267403578937
32342062238327
43792170261578
2251729213648513
559048347127866
41231568359950
360228822257727
242380083556999
536371081710656
289781546188864
2005654027993073
2182117374353402
504814654395578
2035822414815735
282730581681089
281352721170881
43910668328009
289783353956992
2183037163470983
215916646224402
2009978008998521
255759027270206
210642361355647
250206442557903
493321019427847
241904231350330
455943918024
2185837602733503
286998137475649
31763548131848
2171967381414960
36161594892224
245824630034049
114830365467711
559600153399551
2243142367636159
2036379554414602
67328029724177
113453874504310
2224391464975874
2009959615143881
273776265155535
8816359137352
2185828860203151
247414810796665
1997257486947817
245750667670633
2011012253585878
35260858938374
259426650885632
225880920297022
2224374204071529
348622260634767
26885523832249
22194402845639
8256971906481
2036934293573768
218879054340544
254400710803455
1976578286820360
246865861506042
383190529019007
523427831903290
4813465583113
347909411826874
2146880305765878
78805152769094
219420301470775
236481704685503
73856293215183
276675384278143
2222131222192513
501032885157895
554713535975496
9210689978383
2033541288358466
40760297447537
312955898662848
5435469335665
2000561511886982
263814748565134
44116696335487
321127604198969
1979582750395914
394724705309128
79043540025168
74894533174152
8318263198158
2032645120552834
250269862462153
554281665334849
44463785415294
69491771317654
524003160457728
246359627927623
278641407631751
312200216711350
212746121518919
250072208007730
108928960623105
246934600161800
532712450223688
38902837254135
289259452104217
31948336628305
2185281407061505
246908393914993
40010993433586
250810014082153
241480266341055
281347086655041
35307856581169
1975085657759698
1978038887445960
66520556085894
285788078087375
280504202723415
4868581831096
272728378511431
1982541706394642
4792953569458
31404681892298
62183793197200
251797020611527
211124366671984
97771562004538
277638449230968
136754057751631
62480917953600
246781525597696
207449033772976
2001663464534080
65424164945926
8445820007160
18385507782
40750619853240
254548077908440
2074915054783574
1979593274395703
748399092224
495459240219783
535111215324639
254599223024688
40183984292289
67149832134018
290811329182665
36410588917326
273295586853447
2007176616676858
250079806354033
27555303785174
2244633421734073
385801831837577
254958837980279
629352960697
562381845920834
75808342275224
247457646940688
2221708873004478
269926899966960
220657421618768
557573614900103
329304540697032
285304340316231
278051069919622
75273498029569
277017872564801
536141742268414
1974119829306880
254492936773113
211657212857935
2051551422087808
2217785016786630
2036176365572728
228234711523954
3908659746263
281408812584526
280984444210695
528676102308990
2040216728431209
2217052322140673
291362799123526
81019055643785
1970961532658358
43500615999873
303964514251320
1974249745484807
2250707815370935
211670196589241
26390396702154
2243004780310593
106765662093256
246907774148616
536211951709761
320078149066638
10378803712976
211518597152408
554094773308424
254606082382354
152485556312
74489928683585
250141042771343
66037440011286
254604706902513
1975762501045752
216520947083855
44531984921473
491505487872
65995628842624
286922342633865
180378040796665
528325808719289
9398584062602
47364616786384
246324142353992
42332160057935
2194688557518807
17548971922559
2251764912882119
1974792960090567
251247253458424
289926568010759
290838007713823
2216690756059832
322431772230217
65446462591999
251299209937360
2006530235004375
180310398764538
527287514599950
278306517419192
5129415952913
79027024503362
69933660110904
7154515612559
66613068468672
528325955256383
102307451343992
74155949657801
2040016050674648
35315499336704
312201057746894
2222381422640639
562411117782136
500835395780599
62483065011319
348548430886337
2009915963240902
35967264103767
249661128474767
522939799138290
289919826715585
2028455118746065
259131619762216
250218337014833
38483997758394
67575974809777
540952426467791
3995290869375
75806025962041
246350604870777
378239688593856
2005098131362368
247878985453120
40075161243728
115639160960143
215583717026966
43012858809863
273642166284290
9956554184142
1975343267475399
68472278577
2005675609756103
58773540475391
137500322499769
69829594206585
31345496526265
215573384696913
48793832128135
109490267288449
105064815984314
69430616529416
542139716506065
313428828982335
9913037979192
30922942505503
34213758272137
75669675675146
1974736845551103
315021642952815
223835695906375
2001583675837385
181007217794673
303956083403713
303973999338511
1975545894055433
2011066777734687
212145748611136
31214872068153
25754539098622
244661507305143
66031226057726
71345981846928
4002169238089
66580568665103
251057196007374
243057821451313
44116013000199
250634004058545
12652958511114
13048365096146
531269047808591
47835349381633
242496021700487
5581442166198
1983649825943618
2001257059786297
281045754678801
39026607987840
277754616250822
102384904442041
183217261606281
2186578874928186
317826540233290
2001317187002377
2014916298940409
250210016129657
525001784624015
252391740276672
311234772893705
3856042356290
282035350732682
1970393445299385
105425220969081
211855994327175
2211668477931961
285923593483263
2224940564373680
132067119864953
80687269213120
26519160000521
322244859494065
562315529291271
216684541284817
282438155104952
2154079780564993
278100592493000
33740292354544
38983422416842
1028791541424
554636106559921
533411469173248
35328492246415
34719429262866
31395387285522
211810339091409
3926692958856
8677732185025
421665827233679
239091431771153
140171794387591
289302828777488
210908680512847
39031369346626
283320824
34274094617023
274266985301455
2013149857521999
532312845737986
4526917091889
256188193153158
215563441503814
277213531049529
35047902346766
199011454222735
2215035711757873
101722060259903
78617466073672
139722785554433
39117387490752
245808379788871
562890045973577
2010524796064945
74219318940057
43886240690583
2004472914244239
101253720117313
101215331717001
2006538690691576
233314167883210
382201354551241
351914319995217
249632372621518
106111595806600
8323883924944
277610626281480
250139717211024
2009968591032769
237648912310905
278255865209354
214973732884095
80128933864952
62587307298496
206912333255623
246842646269832
2150112138429375
71468254006784
251782681367464
285875200364665
32498929076792
355897513415746
2241357408075792
290193890877320
8712523936761
4487273840642
43782999343639
273236321115776
2005450205986559
216250565782657
356923591037248
102261111719361
3925867039745
2013406597050425
2180218047665279
3933267304783
246369135062408
379055824441926
64963949145985
562856535323153
207733588536406
322643331587666
243595527610490
216519653204945
67079051181639
101833708376650
43850678984296
255835383292025
518859868668430
286781673070602
12660907172759
533264102592079
247823753277049
556299726394
2221771849961606
220521859682774
281742233870282
347567025881984
242396377915977
73738175876994
1971441549680642
28090325831297
31998446112591
216117415051256
2251448727695881
101569517117519
35185462141966
34840912908807
2033425322705914
263410362643407
2010535245939889
1168264859176
242582721891962
30732908768847
48020116747258
313344441725962
212395918126968
2246662109795657
280933974700424
313439450624177
75477624034296
386562875695503
4346628116088
39652476292665
2048313811566223
239076265992758
12239702913273
40401667096138
549896625161
2053423981913601
311772645175743
528248947642832
2039655422202314
532575139180040
289738397097482
75671686581950
1184219271286
246984492190874
247406488982015
348632444280361
343535509021239
219284775051206
82654374650831
67045693616079
2044011426688518
535479212810183
2053346822951417
254538387526714
102751622689232
2001857634901631
83211906511383
245757076853298
36275426201534
12910808083976
532736049943111
219973088473201
416313728345231
2189790957054977
66454150444728
562891028434513
2015954441809520
38701683449857
287065816400520
4330801954719
181368047078784
531134968499313
250561027341319
8203288645694
324228322193528
74288725951425
549841894052494
44134014131721
75860130446345
43445773637176
2186258482230272
282599437869130
276107339793354
320501079902847
3907363050054
1971012431774224
12661544452681
8719037636119
4391471648266
140341525406662
214963213890186
311912084853638
273358312666366
4372530961528
43303890619928
4937304044418
40056880624023
313241809527762
528237350413809
2182041243982857
242564573459407
250644764559993
242915735990714
629214769270
2035180185785535
273237353668104
238130061942321
217013056270920
527851730469001
535616928813689
1975342824448463
320516235204032
348469759811474
558012786049680
273923667078768
318739318907328
1974708923363456
2229293969297529
47840539943111
83487602581463
43515564985918
137979349147326
2226083699131031
74215829765694
550244668895224
252413204271047
41180276731391
255569764778038
65010638786566
69345785388489
61574014280305
294189066060921
247406755670594
221026801454713
1996788409660026
78640048739327
307812695188106
12646316863039
215022020067447
498165871085567
351980344507538
39110100647561
57304379523729
333777077732025
254888057672304
83092853461514
497651524014607
1093235086464
204022059579385
36782937078335
2040342331531718
1999481085882439
19343889344
35743762043538
3841933992890
2010445339394617
671118533248
313234483110982
268366841885576
242873167257097
35117827874825
272688730407406
9749877750657
36706817246737
109829695504464
913635021271
4193920781527
215587110293624
3908420791993
219454688242689
2001257445458504
62055285847119
17540929840576
277489396216199
295312419988016
2041252319527673
273360694578630
101301114866809
365520503689287
62106465178127
2251337798554177
62130726399377
246413134897146
2226648487011928
109402634260434
40645585862294
252483020526226
69886772293247
36222697137034
101705931252230
114763453529590
566014517394
2008387778585065
39223911281048
211236220662202
2221582554523134
137081299443607
135867133596674
537121242258945
44479897432120
527895335796368
531596959312401
42888755929648
562564769851025
251794859450751
2041192619275214
1256275870278
519719217557504
211656143825416
12655244374129
220451394056778
83445296308737
1606049657223
39711737176761
7841521796486
1974313683476670
333770247634449
246979158569129
276731292086385
316671078638602
105064289079928
273647688819094
79112494158406
326501385735681
220933154344368
206754271204023
418848281207239
238043894641024
34696088547464
2032989351940745
238165747327936
2222124678541376
113875725348374
2005579839209593
2224389149463439
2045442758541256
136346003606977
276603548759546
66944499953586
8726419287608
215088912429519
105705762192770
277074802082750
30873400906255
40690635595850
281551099130505
224942708749433
1979114202570194
1978707288225208
188609332223543
101833827493439
2212150993486799
1974809869446722
2040677444060127
82594483434113
285331721350680
214970803622456
642277749703
537310238051887
527842790054984
78768674968146
247389198156744
2031960030769855
254673319916559
2013402657985984
2032445198496649
219363320259583
523375183426631
2014374176292848
2185905520022010
210084177445840
3993364795927
70446083249640
326210421464591
273729286570624
5101067432066
247262460744778
35132446278730
540471438946823
8117255613911
527845172445752
2005450057029169
2036423441555399
1979798441726518
294281618953208
106104768003975
2207955967442952
36276401308160
49601151217176
251248221389710
322353391202383
98405470434775
1970409960440888
39581584956801
2005173285134223
288002370765842
2217715207565425
74759035125823
281417671290425
43919527645233
1979268183564473
62063085117910
1030570405968
321066255806966
343529773334928
533414671552496
242924545412096
2018351314173258
2010180105808455
2017672478895753
282240944471678
36223787564040
321066239263304
2009916281237007
102598193188031
557472662426104
383199026610679
69467992456794
2009769965712343
43079598378009
321134738804119
109351077147145
2036382522987974
2185331979648592
73935626638454
39598632162185
317698983923696
2005999693308424
281353799109576
1512885920447
2154414680900584
533268644295489
2010466409013890
260183735435959
223332245351992
99635725566024
4390648025992
2010989738040854
100679572824144
67018977448176
79249679684105
258882628529681
2014720875885631
4321924446862
8264744240119
262792806465208
316247029607434
246204771890056
273170777058814
5033988719058
238239711568338
269244272780289
9287913435817
253850701987897
2005998449798663
2037455444480520
102393144149398
79739706935169
2046673261990008
281541582582151
1974061607514121
98424678526138
