43973792013902
9768076645702
313550952173110
62122402963976
221697241804746
317751361078791
277156292468744
420564389330447
2010656744652383
69277969779774
35665527702456
542070368575041
348570791769024
2005576061656530
352944507524096
2009428454289863
321049747293145
2248435784986625
246822006199511
2243477345143929
347602208519272
533340713328191
74241778938002
9887938834608
83160515974094
97305317867927
2220876330667592
210557669740034
256531118722616
9964337044935
38545438216903
1970805219004784
1997805497356351
969320677305
303883010203520
215558219427927
105423057419776
82955427094514
71334037842946
2006539754791297
215511664959033
66938946434254
1975229821982145
216732809363471
215993668898497
100581557178929
27018966576520
2040094533878342
2002269998744001
213913094521017
45637571970544
536560583573568
35655858004951
250782201212944
221421771325774
104927158412354
34788555394642
2005020773749695
242655907777047
35683768841226
238060474671704
250217015808457
242510329290879
386613784120937
71424389456063
559254251737542
242011777012233
102377947930114
347050576711751
528469863461519
527165359747722
2046312209686606
350201007551479
290761656198559
2013282294624775
69895924541377
40071088803456
80746582380432
346485850763783
48508702653833
70943084420218
535598794277369
136427673026993
39164638138824
2226092000255561
237990701729273
97367731306583
111462020023440
310811750621703
79234733408896
2006195196197391
2218805103129095
71398746226687
2222054094663823
259194729211063
277086891741839
562446253141513
219515673965056
96835605919185
2005715623375802
254589569430337
348080287587391
551769546297
9887975452218
2000913742982730
1974249606577742
348483057885642
246284208636018
2072037465818553
244085305126911
2002356692280336
101853167944248
627168030793
2075808297914281
2185347977154639
2243065043950598
1583657779721
4352968461952
72559044911808
2183563434492430
210557283864697
316238408519344
97856921555568
2039645762216906
277555939111032
348474319052737
242596828119602
2018031191229399
2212722203139518
1970335713087953
64940278882761
1974854018162865
43935606768186
8918770355719
2225358233238919
2001592517460496
492598372536313
72009602768954
39162887478904
128749966538
1987450197021711
32367697661551
35733068575049
221424978197006
1974790428791239
2225291172016719
105554310070849
291862475416137
2226380096149072
2186328672653375
39110004670543
3937325572615
523917479384063
348604359041096
324822072128640
2186459049820721
281353892105815
23622099968071
70860421463959
34025101929546
2037343676236231
2013189504037945
252279145668529
224242647235594
1997400090644353
276057166913081
61584343269970
78555916073487
1971990466662904
4399237992983
70316160425648
66650365689928
13126272069759
70438386138680
542013210558025
239142470439993
1979049158867456
100734464426055
212433348590535
8932605043066
246779021067217
495887415746185
2010534173995465
219991709847743
67580273295823
35177911001479
2194557718229568
308062869193609
220436141466255
22685887799944
533143852975177
2040403031495112
250821109874271
27426705343055
291447068787258
291292204006922
2044635157630609
36179999691769
401310018954128
216543650153418
355226963406969
312812157005503
362309250384257
325516777226128
224248847673343
251598276196920
30923747692119
559445394847168
83486801132546
216535071292473
352049915261897
2034036397108750
1979670671128079
2027621987389634
36362029858319
31345927036537
104507461374976
40063572581959
219611593248326
26801923224185
30316132048904
118423226454089
43231955685450
4475255752201
31894395949080
2007046723240496
5497325645945
5429891790320
27357989806601
140333943821487
79106167770688
241477187297232
3900082253944
211801664136145
249054464340024
104606206317441
26887619313799
1971011090658702
2217671328235073
348143738719882
239119081197967
101142084394641
2072192888370134
1974249233031687
308987718008706
12704629108047
2229724938175103
1974867843421127
497046902054456
212282082402231
66468534062798
276991213637191
5374209953342
108802377055826
35810367767038
246272351108746
34755852377098
2006591591361025
3849479979976
247044405400130
67053969273282
2005439271117377
83443579383928
530994576785986
532757294526409
219395771855817
278185285020729
277684771857656
312814267317391
2220034420081809
184771774809543
317964763596209
493122595364871
251782661840273
30931260218935
32375583515583
280442171329526
74282640060088
278117023646137
44684807831735
280813469766025
252132067930054
1983604763137409
526262466323903
1974739012166606
2039732598515080
532096936341894
40287967867641
255247773147586
2224810522612593
39101416398735
137422023655800
2031908206734918
352032703161415
30165705371183
27006754320953
66099714487351
39515056320961
17051322756617
492720929894465
249590198276233
8805759049791
277712598793793
542548592652929
69741648121904
5134663545856
79105804280322
34582403493455
278255900585009
4052366884801
281527961001472
66494685261696
351911756169785
247323947167359
34704307090127
2050030837604800
2002881662886527
272817228673512
561400771321
101154082325017
2185143229886871
2018370892070977
308619288081464
136757130010183
5720764150774
3651524064506
273794692034432
233708363706959
74854066528313
251718537278463
8313846197697
5659662451632
12715250680266
78684071105095
2181001702865918
2053482685424138
220995780681343
7809483173998
2251257725096057
30796813468632
219363420729985
250228303168018
40185845609151
2053766224080840
519451818720321
351860114358400
69698475503040
2036297130644864
40208548457040
9482364257280
2009494851183760
2251687450608136
97323300917632
280436689043463
2218258130301383
211182098871752
35210022154289
1979731892798865
97306930614665
106584178791032
2017690680795206
219825987722375
240868235710081
492655427691049
105552864653310
561938805001799
97850060535802
211543231307978
2190347804337602
106101935205959
329439145390994
355681379480184
247890261351937
4449860792959
31282444406807
282928141078592
254133605015105
35297941024826
241402709777994
184787782635487
2209110103748545
35879975071682
62119420391952
4457131453447
540547167330887
251786082350065
320453819960776
2036426551923312
3300934528512
36341882884489
70248736547256
74561037048952
2036855209819280
210609119198847
46172019946560
496491811051007
13210382233096
35754514804287
35802044408911
43025920719439
39094233588737
246439471416448
282085804047376
2181523524850632
562418420261887
383668237925761
32383506085312
12513638617090
34986570846274
539315996523984
289778226697153
98888566447111
559626873049592
70232617819592
2216632239058296
378646447488512
320155690181066
105004332033472
66057651905137
35261420957247
251377035764329
27076564357191
44109316234742
277213528584210
343057444401850
282462028562447
2009898668462090
560673068417
260662622970953
71959847141505
75315521524728
289910410158919
2220515250933945
84198287451080
263754256255942
465988809311
493672146113416
533707821474818
207453384091010
2031983387250319
4011367591991
2222187324998785
538743639575959
289327255482367
242931825581713
35716711550482
281410402546712
2177516710169273
2216675433025656
289594345816240
254891282695569
2013912147715023
245322129248720
181986727828864
1979807323914761
105063375408590
317294120833594
2001929607602360
31139972251561
275933566922697
218367814298808
79027516188096
2005096083010079
1980167041642929
527810576282249
7706361000958
532104555955784
308841587733615
52724333186127
183697108418170
70420403712582
5549215428487
30855047351887
84251186039809
31339189112327
215554864968648
112703431032775
216009187426959
294534350897536
5447192449146
240819661279814
12660773322632
308422830228434
112782860936327
110295870898103
272833370158081
2220446690909697
2247472800333897
2053758624231929
36291523179641
31956536434176
1974783067070463
74645478112704
2173384633344702
1108418326641
289721181569582
36487641375800
39737186120769
2006072959664304
239076420903623
246490071399944
638037783698
211577504268423
5018654179726
2187023400509074
2040779364667392
39092949356552
2247358933394289
545006687596042
2221976472812951
497675447103552
1974801182721041
280936780136449
2010457162412433
273579758644736
280398278119601
216803538334330
241404258837185
285392018571272
26944780636720
2014978772608078
30307449942991
2002278470881799
3446038065672
44143808162816
87351882978823
73536534225344
35246668030456
74287092342850
6572489080777
2222654853779904
71054764507185
247314853921734
245744052174406
277679450951624
2226119000490070
8186096292367
30942839999103
493121420627961
281975455228480
382706034433208
245253522886577
75255596481345
26947731922494
66530000240654
522836420128751
2009702323782082
76959157383753
225399732776407
272879804257350
65497448346040
70308736012790
40680002707470
2015354364886136
2039861166743592
2182102261238863
2225290233250232
2031425880813687
258549785337265
212212339249167
493152307810168
83375228493936
2001808020508922
2010956066918398
259477379190848
2015412352720455
1980238015554056
27015514123890
259055384206423
69073781892097
382065529413754
26407472205825
242451860940223
2014727270559865
2006619476522056
27021908705350
32556072603768
1978092172254273
48362591982130
2248036354662282
1973641881087942
36239978005904
70353733521222
325656233179065
9965314764375
243490035687425
678919938568
47408826081864
183628468578895
559522615702449
533183703055944
26878075438152
347874114437064
256316970833278
2185399917341777
250225178484297
236882381791744
105262281384329
2248439024347088
7851441352014
739791316424
386546922885694
40072183083024
540548599873600
2195098829852289
322069766099512
255558474861120
2243090605671929
315635269337039
3452092850303
62604281904655
361336943142254
281409378553464
528849672382074
69905874932729
39787654029882
78675581629569
219216588115142
514642477181521
211235889222649
321752807019466
356157208658888
12181228257938
136897842352305
1975066617515657
2194094613307391
531133104391161
13193191420295
308409790594433
220399214326841
223767897055224
140127774765568
532162841403912
70538412196302
78204764881496
101423354491078
1975696870845953
240854398932431
2032378776159223
352958298270785
61641475726656
69275926864385
242021587672570
35271243173944
31278062100553
8368861712504
2036921776149502
238121459674177
2250828763626890
5095823999426
324432253690824
214965363926505
148052685306
9979358351473
536072180733087
2033463253205455
31965111091776
404052141420102
2070872860691463
140212830794361
943940216
47280088256071
234188565245962
35242589068297
36703972683314
2009563555688602
224292887298063
78117973008944
1970877581733760
1974174486889929
241953727840776
535542965726415
12791752743937
246489161499594
2248027932529655
11621212419400
241231431216519
185697077527178
26954258882695
539508963544159
35207996477576
281614719943823
61092671785609
530567273906560
215047806682063
66444904066672
366093111681609
2035873015390408
290827318308495
277634198016530
2044747246203856
2185158178058049
8925098839600
40071107251208
259072425713784
554824142397391
43963449439762
360105176436615
39585543859849
137364684705471
2002346884264265
344028105695359
1996231263711687
250145738693746
22680633416839
550423565471802
13348759700025
32368918736792
27360068598848
66941765247625
2015893622127177
214938570719234
2190710633694193
2002158336340424
307332863258601
39583540883070
136400399527920
2150517103355073
2006153485541903
2045082786722936
392113552432648
97289452061374
251935294783090
249726314291279
139819588546567
246903528521746
71956539900521
316249200361334
245654952048000
25827916158392
7790823452234
8942105625025
1998363356815298
286827302587776
2001109080092240
382711418297823
12104054632920
528739352702984
67629530705994
250292599534078
35174711002560
78621523837895
31215154979719
105528424145039
71522998361776
76401025774065
105012336464056
2014457926554752
2022699784274938
246770418058233
326433360085498
2217157735252553
78633737162161
285898689805416
39187395640847
44541088404026
1997608905928696
101775559001032
12229823136786
5438791226360
38542051177144
102185967313866
58344060812224
249099376967168
562470091792256
2050715919551544
280437626819158
39590775583680
74791754952257
2040702445544343
1975341492470223
215685846262450
246772712632334
316720686327281
30237408592015
234116585431162
312330170900887
31896943747512
388282523606648
2191474597323385
539449230536335
44666842903938
383661212423616
101630736012248
304077229584391
244041182602800
247423538867272
348008298336273
42896118488896
31421994643399
281631755833343
216612502867969
131951967399446
255042806370688
102128001437753
2222113234877961
289593423885497
69397309751802
212343065448568
36712589532289
74712283446743
22967626560138
219309723591286
286038260700127
246351017542088
360557104894448
237978097816007
2218256268756609
106594491523735
237658812984919
291877139259994
207130172368335
5443634597527
27430058684792
280788073677441
303664777950679
36223870264454
27426719593641
249655759771128
104524203171975
536089481900607
284343055134671
539867033637392
5909728263743
87911804727880
35140610850345
2191866915222465
316203180519536
9439281911281
273771686795256
2036786101196216
251300537430104
215582528738249
1974785225260663
565964412375
2191310314307030
308964929802649
276543518208625
1974661803703353
220168888266625
102793784954448
4468949124054
25351065147376
1992787518034434
285822847587433
538263522181071
278716397756864
246393554382282
2007083186393618
317758908982287
69905875700672
5025011168087
258953158558144
66650798227463
10026585953721
254957063828055
83108720513968
75522585166961
65568064994825
219309381263048
558615235072450
185742187585682
39156139261518
295340405134790
1975126610441168
311902133752320
539876447191687
277712430178374
7268158611136
219370588445753
246349832911950
536095385223057
1974734575858697
2009222327107655
329793392586424
262904599810617
47889172659722
27566322778265
2005097145175113
2216771551820930
70320277399032
44473044234327
2013822638560183
80334178050111
531150146176456
101730493096014
282490739188728
2039596200198154
30237606189055
184172477936586
96764241600945
322036778081848
1973756498611072
2013344504249912
259004679361465
532241220891000
128747024367
285898543758833
238595518263375
4261689426903
258989629578318
531640722153480
240253890534422
34772190462584
107152085974472
247880562569905
1976907243774478
34705789456513
532516079932376
323831909098040
273229843362183
215159862170641
2212218857094095
1983047859761047
1979559842443394
2004540828126274
250878802039353
216192650839104
280942551248446
528246517104207
1599055397262
136812135715399
74227856769000
317211489570935
273305113788599
532719931063368
108945096577137
2229414745640982
2228711265370798
527789073198999
35930375681487
215511696699520
66532097190482
256683607359422
198609086180808
78709587964050
383860448424391
2247755064631616
2000151623665072
61727151468104
10522793471504
41096579358455
238604758065161
2011496426590718
255164020188673
83434024250896
1973625653235257
105355800211185
31291001276090
4872392450608
326493502808065
32316396696630
2217122535501249
531496045420488
2045658550759432
2219382592496191
66933980103182
69872794956224
133109796073401
251773012767352
180381383916600
293525816589945
242090262951408
2222122478863424
2221476442025039
254469694780490
71415891960441
254606752448321
2217309346999887
13126344872530
109521783000113
242029174944249
101902796238278
518986793757722
26449653964337
272772173394424
2032523512881665
27567010411394
105500399693825
2010388681647601
17049796148720
219292675096466
246780365661191
537609512767546
2036767986084489
9827032010746
2006478794023007
532291269164865
2005590012097489
75266084867769
1975821307732498
523573027931134
2212906618355320
348531393825850
1970393158062218
277817709335496
2072527845432889
84166259502776
277583333899857
2229793372249159
4039563838912
2032027278340591
66041981964311
35811336970873
2040017287418760
38902637724098
242577892745210
234076658938359
304083556405065
246101376822737
2006076677104575
2040210695162943
277774699296137
80317917983199
246773539103743
348055557414482
255001055819208
12704517504583
2008956342408255
493201568035782
273145795382896
43575850467768
278732758056120
