12568801
1627160404
927026095
177034172
323097964
1190536951
1470192762
2122164496
861345788
383330219
1062423530
2070253953
1055637592
1064555466
1711864256
709439282
1067987520
394934851
740069745
653877241
1269763256
972945839
1506240157
1030347552
595134600
2062325007
1041343211
1689839480
1927692981
1596004426
1950944157
668252457
844981759
691006845
589919955
1091405192
1826290869
349719211
1538922129
1062880462
1592872295
2136796039
289574027
1209121762
1337127701
572589116
1092646600
1131910326
584990093
1421094562
1424860977
280328478
505925830
1495920777
992358992
1316515671
587743504
1011938537
55987300
795780635
675361698
534760120
1326648219
4226552
1860383367
2082696249
781015840
1067137280
2027659577
129031556
652452680
599779472
64494820
1212163206
383292179
1501334643
995095501
218060368
1050538755
1930026175
95957617
1001043207
1712764609
1917191012
974181917
1737626271
2011657361
1268607658
1267130469
663289295
1540352920
2055964695
2116399355
638147827
1439905639
1383161182
990529482
1890606637
1043984122
1083933133
1551292029
487295819
1642237556
89391133
1523170465
181851961
243631377
367245167
1217896191
1499561775
1566159559
665671545
92884408
1421974682
803896814
938396101
1088644414
141962917
984937829
1499558350
1811216052
1529958048
864739135
817313095
224197595
564117083
1910779556
1944290163
1052684431
721733848
199426134
569312562
445809388
2146770958
2042087755
849051710
738731762
1053917591
1994822814
1307929052
1641644198
378140426
276235539
1118866618
1197738020
155189949
705905846
619877717
1838302354
1525815846
646779582
1532471268
1218488363
1880921684
1155025353
1041993069
78709389
44712078
1605093158
2030067115
859757490
676878622
918153543
1791743649
1961092945
96141296
900541045
925327021
744045307
910979993
520474906
681972423
1770448917
1705945953
1329956790
1377252809
1445062912
47138695
468096621
228822904
1723795072
239184386
164116503
37238991
1742691090
588677442
164012289
919529854
534360265
789119839
1696995817
2104020250
952807542
588745970
197929413
1921515885
1851862219
1463110591
169555803
169270483
1938010080
1021013645
241761433
1170677951
1651473894
1399573427
1588641706
715601706
622255434
1166826801
1571977156
686285172
987466973
420497405
1232142638
427654092
1182433617
1996457402
1439154858
1890301029
1680667611
503842625
853906643
372888122
938156314
1411923541
957977188
607837712
1915121791
1980511969
1500382607
1573760730
1701496596
2137042732
1560646585
1978122547
208099138
1298237120
2141276249
1409884355
132471176
2004375204
1887884721
1940601150
63394095
1490889241
1118060953
993013148
905533432
905281183
770585050
389788783
1705167567
566908204
1040599646
1593977639
473473314
610176716
896586354
211956753
90185445
298938036
1428756020
1157059910
311668378
1126333164
616383130
96018463
1916969632
1940429802
594516091
2135551024
1077799945
1175974754
1570808758
1290184428
1111945296
39643549
1205837794
1949550027
2107487933
2091280954
1497363018
1203566944
687250300
1077154840
926265537
1945176961
745769426
784542921
1668091300
1391046331
691809609
1706326313
1608848964
1241021217
512243505
1980131115
533106212
706856449
1368717458
929000506
1968671869
1511581895
939832642
235686148
1777469175
608267523
2098820116
486426768
1228404978
1918114611
163810828
164058415
1395362100
2077272450
942932838
2141387146
1097522804
1678058169
809481388
478075115
1257115079
1696928283
2082638965
310314377
1642242044
869936658
573369943
1317201989
205642047
1959318088
650500809
268073942
1946953240
404968792
300414922
820866983
1319613156
2126156710
1232195424
2015411413
1462157113
1981676344
512404072
1263164145
1314928455
1801792784
1343334271
485032293
1164385003
812609843
276993204
2133399451
1419939907
190341649
2037888175
572652317
297859047
1286402850
801585722
375435944
429659754
1539681848
1682777128
747108980
384740782
182391894
301989429
904386003
561184171
269233759
1365646983
542322599
1737654027
1045451539
717910990
2112525866
2034010260
637528630
1130015203
101285245
500292650
839117428
1394805762
1576727910
1770746341
1776200566
189817579
866385639
1297776397
1599548074
1545521982
1449265438
202218064
1403241176
1294425047
1673466141
1550158740
183238524
1643300693
81179112
412336940
563132007
2007624777
801684479
1584866537
210140834
1857934162
1295908530
1311705824
739111251
1809777393
786312594
1710132877
523328597
90713377
423122604
831316743
1678182950
260730372
2137978494
646682565
774763178
457194160
734825428
415681753
68610318
1720208029
1958873425
2035489458
1223214779
1877285898
2081935438
2128517395
1716233616
213355407
2073121559
970571554
1813645598
1912683278
406031097
83066322
1127643035
1775543672
1866378985
1647867551
163363760
384135700
548737024
1740226356
304435734
1058129793
815385398
948760645
1516629470
996334695
1682546313
1005368981
180169981
1633321333
1684711200
2004177703
147780423
50841394
963194957
910264984
424585218
1187138078
1072830168
1339023881
1656388536
521272463
827597662
1159467365
55523026
1153596086
1009818353
1693945510
711862760
2141565496
676569777
1661579593
100563801
423543117
613817675
788906018
186916526
1786144467
2088003041
540032268
720309251
682270686
1849767808
1125493302
1448077274
1402335788
1625456745
1319116186
1779483777
1048483744
359197329
1560852842
808246826
1954597614
683829808
500296383
232189148
1112663342
320233126
146777779
1902613745
788219133
1432314925
1826584975
281951499
126692496
1557146328
1797908409
773279078
1588765022
1180705613
1659129317
1441176170
1311565958
1331018592
685701540
1197603860
765886451
860590205
681217109
1295900203
1836887138
855361322
1119883458
59373395
340609370
199330229
1317461164
1892289486
246700398
1873845285
108872383
57137706
50996911
364494397
1758670480
1015769297
613018069
307830339
1767738909
1373690048
1048170249
348293759
2115001882
132672180
1305714318
189969770
602477939
525340749
14778172
1026763572
878126970
48789049
490557549
261004683
2090582483
274416833
1573751319
715485721
1327197861
1241281782
1127511302
1673360681
1189467216
24319918
574245817
460949432
1964511557
1426664626
1934289310
1096097724
1888292207
71229739
518424762
1962006317
592906538
143471201
558541652
205425746
562557934
996749988
383213748
1771124403
652906181
1266713261
1612107398
265649939
168537088
1799143927
256813364
920722177
1924515754
388547603
1315831344
1957510094
1330916932
830102000
1314297797
2084226469
112638807
466800455
508173431
968734490
117968045
455192789
946128674
180706711
1493111842
1043154442
451735473
1282634332
336137125
748525014
1029099978
1859206249
1682933781
1597373849
299869767
1462435777
2133849719
1470696048
388662004
30088415
1332827940
1363026536
1616562142
620519472
923293527
2145649594
2070974475
620846518
204919316
27443517
1045542626
492672701
24905437
1242292528
1318294565
31444420
1584167368
1923781189
1190258556
45768887
1228367181
766822581
1501965832
22299372
1771642938
1235690638
1850461231
2083127795
711424815
1361628104
1176575619
1185491091
2120733039
907728567
2043749463
927843256
253198333
36041947
1715274606
747610558
754437334
72663584
1915071030
463293439
622194353
1858563926
837253719
1794120136
636317486
299008431
451803946
1854038133
541935556
217771993
962190818
1796467816
501712416
1308764348
702085021
1593447341
149245451
2013993647
1896555747
928604292
992368922
1193667448
1017843431
1803118013
1126091710
18706146
1142025924
508815316
711430922
545938928
1737804459
893742573
363584409
1587903088
1528547676
436027059
1438775665
624425080
748430956
1507182263
1212779905
1821299453
525462945
564606929
490995408
1346329314
472194628
1302090159
2122281968
333684412
1708911067
1602799912
1073531681
1529302004
682875328
789616683
47700987
892270717
720716552
255371794
1747567959
863684713
1506343463
711426415
1846714853
679202871
264663684
1358205108
250983695
332717134
1689248795
582132627
1834414462
561691893
1002363822
631880039
434112071
1833529184
1745210300
1216572660
551754604
357213501
1035957333
1734782812
901819942
1876703323
1379331254
435043865
1651880290
1247954512
838528132
565363181
56827391
966786568
159643898
361028691
1524043077
1592580828
2091472426
1832280580
999176918
964015733
115703519
1905670886
1590375374
878224474
917412821
805306807
1216341029
2095689257
773812837
1266484854
1240022206
184412001
350081475
2110835528
379323336
1983087280
1432800271
1917666429
910132861
501680606
383527967
918187295
346603570
1130393766
229541693
1883066688
815405023
411552970
1433059410
1130237591
599770304
1134251346
1940138053
175089893
1979118960
1818543257
99780652
1832127381
350999777
1429197418
1647239286
100829293
22992502
986087913
1090281073
991884089
2129472341
468855792
1156709302
604309533
381783306
1294779690
1089198549
2019637416
1138974943
1695063110
514078774
622539454
191640483
1098824982
1562904670
884663430
1352300525
252881005
213313491
272447036
1027520068
56105562
948341734
1924726852
1953869683
181099862
1719264058
2142159142
1094161739
1978759594
711038589
939730020
1765636529
1786024893
787329063
913079508
1717577902
2010857726
1287121143
685190377
1594527903
1563264099
986780383
2102572090
1782928250
544734051
1734378647
1474713759
1917218185
319395718
1097194493
575524257
2003766155
85840895
1727001172
532119263
303364973
229950057
1342826092
2053944350
249438998
1865326101
126348401
837625982
276297376
349427377
633007725
1216435652
1193754272
752921976
150262457
1110562349
1184703489
305811523
1663464809
458400491
1104290290
527550517
1420033163
2111819854
187713622
1354642338
1972697935
1789779068
1890428940
2107544650
867924589
70255406
2105478251
69404519
834269695
1108507981
1366958813
1979077097
1623435858
409706139
1547559969
582169206
1225106377
1031831624
1754784269
1138480350
666854658
570978197
251603723
1166108668
351245613
956540451
763383184
1969659472
1812306848
324584084
1455582224
1048668926
1814274015
57030260
236545626
854720226
457910742
1563447317
2036819225
242868244
1623914794
303075311
122748709
1677536465
1869774250
260665035
1928185244
230060055
279253141
1763541283
1044444494
161718568
1783966634
1899750289
760543083
827658333
113056957
231872541
917462416
206044358
1144571726
1862042988
1705914585
1705768052
720749921
1213851050
460929352
2075698508
894207355
1175958453
356980900
1451513555
463778943
1611867637
1229646434
1639811410
595668186
323049971
1350180078
2056761114
770261764
418691622
900689399
1962611832
792506533
1693223002
2085022759
173544743
1912575610
138381195
775356938
1689271104
326887742
1329683351
2052656844
555216839
811501260
154486484
128303508
417000768
1773886088
1485647566
1647349904
913589371
12663334
506994326
1203884502
35378382
203205750
1201980789
1060492464
1797931950
1283901336
1138976344
2071835596
