917617251
551883384
1960916606
31445525
915893501
171988449
1178201189
811470461
571959490
8770778
1801687037
1387088
1552741402
809631325
1482333855
265498017
468367176
832396057
1999976824
821247728
1594247124
610708154
851739598
1643440575
1506820247
2057218717
560809234
1940043789
498781748
1963554845
1310043771
703265930
1103325267
1171496291
291544409
42613078
424012398
126751891
1099974695
297210862
1647414450
629260856
2042035976
207553661
1060236886
1707895827
1890011488
904752540
824112146
778427081
1441679945
1865438569
509086194
604143504
169638873
348032482
303302306
2121251346
1573244310
1350279439
1051693369
1984480040
342902482
1657249222
1799600477
1356322298
959808476
562309812
32083718
2063679642
582782271
1907160505
206904400
1833069054
1712203465
1529385713
1204229287
1696553967
271840694
1111820879
996102231
609066916
2071716684
1394639541
511717867
977445675
1815745844
39558579
470421109
2045434376
1368827446
56602066
811677070
691605657
1208491406
1258905288
1158219495
171027842
49330303
452444850
2086597034
1046260222
789914986
1266881488
1295146620
1820027646
1645692822
1155417381
793817238
414510340
534322964
1648885766
1902893847
895640112
1979930974
435148971
1769494027
1907164627
1142567682
1819875105
1111491967
261188193
1583519092
1653495501
1800696314
1479772538
1756486388
1661540341
1327841838
701297794
1758853125
147150130
774456560
1938979517
861758281
1023619672
1262320116
1948581911
572098503
367108480
2123926779
1011242460
1530307316
1097195014
1785318758
968051295
1053660455
404980479
1919858245
1866448788
1179671694
1007398861
1671863044
1010009731
1709149828
454520139
306081292
2114105500
678391391
1937426837
991709400
1422182793
1349374317
300294769
845536254
648882956
1384926035
578934614
197294965
2097909754
1189428067
128046540
2084499935
1336429224
1009851501
1869293129
895656359
1597688741
1769976534
1904396254
1058051067
397215465
980647026
1107445141
1843923470
1493336139
369613850
1681186336
181005341
825096068
2084192461
1447150324
148263502
1516910694
1762955083
101451226
1382408949
1597291495
2146754786
322364356
1890181286
1702156149
31397785
2033079180
308124463
49815448
1869219758
1190802866
501225355
1700286823
923882759
772290943
1680416203
1783148724
776157194
1317140306
1757454651
84646919
571924188
355587016
391540394
2048908407
1433389877
387564748
565853608
1703929326
934148120
557089060
603935733
221143378
1036679523
1966500493
45819642
2002903623
445290352
1234719066
497137444
309221721
896180334
1583162916
2079862489
1499803288
1230058836
191528184
556782555
1111616878
1145207251
1609138498
1600620288
1695663494
4007889
2057026855
113880805
826165655
1879524645
900723716
1649563737
1866840172
657141504
2026331694
362378679
1934117926
1083656990
1191222694
278016541
61490998
1766323672
978773388
919372441
1804616110
1839290829
1064132122
1867429374
1877173350
1817280590
2097959871
1544133234
1896255847
557311999
2077425609
1694692832
11554900
1719030078
530999881
887488778
1918305339
110137501
1078115279
753210183
1446666303
493715169
2138009335
1621369990
460162969
366478187
101817456
681962398
1335618895
1048807683
702871619
1818010830
1640293851
188240829
1223489378
4673304
596560164
212935119
137371702
1669992333
590549127
1154610420
1086923357
459163798
2035255585
281026905
1616382401
85232706
137158038
1422187454
1985178423
2081227891
1644492092
2130764844
1384101028
238643115
651884210
305291118
1526298550
1027675806
2071148318
240421291
2116483087
774599961
1430047376
361735820
1395134004
1568924194
1092938238
1043695881
1338267166
132430736
1492422581
520400022
275903400
1954580902
1884478659
1939202532
1184732728
699818529
1975789439
360486706
965997850
1170229586
293868874
2041064001
1798267307
581174360
1920578113
788200199
1717280475
1337088147
666856469
1426174084
1909148395
830766672
841057222
355491378
835263376
374267767
1245441446
1590670254
415846066
675526419
324127067
1080218635
876941052
883020060
461128982
1307801273
1825645170
471348864
549897471
1317614320
662881301
402072020
293888535
1987523002
1477529437
2052155868
1783569338
865125170
1949062573
1484712952
1223070341
1415232157
1094906758
1892944345
2091060418
208840004
1452481421
223912178
818364196
1811074774
113653658
1024279907
346257227
2113651689
757576143
602118677
153238753
1787460943
270406922
913975419
221044122
217312026
25076376
662356205
1670060162
2027917597
289090020
1880155093
1766253865
128229017
219542797
819890419
1421572565
206095610
853021888
1289974931
279379361
1133417752
7068014
1430702900
1713311965
1149825701
1741365507
1664279476
1257050827
17310409
651439124
1073656237
460692311
273061207
1294707154
895300980
315137894
1229165083
698259525
1952517617
1492713944
1093550241
364045769
2141032254
884682603
1678927584
1822875116
1907167702
240388437
77697492
1658655042
1399907754
1779691547
1861477723
1010381850
1264743766
126578773
1688160225
2039838379
1065766973
1066043197
798019758
420190156
408581268
566858488
1943849570
1697381453
1367285283
1989237959
385370673
422401712
1256648117
781808432
321764524
1842137563
1385917820
107915808
1540306512
947777377
170797394
196409667
1902926628
1107388690
60796035
228553184
1812043941
686860188
95727366
2109919589
333320749
1433178251
478072075
1897111630
1472218466
739196684
1297006053
877446625
327197180
506691392
2004990484
945304115
968138780
1248066817
2088764434
1190736396
288085329
907247861
2015617642
935758693
1263022733
105576597
246533788
262079272
2072039456
104837350
1644018664
713319205
1272268343
757044695
2108003869
92665285
1287923438
1635798216
1717510414
1139887347
1178861801
220692470
1593836570
1170407445
1875072637
1428025944
1628572147
1779485937
584232686
1116108138
1839130729
1246609300
1970322643
1078969031
571524565
722357618
236611721
1385966923
487944704
649978363
1529408228
1357811864
447412704
43400235
536612229
70288632
1174756856
2090804812
576691072
13022302
1227665587
1192153084
1527269575
185560957
147645811
2104400602
190810273
861698500
67934929
169312508
233884101
1621451890
77538258
28661919
1019555628
1520091881
407608221
1628663363
59338758
291080023
838156793
1208392967
935420467
1165780002
1281726173
303709486
1502885774
1372618775
183597265
2078875466
269860230
1849165899
627269164
334516211
1695748251
905032320
220538113
1863635104
764663402
1843952952
417178426
1288042476
153542803
1854522558
1029696081
489845288
546072695
1002072690
1361532391
1412513248
1092599574
806066826
391530247
829289796
1388719052
1244714790
565692721
922864527
1673444515
879483163
1931845898
783122918
398354239
1527403011
588872631
1501005725
1223247569
233505663
449635193
838703746
692031408
1182352081
1573807140
1295463282
1236194527
1917859162
1115976419
62099017
194333430
1409214371
1337609430
1386424188
304146888
753398561
1055414789
161124082
1528689665
1075880988
773313294
497916498
1977003610
1836375288
806927580
1273918805
1208016130
1828214570
1797174222
289117922
26741542
470937200
880931893
945577132
527810265
1022549966
574259880
1403017121
1576722768
1848818090
31711424
1104866527
1665934938
607455893
1395281006
1210491207
276099161
1709986614
441472291
739119583
1582234420
123562729
2062508422
1179202192
1096413583
983973655
471127838
676419094
2138388933
1143043880
1729887921
436218246
1152720857
18924156
1273710135
279035963
73027130
442695636
857726
1524777919
1314163524
1031746401
1593560699
754623849
996300827
668138215
2133999708
1638010385
952763558
1699318743
947207883
1161709547
1869331085
833507774
1460188770
2067823692
583860154
1039671124
1838162703
2033664682
1029555938
1149069420
265247598
1605161107
196510933
495241346
226505322
1847658917
1294069878
1757414794
1978276628
1297962557
195769777
281874343
992794171
1696455697
193434691
488955274
1269346068
220234031
1580164836
1086614391
1726271791
1295126207
262672851
972688656
1692062719
760527229
1191744866
441647309
593726714
1260902891
1335054401
397537156
912481756
1655296142
1517005835
871337670
1098263245
771135528
1037407188
1536165158
799361411
262744697
601909716
1676599703
433790389
576796166
1851635794
1384297909
1866886609
328563734
2115035065
1571159740
1677683246
1662300554
1309587488
224234774
804523180
686038968
835363581
25703076
4322173
1118216274
1717360360
1467236523
1134906959
946669562
212089639
1450758194
512996920
858300550
1409087025
1923186959
1019967727
182609332
1965656405
1690428192
1807027820
1497445134
655936937
676118883
1977036041
319845511
1504851008
1319050414
1154249276
1569174794
1253100409
1634665807
1596187177
1565706437
2101381069
2060947695
39205332
216740126
604678468
219449428
2077407051
2010164793
1393125907
1554846963
1991779971
1209956370
1168213503
469655572
880251247
243813975
427739448
1806514557
143186880
930352677
1395556851
651281278
1160636825
111161614
428457334
530565045
1932890997
1765913519
494167472
909929757
956023274
2011197301
462878583
1687163618
1985494442
1407462072
236305219
611728769
226757643
546873931
65308663
1285332527
529062126
1286457302
83372315
434986116
683061571
1345171179
1314452138
308470441
1488231853
395915310
369097441
1188018917
779869688
1603487516
1082810756
1634546729
731229821
1098013744
1594853304
153895547
1788785099
1801047113
98401694
814704883
382001564
1785885996
1378621180
1671695029
1104889339
1645225097
1983551572
686940658
2140997815
1365080040
1467531396
1345489215
493311693
2068599936
1551580521
900026663
294764642
360585279
237002622
1187999591
1297576355
1824870763
756727902
1517817088
21770849
1513514792
1703702629
1704114068
1167739426
962305517
263557361
958697922
2047545022
1160524073
105447049
2117573729
1498133786
519484457
1504739317
1527997050
1185448513
1665677149
728053532
127649578
675202025
938967710
1109555321
1727950192
280923405
300878881
1701964273
1097873434
880262028
1659779497
996743848
2100946834
378657041
1706417910
1321009716
941362522
1294717357
462460058
865789108
261595534
898794415
823172567
867419778
183240061
1925814032
1063298563
1337339547
1109816299
1642643046
1594888702
1583309905
727321846
646604071
1455956421
186599474
1205195315
407760771
1283061517
1055264557
244640292
474021813
1498376736
707697330
1751541703
54922221
1881712400
1747921902
714168474
993399676
1484292471
1837767388
1224139345
1700861318
604916219
389585593
1042515006
975858838
566612995
116777009
1793679291
988826138
1040068830
1160238624
1710728872
1514892614
2026201055
331829926
1114878754
492083764
1984457001
747218636
2129283110
724258783
1459025379
74667401
2029471528
498790988
1031327472
1183338838
659895727
542886965
741879635
2124386089
600852349
136982508
730828889
838736994
263430856
325108138
1311700029
774251862
1763893712
1496826063
1480473181
1667725858
727039590
539339582
526555045
1979052337
