1902382616
586541501
929218201
1165233273
121904512
893025704
277666364
2130207835
1773205328
173672396
2141485094
778443912
1054425627
1455507863
1013286514
1959636422
1406238123
375087084
496073461
1225538661
830536778
447871090
1192471449
1194251185
1509159538
195218158
781267750
1123279257
2013546174
1979831532
2084882947
842196986
908187617
463357356
1853961913
1950370901
1430907922
994624531
655779229
633274795
457095733
1098033859
1882737400
1648780606
1017266781
743854791
1482366600
978137296
1301370536
1961227847
405155439
152798586
1307897372
799278014
225716226
2139289578
1455268923
1443833463
543493133
965114871
1136311325
183070637
1399575241
1025352281
1373946452
1239679988
1893383375
1748374784
2077582976
843752134
1705811360
1558801280
1570901101
1088985102
1152927706
1479318767
301536433
1174324977
1087980088
502652121
1364969642
813351907
253329878
420306481
826080155
898409589
1050297374
46101713
1341604867
1358456856
874114939
582113859
980198820
1830435389
1865028016
825630959
1136865817
270044897
393517317
1277510548
639255802
44381944
1400839462
2127910898
227903956
1255321116
144906117
2033037395
257190603
821630978
867023873
1815031233
1115150380
1801038103
766740782
637243629
1835773134
86707949
2121978042
1890226209
349102617
1906835839
1490941482
142178665
1725706140
775439096
656326100
2126652188
1206590751
1929889389
1491017166
702369394
1129863321
393088273
529416632
1671531688
734567013
586293548
902162913
292382842
1934704731
1922466447
212937508
2071126309
1157624179
1295386022
2058942633
294685580
732707862
322505843
922631019
1542499971
1737601410
344773511
686631462
1349874118
1377887496
1402177394
1012815203
306677247
1316590953
1867905704
462822947
81659242
311932049
771115404
1223639279
1387224294
1811660590
413892151
430059887
645835280
1504093686
1336487917
1455726169
488908260
1168212862
324335716
1750184334
516291611
1230756833
1312790735
1722615161
1138073956
811693649
1070248999
971170594
1215544071
68436878
1274852930
1552789636
1653572923
889587697
1730254497
349291098
1941641618
250358531
1780129980
2105850720
1971950572
732098913
921238792
1731072569
1588571056
1132965401
1569658882
164317881
1017781037
1997117367
822059563
710322168
1728654926
1416081869
889152818
767130970
1360081666
1449056877
1477449000
1836654472
1147654236
2127424738
1923437324
1848113687
784693084
549994517
1210347199
122071744
919607170
1216564366
545044760
637596698
2147230043
1470520042
1065855791
264685829
262216446
312367328
541817699
1735157
619309085
639177315
71571813
1320446878
405219805
613610736
1329762344
705488849
1000366722
1924238495
947091080
1729092534
1782263681
1571404111
1595471816
1960550445
542529136
1706811636
1373783192
182764488
2062869636
432092894
1294528179
668492614
1156462262
1117127603
1775614717
1796526101
1708515961
46783616
933707541
800461491
2112879028
689542497
1776791305
1138548561
525061598
53583441
155353972
721348216
1135975950
1587023605
133539598
1844028708
770205903
2146309979
2091078733
634923029
1431067527
2017300064
370870774
995709921
245259565
83308637
471461935
2059686669
1240341100
966283426
917496842
1608544591
1643313399
1574282680
1538677173
2116899154
1680949526
1561828423
852557627
1847184554
1310187433
1013315429
1558933212
2053347072
1503318159
1661017950
1438797863
713283610
367441074
205804541
1103350550
998674500
396135534
731804872
1709897292
236071504
154607072
505582052
506687876
2142106083
611717706
1487359598
444046393
2081141254
958126297
394902567
822784029
2110901625
1852663210
1617839856
207021216
1413145053
212394661
1647290333
1662908239
1224857707
234709186
1734950650
765152360
816322723
37549989
725002271
1228377069
1637946320
487459941
205949646
394034696
108923565
324090267
899082902
934250869
1867762771
1661225032
1567866034
219534544
523832041
579521193
1037380689
1477722155
383221765
1557596836
64014674
1180222854
749266841
1062649493
1897389669
11319702
850875326
265178258
2011752887
1212443776
1817589668
504367308
601920940
733134565
758619900
1789870581
1889724888
1727761517
805441079
534358975
210969403
483669031
204337450
1313478172
2126103350
1352849189
1179624433
1465788028
984720742
146288374
1292600377
448499113
1559181051
1120946059
908969447
1583973581
1188524814
157583352
620597423
657313815
1685613562
2061146111
77002785
138549908
1021570373
709937350
936290301
980718653
2112102121
486538116
1459827536
2010972736
539441831
964198556
3388644
790363692
988495963
2000456756
2120651621
663004341
229471067
1504518973
2046945955
1002190625
1254498067
1154317236
280867850
1378424886
2123405548
2135943730
986874921
958269056
1020582423
885410647
527695485
861011138
1140874160
1456095084
1781444083
1569505473
1113065236
792989716
302592647
1323471380
1484416565
1852255449
1104674565
1148629118
310398802
470718811
126346606
1322314556
1272908532
1243712216
1576106528
1669959850
111843651
1943092232
232212448
1537925023
642881604
1656630350
89573388
613543547
1168697677
1550505426
1890529964
999328349
252634541
66941767
69182154
124702341
1146067048
1335850808
117502525
1461481554
1320555758
1635949962
1576120998
1452196238
234250950
1483106106
447802618
183317984
2043010167
1373308033
362699618
694059307
2131464441
500873881
48877751
1741274792
915593545
2085453721
1036364269
1668821307
1703224580
623541815
178265880
1057699517
1321276171
1358483800
1567917397
1916030403
241895231
663651438
1911131307
1363363990
731736205
693844813
427079990
285000986
272386033
1377534734
386891274
490872624
1970396480
1943579717
1462816140
396089259
1876510462
1664034702
1229333006
1259924213
285692040
1713444950
314220196
1254737659
395440605
645223013
275625785
914518283
868550782
1670923077
1302274882
289708880
140917998
1233297032
1124402406
309367027
1009332391
2056701091
1555362152
1196896466
1353634913
2089274317
1333255086
1224612669
1940840326
140889987
1288996076
1888929027
513352193
930304901
391429031
123427029
227463104
1682465194
613296807
1199361431
1177241433
48940105
507079568
1643889079
279370935
679990291
172477283
471532596
376676886
309672759
1152516266
1038016815
1384151007
1449290819
14732880
1065920346
126269367
263099086
1057859342
1506094834
547194891
1398725248
213740488
1953459591
1809262894
721426770
1396174199
2116245625
509147034
540396845
2134788134
969769568
1126638270
186776256
411481098
262045347
2064187747
998316779
575453339
1862650896
336822855
47917558
1017039163
1011399440
88408306
112416508
217404265
1728353737
1295300845
388447878
1043946809
280295692
439628131
726115218
806984894
697068452
2054555981
515048620
409878004
548341180
361449525
2106583856
1620766049
128915851
2136967317
940111125
218583885
806189773
244302219
1916143330
1150123477
1852274539
1072002815
600760396
737159276
2014946973
164789740
1904888063
55989425
168686563
1574592122
134496604
1942591837
708558753
1958735374
211646712
327636851
17338204
550936643
1927094173
586175776
1435880269
1036218190
1635973866
731161106
445693282
1601197342
884042678
912330843
849487374
165827782
1315727657
1514312467
1899604836
888797031
1756064514
765037917
464005234
2018153236
133176392
687217806
1420202761
1134741255
2141770511
1955030328
1180140652
859759160
2129265614
736507716
1447176436
90658961
418679681
1097393538
1041047718
1016652743
1873326924
1530650897
869453990
1505346932
1792861686
1480088443
866546960
1195005880
2024702461
1465178165
1598387750
1206599815
843023015
216158534
832771534
677590212
743546105
690856807
921934101
320419095
1669235561
333272958
1488851157
1514573924
1288730728
671306840
2063096626
862932601
599490632
2009813618
903298157
154496527
996267670
1172150587
1924534632
1671115117
2070446160
1937786759
1098747775
1014291944
345270847
2049884183
1136204790
1029370342
706972695
935825443
1531099189
587500969
701827572
931125339
1714994362
1767620027
107413592
1322665933
1569929742
1452235358
211417990
1639194443
241596347
206444372
1615168781
1326502808
1053260954
1878578927
1962292704
1687938999
2007507142
426391896
1851028919
866555249
855284302
1206772384
87983473
2073447174
1982084502
1706383278
1278650641
1039830127
93804502
45244161
1493922655
733332918
1314823868
1650869361
1933595528
790993126
660803783
948894184
1975039695
842127195
1947065981
1225321345
343810041
1207826422
399538419
294831028
1088758820
1206353809
1610717683
1532658484
264116328
1551714194
1824956616
474663482
2008219504
1359675962
1428677333
1811540132
947813062
1410900746
2114132539
254139909
705216260
1278282527
683381319
665174140
1415851952
1520518859
82982583
117050307
889323612
1520950484
1428888837
1529733229
1864143636
902043463
308612503
2048291257
134845837
1829754147
1879414780
55704175
1718008042
115260381
1821793215
188848848
1567417682
1714959504
1696425497
267134741
657914777
418273859
1289133647
1288925494
2099369481
1534511546
742284426
1285792701
387609520
2001427902
1767355085
1428413768
1179403007
23012708
1302786457
1882680481
323182269
379896932
369593250
1873115250
1835510584
13958648
731396505
1912033217
1439958495
975991422
841969526
1305904711
868488403
1167183676
70079
173389285
1984895027
149204781
291799123
1659225907
1735216646
571422988
1238496460
169715465
1359859420
2023659884
795401423
912909064
1173386585
1603811812
1208692810
1263997704
793842942
565498593
1399266813
1065611074
1927805473
1459767450
1595554918
329098294
527731213
1245802384
46344405
1034426708
36106245
266285317
437815162
1388070099
417796392
1167752506
186195001
481834356
1962859327
749318284
21065997
18680169
732174486
1543457705
53688377
1797176137
325827863
628598507
1889910262
1183660839
1001969369
285111800
394236166
1488671834
1133616258
1133676878
1894678935
2134935590
31879659
1612100590
1546468104
869489110
168833845
389695766
234617127
1371133589
480956007
119361163
445589120
689968123
1373997173
1292113714
1190007205
1244713583
766774217
1266818862
54194498
860584908
1049301687
212412862
158531978
1366737871
735952721
997107054
194375568
1680466067
522167378
1886036458
1200410587
1279388653
1349787613
1857924662
772735176
1870518513
872927003
293538573
1237535940
1752801162
834476300
438771467
1038434482
1784282020
980707709
1239799407
1669906061
1083731571
1163464528
2108612582
345077224
1363106945
1518653640
1194449794
473133751
1823313716
1274370020
776059782
1538134608
182330575
860259268
443300819
635177985
1613922641
1425463440
2037908542
846970306
1664540572
23369892
94403048
1063315561
705098689
869315640
578049820
429591043
840589192
683428976
1113555249
1763582945
176492645
1968928595
1890457445
659481750
1139836345
777885919
251807999
1568275511
1689192915
79022503
890975442
1389980929
468700666
299169076
1223803091
693497605
593828084
438053215
814889482
2092797202
1784955639
827563230
2133462686
