254636425
97458900
1700697320
1636108146
1007576425
1741142726
578718424
133712994
1320419952
1176250055
2059110314
1708266558
947793205
1810849294
703026809
298818586
831647428
612490900
527887462
302256179
1224692149
2064348962
970495588
1422859580
1973131743
1013847155
1086707453
475690057
1728990998
435256004
2067772320
122328956
1692377760
1548128226
2038399022
1713975794
1380405330
1103443805
253208471
1773308112
458775571
1333964222
1314711061
1003622199
1039375268
1944237297
347428049
1519297442
1533276251
151114951
1531853327
379505295
1800416971
859078978
1319824961
24440093
520450938
325822166
1425618493
1434714533
266485502
2047654370
587154446
706312065
1624930347
1321747129
2139228212
1233819637
226166105
960204758
1257139853
514807921
520976222
1716941748
1319331350
545346569
363254536
1528306400
1273128806
547464821
578148078
5467707
545838258
1925385378
432361990
444025642
1958072163
691932065
1876972862
521221077
1903994384
1010300434
641569633
1140835297
1712612058
1141484437
1776551426
282176153
1408506795
368041656
896969116
69405765
1199800281
1543478062
913626528
2017501442
1252355434
1044151634
1002065546
1966891878
826370384
1759777593
935137037
1626400302
557621870
452606040
582012204
1271265740
762105170
1150802806
2027435473
1829417200
576548001
1880786884
750743108
855260304
1201487723
4263998
1048993469
130130172
1308528514
2020550545
1396255957
1868092267
442452977
2070147200
1203482204
1672540961
1131176218
1177069515
2119796789
1922438724
1615373661
1182460615
367972967
1408631971
1629765426
1512578496
1461227219
755045756
1618857409
1038319155
1116432408
1666284167
1239632429
1272354363
900938373
503475842
62814572
2054967069
1642349907
1882992685
1069205341
683485877
6885501
394641300
1367472643
1912176771
1258346945
979406397
634301118
1563470071
396908803
321029943
669475923
565590700
672156935
701144159
1466258642
275425889
1632124159
154425269
1698777961
1304953242
693182362
1645652003
1607291268
1650037559
727969574
369440041
312352547
1559369795
624798232
945774860
1699035022
411115485
216884640
453494845
1097510886
369237557
1489476680
1750024304
1219890816
384268480
627115855
1223392153
932019714
701926483
1270933773
150480404
1576367852
121425901
562204452
1675067262
478743907
542151718
1486110753
218646077
235898826
561842723
275415287
497939064
688332722
2054129592
2109091728
311695149
1950553216
792914490
794353902
1079381884
247985599
296256275
2077205169
1323057084
1311116345
1657539880
571727379
40114320
1815943529
466891629
1552128438
243806732
1292154866
264178948
1443109613
1940395639
1744791234
712217079
1267029682
35947393
1020245981
842837441
175885606
599509155
1933384219
824497810
884416869
1046366601
139860976
356788782
1436372532
358873322
490021493
613923042
782198389
685357226
1843285181
62464182
159871449
248348393
1898120261
1474973259
777157918
411542926
718991163
586362061
260717617
1055588859
1573943098
949179782
570799733
1166383824
793125003
1263645721
1188816063
892694130
564166311
1196827575
1907073051
130655593
1914116061
1905948601
1465515425
1432560121
561511475
527520322
78145632
2120152205
1501279989
2121887334
1257982638
1143796138
560705727
132738767
2047602379
306560544
1432442737
384233191
1260894596
698933111
730047927
2014497917
595839094
136631198
536336115
1352808167
257971882
852230283
1277111269
1176048319
1617159373
1178709641
1664195312
967861124
1690416839
743778142
1254095155
1107724452
252351341
2036108530
469670505
1605809459
1165461862
175210774
1747600390
545187203
447736496
123915383
1095738875
732799277
1935371488
1665074705
1639173239
1380416455
1663683165
1195906579
125998684
1818783954
840949833
1098513393
1257679644
1259658108
423880099
1376114650
1517634981
819631051
903873386
1212626532
1801419100
939408058
695266929
576144686
624353638
1791123065
1554490170
970044047
541403580
467376408
845748959
1497132233
874000280
935504923
1013167190
683616781
926011659
1254547567
820377468
1121813990
1429584826
1070450704
365404091
473681671
1991498776
2099486207
23472024
1366808641
1395892338
838547993
1976224967
750894011
1203631758
2041446433
1096881624
723811904
1494762993
955629862
738937626
1204229225
610164167
1530015384
1622918459
290675463
1333611568
1434616623
1361184020
2071330830
754987574
1616010423
847788694
1516377461
230157766
1785939456
1411425293
839152584
1825435001
1532985031
1488634726
1623605480
1931454739
190467826
221715823
1321937364
659271932
160683621
1871462062
310770515
2032261210
1417554132
823613189
147636465
1549175559
1063349762
986704085
963279092
685199963
1963421959
1501764159
889165989
1336615637
57828005
842855932
901803326
703059808
780320305
836827208
653371922
142398101
130864105
975541042
853269412
703290669
1155284767
559324381
2051354546
387908836
1097705893
1624858379
986075645
2119425644
1583784111
1325191362
1484893242
407166747
175610797
1440065241
196902712
90490481
133973197
1958571416
1542693767
1351787924
1720082247
1712558012
134156651
308962244
1503946351
1969246108
1575425532
1821057946
541025969
706777705
1997409298
668290876
540760794
805835486
1459694741
573948229
1567783136
903861054
1241072764
1484817603
280292113
1360340982
1256870894
354302620
334851026
781133186
1893068666
108795810
1623967111
657559274
998942180
970430063
675601005
1318155875
1883997230
744375900
253221477
1059217621
1773834574
619523827
2011851106
1456521781
1732778434
1062637088
596635796
1260217252
47589306
713710624
940178250
1729450434
950896390
1893115028
2048645441
554180143
520643495
707013738
1132002580
2061188200
1395737865
262033517
688013229
402847470
1261395153
1744188996
1984266861
891373663
743112405
212725000
329677119
1672199875
536475499
761586395
1926790564
65260044
217937366
584202753
773989205
1523324960
778550632
568553288
1878875973
1355849509
1257366394
1403124935
1928567886
1315950902
1780511982
488117016
510976618
615902390
1355524854
1660136605
2112095424
1492577048
1951658020
849034457
1647941197
391547890
1818393027
261889645
874061917
1317816767
1994330410
1875399285
445805913
582067224
732396401
1980210387
1058330871
847443438
1921564589
199950175
551326663
1554061760
1388235584
1720669917
1582041459
735874475
275772355
1738296163
531324862
207736147
766371807
1337392508
764344263
741595586
1133186161
2105365538
668009834
95107032
312782987
1849718351
2051772417
277854020
1875400207
307450337
1295183445
1696252277
537962460
510669404
1113443954
1695035151
1743735765
2134790305
130051676
293879945
690178561
1844039728
1587370501
153623514
1753827394
1998753257
1695613678
1413633534
1957331880
1236571446
1619822344
2114274256
1429420692
2107400967
1401986841
1587141045
1463436958
78038043
947917519
1368903934
1430039619
1410821872
1834263122
1008778412
1763284855
1400935048
1123646403
979077652
292508269
1006843320
532622021
1542419773
1824376252
1748932338
196814387
712519096
1600587648
800540595
407773873
1571866787
1451545178
490799241
1791551077
415726891
2086139609
2069941060
261927812
1004819857
351064209
131864181
652660980
1302966543
567118926
723857750
1459571871
2115186296
1919087549
1456673600
2076653092
1854967172
1542898965
51368365
1100150981
1537027775
1764171442
543940538
970566232
1086340348
2104114990
1370217233
2082467795
230154922
1610296431
1418347423
1564315798
1324505258
518034046
1642478542
1431267953
194410872
1342804494
1645117892
1341948142
1713250772
639382104
2062809162
2038335390
686913703
58209920
929118703
1245187698
1449592842
247798861
1148262788
413122649
1820004333
1899545184
152691568
1689943051
2132017746
1200269804
465248360
826492892
1876926817
761262186
2009820060
1825297287
965546292
1992002559
889613717
1066775150
14422129
2149731
396931164
134947598
1497426659
1301069400
1249782081
416624431
2110888819
308735724
1117386701
1966632279
369874207
323965206
1463474425
1800451266
866193185
1973881577
839414427
457866486
1889854943
1502676914
349310196
317835849
571442986
946604435
767396859
820797445
2101038264
2089641558
461651413
1032038167
645485477
524207937
436469578
619358481
505445120
822668093
1802637574
1458152822
669354545
1496157767
1188059540
746805491
1189062149
1433494717
1690903040
1384964425
294386647
1436982528
806758514
645745163
1280232876
2047437262
1670215016
1086126629
390439253
1955744032
631286916
1930881782
1241728660
969106866
220604501
108628764
1655891823
1654195143
330678576
11383971
830631214
520802521
1457849799
441142453
833782890
1126207902
353086599
659940244
883366593
342429418
2075644328
1198979395
297292416
1786923732
922175688
2074690591
370250719
281480259
580107484
1128170861
797041781
1730495355
1778264049
1751909545
1305347411
1896311003
1602975637
1426839708
26629753
1816597813
1812140031
377887924
1940309954
2059901432
1715159574
1926779865
251204857
2062013099
1000406616
313968641
558309472
210429351
1065955232
1961220444
1827759369
717011513
1532558306
1475671175
32850786
1201584236
407174362
1922297503
1344114943
1493143891
966451084
734270679
185344124
1624074230
918712554
562045581
736607213
314925584
1836143680
1225978669
497180370
243078040
1001870572
828265325
357438014
1483702366
99901650
797727919
304933880
2013119880
370174730
1752847453
615157748
808784850
746045041
875747351
475817345
1602767284
28760352
1499981190
920420119
1947239488
1832294797
1085756553
1261779317
1293376990
1047400235
1080752138
315465115
194289267
2008532861
878078826
1602783703
442143118
675051648
1280870847
25153738
504514769
521699800
181742439
1429014010
1804386368
254584088
201533813
1890516789
227072595
787573161
399922367
525076
737353678
1257208860
1228007830
1009041691
1490295046
1854767294
1966086737
894582548
663203264
57895464
931650303
567088853
2122064732
424785717
178899845
1899348417
84244792
895073627
970178575
1016321290
1247431151
398156257
699462100
1902120439
1575844973
1036682586
443805927
688147911
1058236950
1457072223
1391435239
1303895
1923977911
1089666515
1303171034
1727001450
378616677
1213074964
1101264115
751993674
1923494994
556169379
445165084
834096665
697317200
1585791618
515070126
669282099
1950017021
1170380750
690578007
1562481369
1480271293
1790206792
672747469
82604902
1486182894
2000955221
528492133
1099065832
365684165
1335639609
539344963
1653705219
2137836433
1764210191
1802290599
140498506
862750188
253815057
1473802035
1440033200
1939446821
40573049
1367316199
2048527810
279241319
1156537507
754347384
1532705464
1640286295
1664872493
1948775247
733995708
1738419551
418635566
1774431151
1802928334
514860706
1838394832
1678091003
1648436555
1672031643
1363708072
1010672712
704173621
614545021
1490004918
97235529
493815666
1018945073
204696475
1263274807
1769749474
1709528966
602000357
785698964
927431429
397962896
215909502
1901930647
1576385544
714650440
331013658
