1914951417
2213701905
1856244296
1342267445
445002476
2083562655
1747859126
4252372331
2634551116
557002615
3203908624
2848697865
2110063219
2520063329
2725150770
2669075704
2474225643
770021935
1236143206
1879415902
2100300034
1420816929
2698711606
2224598737
2104294138
2257543165
1822610961
2813118737
3941239155
3575835958
4035827104
1510449443
1753169376
1154364201
2443881868
3041776093
3257198791
1344343742
2194701358
1696155257
2049968028
3234829898
2172311427
2857902368
2354394482
1316443907
2575013200
2110047622
1886360629
3382322409
1830016416
433127064
1813823202
2295198791
1218075218
3455805249
2043012427
2455772000
599480433
1760895506
1811673023
717830757
2726223460
1029578833
3234329819
3322376237
2674399215
2815512064
4105242553
972783690
2358264040
2158580752
1635395921
2301148308
1536219885
2980653410
1296631934
1392385345
2138518843
2432678296
1460927259
1814395114
1966094487
2337497493
1800262072
2636035860
3061954735
1314709371
2608735336
2021746151
2414467859
2638078554
3096598175
2468583216
3304933655
2208792141
2127395299
2160651534
1437501439
2361443681
2190547831
531677763
3043077018
2217302031
1751074421
1437173077
388537494
2400282562
1475086794
2321192753
2433183432
2480702778
1208034788
3223012785
1570637596
1575639730
2924417548
228670866
3106915871
3389784559
2160318669
3436793887
2355680617
959491760
1949903735
1339556179
2567105656
4070942351
2259275182
2651623237
1690443300
1271681956
1575672709
2539859231
2571504387
2520583398
1473298775
1640211139
2896985727
1600311894
3576348929
2300606873
489173047
3189992927
2355362199
1450575971
2764848479
914563297
2571010216
1848321689
1569410601
3074971239
2956089773
2225695195
1841656815
2391867187
1456596885
1446889472
2617908361
2336744362
2176348443
2544784326
1380976490
1873402891
2273024994
867256700
2124180324
2312551315
2555705897
1324872144
950534793
1327807703
3274542603
3042433870
2785682959
1866161069
2613275774
371474411
2218280955
745114515
2954551905
1551975121
1886731664
1175312947
2554384739
1658926441
1135182883
2135073925
602797143
2063972769
3249785453
3757593173
1842395239
2319000467
547220511
3863157503
2102220750
3243240571
2275406523
2141221055
2670108993
1942252437
1972834002
2759249007
2784439295
2969232309
1752959587
1733382743
2619372801
1988886364
2282299324
2414940098
2403548842
1309650223
1999273608
1787735758
2631490494
3473906402
3275809330
3037955265
3808092349
2427279949
2702020330
1157581206
1488150831
2622270740
1080048932
1527444882
3131686157
2525556729
2137979305
3720990773
3172016638
3202898523
1825332414
2240338993
520466466
1840054819
2143011406
2029193440
771648491
2075947017
3208331599
2345820955
677004831
2820651585
1823549802
1993379870
2829771927
1852372263
2499677584
2172052464
3276571678
2162380020
3001150091
2136506775
2180284950
1983959908
1079350842
2274826389
522278339
1593466215
2097248634
2313522172
1428795981
2901947881
2412909231
1804534424
1963753248
2874137343
1394977582
4248430052
1767342442
2952766059
2709357319
1815246026
1165528737
194997521
1927186010
3085525977
3694511538
2224820552
3341391726
1973772847
2833560279
3168233573
1561188566
3376244488
2763069490
1155413695
2663801221
1636305896
775118246
2177788248
3668535633
2481362317
1478526931
2897627957
2141650803
2350169848
2943000138
2467677679
4085571023
3192531421
2501661065
1088243775
3624653729
1918454956
3112135545
2045359980
3281752050
3421432770
1824828778
1602856278
2108645710
2444713524
1148737379
3244737696
2096197304
2074193703
1541286260
2187972407
1493186583
1851535355
2588221017
817002253
3784348127
1481654364
2060729541
1761248382
2286783301
2917444385
1045403376
1090857971
4057854865
2257632002
1918254778
1027888199
2732758209
2338551371
2879485757
3678319652
2687014820
2216385530
2247354722
2028316505
2131251178
1839342773
2068336542
1713409362
2802331323
1300069784
482942850
2527434147
1528863472
514431916
2936971077
1506903186
2165621818
2947627882
2369451756
594970488
953491795
2119203041
2720157817
2224831135
767962547
1739988730
366004103
2084608857
1310451012
1331883252
3263036652
553642301
2588529353
1310629797
2729663877
3324969642
3851599928
1141895938
1731936143
834419810
1258912550
2628988009
3284530650
3304489427
2576187420
2310559541
400786982
1350054670
1502113847
2913026246
3671625332
2802114627
1381842497
2869029204
2279145789
1819754515
2842759117
631737637
3202481744
1202125171
1321306387
2147105588
3196149591
959267831
2205463960
867454649
3543547724
3357054641
1388708609
877661159
2831347766
1496249944
2646423178
1504047250
2202815498
909660720
2291144279
3689155686
800172203
3102177050
650071209
1565126870
1445690123
2735282184
2536333374
731614659
1949679096
3463392398
4082435413
2225405404
3131783965
3236252674
2409385245
3094658502
2336760955
4209065289
1957446475
2771914654
2933265701
1291441744
610761807
1988654173
2916417832
3322474069
3429311634
1732869233
1497200936
1341726740
2042819003
1627907114
2542546358
2667640847
2053435210
2665258588
1306733497
2153265124
1131715587
1502484537
2906229865
2928423416
3580284231
1817740273
162685045
2906287189
1142477432
1962510241
1830019682
2729460518
1428597269
2269932083
1689970140
2378103088
3049997329
1054851375
1406230627
1076760120
1763127664
836565101
3287632544
2012420585
1779082118
1562045355
1744098875
2249767637
2365027016
1639112764
2020395417
3571109147
987834886
903627235
2725280853
3223075841
1488192920
2142136581
3533800229
2126330626
1367993937
3520758569
1964077289
2444651050
2597217111
2477068133
3657822194
1307371623
678562263
1289888665
2433939513
1678716926
1714695176
3818644148
1030114364
2095966363
3737716282
1645315489
858428701
2250991141
2224988399
1058280064
1861151055
2558240347
2046020591
1932048794
3281962438
3274598309
2148517680
1593693119
2642396913
2524624907
1910550115
2555824416
2122579178
2568806272
1434103654
1314111054
736049975
844553242
1593086949
2806807769
1115251180
3544768362
1411147265
346846586
191914909
1597791429
2883072886
1325136324
1622350460
2364531430
3323101061
2570586514
2401805162
2437568076
3448256968
1357284849
3246554644
330859757
1891474015
2414269776
528130365
1957068473
1269556001
172216078
718020653
1943469877
2703879290
1473778264
2750992752
764425826
1834277429
2885170861
1406882237
2353350972
1361944499
495852514
950922703
770622191
3117027823
2464681441
3318440317
2545388543
1903025087
1137150085
644694129
2225105403
1650765880
1649566035
1105736543
1604150994
776298422
2950209579
2192476642
2492551173
2049080380
3382958886
2121254432
806046784
2303325222
2768913495
1383451634
1107498433
2335996852
650592950
3380019091
2955826873
1906370271
2692752896
1651120652
2132144027
1129677970
1478199895
596581737
1081150998
335372310
2183546526
2241429519
569154589
2537058651
1323450134
891363604
2008749550
1143122019
1445593466
3083655959
2374254869
2092811785
2145715029
661319292
3569019633
3754615768
1599611899
2525629321
970199540
1551411825
2169216309
1860864361
2536662802
2073417004
3997924133
3142977290
1221606914
942078592
2042390490
1210332366
2397560764
80894862
1410979091
2892886687
165941024
3526759205
2632339942
3148993930
257415599
1556004032
784160785
2052902475
1949393545
2357818714
2671570907
2886679421
3719101661
1442585921
1807321386
2777772961
2069533769
3033063882
1757215941
2209577245
2243570913
1767510800
1935646783
2604071637
2503675072
1519475251
536668818
3933224266
596469831
1309412159
3278766687
1971994974
3935890647
2591347814
1479149083
1311563106
3983303747
1278443272
1664948429
1052849779
2215147497
1599105954
2349812066
1718737764
3466774265
1679896348
2883447637
3401902679
2721465978
2472457365
2060214408
2212849311
3827820474
2591269875
1617093896
2348625739
1351838331
927589456
1378710462
2415394671
1637288678
1054441216
2509837189
1848966771
2105262620
1772048623
2113276237
2263004880
2795912991
1884086745
3884396079
1388395546
1164097561
2500809026
2249627471
626691155
2298357829
3294432555
2258219044
3380026184
3673246072
3011318440
2628049779
1697167272
1134887530
2097585170
2028475507
1750086894
962344489
2683393402
2394783902
2093844432
1413253987
2777840192
2394197233
2032283711
1465618700
1573649628
1902646876
3141484153
793550617
3473608905
803288240
1208808194
2247048820
1760614879
2886790138
3623789227
3178865364
2239693603
2364720643
1462349229
3585811731
1768375191
2731987625
2586103638
523027338
3725327464
3230039014
2544911410
1844013822
1096657518
1060591070
204888059
1854951346
2257375995
2907404696
3742341787
3765876108
1790170044
1624819516
1064597703
3880710581
2432502569
2825290455
2142734166
1149116848
2424167451
2495227676
1068643865
2355243674
2446376015
1795129684
1882739959
2374951856
1931037530
3808043896
1907463753
3925885933
2269808823
1930357939
2195068099
1866000357
1757504316
3244526305
483681602
2588282948
2093687550
1094934289
2098233550
2546089543
2120289163
1217233929
2057188360
1064413505
3500069444
3247432094
1629513881
3696271017
1253043240
1737809921
3695530543
235675130
1852746649
2865502693
1145985248
2709892131
2244732722
2290649007
1345558150
2171727215
2096742810
2991205187
1356333290
2677552193
1557248802
2984196757
1803004268
2721908935
1726152029
1841109408
2848697371
1272272950
3353728427
2020236090
1641727259
1451850043
1050532776
1358892019
2831022215
2247909121
2333766615
550693112
3592379308
3977669726
1108120387
2710156099
2623071806
2379688515
2741627951
2627994419
2093233774
1781567911
2884761578
2010927805
1460510428
2670085404
1743732684
1855063222
2646006290
3837788736
2354351238
1783230511
1904094112
2834573179
3940878069
1114797141
2010103557
1748910842
3607577967
1294533705
2990998876
1325962205
868863566
1629216870
2408437166
3981749823
1709206448
3460881019
455446695
1365357195
1522099760
395771782
1667434433
1252541897
1460039589
1190737138
1538332556
1528358741
2352455995
492006524
2145299165
2421259818
1853608574
548616514
1438713332
2843994340
1731171327
1408330715
3769874072
2115606931
2519027447
3997454912
2051585428
1072224775
2390590051
463640685
2322941529
2242124239
2500635691
3873756032
3758371448
441585798
3159660559
2128637310
2094595487
1200665469
2144480035
1373097477
2037988247
1051934204
370964886
1611697788
1041213736
2330537624
2055496898
3159666677
3057020431
1091358301
2722401086
1102863424
2674858923
1106331947
448958488
1013252204
1824648613
2299400038
3033926279
437243812
3304380861
825242689
2008785167
2877947052
3149162903
1610452648
3786109906
1002795231
2149771654
2636468286
1337983067
1399254508
3536767796
2734226589
1199314550
1866092815
1897338977
1212580250
2157261823
1875950419
2228303297
3025507516
3814527167
2050845276
2083856866
2732504690
1655379146
2548832259
2717521071
2450328473
1133040682
2989648163
646109518
2472126905
1672947253
2274989395
2209590827
1748513411
3388088620
2903731420
2434802336
442061514
995092447
3025927393
1497605222
2562538642
2663072579
603135786
2753164802
821810171
1888912187
3452854049
503380387
3298611946
3943114289
1214698589
1951337605
932372403
380111507
1985276279
3463079003
1564670069
2538325346
2303570300
481364000
806163402
2427687593
728875987
797033834
1640034004
1875381946
3890729152
3068856975
1966539574
4205298282
