2218204633
2414852150
2422019690
2631675464
2296117154
2027300820
2107704576
499046988
2198281876
1803775042
2569595324
1898878262
3542060690
2509058846
2788144985
1224734236
2081455405
828781907
1330381307
1787527240
3688548008
2457734754
1715071036
1488569585
2425753138
2982249505
1709687468
2130585291
1721170234
1669191149
3098384121
708540706
2482169261
1941974319
1505992421
2408874411
1500609595
1617720849
1859453554
1554743769
2460939384
2851291247
3187104313
1338729000
4099502938
2144956980
1828656213
3084632068
2329629328
3142578764
3186608774
1430324853
2903933648
2729690696
1479410202
1119705817
1364163568
2755238602
2025846198
2345442806
3120234278
1837946273
1792637213
3726613075
1199659590
1702801910
1547510563
186201453
2653625554
1835927740
3430768036
1981527666
1760568017
2533544563
1518007072
2975061916
2000216096
1798548419
1717847432
2290875390
3373554971
924275210
1243653400
3341356280
1740491605
1951866156
1630024062
1141588340
1666403511
1975046850
2335685596
1445801759
2263392026
2950472926
2020260195
2165182140
832742924
1178868921
2582753311
2325981345
1215613010
1694399648
3287350442
3663889337
1944439380
1590901113
2040621876
2103167141
3300917387
2344511393
2038060469
497346356
816171641
446616856
2436494423
1279817847
3338923682
1527264698
2339894988
3115366858
2243949773
3430678162
1753930745
2431566353
2237900119
422508368
2526547029
716246438
1681045219
1475492770
2668489382
3700064516
2450908247
2625013919
1275759744
2231571628
3052764352
2245445067
3226643559
657064958
2508193437
1881626781
3032555515
3245496083
2602409568
741725538
1351416145
1432277559
1383072424
492425854
2686041279
4024728196
893724425
2810880710
3544449700
190171278
2730006672
2953677480
2108975142
1303796406
1735258852
1144884870
3391315756
1517685982
2217345494
1223515489
1825476219
1097129519
1913928331
1156166017
1970879953
2296643906
1734303747
2765498547
1743402353
1924230329
2525411449
542914282
3093739264
3333586610
3275481527
2723126397
2113398207
1682709784
1250089164
419248291
2746651638
1428990406
2113596221
3138233550
2419991640
3202088795
1586446232
2041432131
2569320855
1681728559
2957559623
2125396511
1596146132
2617655118
3200116951
1497803746
1715610225
1138424700
2009441016
2330409320
3179616788
751404829
3408115767
999115949
1538258144
2030976501
2687697227
1641607988
891374808
2184465852
2106493122
3485177826
1465025901
3470770520
1711429275
843898770
2191953523
935903804
1070977325
695207660
2810469952
2609810149
1967575416
2783163512
1938217183
3138417088
1887952742
2469568300
2052834517
2164940233
1943815078
1895138432
450711773
1998543005
3585723999
517110175
1619342018
1166817144
1880359093
2813525074
3401380013
2257831524
2154045007
2199610706
2174784266
1937484645
2389480633
3158718904
1554222200
3420519145
2077997951
3439668304
2672443266
1330070586
2888338357
2231077671
1673507877
1981904799
2005648599
1838152996
2007928574
3127273202
2171815407
738839889
714039263
1121602388
2733774442
2116512219
1562657876
2720881411
1326000452
1739572813
1476373335
2831118775
2016529550
1596462556
2619343346
2410637335
4013527984
1113261638
2232308493
2153469210
1824230378
1587227615
2597864350
1894176895
1655262842
802722806
2509924192
1135295960
2866469371
1594206166
2757613937
968012834
3290961032
1666217062
3555092086
2426640252
242006602
1605732320
3885191326
1020676911
2187034640
2235843179
2791062699
2051104151
1869708753
1971595549
631473266
3923720952
3250978823
2386019254
1767169978
4024066581
4143352026
1301209488
2079212837
1693437494
1914573081
2203059790
1360666643
2362434306
2204677163
2633343743
3237940023
1398030704
1379517784
2545967738
702640147
2498123713
2419049618
1263633078
2226882235
2535589278
2366693592
2101922458
446970170
3812792454
239082932
2751693052
2806941160
579954648
3168218185
3031131521
2202076356
341376860
2295168753
1934592413
1085440775
800218233
2652773024
3423456901
2046488040
1392526605
2399985539
3675667228
3754446024
2172436742
3057048966
2692281150
2215389823
2505487488
2393697222
1288335209
2530351595
1555971618
2389020429
1142958697
2225618988
1940561996
2505249011
1630721860
2822898980
1790341988
906086636
472809420
2264763442
3747916580
2523050412
2166486759
1446194338
1799255932
1190668159
3046525268
3726076794
2900816269
1152966358
2630189260
2847797306
362116171
3190905701
2876537838
2371315569
2268158866
2014151362
2211242309
2437027261
3253883788
3216239249
2250357475
3588196388
2759964169
2505308245
1644345678
2682733086
2148519044
3272757503
1277851870
1895904714
3053829597
2266606690
2848612026
2088982420
1462232918
3331055463
1856685249
1087051262
2576402001
1668308632
1235302308
1531803919
2150945264
2007055589
1958538138
3059475109
3050240996
780969261
2337561265
3253913294
2200428258
2229915644
2431807154
2262950114
1276871143
2315969104
2543348951
1556465602
3444468789
3603215968
1913386729
2942354304
3456654233
2761149218
2358198730
1110990507
1016106282
856689567
3043673039
3657316979
2519091949
2588019218
1948003524
352021623
1768625134
186660958
433172995
1852162568
1470947884
52497331
1094643889
428367762
1105615301
2250650695
779474171
3203383393
2859771400
890218524
2475625540
797153950
2360306639
2144034772
2140113456
2810906150
2346258287
1642287906
1119493740
2803065523
1186349720
677089454
3566276779
3248479278
1613362016
3663625157
3509815770
1416864607
2520684636
2559586974
474060173
410452158
2858435663
2100569461
1668734214
2092189177
3263735727
2177371231
2031503343
2848233060
4018316298
3523717112
2480991131
2674992358
2023230236
1783256589
783238415
3325783934
3140770306
2110615670
3683958971
440775026
322934475
2563519329
2825405231
3531057237
1768941343
2101828486
2014355338
3937342280
448714148
849084792
936816733
960851182
2643461463
4164559086
2138282625
3241822805
1916979979
2845723510
3984724758
1568526712
2076035565
574186987
685463731
2997679547
861549304
2665751762
1497365790
3578579169
2563616392
3414277096
3217562443
2317755030
2312457614
3023039802
2520197499
1693896080
2476809255
1896638707
2547145502
2016348769
2266466919
3468595368
1328103604
2226745056
3323748923
2923798746
797809058
2518402765
2819635488
2815121955
3697264053
1778957160
2326141992
3591245772
2340265387
1599087204
935747763
1948927063
2823699202
2752365429
1360666600
3563313200
1828167719
2829262300
719458402
1271434056
2746180723
2096305531
2534172561
2629857181
2693063441
1194844589
2542634306
3014456388
1728222215
3731508152
1793428067
1856211005
2754125708
1802854692
1480632618
3242832760
856491413
1530722353
3535769999
2692880732
1859362819
1447919572
2521006432
2594225506
1082812180
2035657612
3185099350
1897057213
2805817786
2462402997
392985382
3319473978
1675436873
1764941892
1028391292
2017025213
2495160644
208550177
1812079790
3628551330
3255711949
865138680
2763574711
95366107
2010149300
487422429
1922722801
2512331620
2669941122
918528846
1003465283
2139435362
2973267758
2171286907
657986030
2512712535
2753620613
2452993601
2063185473
1756647869
3067949334
467834869
1750066851
2505998991
4027977701
2695214883
1569511220
2804884127
1207359009
1861377643
3347377610
1567651072
1808469077
2555754787
2834946070
1076822440
2396430335
1803172672
2240491674
2084423601
2403410649
1615175037
3678813770
2828836735
360195477
1306174924
1969207228
2620162608
2795655466
3911319947
1935210293
3363624851
2534920991
1918283996
997176984
1079063703
3919618501
2167724417
2465856851
1290947422
2159265405
2375409577
2454750720
4010688710
1040055685
1543221263
2490309042
1775092895
2858562706
2378184217
1700947779
3820125998
3424014772
1202709887
2071098552
1773421958
3034654650
2033782041
2849497279
1781330991
1848166733
3695340993
2879065762
3162801326
1985764272
1858888255
2945258181
1140163434
1091227922
2724190850
3045798236
1730546860
1696869232
1573981004
2564857413
3041418923
1215566113
3555789871
1687757432
1509732510
1784442522
3834504464
1571366149
441479269
3444226926
2688255848
2805675715
2011786274
1617157319
2124244566
1625523276
1843636592
3952957697
2337081941
1446844147
2128877835
1436687078
749649955
698793328
2906324169
3846560776
3296410443
1511949943
3116264987
1748153009
1842060301
3397256945
585218227
1926776653
2414943787
2504309937
1964129776
572899184
2251426362
2287037060
2537658112
830209761
968473296
1490767626
1989058277
2298121299
575536918
969598240
1560978957
2737858249
2813300593
2828141492
3387097285
268671163
1904359191
1954457058
1650544304
2609104099
3350880596
1210461006
2313305175
862533255
2363286648
2415283000
974776040
2013761472
2051962791
2076355008
1339931732
403002755
2045730326
1408338878
2758756219
2608396682
2396668590
2734529206
3829470036
1286682095
3109700693
2798829515
3628802007
1709736058
1825498377
272412704
3849599607
1561591920
2198869912
3334668698
3129280103
3555290215
3185989995
727031038
3691186816
1443947011
1968102280
1569317926
3949479766
2210378857
2446186949
1371042582
1672586115
2300291679
2832788835
1410349522
1079185809
1076083784
2149601098
3010698838
2486099561
1159397909
1784554473
3723427082
1896317617
1479867525
3457948855
1570143364
3594162318
3129349346
1403371262
2512745005
1426821243
3453788190
1566259986
1974497764
4179019218
2593752269
3558210670
2764934591
1908117728
2575382103
2215151630
2360227560
3244944564
3042069622
2631878048
1037654300
1430382865
1199675984
1135089122
2700394156
3099023325
2336742582
1701066441
2440961969
3059285753
2012526124
2418487942
534571765
1045487009
1964991274
2085511919
894229891
2353593638
2024591631
2901169836
3007032323
1915151208
2160836398
1228580118
3292459604
3436162375
2999261140
2800096811
2468974830
3432777262
1902074423
300136371
1098329973
2122342686
2151718038
1297640209
1671618295
1661599654
1410297440
2430582145
809370875
1591211896
2484740416
1647624297
3058276161
1542935561
2407810456
3377971854
2105541206
1168018136
2326258320
3409336458
3260282016
313459576
3783510926
3357129923
2685004617
2678835495
2813001451
1253761909
3930061994
711580183
2944332339
1744959749
1292614607
1688448395
2413324460
2074072461
3266021142
3427281489
2786748609
2790664150
2389511191
3120059647
2166066925
1781217286
78728205
1052173965
1990529473
713414651
397813657
555433125
2227440698
2927679708
1827402587
1802159552
863699114
3084077897
1753254861
2919842324
1607632008
1240183375
3001095979
1209598253
3434478958
1544621812
2139405428
3657391501
1658172202
1773497701
1634228806
308905608
2076014233
2825742443
3152238904
898078830
2504245539
2029280155
2853976600
1342158602
3197239420
1000846722
2176541972
2453253015
796962985
2019847657
2844677859
1107429968
1368628811
3490029611
2808504843
1157958617
2076934855
1073114726
278593164
3515552170
2148599675
2308157712
84704176
2199974777
1403602121
1377623574
914611320
2504270656
583622176
912325472
2137520856
1535189012
2479381949
587605537
854629197
1475696050
2342982540
1511977076
1038047157
937222858
1772560425
785194771
1693373507
2659387043
2314548518
2795433437
2907630390
3096757123
1563413899
2081254027
2611930515
2028756806
1916477823
776250090
550813609
2963354608
3413712076
798510595
1882364714
983380849
1577676417
2601008496
3314887923
3104705359
919707598
3310565742
1215366178
2704342264
1327177651
2478485528
2625867274
3133641034
1302664034
3622557698
462635235
3145858070
3963607670
1605209291
691163310
2612794651
856361637
233040051
1577206675
1419936053
3326018510
2465570147
2134814825
890213802
2514132770
1026932285
3020378970
866408836
2251421765
2179213083
1080486682
1228666390
2054916185
2449939966
2867596629
2113640259
2585316866
2127730025
844142763
1920518322
1963288073
1308855663
2156525001
3738292008
1565719547
1262010587
2653325072
2906030564
2761192620
2536784240
2563245318
1313101533
1109751504
1234958523
1682318050
2316626969
1814472501
2548915679
816290489
2949493600
2521141241
2715076129
3801704298
3411713114
2211080489
3722977041
3744927030
1646817430
2060816978
3415636442
2095636131
1981828125
2356805038
2305508708
2893970050
3220149635
2397375780
2769535752
1196607076
1920922198
2424638952
3517564854
1461286553
509555518
2020565949
1746968054
2906932077
2202090494
2365814368
2717636092
871442113
457555503
2333877910
1123014269
3535155810
967541237
2814275408
1644159168
2771560645
3278480332
3091202352
3221568427
735974033
3253522565
1449527707
1885959235
2733931988
2433667525
2536752849
826269875
828050410
3048293102
1401158072
1764536116
2848788922
1295236795
330700693
3481349879
1843257119
2947016631
3034504961
2020099551
1863873540
523334028
2909364850
2584241077
1899157403
505550029
2874720141
3113365059
3881906374
3117950510
975936195
3926324059
2669239058
1355020763
945434106
2155029124
1186302813
1705921735
2687369954
1169154397
1756017766
3249966174
2854076928
2965612597
1846908840
1862611962
2603775542
3405750755
2403016371
333888834
2756895161
3092597888
2358473747
1820499770
918323639
2607368027
2942805975
780204523
2465498432
1024272382
3562033393
2231165582
993557732
2892013491
1994762083
793810053
2584546793
972842852
1708425475
3062267869
227191615
3041276651
2873168744
1704818104
2919947908
2550041929
3278295916
1960869006
2754762919
2168556347
2907676057
1882098667
2471263782
1833375733
837478322
2057715239
2278290315
1236437066
3524553250
1962489428
1845066106
1661719223
2530517752
1572149152
1721752356
705202775
1777913841
571723624
3359621596
3803851909
2115252282
1871498843
2944551788
3504959406
618655235
3423821788
1623355556
1788540505
1384048068
3570059337
2757248869
1173081823
2002566924
2847060280
2532639641
2106022803
2049723778
1289204458
1172356631
2335935694
1128519993
1564985193
1401348548
1331406659
2954810304
2351652672
2657508459
2048101234
2464456719
1936628385
1345697118
1345799919
2927069452
2736341827
2117245065
2830397495
2092417463
1704283766
3903011330
2978869236
1273921663
2231113426
1715573252
1952805728
2083029993
1211364067
2426975848
3670089456
1935890650
493009332
2181826082
2322868054
3586076117
2140257066
1968820772
1709245811
2169685787
2667333156
864024640
545830079
2671398488
2134750855
2735222094
2350051244
3171889410
2762561680
1712826914
1517921788
1697336136
2160432213
2558125382
2063485758
1658380125
2275316587
2204244028
2981113852
1552072792
1133696457
2354743258
3075419945
1467261285
3307944253
3546182255
328767379
3311855374
856610016
2820479221
3744453033
2126495110
988276734
2404909727
1403363976
1625864425
1253996294
1896463954
2420014697
2380005531
1813061711
1614463859
1637161667
999015855
1987039950
2858261462
1901408882
1922488234
3435854697
2947938152
1100784016
2881983720
2683059875
542760289
2516041574
2808858741
1277906450
2676409872
3736237974
1767004343
1769758356
1838922878
2812872851
1885460961
2611119127
1050455484
1065556506
2511515583
1771183535
703311625
2218622887
1830582168
222249238
2043661686
3214834386
1650692356
1605010831
2911502100
1288596532
2743987247
2446425754
3183097826
990517597
2350656355
876560784
2790034392
2562738625
2654410761
2735375379
632602743
1794769109
2134460059
1791669294
2175343723
486149872
1277230633
1959489553
1098164050
2173735333
2305443606
3305657626
2372699869
1812044138
2537496650
1831830169
4014306741
2585119751
1826472781
2152873338
1403110796
2904832127
1742343363
3605791910
2074924268
3193202510
3642958259
3313825939
1739948735
3273948160
3265916999
2790307369
2335344769
3060786745
3562786349
1364174638
4007453533
2716833511
3185011375
2324026892
846199638
3122967241
386052061
1171543668
2444000420
765194321
3959366223
1078548880
2040457711
1677943839
2893701119
1001777889
1315229586
1321104824
3578009888
2430685265
1358397633
3411000078
2045087031
3560868618
3356616535
2241940618
3035325598
1765314803
3563885534
3477103875
1783886780
1208833926
3567795606
3895538047
3010151683
977651572
2506151556
1549605797
1281315874
1396422154
3037526099
2447406195
1683786414
2223676763
1995430026
910016949
1587309631
2477518381
3478030149
2531468734
1881107583
2175770904
1068866371
3340252905
3021467390
3557930861
2691320585
2253299224
3480517621
2103131657
2539542839
2331070236
2307179846
2421294382
1298508316
2924751712
3173720310
246417175
2028439798
1706242679
1315542745
2521348880
1378753249
2854386535
1839020475
4150637228
1554611709
2263656456
2823865675
1756814573
558506261
2249824294
1623452991
1447312192
3626028253
1434106601
2028656675
1986821084
1005860829
2824211354
2376060880
2148103810
2742641676
2145073189
3044655597
2345493212
1521858219
3110422572
1846067656
2406918803
127862408
2362042314
2380211586
2732857360
4221993571
2832957889
1170998419
3515252010
2677717174
2233262917
1567798560
1716901367
1595800935
1989936076
2597169890
1550069392
1593375723
2354907840
1557745460
1801223286
1205593457
1611972672
2168531345
1433875948
1781775552
2150632057
2019569285
1747757245
2411065092
3092881389
2825481851
561623738
899677020
1705777931
1628247634
3626553805
1694500289
2517680074
1395691507
2362058400
2046181660
1179116096
2279151608
1751418466
2523736969
1751037534
1538733592
1625042300
2421898037
3621185757
2238683194
1382950362
1834100077
3931519566
1595565214
2621507724
2243284044
1911584810
3034010419
2369189528
3495907034
3607175288
2151261315
2341157640
2157854611
2391672024
1818600110
3577306799
2066653718
1245063528
1708723502
1944776255
1934777950
1372189135
3755781669
1553660485
1939843112
1344634424
3742060548
2554205409
2807185050
1610995938
1803233708
3000171217
3491039019
236546577
2110663550
2428359079
2505522581
812805988
1974654873
3833390880
523958271
838817114
1619503805
1446926202
1926089334
2604186552
3066893540
1168900865
2081609012
2831506580
1553771518
3904646992
1543203472
1533321035
2032336779
1440294509
2695000970
3111978928
2221656424
1421918054
626903859
1280801401
2757067129
2012026225
1830850263
3525416914
1893851064
2372331590
2809879483
2649099894
2537190705
2211073541
3725500805
2948157332
1703800585
3076361286
1385940778
1257227862
2670746766
3457979673
2514000125
3464184893
2457531957
1788287292
1724403717
820611381
2026712709
136890593
1194606147
2117717574
2568119574
1731987176
2677269553
1854312209
2787132125
3195036877
999082546
3201240213
2847979403
3293244831
3263280114
842889097
2272418375
3200675257
1310029468
1690480468
2065786440
2546068568
2943387711
2331679815
2892085622
2751505323
2841102951
1130628746
2656949451
1512047393
3376031936
1839453656
3137244353
2857318801
3470726503
1515444247
2178182027
3461853688
2163677896
3892104743
2725921180
1199829845
2134079113
3190398900
1217650612
1376803645
3242856414
2495052507
2010642460
2043746020
2718081542
2182500700
2843127212
982341398
2934910244
1482524565
1724243658
2367572234
1380506896
2093462669
400212558
1618714165
2240475364
1515068933
2990532205
3180582859
1236041139
1283567456
1919869232
3571725400
2962193051
3383992327
2365476942
1966914294
3143330153
1924870188
2409002201
3628667760
2502975484
2173166523
3703979234
2138709585
2609886908
1828969088
618990177
3269195553
1758976388
3017922046
2131308936
1857235470
3536380682
731143366
3667751931
1932494546
3513822808
2728369322
3222017911
1729981942
2819453371
2980617473
742356530
2617460379
1832895797
2730749001
2023347371
2905613066
700769086
1213146441
949340174
2784471451
2948967864
1824362386
2861653119
1339229217
1387911755
1336784381
2336600736
2186123721
2072112928
1502701533
2009871770
772797544
744036424
1396808922
2371917435
1256202346
2074668945
2355464533
2993355642
2502113531
1329147163
2240213869
2340220820
2147716649
2183143247
3204474977
2755698159
2047996485
1254303295
3600480069
2344254306
3763561259
1359821254
3232501849
854347727
1489587421
2085457529
1267711247
2107983543
2530936689
2492812060
3189158172
2568661698
2549689435
2998686732
2360810797
2279096147
1948915159
578388349
2225127057
1630849514
2267187523
2321174722
2296789830
3107837691
2411651715
1740351975
1536906562
3295353065
2679672965
1901504820
2183384082
1976855686
2480359816
2921031650
1657970845
2242138591
1894113545
3120868829
923215176
2319362290
1983421331
2173829993
1180806163
2661832088
3156938029
1999547207
3260355026
2827556775
3387653846
2094944865
2086071051
2343245361
2843224167
1635013102
2122301634
2712599286
1100031025
3867451255
1696004748
3533781452
2588274388
2641235826
3092517497
2851744918
2573222020
2775216909
1889534658
135220471
3831923102
935707444
1885123836
830013343
1728767542
2571891772
3193665739
2728174202
2033201346
2374244127
1332394457
2312650633
2524463218
2860739650
2257731402
1327171041
2451859268
3112600631
1855536282
1345929251
2063385035
1900476754
879596550
1620367017
1878293265
731499085
1358612086
2486943088
2838288059
1490175030
1321357812
786679532
2134678343
1045507657
2182655985
1878265699
3756403701
2825216256
2634360028
3536263859
1417472811
2065994455
3057376080
812501540
1119813953
1667420420
2004570872
1308396276
367199965
3972512179
1858113564
3007105858
1400486784
1430674263
2476515987
1183552522
2186287721
1840852863
2764062083
4009597369
2120485606
2065688723
2684919062
2092235236
3192090935
2874341881
2501627289
2483651557
862475833
1981307415
3446177026
2300406653
2832458485
1102535130
2012422969
2125776785
3726709555
3114424008
3330364613
1378193578
668861312
1316906211
1224774006
2044346302
2355988898
1809110406
559766337
3281065915
2048639083
2986324445
1750429875
1913628697
3718269887
2066700842
2516710566
1267191996
1001507124
2383473238
3207516977
347291598
4005376315
2795541249
2147510866
843938733
2177568741
1285486355
2737234286
2094698139
3188495226
2133759781
1515920355
2313948581
2321765782
2545061468
2888945665
2542638124
2774653854
3021395450
2660411215
3573933764
3486928011
2028881818
1252027293
2231187213
1131885327
3629037392
1832691874
2471272070
2795694443
1302406467
1477401334
1891553151
2760778381
3181901898
1798757214
1259300709
2882751506
2796618930
664340940
3937548400
3403973444
3604614960
2565537347
2138672782
2339919703
3445931953
3582716919
1604419745
1708293363
2133633564
268900963
1345088162
4014017514
2414414481
3117657059
700439408
3894629045
3501766923
676397233
2674812458
3903104985
1874798999
2031012719
2798616352
2586291757
870593022
878067160
2968086093
603104781
1784809779
2505401034
2468490681
2091386326
1827202938
1087351381
1857319591
1594493122
3900815277
2759978645
4081571635
2560212401
682980822
2684267313
905260897
246158423
808601906
1280140230
2312259560
2281992381
2700026421
2414923468
1905090853
2573507048
1280711577
3950795102
