2489623227
2622398033
986973231
3079222400
2480381501
1215587943
1755282200
1925682452
1136738086
1994999951
601279357
1709454866
2354803787
2917113123
419446116
3140232289
3488651862
1517415489
2903006617
2294598723
456807094
3660506343
2511377298
69314541
1461891934
1525713708
2237791928
1891442667
2297565045
230209830
2294468415
2002364506
2027034573
1410832583
2103994405
1247700996
2776642702
2806481713
2926728720
1978318855
2636246670
1722895419
1552955773
3069217690
2049226083
3161860864
3489508128
571454849
1320979667
2625190914
1924377689
922317832
2728822065
2600449345
1826329681
1713940117
600135160
1654629238
2456479035
2285563595
905702308
2056995192
3413128348
3228326415
2691360525
2008533301
1677271144
1260530877
2284670765
1442965559
1799412348
1897734758
2877045406
912805836
2537391582
1748456322
2003401937
2083322387
1799464041
2305965828
2809720574
2844698857
2528904824
2561714585
1761935864
1887651534
2591896333
3440640949
2835206342
3818866255
1360438955
3890851168
2257021741
1972589016
1333095078
1290480266
1968117448
1827169095
2889783053
1521791617
2204481683
3255269239
2412938168
1618442972
789662837
942285129
2007742912
1903264504
1019323678
2460256824
1493657575
2244290442
1248462070
1733123589
1382748883
2460245000
1744764129
3187122575
1493747039
2758632786
2656674151
1301080375
1643010201
1904430856
1080971620
2300402450
1197992988
1443454960
2149948739
3297641386
1891615057
1454761133
1914597269
2772865790
260248714
1569592057
2198177999
2770235701
2823535804
596359902
3212744436
461686101
115059211
1453124389
2873304672
2419196949
2111232058
1572700395
2516402372
1043500329
3252509593
857803176
2223282350
2094861518
1425141259
2267306916
1198901646
3252186733
2556625075
2361492313
3162111705
3291730949
1754992644
3722666499
2100129516
513165646
3148452772
1942400370
1649218810
2638710143
2350948616
3418005102
1112294240
2606499152
2302937098
2007445726
1830708550
1662247819
2041395473
3571465049
2263335262
681920499
3299427094
3190899084
1929874155
2995143424
2384120388
2885641005
3081755329
3872787660
2764730677
2593044742
1986724410
1785374561
3735664642
3500617028
1943393072
946284103
1859553766
1057273630
1212773513
2456470041
1358197576
1976046830
2029631816
2544080558
1441166132
2183836600
3446798539
3605311228
2253598724
881185021
2594337411
1997009242
4175701227
485408662
2802375509
718316531
3333471382
2112698449
214681060
2444955588
1306994297
2913630175
1718724391
3699339927
2374219655
2536998205
793799872
3219534377
1929616040
690597049
1234383742
3335779421
768477969
3553680122
1187421528
2452001053
2563484364
1658946916
2249800768
2266258806
1902043931
2454066330
2671541277
1640658059
1981500285
1021190461
3685248153
3834031134
2212866653
3946218637
3383752639
1308274676
2633945750
2246746336
3346375729
1150959426
2032509097
2997001161
261609358
1892363895
961194243
2962210485
1723796239
2267530857
696708847
3669756222
812373137
2635027894
3077223701
2525440777
2669911631
753764803
1593642499
2013597171
1411664777
2790839177
1660509974
2657764375
2441322033
3602181759
414412556
928842808
3488972351
3098920154
1069350748
1790241953
2888766256
1454856911
2176957713
1892167153
4277868559
2822663826
1775037122
1635537705
472306857
2609530210
2144327171
3082435717
3216263739
1826181997
1199473625
1808739482
1635798340
604066669
1765771959
2039849898
1827944272
1482548839
2278002579
2729492926
3116211387
2282556130
2198541501
1261215609
3363029236
1684992669
2363329458
2279270470
2594008196
2717968687
3580412790
1929454406
3269635662
2069137754
2169001841
1124105829
800281917
995474972
2383627044
3434540161
2560219526
3751879767
357739541
1094122601
1374905536
3764292281
1525711317
2285996214
2808752768
1585241208
2814737538
1898182789
2576917127
3568862498
1987866515
1540987661
2986565090
3277778970
724360711
970181954
2320404885
713358378
2713645074
2831906632
3221477992
519897492
828436459
3409237545
2518961143
2896223840
630033350
2216209337
2493554123
327438509
3654323686
2734882348
3984600128
1083350336
2202366089
2947927924
1422741460
2191480567
1123222799
3343613601
3927702920
412316012
2033357695
4123650387
1099933786
2766539464
1805757318
2864867707
2299129456
1522149039
2402555382
2609855335
577847178
480037812
1100668744
2442439252
2535860916
2206420409
3118605526
955822891
2898493677
843272443
2729902739
2846765134
854031574
2581213077
2213822192
1909654985
2703120991
2061854929
2948010633
2374141767
651686234
2396168249
534760440
1470012704
1964812932
2000920390
2756602478
3582726250
2309594170
2717354973
2843913751
1620827984
3528833562
1178221968
3963260204
3474380747
702660400
1636535860
2431422163
1390499602
3388605053
415822017
2074317723
2444168290
2375198737
2743361034
3541527115
3417380849
2206346880
1563123490
2039382203
2348216833
1845856532
1072783794
1228705429
2586251638
4096518160
3599029817
1924957536
1713253636
2642116801
2867243574
1976916512
1762330753
3012444752
1268495325
2990110364
2346207128
3963900407
2701318149
2330613749
1235883460
3096820324
2396318626
2260149596
3209242153
2988827426
1280605846
1660584054
1300208751
2251230581
2362993361
1723354753
965934060
2190846457
2135626885
134562923
2586390946
1916298300
3272924909
2013574914
785900179
3862844170
2567407382
3356333039
1920522981
3554969167
2074396133
2011510323
1041225819
786742152
3760881348
2107824631
2059061098
3209199614
1643815063
1769854636
890983529
738735050
1227295818
1937083674
2995856463
2201726307
3319984531
1535949992
3738744841
2183252316
453846583
1772101513
3154700287
2563775528
1959030539
2054969545
2369212535
2277132471
379462653
2470281348
1856945468
3160278720
2456170768
1763865218
2146036550
2904007325
1618370118
1233884861
2077887396
351422997
2719953400
2449207959
1837004813
2519108075
2687963902
2171330149
1780409995
2437070882
1679751760
1224448156
2502840402
2101963749
2383036360
1628772662
872215869
1237364277
3754556334
2457758159
3204240983
2460546108
1130892901
1738268941
1732890098
3687268747
2223044222
2703141333
2689825395
2280212353
1926789570
1804958117
2169161496
1922360899
975647825
1979094537
1921631020
1671585072
1166182155
200216567
2542798419
2565846103
1609804769
2253271908
2351038385
1687283664
796378947
3211207695
1686911767
1521934820
3382745656
3231899241
1690025911
1175398256
2174007458
3430960041
3115713632
1869822485
3082420981
152244877
2360015863
2950363694
3063545976
2344789863
3011596806
1833469621
1513547103
3341477122
2618935703
1388691314
3838126345
2239919134
1540376086
1000038881
3136028046
2348258371
3461772872
808239978
1768723510
2392766868
2470890746
2023043185
1483500389
462377229
2295642532
1529708770
1959914452
3087119376
3896613794
3981233143
1136750854
619304516
1510946374
2378394361
2828729281
2081783176
3139309437
467029926
996083984
862244945
2548785170
2126253374
3355050370
2518907424
2081069236
1190552427
1529162299
3455076485
768789475
2888178130
2345425419
1098957903
793263140
3180298126
2578245922
2493332648
2015354443
1090936499
1566671330
1598140943
3154544959
2772508844
2550803063
1001962229
2903019585
2179840346
3134597601
3364316035
2640888700
2095672385
1979830909
2839617372
1640281359
3038320433
2569649520
1994992702
1015131266
2066923535
1558224959
2731269801
2149172190
2529752745
2966599476
1872943653
615737058
933258056
4249881396
2612275744
2141408263
2071847672
2010932584
3123803847
2746790318
1955094928
3433639958
2477600990
3078716063
1469995882
2351137925
3605284228
2406879429
2738027894
1262844574
2593572550
2675320663
1569724808
3415731256
1871742556
2523152204
2542147660
1985792169
2968460713
3024011436
1395303202
823985193
2322034738
3147430705
579332173
2152384953
2088618059
2848415414
2013671441
1882219917
3062812615
1780166099
1773794958
1153654281
3058638154
1278453202
3846995063
3490695278
840671978
1913793800
1990012729
2434779677
1723504872
835311183
1016550424
2911034409
2740969757
1055864300
2005159814
1794903469
2554041396
1082942512
2456602943
2674428854
2567637839
1180613572
3715948700
1218759113
4128974553
2058121678
2109890836
2036698652
1424731242
1902508494
1881159573
2419524149
2177573144
3121687431
453286296
1542125869
2242941966
2110995654
2343891722
2933259927
1289929559
1685074744
3091563125
1168910812
2472418220
3221614204
2198976977
2383697660
2688982541
2395273740
1125395387
187568860
2465202765
1971608443
2088871124
1332630835
2662697211
1992468697
2428617900
2371767242
2749837041
371980488
4209978733
1013443018
2287730495
3456939867
3541196050
974666361
1412654710
1215035850
1615216717
1828001404
2144963474
2086788614
2002402047
1513109000
2643279875
3548642433
1221447741
579802248
2632273880
3111859762
2225469314
4009411837
3216221037
1622038267
3109392942
2435855895
2304388590
3723359684
2954795775
2345633235
1448867052
1076293266
1748230611
3114813113
2040130062
959375192
3695103451
3718700191
3027276174
1800112669
655730837
644300114
2101298185
2474210100
2911264091
1049563923
2077451915
2685454438
1064540729
3220030239
2523928085
1301899959
1414233014
2664432062
1987305157
420783647
2411382995
3802907600
1304819650
1110892388
2588595135
1228253997
2171748118
2679138060
1926030336
2180445138
2214808996
2386209856
2975978445
2140932709
2227570266
1860502443
2667201254
2648785661
2733658777
2327651361
1403454060
2332609839
4130782303
2689667598
2272245553
2843998323
1537984733
499075429
2053218305
1167473137
1924374297
1040058159
1137288012
1521397032
1996571471
2334499544
2493035759
2712778830
503436545
1148008907
1776504052
1479707543
1647230312
1227819830
2272695767
3031798520
1480054237
1150589301
2555714760
3584764796
1264457293
2107176169
2227470067
1301541436
2142580277
1343953487
2036222043
2361094945
2363150999
671487316
2460206954
1872928300
2012856784
1811805841
1268809204
553314880
1039835791
922464253
2056625608
3533667391
1853689854
1288537493
1984387976
872919547
475917442
3040980662
2403968523
2977742937
1694457928
1214287382
2237859119
1888707534
1054994657
2772807206
1974527400
3934159749
2462454994
1526710943
2335969586
1781177879
1753340052
2345832176
2674844261
1426609836
2504245193
1812073010
722554914
1418157110
2682218343
1845195660
1842686803
2198221113
4239521745
1999573652
3006845752
3331321878
1233626610
1588083326
2240490167
1939796542
2626915144
3059478119
2782287353
182525411
1869856495
2831452895
1642340759
3960567562
3357845376
3579303499
2183704748
3896128040
2387586249
3998190549
1005417176
1934446378
2556995158
103396716
3373465700
1402943364
2620534580
1375349043
1760888022
2043043709
1307102733
1820066703
2666733812
1267836863
2166977461
654586414
2025621319
1354135411
1582816235
2520393829
1243318401
2516546212
2657406351
1543251062
2530882796
1723085863
2172567704
1939813891
3232974571
2790671821
2595288173
2164904768
636536363
226024122
2589364192
1677269591
2115996692
3114072600
3051230758
1668750217
1560094186
1489584058
3042420418
2956444262
1659750685
2956867202
1668364945
1382762997
2354069719
1922042566
1471918390
2563163431
2489209407
1045941505
1561011726
1422814147
3196269687
2503707730
1232867109
735134343
1819741052
2478268693
3361398263
3322648513
3846683195
1867730406
2875778133
3257780874
2272993649
3278845018
972109588
1503144471
2458450280
2373260076
942117328
2386674984
2140638686
1110188947
2294913916
1199236616
1688179364
561820901
1614920243
1513670222
2575480142
3307237821
2748179935
386705753
3140834407
2553872438
1309442645
4221290801
3531043499
505166235
1169572475
339644338
2226578429
2358526348
2476839883
1034857391
2237328968
2205465124
1601526957
2136041229
2934062402
2746091525
3063141405
3897790959
2425049349
1437962919
3694976782
2511618197
2065473320
3706625375
1552838481
3520779371
1247636509
1994034919
2316361339
2096930396
1460252456
1616224105
1242463058
1683964522
1594948645
2960451952
945384932
1660960793
1791458518
858016552
2361562423
1988728070
1355525493
1562897955
2344891805
2562896007
2442269120
3666987899
1551052602
3611649111
1193556601
2622846819
476921853
2977228483
1702934639
1928451460
1904128059
3353194470
951042556
2409176257
2793122083
1470243948
2354444147
1914834071
2524759298
1424161269
3022089538
3643948825
3263211574
1977191048
3525971044
2963671742
1767602155
2520995374
2101485267
3380803096
1314343140
486293438
2288963490
1615327120
2926071555
2530355220
3574273733
636458074
784677373
2484966884
1889744181
1278307717
2796984352
1912714827
987314720
2082346772
2362812083
566471777
1243576636
673253409
2029405003
1926667049
1264291001
789209950
1524858795
36316969
2092049751
1072744055
2460896158
1869228190
1078140625
1411333620
3767001453
1920375300
2641192260
2307067769
3294546497
2721748906
3378656423
1607905541
1027617579
2687085605
2356819863
2878919394
1379160585
3865469711
3173162360
2769179109
843624537
918925580
1326702113
2552943844
3900719681
2487493167
3556744303
2327972199
2638520060
1399026307
3043914311
3605188125
2404254704
1878237698
1628496414
3992419393
3663325465
2082967475
2038276125
805256290
1437947421
1750921043
2734142325
887642464
2625709827
2179611345
2126068673
179050193
1191749835
2021218471
586286802
1406491529
2525448704
2366797596
1660462894
1311127492
1727350879
3240733877
3138222511
3381440067
1212555055
2276245407
1746351449
3323273178
2559623456
1275108323
380973910
1122925204
1054010575
1753489252
1272321167
3540526379
294988029
3584108352
2249342232
2482018266
2371817432
1875610780
4055417867
726379900
398084316
582803798
2749457132
348870360
2224411003
1584487517
371301078
1184348842
3104949816
264008760
989631454
1562533553
2543401420
2301513238
1732274625
2324346139
1313907283
3310613545
2454907904
3763464020
204127988
2926174875
2095716560
2483042854
762642919
1668613014
1810418124
3706893172
1338828763
792470428
2426037030
2864483657
1275259266
2772435651
1186881185
2852869765
3086004350
2163946832
1486656654
2742271615
1857530577
4276377689
2778964373
2391863161
1521002845
2563346438
2930349206
4106124636
3197875340
2221563859
1727813637
3804074320
1061379410
2391095854
1530544665
2224904566
1789909500
1560851372
2046311652
2197415445
1636872470
2556284486
3745313474
2425157525
3887720474
932407639
2512470580
1778315959
3168236545
1486630515
663132007
3504190630
3104250684
2077945383
2152199838
2013815391
1498677857
2671901462
3379858173
3982550318
1139758104
2919750353
2233346530
1645333131
3414549056
1657222943
2346088311
3297185858
2715044544
1390225165
2064654213
2239010204
2811066889
1634242604
2233223385
1272778859
2882423344
2267385674
1120731460
2063479065
1588956633
2812012113
2376344299
1523747930
2835469570
2278610334
1477263834
2352338390
3284194331
2130454925
1404726424
2771588347
2611079135
1909536644
1568303329
674885344
766620264
385280027
2093035378
39217812
1342930611
149585492
2537703334
2456791674
1834068128
1978124540
2165194126
3638238017
1734198572
1782786117
3414969901
1948543116
2872760839
862248239
3342628657
3438625441
3286860646
2338629082
1296989144
2618831079
2390097406
2576653052
1227990684
913078418
3158638291
4020603904
1375372910
3502341145
2434427024
1338847178
3463135094
2093917588
2919809541
2784467154
1883728885
1670099214
1234716686
1134143174
1855262878
2002075165
1709560247
3121905314
1616050038
2191156809
3195324016
1111853755
1221729616
1705646841
1741340963
3737300146
493864763
935694509
236843942
1612572886
3205138016
861395368
1915819188
2161188918
2488828504
1645032523
2089011370
2992269033
2371749539
2132781498
2011833775
533316126
2819068318
2965778840
1723322769
1352822539
1780968517
1663543510
1777590598
2997178326
2356525959
2219410358
769650793
2805093631
534944654
3378683523
2595447667
2169889380
3667431468
3642640628
2766660588
3095211462
1739949776
2713286172
558838851
2832857818
2130580949
3925818474
1911918357
1499105844
2061262766
3108624303
2355246187
1531625840
1438025548
2013734398
1101251563
1400187063
3054105649
3338588970
1172180534
697289981
3537406771
3324760110
724080114
2170989581
2688731443
3076026760
2330032047
1678709430
2331964350
1858163534
2940602951
1876067253
1697134501
1318338310
1282105296
2693916474
2036964662
2787064239
1400285565
1158239882
2139343312
3246228875
1723276975
2637562277
3123080102
462216514
1455410311
3554433509
2968297236
1490796571
1869035118
1197831289
3312255658
3518776576
2010082945
3923448136
970718701
1824268096
1895235459
2286929887
3691147848
1132764231
1785173190
2643920055
2448581083
2337372567
3409212800
2357913006
993896978
1889333755
1203552644
1417442163
1600834655
2014707957
2291883922
3505971975
3175611177
2696521420
1458163820
2988828449
2221431372
916835440
2101218145
2436820947
1601699268
2079053677
657276958
1470317247
1901253734
1379564487
1736680219
2610067352
3847366435
3653877618
2715106327
2558111420
1310250701
2698238189
2052284142
869597581
2577013313
1747745741
2749203072
2839680727
1610184376
1349792825
2656695177
2406303906
3616280315
4162518433
1763928997
2729710573
1636806271
2660171802
3811787141
3391043404
1964657058
2322239830
1472906837
2565039250
3682341021
1843966344
2840866894
1123672649
2846329953
1724182963
3099590039
2326980778
2291091008
2652835094
2100792573
2059900459
1243915170
1823092353
2795094527
1818710366
1695110043
2018906333
2124712262
3915104531
2284219567
3417642895
1277740592
1598431935
1566220401
3354979779
2172939167
1392929477
1863332952
681807166
223527010
2459067751
1480182614
2141160822
886806345
375988469
3839237427
3165251710
2441306027
1739466149
3729618441
2423705682
3294750567
2786386396
2730091565
3071683657
2430504085
1991616404
2693971412
1614138796
2332336672
1600909023
1523246778
3141072821
1478196501
1392642663
516603601
1123346490
2556682054
2783944098
1827962542
1344529895
1951482332
2160011244
1363629867
1696350127
1684755700
1296305272
2260958594
598300792
3005087271
2795604360
2169257487
599646875
2294484925
2874095804
2038123678
1461297763
2533445771
558507375
3412236073
755397899
3949381422
2432002775
2314900125
1971360006
2238023499
2087750670
2662569302
1468738710
1368734703
2418474244
3612785501
3946055098
2825911381
2145272959
4067451841
2596880314
1937923970
3626788466
2086153460
2445256202
2738201597
3236750331
733758303
1192422875
3886192729
2580228854
1745777835
2438645719
1669287525
1670798862
3364524183
1857141133
2236380322
933164109
1825523151
2524941556
1936720916
2210617999
2386360561
385181938
1969897476
1471508270
2293473217
3213923652
2412232101
2312309876
1583376659
3697646929
2686268351
2235764216
1049730974
1496051171
1034530754
2744686262
2645397692
2110786451
1683703555
3036670380
2044907921
2263617467
1899629023
945263873
1641594183
2560270665
2413610420
2601838761
1637751616
1596367917
2112645454
1801259466
2313549380
2168879183
2987363195
2665105233
1441308866
2553943626
1820728687
2276708315
2449471107
1514862040
1925744484
1995358299
2499342937
1034499054
1125744194
2073186985
1141124629
1981951241
1928551007
2298626675
1691749005
3589300228
3235254052
2758768588
1479303635
2197333370
2782667696
667524293
2109413623
3530734529
2451670320
1522904075
2769550180
1201190743
3282560865
1643974879
3803060899
2494184261
851220485
2374969904
2077162269
2175147055
480207021
2598583096
3584573457
2320410850
1996475946
1532311710
1594519442
515401443
1807071701
1125161761
1457202730
3952937243
2243468141
1852553092
2613265923
1462501704
1137099151
3477589471
3425951346
3337443593
4206710219
2847327627
2416518918
2072863486
2880672215
2251763459
2438474188
2355196188
3781703337
3404129150
3527916936
694904264
1988355708
2210520425
3506791627
3458883225
1758654035
1109004593
2876872316
3173616059
3334059171
2855752520
2150462731
3833333817
606947660
3307927686
783540385
2490878148
2073615025
1834306740
2070168485
2600643805
1656385046
3574054113
2574844874
1370258439
3101699531
833620179
1438151681
1741027428
3108479229
1634198317
1387443603
2404406074
2498466343
1692580295
1464053980
2318622959
2338936712
2074770629
3266720607
2531303514
402832797
1730095733
1936613137
3269962190
1437887134
2286876805
1586878507
2625708910
781797026
1849977462
2253065937
2608240456
2452753491
2051358589
1766252529
2515075603
2226081658
2397836143
2492480328
1455852508
1834429380
3239470119
2344542482
1803787719
2142459320
2605034020
3150374822
1631395985
1985468004
3249751242
1909927920
2319019483
2204305960
2020278081
1883676333
938137280
4028314778
1235455993
3493482702
604576706
1257803537
2661020914
1191263104
1717173554
3109565458
1230631516
301102958
1222346735
3205746862
1195185717
2036284103
2359346688
1881468303
3404818869
2551207757
2510186630
3067672524
2073328747
1673404579
925894689
1627135687
441170797
1986920300
2383633714
1447352658
2055091379
1584006387
1722185719
2567782339
3477242544
1901967133
1902476711
4242037232
1601176618
2281165297
1654956014
2806617790
3540083948
3204835575
3746425692
501182527
2739190270
779617966
1703412023
1237534235
2452029790
1565021388
1310402245
2012979053
3099767260
1261008927
2376142304
4002393720
1104296688
2263567469
3613865550
2885174424
1601400779
2257057800
1809116649
2851479149
1897134129
2774637599
2683200420
2129632311
1958127977
3171104257
1435890516
1819838483
1830914733
2692469148
2456240497
2811269913
2380923818
1760540625
1444167582
1572702063
2683888338
527948868
2135959890
568995689
591132406
2093849556
4089350118
2182096786
3091358877
2514318888
1869208260
2304592173
3630851561
2862123023
1091023345
2265795422
1820060930
2952531141
2871183305
2141938886
1375174672
1015612012
1157577854
2047796368
478848691
2172572128
849020045
237822209
1840166516
2410338705
1829912716
1409058142
2756638364
927885939
2944694372
2008751270
2825658689
1008005368
2545418233
3199135525
846513997
3041677850
2046782119
2090546057
2580661064
2463820242
4262713015
1329076637
1808819605
3753490843
1488773865
1720579648
1506213839
3284355960
2251498555
2346280836
2001956683
2505318631
3843686805
1502861111
2420889027
2538654413
2080654701
2759348309
2885861401
2044371132
1881041526
2264025358
1510295984
2030452052
3342694711
3216738540
1167946751
2212627395
3252425665
2342429302
999475657
1053446684
3489171034
2637466910
2558668014
1756236493
2380316181
3356536034
1043053925
654966104
1368921794
3106003950
3085111194
2332771741
2559857713
2502265765
200780774
430114604
1819773302
2932819789
117126636
1548513898
3423276993
2605968578
2310263215
2619011057
2195638686
353630608
1290387836
1672518271
3548099731
1265871433
2238668382
1872306619
602438550
2672895599
