25974
21561
15981
3526
-23079
29100
24257
13810
-31189
-10853
-12690
24832
-20975
-15460
9710
-23973
-19679
20965
-26106
31118
31419
-19874
-10047
-1598
28148
20396
-19612
2225
-19960
-5854
-24083
30362
-32352
-27104
19426
4530
9362
26420
28515
-5773
2091
-25983
-8232
-31247
29663
3941
27313
-1650
-30237
-22948
-11469
20260
18693
-21518
10263
3367
-10687
21285
32241
27418
-17621
31875
20004
10469
-4658
20453
6830
27807
25625
10912
-28506
31987
30798
3384
2327
-1637
23362
20241
20204
14966
-5832
22216
10402
24807
-11510
15875
-7136
-15398
6242
-15091
-30749
-26353
-22946
-18430
16912
13491
25011
-26195
13784
-12814
7403
-24757
16700
11583
-12517
2096
-15260
-25694
27961
-4175
15762
-9001
-18679
-18868
-14654
-14047
10980
-30243
24204
-20004
-29086
-24887
9087
15955
8618
16215
15613
-14382
-26617
-27958
-8713
4922
3130
-13210
28259
30805
-16625
-23272
-9069
-1485
-17062
-7705
2936
11189
-19324
2413
-12062
16243
3911
-2324
1540
-17676
-26335
23284
-16921
-32068
16001
-5404
18713
24483
4350
-17664
24008
-9830
-15564
2187
16306
-12111
-1639
4721
-4406
-20052
8295
-1318
16321
-9065
11663
-17963
-27122
25540
12397
-13835
25062
31808
-16445
11785
-16346
4951
32235
-13234
31832
6443
26330
1993
-15244
-14108
-780
19905
-17085
11868
-5005
-3502
30260
-30168
-27110
13007
7369
32099
22165
9104
31244
28937
-30983
2191
-9044
6900
29740
15198
-23400
17478
-28650
27915
21019
-23627
20394
-15391
9058
-12062
-6574
-22085
4223
9507
14588
-7880
-9456
7313
25543
-17573
-20741
-30618
-5446
-13065
-9746
26842
10931
6638
-12167
25952
26944
-3813
-3769
18264
19663
13249
26746
-29273
1399
-4121
-27404
1402
-3023
26463
-8525
30374
17233
-2802
-26964
-18013
11196
-17682
-29647
7705
24959
-12803
-8048
25082
-22173
-25280
5623
-3277
21694
19155
29580
4258
-13642
-15327
17016
11225
551
7893
31973
8727
25748
-28703
21273
-22587
-7992
11650
9555
16345
7396
18018
-4739
-9175
32209
23285
1171
-16255
30342
-26538
20672
27770
17184
1974
7575
21698
-30346
22890
-31411
4858
11970
28637
17274
21050
11670
-15496
1045
-15031
12086
-18361
10753
-29336
5518
14083
-19449
-17239
-32324
11267
-14020
-24042
-11539
27717
-19296
-30493
-30343
-8647
14877
23923
11419
16247
12151
-26462
2683
-16740
-28765
-19003
17023
-313
-10234
-1486
-19762
4543
2744
-7412
22844
-12943
-32480
28141
-6422
25677
18511
77
-26415
31249
6114
-29703
-25192
16242
25447
16010
-2405
31142
10474
-29118
32226
-5605
29277
-15411
19200
-24001
-28090
5170
9795
-24633
-3801
22934
22544
-18064
-9601
-29495
20000
-1368
-22173
-22077
-10963
5
3192
-9693
-11678
30492
14160
-2820
4645
-32013
-19969
-12464
-23864
17001
31905
23945
10848
-11948
9540
-8901
6777
-2394
24220
-24341
1137
-13209
22346
16818
23984
2048
7240
19764
-10485
4013
4333
448
5423
2457
-15048
-3685
18442
5018
-24723
-18417
-26563
18802
305
13891
28051
6279
-16556
-15781
812
-11421
16083
20632
-30968
30811
-20864
8965
6622
11880
16527
26992
-5265
30460
-32418
17170
-24020
26204
-26373
18449
-15535
22902
4997
5331
13521
15702
24040
-22016
24473
-26373
28642
-10334
-20448
17051
-16304
26778
-9583
23075
31879
31673
26156
-7280
-12166
2795
-20548
-16552
19342
-11298
7247
-23847
25745
15973
-29779
-13633
19043
-8427
3570
15224
-19250
-20933
-3781
-19684
4879
24598
-20299
-14951
-28158
17425
10523
8275
-4346
-16517
1498
29148
31913
9041
-8221
-3500
-18798
31102
-31553
5294
-27657
-963
14126
20689
2018
10170
30918
-14311
-7285
4662
-20843
579
7701
6489
-2002
25734
19507
-7233
-7568
-8385
15467
4933
-30624
-120
27941
-17745
-3155
5654
-32281
-1374
10204
-28724
14258
-29685
-10541
-30422
3978
-7282
-26312
17279
8091
-29477
19168
10809
-17988
1537
-6885
-16616
19110
15402
-2559
14813
-17443
-6660
7104
2741
19289
-3805
503
-5099
2821
-28115
23902
-17622
-29730
26600
-32569
2886
-240
-4642
-19194
4378
7412
2828
-22910
3219
-7013
-18017
-29665
23776
-29537
-10816
-13328
-15925
28735
-21330
11643
-5952
10338
8655
30466
19998
31874
533
-14163
21506
-9875
-31610
-6699
3917
-17987
-25532
17359
31446
-11792
13314
3862
31941
6880
-6703
98
-5582
-27675
-9931
20170
-23477
-5226
-25866
-30245
11773
-24087
-32204
-19615
6029
-22475
-28679
6395
9350
-29796
12142
26888
23141
-7179
-8026
-11235
-19232
18842
-1567
-1458
14827
20585
-19728
28097
-32086
23490
7610
29301
5838
2632
-26426
20454
1715
-8465
13062
-2172
-18539
-11711
26922
-1681
-5494
-18756
-18428
-15524
-4925
417
1076
9718
8158
-2744
-23064
13765
32646
11349
9628
19020
-32328
23552
-11511
-6362
-22430
-13300
-1778
-574
7338
-22177
-3794
-18998
-30978
-22140
9270
20502
-2891
23756
30923
-11500
-14769
30818
32615
-16490
-13928
-4575
15418
11724
-21525
-8374
-22645
29937
3192
-31830
-20859
-29908
26985
2568
5437
-15437
23768
31089
18803
-31426
-19980
16920
17534
-24815
8615
-8727
1241
-9729
25118
29870
10199
-8237
-17620
10380
28937
-30554
21722
-21543
13787
16264
-20871
-16408
-7837
-6801
-12049
22847
-26863
-5750
-23535
-21157
27169
28107
27611
-9906
-14950
-24698
-25077
-2362
-3767
-32196
21638
6763
18912
22002
-24524
-3912
-20809
-14151
6456
-22312
18158
-27053
6577
-17443
-14082
-29454
7020
15601
19540
-1685
-9793
17387
-32516
-689
31277
-18743
-28677
-425
-8473
28496
20776
-3623
5598
19107
-20849
25728
13115
6614
-9393
10406
8452
-26494
10464
-32730
12622
8316
16960
-22630
-28390
15266
-8963
-1114
21363
-21195
-26795
-9320
27777
7822
-8104
-18728
-17167
16482
-27894
-14937
12010
-5998
-90
10300
-20297
31297
-19621
27151
21380
11126
-19352
-2296
17294
31546
10261
1848
6922
28731
-22189
-13682
24803
-26348
-19610
-2386
-9921
-7731
-28321
-12321
31652
19003
28373
29152
-30696
26047
-7855
-19595
-3956
1053
12800
-29281
19137
6752
-13838
4528
22807
1421
-23688
454
19512
-15585
-3010
-5647
7750
-9407
-4343
-14581
-3063
-26712
19351
-8015
-32572
19462
29284
3725
31786
21688
-2353
-31622
30382
-10946
4437
-25789
-24237
-16047
27123
-1565
16584
-7327
-29777
22373
-23951
-12411
5218
10395
16500
8134
31370
19344
23135
-20342
-15868
27132
-13559
-8599
-11577
-10879
29234
32154
-1261
-12364
-28639
-14311
14855
-22471
-12972
15761
26459
-13044
19089
12831
-15180
-19680
-5905
-30298
-13331
-12752
28087
-15621
-16855
1297
20980
18036
30880
11471
13790
-12259
-6854
4189
917
19965
-17561
-7817
27943
12134
5970
21843
31443
-7109
-17300
-31969
-15199
13491
8276
-23320
-5148
12772
-4610
32588
28157
-18090
15187
32766
-9308
7043
-16115
5182
27200
-21196
18651
26747
6499
-10571
-30065
18969
23053
-9501
1807
-19039
-7279
-11067
-21673
-9692
14967
-24015
-10401
-26972
20375
9226
24981
-5555
8327
-1647
4371
-25886
-19109
-10911
29982
-5594
18121
-23822
25692
29435
12995
-25582
20036
22130
21896
-12534
24824
24022
20767
-31177
2561
27695
5258
23051
13564
-23124
3293
21133
12880
-11186
8805
-26536
30979
24034
-28210
31934
-11532
-23426
26863
-6953
6626
-26152
8335
-27320
-21988
7795
-9473
10154
32122
-26005
-25149
-3224
-25760
22878
32154
1288
-14717
7488
13327
-27010
-30243
19682
26413
3060
-25662
-9989
13490
16170
-29823
11365
-7142
-5595
-31906
-7127
7628
-21909
17698
-5559
7478
30851
-19525
1475
-21031
10664
1196
-13748
-26085
6700
-3102
-32350
25277
18784
-18744
3696
20893
3589
26452
-14393
-12804
5062
24486
-1327
9515
-8431
-11314
17977
5951
643
30791
-7964
-437
-30553
15698
-28891
6050
-19841
-25452
11846
-27872
19051
32421
4210
3770
23244
-20027
20401
-5418
-27481
-9444
29757
-14696
-20546
-11085
-6640
-31143
27970
11412
-2925
-26658
-607
10070
-3090
-24398
1914
5209
-3130
9615
-26923
-26547
7343
5545
-20126
-26472
-29103
29651
-10810
4783
-20571
32269
29064
-1266
4504
29375
-16148
-13682
-27273
23989
6326
-2466
30791
-4169
28452
-13898
8675
29729
-4650
29566
7493
16723
-15735
10908
4808
21871
20340
18859
9210
-16801
29771
-28312
-26170
-19416
6823
8124
32482
26139
-25507
24223
-21127
-31878
-17969
-8714
-15366
21765
30425
-29678
-15914
-8705
-17581
3534
11676
24658
-14178
24349
15543
3027
17814
-8884
12273
-16608
11035
-23876
-8571
-14709
-24648
-15675
-31998
32631
-630
-9137
-22454
23974
11172
7031
-4364
13660
-28025
21714
-2562
2097
2282
-4922
799
31218
-14327
-16543
-31429
5439
7862
-2508
3562
10136
-8860
14444
-21869
23349
-14160
20757
2824
22716
14605
11313
-22375
22548
19129
25726
11138
-8905
-11965
20705
-22211
30258
29106
3419
26926
17859
-25948
15407
4442
-26221
16209
26211
27619
-10986
22006
-10080
3992
-3249
11309
22934
-16057
-27543
18398
906
-9700
-20701
-6726
7106
-25684
2530
26392
-7683
30807
25868
-6131
24038
-30236
-1515
-22732
-3878
23178
-23616
-17632
-26890
14712
-31963
15127
22196
10923
16473
-5881
11725
-15352
-8674
-26000
11960
28773
22021
2097
-26907
-32593
-16432
26239
18057
-14489
-9803
30398
17446
-3032
-12282
11052
14507
4454
25568
23743
17328
-27424
-1720
-2907
26657
14804
19513
-27647
2771
-18528
-4590
30659
4740
10226
1264
-9228
-10323
27618
26983
5556
20605
-20056
18856
25238
10153
-551
30802
-21311
-28896
-11846
-4366
31396
-25470
30987
-8197
20513
-9
30496
-26941
-17786
-21795
-25786
-29630
-1675
29000
-26433
31264
31677
1465
-24548
-26212
-21882
-22862
252
-10675
-3426
12477
17935
27996
18624
697
-16787
-13986
26209
-10186
15510
17025
-32602
25776
-20514
-23020
-7137
30551
9527
-14833
-8322
-11433
-15585
28348
-2240
29913
14873
28972
22833
-24119
14878
-29158
-31528
4619
9493
-22711
-22510
-3374
-22553
-6330
25812
-14025
27773
-5464
-9951
-19923
-4271
-30466
-2613
23826
26170
6926
-17283
-991
-32606
-1163
-32620
1649
-28206
-8640
-18216
-21875
17999
-696
28411
15675
-30584
-14394
-13609
-8675
-6477
-26043
27726
14110
-11942
-15706
13561
-18999
9852
-28947
-11078
-17495
12498
3586
1152
-20849
-22952
21901
-9655
-2009
-2646
19155
12273
-12913
-16249
-31600
-21716
-31992
20349
4839
-1481
-8852
-29796
11081
-10529
5268
-5454
11041
-7036
-32254
29511
-455
24333
-1786
18983
-13450
25566
203
-20147
-25202
4015
-3237
1891
-11773
-4171
-28253
-5109
19982
1143
14095
28930
-463
-20738
5553
28013
-1948
19957
6857
-11946
-22726
-16225
22355
-23881
6559
-28442
1963
-14225
26922
-16095
7031
7272
-21530
27826
13719
12963
-890
-6613
-22475
-1524
-11753
-13038
2248
-19053
26102
376
-9563
-31441
-18297
-25503
-23285
-2688
-6966
-7797
-28829
1651
10803
23151
9986
29906
-17187
17468
-5723
-24768
-23575
-18747
17884
-9807
-25126
-24976
-18128
-32104
6566
15372
15127
-13029
7313
18135
-20127
-27048
-2086
-627
-2154
15366
22386
-25842
31798
-31956
-4314
29867
26780
8086
18591
29293
26290
6381
17094
-11940
-4244
6926
-23362
-24230
6716
-1717
23954
17630
12554
12439
5600
9583
-13620
6917
3917
-9695
-5566
11932
27827
18935
-1894
27872
28836
-5383
2922
29608
19251
-645
28293
3952
-16350
-681
-18312
-24205
8225
-29859
-12115
11673
-26273
-24151
19155
27302
30039
-509
29293
1513
-14647
-10244
-32099
-8394
14073
-31983
21977
-29992
-15681
30743
11369
-11980
28426
-9932
19514
-12696
23493
15974
28087
24569
13053
4861
-20434
-18435
32061
-25182
-22548
-20469
-28316
15592
-28261
16884
-25975
15448
-26734
-9931
25726
9831
-28733
-13379
-13191
-23936
4110
24508
-16503
-15653
17524
416
19411
-5691
5588
-23287
-22896
12944
-8110
928
-8230
3124
-9488
20711
5914
3836
964
18411
-21086
23759
3006
-15558
-20768
14550
-32424
-1533
-10776
12911
-18912
-14161
18046
20803
-17969
-13667
14204
20632
-11002
31029
-3213
-18427
22812
-5448
-3125
13413
14414
-16935
355
-14017
-20834
12700
-25108
-14518
-16745
21735
29665
6862
16197
-1205
-12674
28123
19944
7599
11978
6785
-11765
-7897
-24863
9513
29908
24687
12408
5494
32036
-3714
3627
24760
-2882
31300
8194
31166
-6605
25201
-18692
-5422
13852
-26359
8629
-17013
-13199
-28631
12765
-14126
-5885
30308
-2013
7495
-16876
11719
15749
-30130
-1231
-20709
-5237
24672
2354
31425
22086
13655
15071
16819
29638
-21401
15084
7162
7990
-27187
2384
27186
19910
-2981
-16894
17929
-25471
32267
-17716
-19086
11941
8324
-2799
-9246
21992
-22904
24528
-24635
-569
-20685
-17597
-32197
8091
-31175
831
25347
25796
3853
24595
-31982
-24006
18360
180
-11913
-20084
-8547
26683
-23316
29272
14704
16818
24623
-19031
-4696
-8459
-23924
22480
31595
22091
-29024
10450
17261
-29859
-27668
-30935
31238
5589
-958
-14450
-18589
32433
7826
18482
-2631
-22810
-12486
24751
3681
-7244
6068
30852
12694
-32704
15482
-27062
-23092
13949
13974
-32400
-18879
3309
20248
-2355
-29393
7880
-424
1544
21926
16735
28301
-10620
-361
28642
-29495
26367
-3330
10770
8652
28723
-11573
-23429
20433
27157
26523
-17403
2213
32400
11702
19714
15304
-25660
-23765
3822
19108
-8485
-7078
10627
-18319
17098
-2684
25226
15934
-21815
-3732
11457
9320
-3959
-27968
13572
-19284
26477
2316
18696
-30511
555
5615
30029
-8772
-24148
-18131
-25825
10459
15931
-13635
-10801
-11703
-27426
24381
-16853
12982
29031
10707
-25313
-16977
-4329
-2433
1199
24688
-387
8877
31196
-8434
1745
-5930
-14454
-30774
-1345
-16093
7800
4608
11528
-4016
11429
28891
-27820
7593
-12175
2596
28077
8011
