52458
53333
11753
38461
49707
29928
64804
49162
41284
2409
10760
47839
39908
28663
51262
503
12610
13739
57438
23084
18207
49433
19621
47998
63550
57997
1264
40460
20312
10240
1043
7348
3079
24659
11373
40206
6031
17884
7801
21069
7856
10829
2515
6016
39556
18651
62225
48451
6911
43611
1589
46471
45356
22073
34936
47096
56945
53228
47369
65288
34813
27044
57857
65403
30418
53357
27802
28049
49405
26156
63538
40133
30437
22463
13698
2103
21796
8188
23560
47721
20301
22480
62834
51614
57213
45887
53663
62210
2336
42514
9797
26127
20365
3571
40742
28529
12819
48328
25314
9644
46077
23987
8896
30548
17014
53510
59579
51768
52177
23207
4159
44983
26719
60101
48748
36857
26341
14179
29494
4452
31430
40439
38335
1037
12871
32242
64007
14546
37313
4849
3917
51053
7937
31713
17024
33934
40704
16767
20363
17123
6217
5025
58585
59662
6527
31505
19224
51432
37899
33069
59633
46413
62587
38277
12634
56326
213
61352
63904
40714
44246
53574
58778
58800
29154
38582
46592
6804
1808
48929
62721
41884
5947
22318
10281
1159
88
33759
36964
39010
49634
12456
33884
13599
24717
51688
65211
60847
17033
24085
64230
40069
63139
31313
43800
32201
36335
8972
63446
57557
23335
55902
9446
47089
19442
29737
63190
23763
9328
10526
50308
32366
13384
48817
7075
46294
31628
34354
23484
21979
26242
3357
24062
39626
11615
37452
15505
12834
26947
29978
752
53041
51191
34882
25302
46599
7078
28670
11315
640
12517
13915
1444
49960
7807
51863
9132
62844
42512
40624
41971
35832
1396
51483
40030
21475
27464
64865
39214
8876
34856
26010
36194
41205
13466
22037
1345
19902
55218
45064
61213
9922
19686
54307
17100
5826
64564
62916
10733
59775
4111
38637
65193
1027
28447
21832
35212
27265
23272
18745
24053
7262
39388
4108
63336
36872
53536
9799
21280
32698
24167
39027
56960
46637
1825
54154
797
62413
61094
6556
12980
47618
64698
55781
58812
59362
3382
13734
27760
43556
31413
48174
49008
48847
43416
23818
5009
50913
26257
53577
22690
6035
37772
30799
50460
36335
45053
14249
8784
9648
31042
1410
57041
34378
61242
618
41471
58339
28291
60015
36947
9276
62147
57771
57708
31397
11952
8350
22408
16292
49789
42927
63386
28320
9926
27619
3555
15590
3797
61465
39857
30760
48038
24228
29154
24944
22018
44425
8058
32348
9564
61261
36848
28710
26856
29233
32928
62350
33687
7501
4637
25977
19151
12529
38060
62847
8968
18063
53166
11964
31250
50641
8541
59362
36052
26039
30461
57028
19831
37644
23346
60482
63457
55410
59350
61657
20627
52616
7371
7920
58176
34499
31760
47844
34249
24861
59866
8602
57006
30810
19055
7498
27363
25114
57981
27398
44597
9030
53569
65096
39453
28452
35441
33684
20043
35304
59440
23315
54909
54596
50186
10357
64812
41157
26969
62146
64657
20467
53316
33912
2329
28019
15390
28329
1465
48789
59354
36997
20272
42000
6917
43572
41827
50244
15262
51541
59697
28889
59387
12648
1433
16013
10465
31474
25540
30508
50328
21623
8785
31683
54617
31444
22104
50085
22936
26047
30353
19763
40600
38008
59950
11100
14046
61796
60942
11612
54767
3437
59077
34057
53612
64148
896
19928
24863
32428
12183
20087
15882
51414
50567
36001
60562
62094
8534
21503
13230
33587
43182
6834
64944
5868
1780
30322
39772
53286
31694
13826
25117
47169
35960
4927
36143
25073
27029
43264
30838
44123
20311
61314
31813
10248
64806
61575
44726
44941
31180
11361
529
16461
9091
6343
7520
56148
55350
37770
50623
45940
18741
35723
21265
8416
695
11861
42176
7975
8476
52282
54683
48581
65046
56048
17581
64650
35909
6231
61305
6770
31252
59179
13860
23953
53696
54095
57115
3189
42305
44358
34774
31379
4211
34443
6771
12440
13895
5290
44840
9032
31545
49067
64818
12131
55793
10447
35582
41634
43940
29868
20438
1603
10639
24568
52707
50569
20086
7270
16546
59094
52894
22865
14469
16197
41850
45233
10852
19530
9745
22945
49299
40997
44666
59316
17860
4217
12416
62242
36285
65122
43282
61965
54473
42884
58747
1665
47147
31992
63488
16556
61966
33789
13162
16206
61203
59840
31409
52351
30995
21991
51940
50734
63717
15449
21580
37494
26400
12190
26359
19681
5362
8120
9932
48463
39732
48400
52466
60394
32505
40244
48563
1426
13097
6585
31866
40851
53883
9132
42317
16831
10894
22237
1046
52278
2589
53308
32716
31367
52514
50045
46839
25509
2333
19515
22686
34715
51794
41213
56760
20545
23111
7905
53440
18762
6035
53764
35481
54474
25892
15439
36378
42725
33881
23719
44408
30693
4744
23624
55550
38225
63059
29790
40905
58278
49860
46006
23956
11197
47960
49543
63366
17261
3670
50393
2207
64779
24303
30874
9369
44198
3758
36788
20089
62926
52995
19834
28415
9978
14677
4985
8680
64138
58435
14722
49012
5867
23543
4569
53243
33255
48600
7450
28268
817
30315
17067
24223
37198
9430
23839
39188
1342
38511
54830
6365
56344
61092
9095
10148
10394
8417
7241
51387
13042
33907
20344
39036
9942
24288
46910
25908
17731
51785
49697
45227
36330
5798
63638
61911
42577
28637
4098
3054
55952
3888
26102
44534
31776
55163
38706
51126
64333
41241
58734
25002
54190
16248
34675
44946
40287
36585
61290
39905
6678
29781
57505
16857
61631
44354
51498
45521
16566
4912
22147
61835
30378
5012
30138
62310
51122
12357
37283
60544
13106
32404
34612
33459
62031
3253
33141
26736
44459
48940
49970
20186
62221
7375
20815
38798
30719
38453
61338
22717
33974
57614
30978
58865
8315
3319
60629
29391
29835
8004
26111
51555
59504
14414
57142
23078
42993
9966
20630
24914
62531
39102
24505
49268
46933
63587
3073
28459
2130
40542
54687
39076
37811
43477
52152
40114
53634
22060
54778
64509
37767
25301
18073
58888
31377
45563
36196
60595
52771
14490
40507
62382
21337
21947
11734
23316
32546
14972
6713
32355
1951
6925
35341
12105
34603
41465
41047
36127
23719
28139
54296
48366
61407
16978
4173
6069
30106
18645
43078
5228
37870
41078
14982
6073
9263
8786
47734
34480
39594
16092
46752
31973
17737
40647
52730
15647
3918
30985
62241
49567
27193
59806
16996
47249
18845
63035
61695
14085
34549
61682
28458
14033
19350
3167
22024
22270
33773
23041
56096
59238
16059
8930
48567
43272
56388
64365
10
55968
42800
22261
55740
57503
13188
48157
47537
26444
64851
49661
40965
7729
40303
47731
52610
60960
24454
47146
17838
7083
41945
11764
63192
56555
35613
32051
13281
657
25847
17812
31241
19769
38840
60779
15244
3526
54159
63230
24290
4457
53071
56926
46640
28618
45833
44655
9371
36560
40608
41501
25829
31916
15238
21996
52681
64074
22737
36128
32924
57875
33897
40013
55927
21498
378
48424
11597
41197
35634
2242
38345
39038
9960
27647
14821
39660
22552
65313
9651
2547
26599
56286
22065
23195
31549
40652
31157
24777
49417
9299
9984
6690
16542
55951
31372
40482
19165
43044
39850
63365
57323
23441
59194
16654
9347
41699
11654
28960
34343
46679
730
29673
54678
57387
33696
60246
50369
26759
10845
35534
56427
51599
45983
15299
35474
43329
38502
53935
14603
53939
39418
17965
5958
48914
19653
7352
13927
59889
14853
50990
38865
21040
25198
61058
12935
61
42091
2988
12874
60773
27631
53739
32925
7725
15016
58544
32959
50516
13371
31309
38792
4625
38714
58951
22515
35242
48708
38544
65419
44274
46474
62774
23133
17300
14857
46787
30973
1221
57798
41214
22929
19529
56536
37725
44465
28887
35825
48268
34574
16313
55562
31471
6920
3987
34706
58789
18273
60417
60362
8704
30535
49421
49673
60544
3883
65069
37217
6802
57431
11310
65272
41906
12380
4279
13581
51941
54913
15867
38416
56674
48446
2708
43008
8001
19863
42716
44893
37981
40364
8538
39189
12490
8072
334
3836
16398
59076
23865
15958
42380
14222
12888
62068
36009
59137
7701
54687
32992
61000
31171
6283
13460
2842
48074
60931
20085
47523
48239
9150
33568
62315
59388
35972
15148
19244
15564
13674
56431
31071
8326
13355
28848
48504
38049
33009
23272
9115
14868
30369
7990
35365
57729
22011
6454
35921
45503
10169
55112
28703
5732
57193
56718
5299
43241
52548
22192
8663
13753
21694
19022
64941
15717
28950
15530
62715
3986
37185
6644
60192
24928
6071
15702
55717
35467
30902
15995
59970
55714
25776
63263
25299
18223
35732
27424
10373
9281
48127
60893
42121
47909
52471
65051
27714
64109
25132
36907
5843
41166
41072
60211
13194
794
44889
49105
35499
26873
3055
39083
40114
35266
9749
18096
64324
62539
25874
21331
64857
40713
2577
28749
22483
37345
54229
17204
30361
12992
25066
6953
5530
4514
60546
3648
27260
45724
57952
16404
56772
214
18674
37799
47649
19929
46457
50489
6118
18228
63641
60391
64384
42300
53686
41499
42555
55358
39538
27949
19716
25871
18325
32833
3751
26836
16669
42713
33278
56635
21185
36648
43549
15153
12606
54007
10360
26909
36010
61826
19372
36968
29184
64173
11824
5695
29991
15264
21659
32752
58569
33449
41643
27326
52870
8701
62534
57336
60297
52964
15225
20582
57115
25648
27441
48497
44777
53937
28724
50885
31542
28033
19695
18147
45015
56543
48872
64327
57226
56598
21144
7183
5769
14779
7109
22650
15052
29597
5051
7731
48576
51998
1553
23218
35713
53267
53505
54872
32928
55960
35442
2498
16571
31862
8409
12133
48497
63119
1382
21878
22173
46490
55669
39752
45637
56009
12262
27738
39185
12704
45885
61454
30012
60427
61044
41912
41088
46343
36687
60006
13014
53589
50611
60204
60742
26683
21563
27871
11833
46002
26618
9825
43224
22503
9487
48727
8591
6832
53429
23950
52111
59160
978
33560
29308
23507
14480
41016
2955
38416
7272
22933
6136
53887
28084
1119
26797
44110
32767
40254
44650
63171
15692
781
11681
55157
26896
54118
7400
25978
34027
35326
16928
52875
56951
64958
17934
30445
36872
10279
5542
25125
16591
65476
37201
15267
61297
13792
57676
43403
2361
48400
14535
7526
12188
45687
18490
15581
29047
49792
51078
63660
59061
13040
19593
53742
43541
48996
27190
8432
27342
30127
621
9507
36520
47344
55545
9355
4918
62481
47291
31444
34510
31415
53490
17768
57396
33221
28425
42753
62721
20832
59506
37207
29006
55771
48615
62435
62240
33399
58723
37072
12550
52841
28633
28682
64491
3275
45260
9825
14704
60346
53401
58554
59922
39936
14233
12538
29616
44180
20601
17479
44985
14304
13085
45539
11383
2071
11941
9495
8062
18131
31334
43928
63314
37717
51819
57252
27540
25323
29193
43967
6783
26363
51297
60573
15639
19941
55731
14320
28974
53116
62906
24962
22639
41581
27465
22453
13676
52184
2629
30420
44603
30083
12382
44316
6549
2781
14165
40655
36733
26382
11226
33455
23356
43635
10289
44228
5376
13511
24327
29352
21236
44944
49699
61971
23442
7693
46288
41254
19360
25778
32913
37693
59756
31812
11506
22504
61461
10001
11560
19486
26208
4007
3540
42048
18141
51557
4425
59688
34582
57396
13831
15531
38464
51552
14211
19315
50119
44493
15256
51844
29840
60006
25106
13417
35690
44667
19150
24334
35139
45013
2774
8716
33455
52065
36851
18380
42538
25096
37167
41938
28425
21866
54594
7779
44240
56498
40028
12107
30454
64805
767
57304
37424
9796
23318
23548
15583
43518
58659
4285
62819
34710
31822
36953
37795
25131
39709
60960
8611
26784
8052
5808
13981
10070
42141
16794
13178
60131
49293
49123
6207
26412
20901
35794
44725
13298
54406
44171
19528
36458
52462
56594
31104
26389
7921
33747
22548
21461
26958
23302
56749
35390
53083
2971
8430
5980
36138
58653
49950
5451
58315
19671
57301
42603
59486
19993
19727
31270
31583
29113
14333
63522
54003
38756
12568
12017
28147
6163
48192
43856
46215
52894
64957
11482
32840
16249
57781
6707
16742
32318
1935
61358
19569
64735
19662
19116
13454
32183
61589
52985
7588
47918
5715
33282
30355
4176
32031
15743
22099
25567
36818
38815
42981
7878
10452
6736
6290
8231
6232
51714
13288
44245
7422
50956
3787
55272
27090
21229
36474
35263
22920
49260
46221
16528
22105
17583
10996
20834
51069
47514
49023
18262
62934
25185
23786
50785
42301
34294
18023
18109
14809
22828
18022
6590
500
3557
62382
50319
47565
21798
40778
19098
31660
40266
41726
35652
682
26635
64019
13682
48841
51680
3867
38197
44446
36733
31705
55904
51726
13428
65086
49585
13751
35045
44390
26001
18356
54172
57265
28564
27097
20663
54653
16709
51309
23764
31649
53986
26057
54441
37657
16117
19524
60026
26256
17247
59647
58855
5625
63677
12332
4122
61205
33587
53756
49387
17138
14197
47142
7825
30273
2236
15727
28598
25863
28475
3848
41584
16450
7800
11134
35236
41843
30729
5365
56449
36072
53828
24791
29096
25796
38605
61049
26182
3869
55703
20630
21138
25555
15502
36661
48861
30225
62113
51980
18750
14976
52918
28305
19190
