21559
33245
10663
29702
37573
58061
22994
37299
30020
25767
34719
33763
54206
26107
32690
20058
15526
24791
55145
8402
52197
42642
43926
51257
2838
14114
63458
13925
10614
42892
32351
65126
25261
6680
24695
54067
38425
59047
38637
20536
63331
49309
495
44568
43491
60372
37952
41371
38067
4354
400
24181
60921
9564
32588
13049
28511
22844
1359
31591
1582
26866
47800
59693
57716
40415
56381
7140
64173
45541
19449
19525
37089
63155
6442
54240
54599
10097
21182
28824
28444
32122
16130
45703
63780
60989
46150
18129
256
13273
13000
44454
37001
35109
58070
19832
31197
31510
65106
65366
10174
29694
9308
29477
52062
65366
11642
32389
43823
33302
49022
9715
56541
17486
39657
62535
42269
53604
62819
21021
50551
57262
1141
41332
51329
9336
53575
51393
23812
34847
41380
61145
10549
43598
24189
11150
10015
26239
31836
59535
16103
13726
2743
33189
626
47799
7094
56208
22081
38047
54924
28908
16005
57755
30885
26507
21859
18032
33752
28151
25615
19274
57596
2454
31310
33810
9671
55158
4122
61418
37297
56595
47222
41619
19499
41029
33896
32998
36893
11709
9358
51684
8020
52462
20178
63149
16583
46006
47157
34957
11591
2557
18606
45439
42002
40708
40700
46236
59033
13605
4193
28838
23993
16315
9197
32130
58390
52034
29311
29751
30308
65027
38442
8483
26537
31664
21979
48670
43993
61774
2335
23807
12593
252
43377
21267
40595
59998
57682
6947
52160
17040
21724
21559
51854
27810
40261
44286
18342
62893
10381
64930
32140
12231
8072
50451
10502
25264
4559
38771
9001
52280
62331
56733
37599
4641
63047
48130
39959
18700
26475
64451
31144
4194
58669
35606
60858
46548
6504
39107
31707
1871
17753
53901
38477
65458
11216
36516
19876
61970
21275
46137
34664
26662
42839
50006
26006
54474
45857
14145
46703
61881
45401
55423
18637
53493
2763
608
51127
25399
31218
44822
56610
43498
31965
8157
48692
33356
18060
8191
35173
35874
47450
58746
35719
63975
17174
53071
16100
28268
29530
25374
32321
36637
62133
19525
6280
48280
19468
20346
33780
9832
34840
23399
6877
62222
51534
52732
46898
22288
15927
5863
34014
40569
55074
16630
62344
27535
822
58669
55907
21221
25699
43496
36277
3232
4064
20053
29009
56159
57268
27888
58358
13771
48161
49515
63228
17017
52042
49720
26365
19183
54416
50343
1058
1133
40207
28993
55266
15629
26460
9695
52653
47883
41576
48962
53990
63522
3624
16155
48877
847
65190
6469
30067
61021
46644
17634
35016
21962
1290
6848
35021
27498
6949
53787
8307
11121
12697
59233
44131
45736
13372
56698
30559
55444
48953
48535
39441
39126
27766
30276
422
48910
52750
17912
31261
51742
53051
39908
39791
60366
39209
48279
9695
11041
61213
60037
15039
63354
38865
11514
26324
64707
16030
28696
32885
61341
41368
17474
60960
19478
15467
3773
42176
1348
26731
56845
58407
33746
53441
6997
43648
31969
19493
57517
50467
54755
65210
40773
48635
59822
6899
5498
35418
36102
21951
994
9233
2884
14420
54131
30080
57970
8969
13211
24240
40203
34177
13935
62789
17952
22817
30474
1273
41110
15406
12718
58177
39549
65296
27180
16367
61899
37681
48382
20045
19060
49195
52739
24190
10957
2274
15917
18047
37393
64133
18578
36523
52253
45888
38237
836
32470
51348
1466
44074
58787
45925
15214
48029
46915
14040
36800
53340
48344
38884
30625
51850
61473
11268
58517
11921
57066
53111
22418
51473
51432
12004
547
7335
57605
56611
54178
34574
27704
702
39874
49592
13339
6631
37411
49500
8848
42067
20585
17751
16923
57522
10150
12515
10978
50951
18217
18032
48671
36328
12615
16277
29132
6927
1856
5986
5684
11960
8108
56502
1586
14208
41639
53353
101
44482
57911
65113
12908
16879
40589
3318
49038
11881
12082
37150
53404
34350
61389
41241
12380
50345
23413
61857
51427
27529
42706
29952
61351
17112
7218
59349
29454
20185
19648
1917
61609
35587
22482
59098
18359
43552
3020
48071
45128
14303
64101
42510
19249
24691
19308
50606
45006
36301
10034
15678
48162
12561
55043
56795
64142
25873
26980
41503
32003
12146
45987
36986
1677
43783
43527
59857
19947
18876
465
30253
21682
39671
54659
30018
61140
48243
32184
34237
38236
7466
44351
40619
17366
58412
27095
29626
44993
63478
8556
40203
42290
36815
29477
27974
21645
17598
34922
24676
18071
33342
14295
8320
26902
61357
34626
5797
45586
8776
12966
13045
34855
62728
41002
7786
62822
32782
16018
30774
3460
64467
2231
13083
1394
50603
24060
44888
57346
63538
38902
20034
61588
42652
18125
36154
43261
12144
46323
22366
36128
46348
27227
63431
26344
54967
2350
24208
48306
59975
8917
39406
13092
909
12663
40527
41955
46830
9600
60232
16849
6651
45819
587
28428
40413
43802
8035
59352
36431
26335
25304
41225
419
41512
17028
8374
42953
40073
8270
62506
3769
6819
53300
19089
51893
35668
41026
57257
51923
58212
40676
62041
65205
9207
218
632
508
35205
51292
28944
12749
27674
35728
31788
15802
38712
59362
52723
18657
34478
2030
13231
49179
63179
45049
36008
29864
11665
25215
4972
56122
19344
41380
62015
15558
56722
58760
51429
55797
63235
55661
2442
2442
61562
16405
46246
27226
62251
28055
52102
7232
41429
42156
13939
29343
36374
40284
53877
16726
25081
55109
64920
29012
63721
5089
53981
46562
60136
8026
22160
58128
65070
25325
3351
25163
18388
55480
45545
47935
8323
63899
25646
52912
13751
21205
61127
60309
29685
49297
21192
38599
1487
22363
4664
29440
41680
48269
8857
6175
14950
54682
50149
15307
60945
18426
28690
30850
22273
33913
41425
10145
40182
21453
7177
17446
16387
37481
35364
27520
57064
7155
9853
63633
45196
50453
18123
39062
9448
32588
2221
4979
10059
28289
20937
28508
30931
32838
24263
604
18864
63450
38680
56949
47490
41679
25958
9538
40826
9251
11938
17121
8921
11712
2722
31038
39954
37084
16936
42611
60376
991
5061
40855
47699
19753
32717
14700
16289
43545
45234
59832
45128
26265
12806
36983
6023
57326
7975
5337
34364
11649
34982
58164
11230
37141
55016
4906
44147
33998
4196
18557
25793
51985
37514
49934
63224
348
21760
31362
31072
11142
53330
19291
2779
4020
14218
4666
53894
34186
11177
33221
18954
10865
28715
19106
6252
19629
63459
5186
53743
17953
60315
48487
25474
27782
55149
56638
57322
61220
4884
11325
1812
33236
61901
38533
62330
38216
36864
24151
37807
46098
39245
33743
26841
18269
62984
49293
30937
59207
1850
24894
16836
24448
5654
34635
35338
22434
11348
18558
37818
8664
55727
57816
8481
631
10077
57669
42060
53435
27335
596
8913
63706
17128
34416
4122
39298
41343
43891
40644
31303
4851
42521
60412
61332
4595
49844
30717
23763
3407
37129
26139
17498
19347
49873
25216
47976
34273
1885
49214
10969
4224
56131
61485
26201
13228
58903
28781
8533
6436
28941
62136
12828
6565
63941
40872
19179
51383
23938
50179
53902
37029
57245
48809
26481
44573
11680
23717
9361
509
62332
31292
24277
61560
31093
32858
9971
41505
60337
42145
4096
28289
41359
43129
49415
18938
13577
13627
38133
37582
40414
61832
31528
10742
4310
48926
58677
49393
50714
27686
34032
38397
63548
38532
5295
24446
13995
6899
59272
40850
45540
1330
57659
43581
9697
664
48045
42427
23413
19509
15503
46604
59040
53689
43736
16297
58242
6255
57405
34260
7770
2456
39007
30183
52887
1004
36022
7894
56416
29217
56414
43627
14906
39367
27222
58423
24881
2687
63491
54890
3688
58735
38990
11819
61065
13433
35692
40866
28439
27244
58216
43298
51994
36284
43942
34840
62362
35073
234
21132
21596
52819
47759
8257
11148
53174
2737
62499
148
33878
943
60536
56525
36415
9901
17274
7634
51199
48507
9082
12904
1268
26878
35567
22958
1668
29726
57536
35911
3377
13381
56527
61557
10913
19940
45093
369
62472
51666
40154
31670
21977
25504
2053
16540
39985
22409
25037
32647
60675
18119
20035
45370
17139
38480
54012
58218
28146
16813
37228
49230
40915
48259
19720
15426
38865
29792
27590
897
38715
45899
3659
57115
53163
13714
36069
38407
8373
9865
17349
40564
45409
11958
28604
38021
15589
48344
37448
45520
34728
29583
47966
46702
32547
16490
8954
3955
16904
51182
56026
42596
62369
10634
58601
25806
46664
7700
58736
29390
46585
44473
4308
63343
58666
58454
23852
34470
44373
44339
46428
21011
11471
45481
12204
12215
28880
55484
50061
39700
1738
29120
49576
4621
33315
46588
423
62299
64912
57939
50492
40237
24589
35947
20079
2315
34915
40083
56090
24084
40659
19295
42722
39383
32203
9040
49699
42903
18357
60964
20399
39178
62296
7024
41496
44053
63972
60389
53920
46811
39391
25268
23164
10990
49638
63459
12995
1247
55742
32218
10388
44626
38486
41956
1208
59262
46155
41546
48392
4353
48011
25880
43021
24668
39559
55149
57201
22177
58847
57885
37284
38332
3238
27624
428
4584
47141
25610
39807
27527
7717
59990
11801
41364
30921
30641
3069
30309
64090
24497
12732
49483
48379
7317
48438
58784
38834
58574
57805
44761
19584
22143
7955
61007
45093
35712
30161
16672
17958
12400
20856
27163
18920
2451
44906
24373
7200
65025
1342
7738
5532
61726
22081
22672
40420
45451
60764
46921
4095
6919
47027
34764
61954
4602
63054
1209
15829
64601
5645
8838
7633
49513
40045
32929
51437
20886
29935
8304
51032
15240
45889
49228
39234
2579
25269
32654
16198
3916
49303
4532
60231
5814
33155
13009
18571
54342
26690
28887
35438
6625
54776
62170
39835
38484
31517
19094
48404
53516
2631
40681
54536
34668
50095
25738
10317
16697
20347
56871
4713
64801
48647
5705
12212
48928
51313
45563
2296
35989
15634
14425
41723
38421
29006
59068
37863
4441
18067
54167
52850
57916
47711
29582
5616
12287
450
48626
57155
24052
275
48583
38312
2857
21936
38687
56859
64598
3341
7156
19712
31984
39183
63318
52490
14386
14501
18956
5682
56082
62012
63670
42665
49217
57131
58698
6366
42514
63051
2179
17039
65484
55719
42547
22470
26829
64147
41685
1712
36179
27833
35183
4718
56030
38488
43757
12334
44928
49964
37102
22467
46943
12185
52983
3289
34676
26988
45081
1989
54296
11273
57369
55593
45576
28824
16017
45132
41589
21617
44187
13811
14113
60247
55699
55922
8812
52076
29582
1087
9979
12964
41678
35640
64486
38355
39818
34853
3603
16271
57312
27717
15177
7817
16135
13685
27681
35532
52711
16325
39785
16120
15881
26509
22386
3645
46408
268
23169
5968
41300
37914
25644
56034
32825
41654
19781
39927
14924
2210
63464
46057
50668
13854
3845
42775
47237
63085
5257
41911
15251
56386
32344
11693
54158
60651
58274
52704
12296
18942
7894
37915
8758
12622
14390
65193
54537
17984
4779
64260
38377
46421
39165
6447
16188
20632
41494
11127
64599
28904
62326
19791
21895
59506
14765
12025
12690
62707
54920
29762
38243
2915
1129
9322
4235
50868
25358
10110
44015
38648
61000
34623
14821
52446
37677
63013
29281
50007
13415
51842
43389
54546
20864
51409
44872
62365
17865
57698
32747
14736
1960
16508
48969
1691
40453
16580
52531
30762
28251
48155
61751
29860
5263
60413
64374
22371
27246
33189
6593
58044
33317
28447
47637
48435
18464
5502
59571
43093
13288
48497
63847
48255
63509
64690
33066
23813
33234
57244
22029
14901
8256
65023
28410
37781
8970
40395
15630
58341
52215
360
4260
61643
17431
49315
45301
16154
18973
11557
64746
60098
50431
4540
32980
32006
25942
7095
47688
10888
62106
10331
17433
65193
27491
61148
31491
46775
65457
25900
7238
10235
15981
19473
33348
16735
57085
56277
60236
19779
37402
50301
62369
45120
42662
31768
38661
11952
54
6354
52076
58014
51242
44099
26460
2098
942
33839
40210
21139
47866
31540
45582
20747
22577
13150
24527
5963
11662
25196
28341
2273
16502
47874
26971
61531
27990
56039
979
1614
18783
54909
16257
3685
6227
19678
8946
42436
831
732
13572
45603
31687
33965
3528
41900
36629
55633
14095
54131
14752
55504
47799
651
64770
3570
56664
25082
45468
3018
42753
48612
19924
13664
58557
1416
28561
52705
20018
22603
56986
46018
22015
16582
8774
35131
63651
708
59463
1575
9019
16002
22221
45595
48972
57539
26143
51149
43963
25605
64905
9760
7643
21078
61869
21760
5579
40613
55552
8201
4298
63711
44292
61452
13448
9669
712
42509
26517
2752
9046
30537
43207
39787
64965
34156
30735
54152
46714
6079
64600
17958
25942
11896
44756
34261
25300
55900
64797
45434
1838
60675
33683
60249
27486
39656
48119
7718
26959
28662
6823
29619
827
10091
10306
36091
22132
42332
24545
31036
37395
48596
49511
16739
24967
31409
6338
17178
46591
11384
64096
35700
12465
36111
49426
41384
38037
56797
6568
51072
34362
63632
22704
56043
20016
17049
31948
329
3502
27780
29659
50610
47661
37629
65247
26536
35039
44243
48841
9614
31522
