-31073
13561
-10067
27950
9269
-11434
32251
-15330
11612
-28440
1001
-3122
6757
-8748
2275
-26587
-15022
-24494
6388
17827
11877
8814
-29770
5379
6311
-7277
-27986
-1333
-4773
2561
-31379
-16948
-27458
-18654
21743
10373
987
-18828
30378
26395
-5723
11656
-28371
-1650
-30991
-17542
-7376
-23774
-29078
12581
10678
-31178
-12919
18886
-10313
-1057
5776
-15397
-31795
-5924
-23169
-8054
16468
19992
16204
-26170
-23905
24662
-9369
-20773
19250
15070
-19635
10403
-31307
13294
4824
-5263
-30872
-29001
18759
-285
-22492
8819
15934
18709
-1962
-1982
26598
32366
11453
-20338
-24114
-20080
32748
-24765
32069
-15916
18615
24533
22328
19264
-25136
-8814
-16875
-25085
-8091
-6412
-11574
-23328
6785
20568
20386
-6990
13084
27794
10579
-23413
25669
12734
-30669
-24264
28040
-10164
21097
30470
-30649
7212
20729
-4050
-1745
-24888
-12337
-16148
-10917
-11461
-19952
-16515
29397
6393
7874
23682
22126
-5859
-12246
-27318
27278
-7046
-971
30130
13601
-9047
-21098
28538
2565
-1753
-7136
-21380
5306
2778
26839
7718
-3361
20621
13769
30270
-32436
23278
-17495
-8232
-12588
18570
-14995
26479
-26216
24703
-4497
-9666
-3297
32715
-19860
14730
-2324
21784
-1821
-12896
26820
17838
-13999
8294
-14846
29326
-23861
12354
12495
-2498
-31455
-9789
-11917
2788
1734
27108
1772
-30973
13541
13382
28947
-28992
-31574
-16124
-16248
31437
-23544
21597
31426
-2603
31008
-27316
-22146
-19574
3656
5602
24678
-17197
-22558
21488
-24382
-12920
2462
-26971
811
-5270
12945
1560
30515
30003
-23385
10749
31505
27532
-11256
26366
8562
-30489
26263
829
-3175
-13767
21500
-3066
-30341
-10735
-27735
2696
23337
-28779
-31582
10467
-8599
-31061
-13011
-3508
29779
3517
28463
-7696
22270
4978
-28596
-23119
10014
28944
-7187
13737
-24729
-11384
-21912
5613
-32226
6616
-21488
-12114
20963
-20636
22368
-3421
4525
16382
1186
16138
13881
-13412
-32677
-14941
-10050
-21699
31187
6984
17263
-31861
6172
-19948
-18940
122
32467
30176
-30908
29596
26113
-7309
-18187
16050
-16239
-23725
11123
-24986
25395
-14908
-6297
-14544
2866
-28827
3556
-745
-8118
-15303
-19608
-22127
14599
32042
4637
11104
-14527
14197
-30899
-27379
-26792
6870
23694
-20219
17701
-16258
4559
30205
-2645
-22352
-9779
-21075
27396
17421
29431
2227
13731
13203
28693
9091
-9268
24612
-23672
6461
-15350
9577
-57
-29751
16505
-23286
-12421
-25155
18186
21729
-17939
6212
824
-31875
-7691
27978
-27004
-9571
2508
21244
-21
-3757
-339
4444
12277
-7231
32368
32538
-6529
21878
21999
22162
7815
-21217
16003
490
30086
3766
-21012
2857
5195
-15010
-25150
28440
-21370
-17005
-1920
2645
27267
-4273
-10325
-12395
2570
-10152
25615
1732
25132
-25130
-13964
-14229
25297
26141
-15846
-24456
18687
19817
16085
24546
-22783
-11746
31006
16672
-496
-13290
-10452
23935
-29397
-22595
-12405
-4236
-3462
-2467
31913
18892
-17114
-30917
1481
2316
1366
5792
2959
9569
-22234
-8665
16210
-19430
-15966
719
-4987
-1311
3657
-3495
24010
-13306
-31934
29578
14601
26832
2361
-30992
6003
-4077
14227
7986
-2895
28227
-16480
-24439
-7734
5004
25801
12191
28278
-28507
-21511
-14025
15825
-19262
-4923
9357
10156
27088
-28140
13995
23181
-4027
-3335
-447
30548
-9634
-9731
-25199
6404
-24131
22330
-8492
6572
-796
15019
-21222
13764
-9245
23487
-17938
6239
-23620
-16806
-30090
-22284
1225
-5475
-1526
-1858
27787
2445
-6702
-19106
14482
24699
-6488
31972
24736
32032
31190
-17494
13366
-7449
-15779
-10650
20766
-19753
-3697
-16788
-24058
-22206
-20151
-1150
-22894
-28319
21416
7277
-2976
9994
21673
927
-14135
-14159
31128
32602
-26317
30506
-8617
-7633
-19912
-10042
29020
6720
23677
-242
-6009
-23448
10190
-23445
32249
-2790
-29678
13081
13347
7776
27999
-5122
3461
26370
-31183
-4377
-31533
12032
-26539
2809
-2234
-6110
-32636
-2774
-11393
-14184
20560
3212
-2473
-29775
-13177
-22986
27147
15462
-2909
29490
-8756
-10049
13007
-25046
607
-25969
-31360
18393
-19459
13979
25815
28929
4921
664
14149
-7520
-23753
-1893
22940
-29846
-24211
-22829
-5587
3401
-15102
-27736
-23578
5037
-31725
-22595
-14245
5293
-8913
10414
-19575
6079
-6525
-20694
-29983
30882
4427
-10209
-16286
22743
-2025
-16350
1847
-25888
24843
-16627
-11085
-1453
-2619
20120
-26607
-17235
19680
-22618
31619
-30902
-28157
-18053
-8618
4331
-7021
18780
29698
28521
-7830
11825
13681
1023
5608
-21784
29885
2068
-12940
-3760
9970
1923
-31073
17863
23298
7604
-30403
29442
-25770
-22684
8408
-1877
-20555
-26115
-8865
31868
974
-12797
-3684
-11127
5671
-30124
7556
19378
32486
3498
-18432
2723
11625
-24967
-18412
-12807
28318
-180
-22712
17496
-31870
-3128
-25639
5063
6174
-8347
-28356
-25500
23699
21250
-15534
-582
-9156
22390
4342
-22506
2050
-23150
28809
-9858
29536
3499
-380
16271
-2726
-17986
-26984
3399
7253
14549
20057
-13899
-5391
30422
-23497
8286
-2857
11961
21949
27805
-28741
-6674
29136
-8198
-10329
-1605
5728
-14575
9106
18106
-8465
3487
-10017
9429
-25044
-19105
-13179
9322
12300
1113
16847
-21540
-23633
-20163
-4115
25969
16441
-31058
-18968
12802
27465
-24196
4614
15365
32042
9549
10945
-9801
26346
-9208
27011
154
14831
17695
-30523
-13323
-25027
-12822
25290
-26486
19998
-12701
24496
-1107
15395
-2274
13904
-27771
1129
-31376
31947
-24200
-31087
-16553
18406
10765
18760
24289
-28482
-23738
-13981
5046
-5955
-11538
-30744
19304
202
19090
5732
29236
-14849
-32701
20835
18899
4811
-20674
17
-7747
-16666
-24759
2560
-8690
32063
-3899
27134
-4847
16776
3469
23358
6505
10932
-12507
1388
6528
-26024
30544
22575
-28606
2660
9086
19003
-26878
-13624
13737
20663
158
-1092
16195
-29274
-22167
-20821
13269
-3240
11978
-10978
6840
-15843
-8751
12946
-25338
-26970
18098
-25800
-26765
26258
16009
-2307
23391
-25741
2194
-21017
10926
6973
-11472
-7504
20885
-24409
-10081
-30030
-17340
-23741
-27187
7726
-2617
1910
-23039
-5315
30835
-6872
24702
31506
9078
-9701
11951
24276
-12895
8686
-330
7213
-27733
-5320
-28200
-5951
17912
2850
-4546
19721
20214
-101
3588
-20483
-10962
-25174
-1982
-70
-23258
27444
13967
12515
-18248
15310
8958
-16810
25046
-14493
-4675
-30366
-2949
2268
21909
-29382
-31997
-13411
-23462
5879
4301
9307
22529
-7344
-8595
4644
18825
-32209
-5940
31420
13039
15612
8427
-12437
19783
22642
14986
-22980
-5165
17523
-10765
1362
700
-27700
11978
22148
-9092
29575
-14034
20227
-3842
-3391
28895
-8411
-22664
-18760
10594
16501
22054
-3454
-9981
-25607
-6249
-19351
-26319
29150
31544
-3193
-27152
-30069
-21456
29747
30568
-17023
24239
-26364
28541
-313
-12116
-24243
-2500
-16863
17288
-7193
-10609
7988
2238
-22369
-1286
-25407
-14900
-169
-3565
10564
-28289
-1383
14675
19309
-7189
-5484
7761
11985
-32328
2269
-21533
-25418
-4741
-2623
-31191
24552
19959
-13009
31038
29588
-7230
17986
30549
25072
11381
3019
22959
-31913
21523
-25834
9981
-14772
-5004
-523
28211
-10335
31022
31905
-5932
7785
-26460
-3647
14488
-3895
-3175
14080
-21141
17029
-16586
-17380
-9667
-28305
-20302
-11474
126
-14345
20421
-1886
-30347
-15707
-1315
-15798
-27227
20770
-4582
-605
-11236
26939
16190
-3446
-9547
6064
-16462
8022
-12032
-12676
26587
-2976
-8633
-21208
-19681
-19170
-11686
14093
-31775
23347
-3040
22109
27363
27349
-250
2758
-1557
22082
-28337
25530
-27812
-4863
-26983
28599
27053
21147
15174
-621
-30509
17393
19716
12456
-8388
-9884
27051
13594
9568
-21741
-10905
-3088
30833
-32753
-27150
2570
31711
28108
-7621
27627
23168
-1968
-13158
-3245
-32646
15434
16716
-26070
-4513
12034
11443
-15694
-1090
-25644
2887
-135
13890
16632
-5845
-2925
27420
-11811
1471
21790
25592
30595
-13515
1449
13041
18025
-29846
2710
29448
-9
26309
26675
19003
22639
1917
-2638
-17738
15394
-24570
9291
11005
-14972
-16157
-22573
-15999
21
-5243
-7285
-23330
-26272
-28084
-1327
-8267
14796
10290
2260
-8495
16014
24936
20522
17630
30064
28017
-7463
11280
11148
26833
21447
5887
12036
-13946
-32751
31692
-856
3433
-13407
4851
-2353
-3129
28648
9803
1908
1993
-18203
-11287
11880
-22151
1155
-1551
20603
-16403
32704
-32255
1207
7347
-28610
3125
20548
21594
2339
11075
-10292
-17120
-20965
5792
-20821
-29437
-5540
18843
28092
-28268
31124
-4962
4182
24421
-32059
-23062
17196
-11483
1036
-25295
-1103
15647
-22741
2785
20101
-2016
8755
-23237
-28417
10888
3803
29627
-15494
-8974
-23797
-612
-11493
16810
-12558
19661
-18509
-17104
31561
5014
28382
19337
-25767
26773
-21573
23148
-20363
12482
15799
-22165
29794
22175
13690
7392
20115
-19487
-13368
-22755
-24551
-17737
-31341
-3745
-23883
29716
-1346
28248
5262
5419
-13544
-21877
4279
8632
-20948
-3663
23966
8459
-868
-30157
-28609
42
-11082
12576
-16836
3919
4858
26128
23559
-20835
6453
10448
-2789
17124
11698
-21693
14009
4446
-1740
-18101
450
-21394
-7209
-14024
-15723
25657
32082
20693
21105
8278
9475
-16429
-12102
21796
-4639
-21307
-22124
-3497
-14093
31161
6871
-8483
-20711
22947
-3357
-30339
22987
17570
-29214
4680
1771
-13264
12459
-1865
-15072
-17710
-23894
-14079
-7040
-2240
-28282
4268
-6917
16082
-25342
8853
-21628
25316
-16239
-23791
-29915
-13078
-20241
15508
-12567
1666
-392
-14726
6874
-7776
-18500
-18855
-31198
2747
10266
20681
-6550
7770
-31189
-27842
17112
-24348
-13761
29978
9811
24853
32711
27534
30774
-26396
-15643
-17441
-27353
-3435
16988
12688
-3071
-11742
-4264
10798
4708
-26780
-7128
-15250
13026
9893
17434
19700
-13733
18732
-18925
-14227
32457
26580
-12986
-735
12902
-3778
-2838
-17737
4072
-15510
-18367
597
429
6476
7135
7613
32294
-26345
31963
-10176
-8323
-25506
8110
-6100
-4622
-10477
-31966
-18194
-4454
-29939
4818
-26339
-9622
-24409
-11690
-11007
14905
-922
-31950
-769
-3274
-22235
-7679
5231
-4927
28763
20064
28674
-27508
-10406
-2024
-10386
10323
4823
-22338
-9851
26164
14011
13565
-26708
-22499
-6309
-2888
-385
17925
415
15809
-12395
26402
1783
-31998
-5615
15300
-30543
-24575
4355
31063
-22896
8855
9385
512
-6334
-12847
3183
-31802
-961
21736
-12460
2165
-17715
-15962
-5087
-18846
-22528
-5984
-22822
12530
1327
10562
-1235
-1772
-7083
-14436
-12203
26620
-3225
-5277
-4063
4816
15908
11716
-9425
30587
18580
3677
20347
11905
4469
-13878
-22999
-27467
-26143
-7158
-9464
15835
30595
-27325
-30328
-24665
11431
19587
27887
18591
6063
-21976
-26090
-1655
17276
-2061
-13553
376
-3024
-9943
-25006
-18959
12315
9434
-1619
16863
-13950
29774
-4317
17409
-9760
-30024
-17610
-23251
250
9896
1557
32298
-21635
-29899
7258
15414
8749
29633
4803
24631
4027
-22921
26767
-19037
-24860
-22587
-22766
-19667
31608
-22984
-17505
-14513
-641
-18913
17929
30225
19676
32650
-17626
-10827
-21911
27297
31490
-17872
25096
16901
-11267
14490
21423
-1325
-15934
15838
19190
17409
24341
8080
6593
-19766
-24001
12837
-24448
-12468
-15260
2177
-3914
30711
18310
-12855
19414
-9820
-845
-3124
20480
-30735
-32142
-16474
-24780
25924
-4750
-13678
26515
-13279
28893
-4258
-31908
-10256
20516
-4241
-17085
-14929
-12276
-3015
-6223
-5810
19518
-5450
-12606
24871
-13909
-11830
-29360
-25766
-24060
-11805
31259
11211
-23536
12843
-9866
-24390
27946
-6030
-32522
-15630
-20186
-30331
12064
-24980
19851
-16185
13048
22960
6492
24218
-21826
26552
17602
-24894
23839
6935
-5153
-7792
-32452
-2729
-8125
27127
-10970
-29003
22612
4923
5533
31846
6487
13145
9286
24337
-18883
-27863
-4548
25915
-16087
31864
-27526
27581
-21218
-20493
59
-22720
-7491
30932
-23070
-23260
23976
5486
-32106
8069
15881
-13612
-32750
18003
-5925
-7889
-30692
-27115
8667
-23808
-18473
-10551
-262
-17160
8198
29552
22410
-6448
11077
19061
12684
-11642
8814
4197
28507
32576
6724
12554
6459
6736
27081
-13928
-7760
-20065
-28423
20400
16113
12571
24134
-7281
-22018
21745
-11141
-5154
21561
-13662
8333
15473
-10417
2409
-7553
-14971
-27640
-6141
-24983
22685
8538
3331
4590
8242
-11821
27289
-19372
20369
-13864
27769
23715
20868
31135
-26079
18899
-12672
-1448
-17238
15108
30657
-24357
3673
2078
15521
-7756
26355
24237
1793
-9990
-4817
27697
17417
-14618
23999
-11544
-5031
-9037
-12067
-13596
-18972
-139
20728
23765
9392
-2771
-6981
30766
-15782
-29814
20171
-2251
-16025
13235
25893
10623
-4022
-17419
-5424
-20654
30673
17698
21259
22819
31908
-17720
22474
739
24217
6750
-9130
-10498
31892
-2157
-11269
-29279
24696
27805
-20584
-5980
-32031
-5987
-28573
-29504
-852
-21377
-3534
27286
24928
-3707
-23495
-25099
10044
3893
-11692
-6729
11595
-12882
-32073
30109
-11287
-9891
15516
-24091
-16156
15855
26900
4456
23336
-28278
-19735
-12491
-13913
-7179
-30321
7692
-8296
-24013
-7303
17253
-7951
20484
22443
3184
4776
351
-21679
17046
1219
12130
-29353
-32399
29700
20569
4728
29732
-26025
-24501
-24034
-11140
-15271
-10698
-7977
-13796
-16984
358
-31999
28741
10536
-21569
-13762
-23664
1541
-15648
24139
-18341
-22406
-29226
4996
11261
-31065
-30349
-4938
25374
-2794
18915
17768
-24698
5550
2997
22087
-27128
-18747
-32226
-20296
-31331
-22657
31215
4367
-173
17513
-2165
22100
20900
-3471
28237
-24993
-20506
28298
-30938
17987
-14705
16790
-23155
24515
-12931
-26633
28814
25997
-193
25612
13418
-12763
21601
19308
11336
