9358
-4001
-8422
32197
-23745
51025
20274
7664
-46019
-13927
-33088
34137
-905
-14142
6181
-49386
9978
48287
-27987
13241
56761
-9351
-33427
-9825
45761
-2961
-32552
-7037
-22112
13241
-54740
4699
-14949
-42759
49653
-13179
-7462
37623
40574
-10285
27933
-17911
-12139
-30884
4019
14869
23013
-4782
-19336
-24954
-13458
40628
50324
-42923
12372
25700
-24612
9818
21910
39211
-48666
23613
8288
-2440
-23088
11309
-5755
8256
33626
41876
1678
35652
38764
-22988
31528
-4426
47023
27427
38881
25202
-27855
44888
4019
20527
-10486
48571
3839
530
33781
-11595
-35026
-17503
-7962
-39218
41812
27444
-7576
-6447
38840
-23802
4010
-51599
-5727
25945
-13245
-14796
-2539
-35901
47965
-33081
44572
-13772
5044
-33797
-26762
11464
-19289
-35155
8671
-35595
1289
-17362
-21612
11754
-17072
25294
4191
-42267
-2573
-27644
7103
-17746
-29615
-16142
34720
-890
-30668
-38097
8101
567
5946
14153
14200
22642
-40560
-16547
-26892
41043
16644
-6288
23101
-2183
-1594
18036
-22161
-63804
-3019
-7398
14371
13583
-9530
-1229
1406
-32261
-40664
-26021
23208
-19654
-21866
-4685
-1794
-42683
31975
-28563
48222
-9898
34724
414
4625
37436
27849
-38580
34503
1046
-25081
-16346
16268
12756
60774
-20261
33228
14129
2692
-5639
-23669
-2984
-26227
10178
-25840
23777
1409
-11093
33216
-61310
-13454
-3606
-2094
22510
4333
-14473
15663
45377
-15893
25452
-16732
-10780
2485
-6054
-17333
-4341
-36623
60589
12641
-27859
29527
-2979
16746
-25502
18493
-3396
11508
20990
12397
-3440
16303
36675
3152
-49819
-16664
-20663
-34254
11513
-41245
19165
-17998
18906
-44072
22760
48496
-12688
-25162
38146
22209
-17572
1880
-2955
-3649
16568
-4752
14787
-14952
54580
11933
17283
-3383
27069
1683
12111
21687
-31401
-19308
-13289
44951
19458
-37412
51666
-41652
-24884
-20425
-28008
5030
33537
23376
15747
6957
-27448
38783
10271
4318
28854
45659
-18033
20567
-22539
49432
-17695
-36586
41146
28376
-15304
-21924
41040
-6777
-4995
62709
47640
27535
-32295
8459
-49718
29932
33179
13321
-22627
33075
27112
-50045
49447
-3216
19963
35532
29716
43717
14748
20354
-40180
31510
-33031
-9645
-31240
29924
-1371
25265
2587
-4104
-33518
-46485
-4988
-8900
-45084
-13941
10751
-42054
-32182
-41244
-26088
31833
48588
26203
-15565
22488
-16476
-20818
-34246
-41194
-26135
-14167
26274
-41977
9116
-25293
23308
-12106
15489
48063
-11144
-50593
31874
-5412
11277
31667
20657
-1804
28195
36779
-52780
-34808
-13224
31549
3436
-18307
49974
-9750
-7812
54702
3661
37132
-41035
-683
-33822
-4251
5601
26460
-33319
-26428
43051
-7663
5426
-29333
-13450
37152
3624
7172
-7499
-21510
-4213
14863
20014
19316
39993
14070
-26347
-7915
-26098
-50012
-5724
-9916
13815
55383
30177
-20167
-42746
32377
9947
20172
-9392
55654
-17100
33861
-36023
4478
9822
28135
12162
-4190
-7306
-2302
-25036
-6142
-4383
9444
5266
-22545
20872
4820
-5773
4646
-21150
-2993
49683
-9362
17102
59468
-5813
-22582
2522
29049
3572
-16439
20927
-37160
31978
988
-1742
18632
-15910
-9121
56208
22167
19026
-27173
22289
-17189
38975
-4998
8180
104
38469
-9817
34314
8032
4390
27304
-43041
13419
-50090
10053
12619
-35076
-7788
-47889
4510
10012
-1198
11352
18546
58825
23607
-33959
10851
-32181
5052
4032
-40542
19620
-42620
52004
47891
-30175
-3884
33832
19008
-9118
19320
5706
-25380
22891
-10722
31237
39664
-37077
-38856
-49446
39338
8396
-22004
17630
-27171
-26134
-1619
61516
7833
-832
-30023
-41897
57915
975
7665
-24793
25046
37906
-8232
-14849
40044
41915
-4894
20242
29573
-18896
3658
26097
10899
29412
21247
40496
-31507
-2615
-12273
15830
8951
-12275
30495
37391
-31470
18079
22480
-19074
-31433
-9115
-41019
34532
-1810
-20751
-27233
9952
-37700
-31942
-4561
-12315
-38501
46063
-10426
-20564
9650
-4029
-31924
-7104
45502
-34320
30462
-32752
21395
10891
-15508
37801
-14436
11357
-6553
27485
-1395
24138
14346
-42125
-4241
-29053
18336
-27563
-10610
-9060
-15047
2474
12808
-37452
-16055
-10999
-19856
-58462
-6169
-35154
-31195
7004
-2176
24848
-35376
35595
-2055
12701
-14320
52711
15717
37587
-11505
3923
1211
-3341
-9787
-26259
-17109
12775
-30858
22826
52608
-35737
3537
-23146
52999
28585
-15201
-4977
9025
-16377
15889
52373
-32754
-30590
-1944
-16596
-64
-48369
-38676
-44974
6475
-14735
-7558
5922
13821
-50183
-1218
17379
24213
-24669
19778
13197
1908
50553
-14045
-28351
11091
-2549
10336
5006
-31256
13861
-4868
2628
15085
28669
-7732
30964
2572
-7916
32852
-32408
-48154
-13612
57086
27586
7064
-17278
11901
-45639
-37564
12693
25014
-3709
-5515
-25093
-47383
-2183
46910
16502
-18804
-8087
-61445
52290
18348
-31868
-17341
-24029
7890
4791
37476
9469
-2956
-27728
-37994
-17562
26628
17789
-1836
-8863
37207
17851
12309
13525
28019
-36865
12218
325
6139
10699
-28777
-18585
-6767
477
-16523
-63847
3803
1692
-1707
-23026
19594
13551
18061
59067
33062
-53384
-28069
31670
39517
-56506
1959
-27120
4737
-25658
26367
48684
34091
11139
-26514
3893
61509
-26065
37222
-32657
38497
-657
-34479
-47397
-3141
23418
-17448
17225
-28
5776
-39255
-38067
44428
49930
37432
-42555
-18965
298
-22029
-14766
-33545
-64630
-9899
17217
32456
48794
6871
14615
-6775
-43604
6703
-48203
4856
-3502
-18304
-8909
-30896
821
37808
19251
-13158
-15677
-5013
30782
-30160
27362
32045
-38561
1597
26866
-1608
52709
36124
-10167
23948
9107
-6495
6994
-6406
12141
-5704
-18673
-14845
-20446
42980
-29635
-13943
28281
8959
-15210
-20155
18504
-6173
27618
24871
-39491
-32626
-1169
19614
83
15434
4210
-11278
-14735
-4296
-34682
36458
-35237
32477
3238
-43534
62061
-5875
29506
23928
29694
13002
-23270
-430
6523
25683
-12939
-2968
38881
-19303
-40175
16561
-36909
-34683
-5129
-34582
-8227
-3040
-19309
43215
8890
-1277
-3052
-18631
23911
-40530
-17664
-14022
-29071
-10026
-51310
37420
3665
18328
-3091
-4664
29350
6885
15825
42142
-32867
25907
-3851
-12981
-6883
-21014
-39938
25423
139
44903
-22624
-45014
33197
14356
-19949
62504
26745
25151
-1729
7779
-19006
-3529
-38234
-32263
-10659
26591
21261
3852
5254
-38442
50965
-12413
11974
28963
12733
44144
13600
32861
26040
-1021
-18014
-23077
44006
-10648
-17551
-8367
-6349
42726
3277
-2413
-6362
-58622
-42217
35701
-192
9189
6039
635
-43265
28182
40918
-45061
-38516
6406
-49724
-25264
-2293
20962
-13881
-1533
4505
17239
9239
52621
23356
7262
-34403
-20921
-21762
1362
41319
-16010
-30200
32605
-14237
-4225
14686
6440
-24853
-17854
-42376
-16911
-627
-6585
-39521
26019
28912
21097
43018
52904
-11771
39032
51121
1788
35343
-41556
11276
52801
4229
45110
2312
29028
-41090
-26127
4330
20719
-34834
6224
12566
-33073
17036
4369
4993
-10157
-40493
6438
-37064
31051
24131
19893
18355
22858
-26954
-7316
-22198
-4070
-11204
60794
-25306
10861
-40323
43725
55874
41657
-34326
42900
41008
34697
14180
30766
6890
-8687
790
-11560
38561
37236
-9688
16417
-41391
-17201
39358
45602
-12644
17479
-52880
51973
18881
-29188
61744
-32179
-10908
4834
-36456
37355
-7617
36024
-18929
-41244
-20951
-10463
-2824
13633
879
-6325
-21001
-1540
39274
12104
-19783
-44639
-21043
25367
-41146
-53946
41464
12893
28606
-45890
20237
-2868
44634
1927
17559
-37842
-24348
-45053
-14916
7882
-54105
35115
-20398
-2878
36462
-5657
2098
-40119
-20102
1749
-15736
-12085
23594
-18497
-25364
36290
42754
-1388
8938
42363
22800
1874
-25359
17343
-7817
11442
-1485
7196
-21501
-29374
30529
-11185
-29947
44967
-15512
30943
-17688
34968
-757
15780
-4468
-12378
37251
-41187
17950
54178
-23524
-20494
-1901
8232
2022
14628
4644
-23490
41083
-11496
-15359
6748
-27735
-20694
22536
9523
20737
-2869
-28101
-10290
-10359
-44972
32808
-26177
-5226
15807
-52453
-58515
39400
26205
-20113
-4186
1852
59120
-39217
-12704
-52772
20666
46885
-19043
2966
16254
3684
-28640
-38557
-4192
1795
8373
30246
-4958
16844
-12473
35446
40683
16518
59237
-2381
-15429
5418
26200
-3956
11082
43114
29400
-7597
905
31078
4189
-23067
6726
11808
33430
10131
4631
1474
-6704
-39559
-36260
-27708
22594
-8545
47953
2600
-58308
-35804
10848
-4308
3291
17640
7084
17201
782
468
34256
-2317
-21442
13590
10553
37888
-40039
-38907
-38863
-33415
2492
-47426
22244
5466
-38850
-26261
36861
10124
4665
24485
-17344
-17829
8185
-1113
-2285
17828
-24519
5807
50177
-9977
-35249
-19381
34425
-5197
-11948
-8694
40010
6842
-13451
-29707
51146
-4805
-10159
7297
15018
-1332
8819
-32308
6808
-7744
55206
43716
-6078
-23546
50278
4297
23328
25308
19620
49233
35819
-28241
10319
6366
-56187
1914
46022
16947
-39565
44809
-33039
33108
29204
38311
2430
-9642
-6179
41664
-16538
23057
-39888
-22562
29868
-35550
9517
7158
-29266
38909
13840
-20809
21698
-45595
-16348
7170
-6223
55532
-31924
-16395
-21045
29956
-53913
12009
25488
42823
20393
-35692
40375
-44700
6743
-47632
20140
5157
49987
-19816
-45513
-34534
-43662
47247
17042
-33225
-5297
12550
17008
10795
5416
33979
-8196
-20479
50201
-8378
10500
-12040
-8385
-2728
37965
3235
33506
-23840
2433
-4046
-2056
33770
-15832
31878
21513
-6680
-33516
48600
56499
-12832
53314
8472
26595
-5357
12644
19662
36142
-30021
-44582
-13463
-8534
53263
-53111
32601
-9905
15442
-11979
41800
-8707
-34489
-43365
-15113
-4883
9190
20030
3355
40073
-676
-9246
-22640
-1408
-618
-15820
-4285
-42863
10393
40364
3634
33181
-10135
-21154
-41763
-13275
13171
1794
-6755
21561
-25326
34325
-41732
-34890
24559
9570
98
-13882
-19152
-27588
11933
35210
-26603
26422
11096
53866
22659
3597
-12365
-45757
-19474
-2977
11505
-241
-33935
-35365
-39275
-10977
45042
10331
57989
-12410
-32766
-23783
26044
-34644
-2854
-1968
50778
6645
-46708
23908
-4737
28382
-59691
-10722
4113
22029
-11260
-54418
39489
16666
2092
18387
-32836
2887
-19632
9556
-16170
-19684
36559
35874
-39060
-20279
-2440
-13669
-3836
-31398
15233
-31292
24573
29879
-30388
-41981
-31178
52150
-34961
6276
14395
47609
8237
-36271
-8835
-38754
-30945
-47250
29937
29459
-24974
694
-28718
31566
-5841
-9498
-35347
-14709
-7077
-10459
12232
-18219
44575
15326
7486
-7067
35959
23923
-21355
-612
-19813
19967
-22972
-9544
2188
-760
17618
36072
-28127
3708
15675
11536
4951
-22188
2711
24221
43055
3799
12636
-50861
6781
-5431
-5104
8445
-42661
-24128
-9118
-4603
-42839
-16981
3962
-1633
5907
42582
-3404
11531
-28215
-38545
26525
-36727
-7536
-5321
8886
35751
17794
-9020
-6649
-17871
-53299
-23666
-10477
-6253
-1059
-60798
-25021
25476
8367
9027
61421
-39190
21242
21862
-39203
5171
5194
10813
-36924
-20843
-44730
7885
-36038
23148
21361
-17342
7303
-20027
11060
-7094
-3404
-11444
6212
-32360
-10969
24970
-35612
35537
-4058
-3039
4726
13227
-15241
50979
11253
27367
1228
35599
2686
-24254
-16043
6740
-12531
7079
5745
52186
23367
43905
29776
35823
-2052
-29610
33227
23320
-33074
-38029
10149
55025
26650
15532
22175
44423
-37480
21094
33820
-8280
6226
55426
28942
-8150
-15243
-22436
-4994
9448
-22062
-16129
-10121
-27477
-44640
38947
42862
34067
12035
42825
-13771
-22206
-32872
-34861
-37909
44534
-35415
16159
-12678
-35714
22118
43184
-11391
12670
-29712
6283
-11931
23013
18846
4196
57217
-17864
939
-37345
4572
6643
-5260
-30288
-26701
-44222
41925
-18916
481
-46820
12023
-38303
12485
44488
-4399
-37252
14148
-29091
-34659
-3758
27859
-11872
-40890
35814
30888
35865
-25592
22537
-17264
-7589
-9847
-4632
-31061
-8791
30689
9750
20874
4885
33595
14971
4510
-18018
32165
23681
-30838
-13522
43848
-3561
-31319
-43122
-15488
-44590
13747
47092
-7952
8520
-36333
-4238
17711
9744
15040
-29937
-38184
47629
9735
-4218
-4129
8563
-34898
-6803
-40719
6061
30158
4518
-29258
-10240
35508
50890
-9713
1455
3587
-25095
-2120
34158
12510
49
-9432
-26522
-5291
-30175
15857
47909
29732
1918
-17746
25521
-11825
-24862
3539
20568
41711
3902
56742
-8323
4042
-41966
9420
14780
-51777
-5797
-15915
-43671
-31433
36547
-21368
25785
23213
-14616
-5828
2807
36797
42219
-47440
-18549
-21855
-33936
53067
22478
41103
52994
19036
20239
4482
41493
-49767
30978
-2856
36959
-55911
-28230
43717
25760
-7734
-32952
29748
-56635
1505
-5884
5753
37018
21731
5309
22903
17860
-18666
2090
-25049
-10306
7379
-17906
-27452
-1343
-42241
-15842
13248
54099
-1840
31769
-55033
-35415
48459
-6745
13071
-8349
-19789
16925
3674
50928
20582
33669
-2253
5131
-34675
8272
-22636
29432
9914
14591
-49159
-6065
5177
-56777
3881
-58886
28096
36505
-21424
-11809
-9283
17479
-19446
-3761
7555
5741
-5139
21756
-3068
21807
30469
25821
15897
-38007
21389
-48649
-14806
-14136
15155
-10724
-49883
8089
-10142
13815
-38296
-15841
10947
9591
-4574
48238
21989
-26225
-18700
39056
-61191
31874
-22455
14418
-21590
24848
-33444
-13602
31971
22743
46276
-5914
31964
60928
-11614
-1544
11117
-35619
-2462
30998
12401
23616
24928
25315
14234
-6859
24190
33514
42047
-31597
-17892
30286
27276
-16577
-55610
45831
4523
7354
3692
9156
-59776
-23950
-9
12682
15662
-55408
-7830
-30274
25349
11084
-45288
9938
6061
-55005
21014
435
-14879
52891
9239
-41313
-14720
27944
-23625
19428
32320
-5334
33443
52876
-37226
10381
-8932
-28759
-40002
-4898
-20669
-7978
-14396
15338
22024
-12988
13849
-1673
-5299
-12176
-4879
53092
27266
