28502
42217
57018
43170
90957
94292
26411
63030
54823
48639
80015
78674
106458
67631
78456
50193
30960
75821
116793
71413
92318
86177
89331
105347
40101
75820
114650
74687
21880
65562
86181
106996
89536
66222
25868
99656
93414
73195
66437
70365
97463
85765
5570
49957
51760
106719
78301
63090
99322
42457
17388
52323
63950
59207
79685
22847
82491
83073
51269
66329
39202
71196
62966
83847
108231
46421
69606
30292
65379
54535
33898
78898
96301
80120
63676
102299
68350
53481
86050
58805
34117
88878
74304
84274
73073
80005
61348
28706
6767
75673
45909
92056
52622
62826
112184
24941
70573
60675
120238
99363
35473
82321
63825
63711
87482
127756
70935
35148
50039
69593
79701
12240
72689
35547
57538
100063
53322
64572
124839
74173
109967
108320
1142
54711
69000
35865
95528
108700
58844
78241
70484
62862
66870
87023
54091
67371
20822
54810
42016
86538
30293
72543
11152
77538
50614
80515
54190
120510
81349
63477
101927
43713
36913
103784
46565
80044
85921
21986
94875
77831
47233
71345
58234
60434
59515
41265
73555
62584
16767
123185
94867
60489
91680
46258
62691
91313
39299
40490
71210
67848
46444
76366
23448
96783
58938
115449
36698
74044
104758
37475
41845
53722
39470
91466
82098
105372
46161
51291
98692
67779
69053
29450
73931
17328
49401
50437
63940
70754
33076
79301
62077
86410
90586
51116
52321
47356
71007
77507
62539
79397
17940
23968
15524
47607
104360
30323
101642
94695
75864
53350
100005
78173
70603
64825
58512
92856
45759
53237
48819
70787
71415
121238
95868
51203
61963
70068
68132
28655
35400
97207
19683
89844
94400
61892
43002
66561
89240
107005
56132
44177
88767
89423
85901
59071
119099
90556
117599
110697
20270
86963
85475
28124
41597
82199
50250
66196
30225
55614
43097
82635
45038
90148
90258
60994
89479
96832
35106
107600
81378
18889
98343
94518
85601
98035
75432
87958
3211
62521
111514
44806
45965
93405
89864
92432
93280
24530
62109
68796
35141
52337
92191
55494
84505
97411
59501
65062
58169
79041
75834
36933
35895
79552
95419
50287
64399
26847
40123
90912
44743
37743
56242
51935
51675
72926
57334
85159
106784
112276
50813
72435
67863
11516
48860
54811
93518
54065
82076
38035
35281
69508
89182
21605
69544
93136
79680
54145
4608
77507
57711
78051
92825
53474
118608
62795
94137
57105
102192
80500
69898
112031
41979
40725
72786
54739
64478
27662
103453
93470
66200
44403
36688
48693
83037
100622
88499
103508
54842
72264
51930
19942
94711
34325
84091
69160
58695
122008
63629
72623
77072
32160
55226
17155
64545
53673
60845
96836
68396
65888
43534
96090
97540
81004
33078
95388
39249
80562
70378
68210
99796
82295
52623
48581
44205
83835
108855
73660
81217
106508
63349
64546
89946
62424
62895
77905
73105
14738
106489
119658
56789
122199
70550
14827
27735
83365
64246
30907
66808
119869
79859
33098
82848
84383
41195
20676
62851
4731
33812
83767
88587
43020
112674
59320
68319
91528
66387
80657
106698
96390
83550
75575
87931
87801
48384
20978
38522
50883
86525
54321
36132
28101
78742
74289
45539
105627
34383
67272
85562
83962
37886
76887
73683
81333
69684
54383
11435
72957
70926
40296
116080
87288
89745
65163
20569
102211
40277
107251
48719
24494
92823
104622
84400
24574
27679
18228
46677
75065
109713
77531
68161
62944
83973
48768
15016
56159
69878
19190
55547
88956
91831
15780
98683
67057
60322
79650
96645
64041
65963
54763
75510
67184
20699
79265
19656
119046
111150
40843
75420
60830
50907
51314
38109
121725
107381
88070
49790
38884
41724
61941
105565
78007
67145
67730
78912
61476
74793
63223
47124
71936
57931
61939
70933
69650
102639
75426
37020
53479
36686
26207
68555
57398
68130
38197
70219
6127
34514
51899
117165
29390
32962
89773
73010
63663
99390
62845
68105
14357
36445
65290
27262
62309
29087
43243
61776
71972
56419
93315
78251
16114
72862
53905
122409
55615
88852
49586
53145
83154
31891
51657
88088
46738
83337
22685
6109
74076
80101
54538
79799
48023
93396
31482
70347
51541
30755
87599
88259
67444
54153
31169
68310
75569
48123
38564
62153
99212
76418
63460
114024
115723
35532
77062
88406
53647
68529
90684
85884
2564
46301
69536
104309
40388
20105
41728
51394
40526
79446
112864
63228
64229
56362
42806
50298
73950
17785
86148
81653
28566
120629
69447
29894
78512
90332
48887
61874
81577
81070
43395
57423
50905
20073
55750
49410
29693
64968
65824
26399
82390
118197
41912
35954
63897
34450
76510
25153
48497
125764
54091
25419
67474
60302
24731
80827
41346
105628
25858
25182
8890
78967
43431
48612
98986
92285
43033
20884
113213
94268
67488
64830
84404
25160
71193
50084
92604
88441
49237
68974
64169
70138
27254
54811
54243
105626
29673
48265
53090
61882
51868
80835
53723
89707
67037
101158
51127
26796
96970
51287
79781
84224
72430
32306
60169
58606
30052
81175
106062
31457
85460
45189
72103
67854
41293
42269
74391
46530
10096
53416
48256
81173
65272
81503
104729
85799
60471
98236
110522
93566
62963
8137
4795
50167
82236
87749
79999
24479
78948
77176
60155
22346
102147
115170
69279
66476
50162
60636
78297
80602
67501
66965
67651
61431
71445
40698
30576
81109
79215
57549
100572
68492
117990
79046
111453
56646
108392
113756
41282
47513
119081
18198
102911
74487
76514
50303
63232
45048
89192
56149
22743
60967
78704
80046
79059
67958
82178
109244
70170
52970
117704
9443
111412
96098
97016
34552
55762
112576
128558
87322
50873
43663
50119
105210
98634
90021
71988
98177
43358
57420
29605
54204
67059
65941
79410
96483
65941
41366
33364
29799
8653
45459
57027
79684
73071
35091
64459
94950
64012
55039
114237
76520
77318
94958
28030
66177
42603
12825
104921
80059
28469
27335
26952
50646
85908
80343
86249
14522
51057
124409
65879
98334
41070
94758
22269
69562
19673
40385
46034
70175
55965
38283
72817
81662
54628
27830
58776
78601
82732
58657
65966
101502
46150
57499
99887
10702
67823
40859
32005
71803
25828
32851
82092
97525
40809
79186
118599
16353
64585
73776
92581
38690
89613
54862
21172
57044
88791
101752
51677
35235
35643
65367
45568
57662
45867
53434
69162
14155
43785
86516
58422
102626
78120
52395
109395
55359
6660
23468
27465
62743
62101
100980
116965
51446
61243
44593
61031
24462
106595
44204
11821
34169
39764
55203
89157
41750
52267
69340
30203
15414
41877
25487
20353
50731
76268
15154
79882
55557
73927
91479
87725
31027
66356
98130
105167
81309
35022
63491
63609
73476
89008
56609
110996
69765
85445
86601
43331
70593
55432
98474
57601
23621
102873
83940
83435
89047
42147
44099
74998
52360
51722
98432
67828
22862
43364
70281
93473
72374
118742
91889
68469
6977
22658
70905
80226
88822
82046
31692
43333
95779
58685
96590
25324
75965
71728
90616
47606
35894
37407
43103
123019
96329
23649
76357
40886
38658
14870
74625
26270
28951
63983
114455
88066
85636
92817
8764
57451
42044
11464
118349
94873
37874
67852
120731
64585
35092
26631
86653
71276
69413
15954
68870
48004
79365
91854
45061
114931
83305
74777
84062
62124
66852
80025
64418
75512
46178
47742
108923
72904
43539
83662
37085
89790
52276
48569
97814
63380
65029
84484
62628
52654
54495
52224
27311
74957
92404
77557
54541
126677
49555
52854
31291
90881
77972
105009
107985
88595
44464
91774
80160
96549
21789
57467
59765
15947
119449
41101
61748
63756
109516
51248
26794
35568
63727
55306
40068
54771
64985
99422
118774
94283
65152
49001
123212
21066
109829
93207
8765
67437
63335
95170
109599
54830
93119
52933
64202
43210
62701
45222
72733
99175
71669
98531
52811
13126
96838
102801
37319
60171
66744
26362
83594
32538
45705
88688
82821
35707
96830
87881
67885
66073
70973
80330
84299
47045
48428
41825
27179
80683
63796
39847
73098
65015
3635
68810
51642
72082
9468
65845
99727
84466
23158
47364
43229
78043
76815
74011
43578
51551
73844
62534
69554
43408
55704
105793
92850
23811
39671
109764
79530
66754
30919
97211
41369
123364
56145
81883
52708
38886
62190
50703
59505
42758
40815
62688
80437
103779
42905
58949
106723
64241
47750
115499
72629
56515
23468
66334
58443
60284
85761
83683
62287
91641
59919
55369
21073
82362
84723
68535
58745
74062
17410
65875
95987
22030
46630
61759
84922
53091
39078
31473
100909
43795
105264
51838
81770
45769
61722
76326
74895
43838
54262
10029
65454
48919
53245
78503
96724
83998
69290
117929
48231
80652
58570
88793
79783
106710
59662
26222
90385
121493
92779
34960
56504
99535
81486
56351
33497
43790
91438
62403
29825
57643
67721
107519
97885
52181
62680
109102
54399
40846
47715
34690
94008
90126
76204
95632
52246
26231
43906
67300
8529
87766
81481
68266
29919
76384
72561
54157
58983
44990
56509
95766
87599
66177
125903
73739
50483
90188
41999
44797
73831
75574
90183
75003
88730
71674
27463
52008
72762
89522
74818
25482
7387
98635
51914
13794
86042
64076
47969
3333
111925
53022
102258
96352
40664
90831
82115
43585
25171
48063
69883
59945
74190
58921
74815
45496
61595
52397
60074
33180
22664
54373
56432
83612
85694
25563
73418
55506
91056
36450
58852
46007
58049
99951
31968
77093
52821
110020
46480
52961
121456
93854
94340
101124
76333
57163
74806
36488
67884
95023
49032
80928
69055
51924
25071
21134
68744
53403
30669
52169
33652
41068
122376
37072
8252
41138
95242
80903
41224
70622
82424
121918
96266
48296
56747
79506
50978
104043
38392
109857
33476
71348
76002
29695
58156
60491
50414
60085
46390
92937
25875
31897
21823
86554
51716
100977
73984
96208
14811
36317
96194
67585
19039
103859
67054
68161
15041
52666
21303
20067
81021
47945
89022
96293
17904
71451
117461
98907
79717
34480
71478
67613
92967
56027
104969
115929
86217
108482
88864
22086
24848
51475
105980
5303
99563
48871
43084
57131
92619
107374
92201
38666
100554
71900
75521
94809
79030
60504
82372
99017
52702
20783
103024
85877
87605
110113
76241
8554
77614
7248
52268
113264
57233
3865
72331
69113
42307
56720
71498
86545
79903
39832
43282
40688
55627
67176
76187
103743
77751
34701
33141
69678
74850
99508
109641
48478
88863
96022
108252
10404
91853
76886
60209
58909
128467
87570
49262
70302
30107
127258
49703
64613
94885
61517
60801
31375
79094
58683
61571
35186
104247
93315
70385
50754
74268
35616
78172
40268
80248
65686
60714
11843
69150
22018
62248
94705
71175
31418
20601
79351
82034
79757
71091
41719
24529
97357
57101
63302
73259
91588
46761
38518
41034
54787
105068
81905
123494
51429
70680
70871
43315
32993
118392
59174
27442
23065
44636
77197
53010
77481
101388
37350
72657
31281
37835
32866
55218
7152
85055
33281
38841
21395
98635
84424
79413
115621
94621
46897
20759
85995
38898
19301
78050
68433
68041
38716
69231
88404
104027
110850
21785
53617
79328
73350
47254
23608
108904
76118
104417
56846
12697
21004
58250
80564
67408
65866
58763
129837
88402
48371
37225
93929
42080
111684
75707
66311
66460
42959
93137
69776
121859
59422
85815
73074
70190
87612
48450
37917
31261
68942
76061
54513
90480
15820
16607
72337
15849
60586
79577
28751
99378
42887
93417
35457
31853
98602
70436
121736
89905
104305
72150
60118
78527
115035
63190
108977
96012
92201
50368
70917
93160
17186
3204
63007
64611
6073
98703
68272
116491
64093
86774
75063
62479
39610
55644
88932
99174
79198
63680
45019
53533
58758
36616
84386
90298
96696
76350
34039
77145
83114
48790
58193
93433
91274
75664
90734
37704
31033
93009
86384
25966
41859
30294
103230
41933
103126
52076
60420
35241
64022
113168
27995
37434
81438
30785
52923
73747
37986
69367
27831
129647
115943
54860
59024
83984
47154
77415
66377
65816
12582
77933
43397
33219
66431
50612
106728
85332
93131
88419
63948
8686
39667
20992
47103
66159
22858
92679
72693
74978
60528
53021
57896
121930
50865
105976
66858
73029
41336
52188
21718
92694
63554
98788
95599
37752
61259
5548
44546
66973
23400
52862
96771
103021
52901
71319
16495
66211
56391
35830
30152
50066
12483
48485
78661
44517
124072
74879
108960
62566
55188
55366
119340
65359
69085
15375
84814
71620
99183
55340
45209
61470
59585
72590
84522
26876
85116
91198
68953
33589
114632
34279
116043
73595
9461
104534
51860
76589
61433
78074
54514
64373
78672
26509
51334
87227
35639
34867
70304
47966
83492
89445
92380
67667
59484
20775
81150
85066
47297
81964
46925
59968
45184
46252
66639
107414
101164
86227
101177
81045
64931
127370
48935
46625
24848
124499
31840
59382
71678
78947
26403
43589
127451
106839
126987
58659
51595
15575
95683
52239
9166
22997
89621
72059
69083
94711
87113
62658
72566
51377
46800
128583
55658
33267
62067
59359
92543
59826
82402
124495
69296
13309
87997
88001
80996
42347
49143
86387
46544
71455
51669
57669
56618
25515
62546
42797
37937
36654
55659
42253
87145
83898
96869
75303
55072
75535
81909
66774
31160
68620
47066
124592
38344
65702
56629
81468
68456
70248
116127
25506
98773
83958
95018
47356
58140
29167
74149
61877
1792
67587
59142
36452
63927
81976
64975
96117
73256
90819
76064
98476
34899
59828
