84253
80607
69529
100240
109266
62739
120079
104742
81833
14074
74549
111309
57025
43282
104477
61199
13475
72300
75305
31414
31139
83468
79707
51339
90114
81797
44941
85499
83571
71439
13365
28768
47333
36131
42836
69360
34305
48392
18333
63737
33510
13385
49140
27321
102633
51984
71295
94939
47816
87621
7345
101192
51306
84204
88457
53130
92925
79312
52960
76856
97258
85411
101496
84313
74187
85571
86342
36512
91776
47585
103416
51233
83714
68791
77027
53825
62858
54907
68445
93590
49671
66207
114540
100157
105839
55884
58928
87515
20751
90312
14186
43730
62123
9224
69120
44953
74414
49141
42279
19530
95638
86500
67909
82921
77756
83991
68780
102787
116038
88083
58810
107529
35886
79011
74479
83522
86726
14716
93976
12061
40635
56389
48322
44956
75589
66821
100935
74288
57733
68833
41215
113977
64157
73205
29560
55067
58566
25428
72430
35489
30849
8875
120972
122611
15306
78647
67250
66640
100939
62141
84079
97193
104944
41569
51629
110151
26623
121083
93441
71670
60515
93810
75825
119132
39379
47545
107596
53169
18397
61071
92143
66000
61051
50769
28834
65439
27305
45203
73456
74054
97374
47204
59916
60825
34859
66740
118062
72959
75265
31544
125443
74423
80875
42730
67880
52924
38910
69545
108618
97736
36821
97179
24590
56056
66132
66617
105468
27588
25463
27873
77693
61499
17570
104040
14819
76336
32550
82221
61851
46865
83660
3703
61518
81780
61033
94436
26668
30397
68979
40458
57908
59249
56418
69566
89038
46831
32172
30221
71358
2936
75932
42502
51861
56951
19746
74538
71748
84050
56110
45902
95203
73127
40925
82855
41538
35754
53299
112889
59267
28508
75877
85730
73693
66425
23810
38437
54580
39692
95850
66042
81902
10921
20982
100357
82114
61940
76298
118053
22851
75093
34267
98444
121203
42039
46173
66291
89915
80115
45378
75411
89026
37814
97927
6388
99604
78127
75585
66136
25139
58190
26851
99256
80368
65096
41239
74309
35221
70222
126137
59732
73853
62501
126969
106121
79463
83071
8118
43617
64627
82382
71723
78013
80412
76166
44027
62847
62492
55215
86895
64519
65838
23200
96842
48850
89918
84921
85052
73069
73984
73191
76348
47828
119274
62188
122441
46518
85772
121895
61361
62672
42876
46007
115958
85792
81205
48305
47232
41302
72060
20977
86721
76609
116040
62053
74339
35956
19499
81116
7821
83816
101340
82706
72793
52831
85399
47784
53990
63812
68625
63640
31993
87676
91189
42853
80975
85380
98169
110495
91044
39329
15398
44860
33957
65017
66870
71988
14776
68602
70497
45559
77396
57007
37871
76624
48074
90989
55796
84042
59004
66220
84242
108876
111423
75214
103834
117278
49227
113620
68124
47378
87619
93938
64313
105178
47800
26196
122068
12741
64440
88946
52112
47573
53308
62377
85833
87692
64173
53390
61433
104045
64394
84625
72298
44926
80992
96161
80320
52306
103432
85336
88691
12295
127910
69908
42850
93141
90725
51396
66731
74686
19076
89531
78245
59265
2838
56150
65219
88565
28003
66068
62072
68531
93901
112080
17982
93973
61603
70703
69985
64497
48972
62883
39756
39185
76084
82430
74781
69586
18434
94831
99491
46061
67273
76966
80289
91231
34784
80332
104238
99591
89753
54420
69333
62798
97600
73127
84179
10374
111097
64879
89039
96439
38151
83836
69501
42274
63346
61302
42369
112618
90807
100177
98598
105754
59359
52691
68762
39642
55037
44011
74176
16361
13252
85535
66971
97394
55313
19514
59363
74923
92402
10736
97590
66248
50494
86576
31845
98411
62007
123516
87481
43672
110030
124265
87595
102541
95948
24137
5525
38334
65241
47224
9414
58142
82471
74817
90191
102395
47626
67228
45116
59311
59648
59692
97926
40077
11230
56811
112231
88084
76803
93068
38901
76555
74374
65402
115328
10485
49976
102796
46618
63801
61899
111118
113948
25309
105128
58349
94090
45646
23393
72105
22938
20188
53121
58675
45135
23420
57160
103973
97143
71115
103096
49257
94551
99456
102599
54418
43745
32579
41313
51774
92195
79147
34040
32313
54903
118583
66980
42943
51311
20564
52744
90571
32645
53343
29295
68633
111492
93385
104230
91869
73374
28863
45059
118605
40356
112270
47623
103603
65970
80717
68442
11621
102712
76110
82663
54396
112280
78124
47208
18529
100872
117897
95779
108027
95514
36940
100151
71531
96406
30143
81137
70790
40852
77367
47729
73378
51211
34282
22088
72416
98328
82066
111410
77331
43417
60077
82750
49337
55588
60838
36316
47593
83411
38497
68399
31273
68429
64331
48557
88776
16122
96196
42844
72037
100202
100954
81632
57493
14882
63029
44934
65683
57744
80178
85827
31564
30085
47394
100765
73649
30092
93260
57166
57583
32404
40915
44534
63024
87520
44053
66533
58589
15318
46518
59272
96129
111791
56229
82793
104716
101304
91585
46794
71737
103134
90932
105321
33801
62622
108406
59524
104201
37634
49456
53177
79565
11842
49430
65904
106528
102121
36302
63999
16399
46208
47266
22061
85442
118909
70750
55686
69162
47691
35505
72122
41495
80367
18927
79115
53617
66572
77539
57639
62630
16505
35397
89906
47629
63102
65713
9344
79522
111027
69328
45991
57965
43917
37192
59761
28359
53356
38172
74710
14044
60868
100772
56997
76903
90555
73171
93221
40495
6692
127544
73458
98417
79566
24179
5817
79986
16018
34660
51987
90104
56162
52140
69383
103957
44853
104459
48948
70655
58552
45829
80871
62686
36696
125431
62854
71492
91480
64482
19402
90791
63514
115699
110627
50129
33757
78895
105585
45490
23120
86779
125517
66770
38561
98587
94580
70499
68419
64976
70645
114575
43465
64271
63154
47341
72019
86795
51795
117611
42367
27802
53185
68834
70641
66597
38219
89871
57877
35334
116480
69970
40994
96215
37793
52140
12960
80091
99456
99926
39182
87619
25187
45180
13534
67299
41056
100186
59203
32246
73980
84385
70966
57475
80940
52827
47332
111223
49836
52259
65507
112877
51171
94318
83793
95277
94439
73631
39501
62269
110927
63535
72890
66103
125537
58983
22987
85093
99664
68375
59741
14483
80088
46800
46004
27977
56234
44811
70476
60432
15443
41685
44528
100838
50039
69873
93560
73070
85816
101890
71805
60963
39119
40833
63632
56718
50773
53746
92972
47916
45683
34175
44342
107240
87163
91946
45043
102342
53275
82140
85713
87311
63271
48977
47378
97278
67796
50397
102560
63673
66483
57713
75259
101400
52718
38718
103977
43812
16982
72638
28522
43566
72492
39064
82393
59754
83131
73434
16223
68691
104742
68306
66216
57307
110213
79368
60561
67059
91771
22363
50049
71384
42983
104442
54842
45190
36576
53129
58098
54944
71205
64019
51696
44221
59782
50756
11939
71127
78367
60383
80047
36365
59151
70556
25179
89030
24123
85860
65353
40297
58012
106893
114421
63036
42250
73469
87328
96533
82919
51112
104265
45887
92065
64692
49865
76461
33441
77775
37846
117326
64336
81135
66844
70437
116325
63871
90475
96986
39656
51329
50069
22910
91477
91025
53291
49988
68184
55732
61994
67205
92196
37884
73016
24352
9904
36737
116229
56595
69450
94539
49548
79308
46134
74588
55027
16160
60185
21058
62712
64732
48044
71258
63545
89344
123696
70041
29806
92333
37326
62925
91922
18784
87867
77114
65650
60595
57694
78146
60567
41083
94713
64183
84933
40758
99706
95737
67845
103353
41221
100688
60326
40034
62087
65055
59748
53133
76743
36994
101646
25838
62786
76470
85405
17360
114030
44304
56675
27453
62398
31862
42629
54819
27524
70351
113337
64454
86261
94442
31995
74670
118400
60653
83403
43146
85416
77249
60601
69583
98316
26314
64159
69122
44539
126985
100524
49287
104831
79316
37681
23066
95178
43109
37514
113391
85207
70608
55339
116700
62011
71454
89913
101332
99941
86935
71313
109875
66760
53929
38805
82861
98490
76402
71607
118373
69709
59650
61059
91031
124775
61283
127977
65807
8701
102655
58442
70438
72623
44181
44287
17539
94719
91652
27479
47770
92238
94465
45843
43300
47969
72324
67578
83285
56831
47412
23731
78069
53776
55389
31675
27311
53541
62733
30664
42905
48287
66229
60255
91363
64552
70038
59878
67258
35073
89955
89496
38115
19597
56620
87787
101461
68729
86178
97397
56111
94215
84354
97678
43048
52361
62801
30411
18593
100908
62927
28568
24914
75946
94526
74059
56656
56511
59839
15337
52324
15005
36980
108461
23355
34744
74884
103627
19043
113468
70292
70375
82851
110557
30304
107630
104960
34470
32158
32269
53061
36082
113527
51549
45214
64295
85393
13534
47060
60107
92290
74918
48523
21249
120036
93197
85519
32848
87669
95904
59449
122422
90829
18512
85294
42968
24240
50085
81055
112215
60393
54308
59528
115721
92917
77990
57913
82823
51609
44856
85936
115461
31493
20908
49523
107187
77373
48324
3131
40139
67218
64716
12272
55416
110052
110827
27126
36043
65158
68174
59202
72623
42560
88428
94704
66939
56244
32861
61532
25686
12150
6920
98157
66166
89096
57935
75319
21990
122108
65355
32791
45595
71843
27347
63303
108781
34900
51333
121960
80430
128048
73241
98186
42126
55901
115746
92617
72802
38902
76967
66319
51521
16021
58730
36891
46432
53156
71159
82000
74367
103443
38974
21377
118178
43064
75482
100691
121099
69297
90170
85163
78391
47132
68702
80933
71745
70654
53636
59054
44224
86232
78930
67727
58292
119897
62403
98918
67151
32542
44628
78146
75393
53532
104908
104064
103379
41318
108014
89397
59973
67023
25759
68009
60828
60184
81379
105921
79808
84658
66386
62947
79019
62845
34554
33976
45865
51066
69631
57531
95519
15109
44290
60397
57498
118545
90245
96319
115901
74146
2758
55233
55991
36436
30846
51742
84073
48521
34248
56330
101418
82457
85878
51380
104800
77059
36342
68567
32051
74543
68575
31555
66187
106114
96371
76793
51709
66507
106807
25215
73611
60255
91651
116490
29786
25897
73112
32329
69887
31229
17774
95785
37543
35962
89339
42635
47654
80420
81212
99653
70938
62437
81602
46978
53320
19941
64706
12032
87964
24274
74188
39194
113722
49353
46141
60556
66059
81668
55091
67209
112786
58311
63145
65655
72883
67840
78389
42374
74513
42792
95711
62274
77134
81257
82104
23403
38996
96912
46555
42497
38897
48468
107569
72500
58311
100864
40545
68470
102689
35621
102268
29786
15575
32849
53811
35476
16421
54153
52534
53231
99310
87617
16699
21707
54145
88911
71940
40018
58160
61229
89225
26052
51856
76919
56755
96720
36507
49977
69235
94175
77481
74515
88132
65071
42508
79972
67044
43195
99400
77918
83034
114351
63799
42845
110386
113091
98992
116647
71235
101717
45897
25020
114584
28686
59300
106125
28474
68526
71926
14821
118469
55432
93613
82475
49112
18620
66205
62987
79837
31228
34531
84366
56392
29524
67666
29685
26017
71250
51155
15156
35740
61612
53811
105528
101802
87908
94857
86467
42717
72288
85768
39796
35295
88254
66116
17451
20393
112776
21822
64443
115277
93886
54828
75983
95237
70176
61934
49663
94477
26743
73154
98741
47342
53168
85018
28113
15707
46463
83415
62793
32338
39611
96293
25521
98032
51923
63482
25112
70299
74964
92591
80058
86472
90355
96874
52173
21055
105314
98016
38139
83788
81042
87637
101577
52538
39149
71891
63366
42076
17115
27768
58940
25370
66000
70600
59131
102557
60471
95819
96562
80117
43203
34129
50883
112543
64967
49574
86469
60607
50331
106177
78181
98226
47334
55763
74227
107571
61672
75816
60408
70076
14974
39929
33594
105408
91930
67926
80009
64089
80511
66631
65630
74564
87689
10602
104459
97028
68120
22932
45303
101035
44272
112001
86936
66819
24268
56284
62310
61453
89045
7000
95710
96603
79283
83458
86055
69353
102267
83915
46873
62335
21616
62744
22492
60880
67787
64086
45288
88706
80276
80380
35749
77150
35228
76307
86827
14884
108729
56105
79546
80682
86771
119756
42182
41712
16496
77802
45737
61663
79307
57011
81137
61923
81973
4892
51490
25753
78688
71586
75742
43971
89577
75384
78710
49366
82465
21781
43409
75116
65789
79457
47439
82630
86164
46671
71469
75425
63911
54908
84442
84665
61404
90300
77878
57119
37862
51405
96282
60356
34563
83555
32590
83750
20990
87022
84848
28441
74599
52497
82763
87852
48393
96513
36463
78657
35984
26089
49006
58110
83847
75595
42271
81507
94177
26396
39943
63376
33338
18270
13334
73832
24973
98449
24937
107625
31409
55817
41047
49105
100869
76253
79399
110654
67484
18927
41621
37170
37988
22989
70876
84451
91148
83468
123308
62014
41903
113177
78224
91984
18741
44604
74759
27834
78474
51293
53817
59041
127429
106095
50641
39907
42817
36325
86570
62263
77035
73411
36517
90709
84108
45963
76646
116779
41902
65246
51481
44199
80635
94168
92089
77013
79841
104304
30882
60305
46720
50114
64282
65880
100606
53891
86297
55509
57324
74554
82047
34152
85135
97896
89410
103885
65224
45206
60106
107477
58828
62909
64267
77418
17199
119750
14791
60785
93945
37312
54342
60744
42518
70988
100418
37074
69736
31076
36064
76375
65791
83657
29788
59566
68627
14255
68449
91886
96713
53406
22191
97191
40421
58595
74505
62825
66634
63214
95973
36722
11330
80204
84165
32235
79463
17869
38061
103314
35898
67706
93938
46094
18687
101557
34620
70167
