-633270412
2102522599
-1394838604
563808206
-1246505694
-1151483454
382214585
-1987894862
468631160
-1219505507
-886354229
1576143491
-1313296333
-311927545
1233127740
-1059946461
576932161
-340091026
920302453
1685847835
-334897770
-723113379
1194375676
1607597626
630749417
-1219492505
-893216284
1354844739
1171370720
1082303692
-2065885439
-1791609225
-2111650506
-627803208
507839923
1233462490
1682440511
-1103611262
1523802934
-1602125757
1673447845
-365490947
-1160486919
-958050481
1678861047
-940666784
110775894
853132370
-85465448
-1185809963
1647471194
-418665192
-2076112561
179912096
1093617287
-717157900
1701163352
-1457963244
1041823284
571629832
125433766
397392319
1455497987
252308927
958398022
-1672212642
-1439262878
-1612686365
-1450722086
207713629
686601596
-1758604680
1160673840
2113147879
-822019555
1904662936
-1553863887
955766206
-1286088631
-669574775
2064946557
1870165751
-838457712
-709456339
1304488316
759284313
-953890365
1368279734
162357482
1951275209
1356668722
1027884880
-705881032
1498159461
2128223631
1443936043
1368609827
-531748449
-1202737271
-1026250015
-1395886872
2004895769
97066960
-1890953042
500249379
-82249825
-1636239967
736364228
-721599098
-1200564526
-1037260733
1057917806
1564380429
-1154048443
1524629881
462803544
788315269
1231339962
-109516749
1740300983
441025685
-1461702367
1109158580
1389509830
227997565
-1539603457
-1422171885
135330461
361742161
-513678230
1293723087
-1659028903
-1477230575
481298450
-1550402907
-1636969699
-486270032
982235311
-1031336505
-187786451
-28060169
836085604
-2133463973
493358903
2122170762
-1782796679
-1135952924
827515484
356441160
-491372583
-1895989225
-1949230713
632093630
-609136003
1617770330
1183763089
-1783586210
1977256490
-510221873
-1997523264
1298878617
-1789454850
849262405
-173933487
790379314
-1040897589
2122112194
1472579819
2004641060
-919085568
-716855068
621578539
-1844691413
-1301134795
-1260328275
1398722959
1525815864
1209842573
-206185249
372889009
421410856
139462362
-350652526
1928362121
214289962
302926797
-7721655
-1268042972
1848957944
199879110
-325285760
-227599392
-749335649
345396472
-1068216867
-1556748999
-333316197
469984486
-1955045091
1962044808
1122078173
848177139
1882103771
-765057752
-64773398
-968943782
2005284731
-1376095106
1080616315
672740106
-1797290029
-14835514
-1223609338
1244040130
-257348548
1690441972
-1394458195
1938977185
-1648110527
-1073426743
-1206699260
1256844735
1002676013
-1806894558
-1296563903
-523748686
-50554742
321913971
-1684390818
-702148250
-1228322713
-1266916551
93345659
-1839585825
819505004
289316627
491731817
271762024
-1518139549
-1189991927
-1799117756
-369521267
1521450506
1005701557
275259048
-1258041561
1877193607
-1646871313
-1179488338
1521225311
1703060558
1506860116
-343076187
1921769338
1213436312
-1029141148
-1353043926
-278053883
-1753429040
22053410
1516934959
643301882
1313518619
44245119
-906259033
-466619326
-1015585514
-1600237221
-2061416602
878311928
-435034884
-817244501
-2018764442
-801006013
-1849246781
-207464887
-1572745824
1708599510
-434052125
751368348
-1128809679
672981888
-340031597
1724368907
1811536418
656694244
-1086811348
191436639
1276412307
1510252633
1116314018
-302772536
-190820742
-445850030
1512056478
-1388318055
1927067550
1528322003
-1906179333
757509392
1230470700
-1565126482
70090907
-1322425363
-1550461379
570117302
733926819
-1946243877
-1346600075
690538033
1031588367
-1758792790
-921765088
-1160125863
-115470947
-928517740
510217294
784180057
1326003066
-798148797
-1689638856
-2095850726
1575191851
159860566
1928545394
498385679
165527209
1940299478
621869475
165577484
1746147300
-92334809
498397917
181197604
-1584074439
-1070573995
1417523764
951630555
-1747736446
830985085
968476252
78586104
-436888775
-1001529583
-2063593115
1821536589
-1359270471
1856568214
-1297317321
-885278918
1514058200
1766039406
-160447421
1492642686
404157562
1758235961
669404144
1059078990
-2085067608
168675859
-622603824
-997882801
-1260164295
801054948
1211146523
1434853342
612591603
-1998827685
16325563
-74695891
-1619321727
-256671267
451497913
-1754820644
-1835987421
1803389590
-45484751
-93361180
-826564600
1143254884
-1081823244
-1715153769
76230305
-1458079135
1019754916
1802423200
2018931140
-1160892336
-733804284
1783764247
-248389400
2118718138
-906739224
1753903797
-1956431549
1664000138
152770215
-1890377672
1906251576
-1143589546
1913304930
-960391109
764582923
-1556193879
-874722881
-598834606
891171709
-219882037
1543440118
1235847900
70414653
-1000046867
-914712243
621703656
844589223
-914536197
-258223171
-941497294
-104947519
1951309134
429254475
-326813093
118033649
453023272
1669837184
-1122043470
-560725646
333839789
641171112
-528205775
-1648393755
-2066777093
-1958197469
1384517911
-1978781053
-482207398
570480037
-457239351
-2021309140
1777012998
-321069843
-671934044
737221800
-1877732478
-2092091183
-240699578
-1693910034
-53822959
2132211876
-2048348874
-1618193169
-1124446033
-1874369137
546690813
-1908648955
477576590
-1944520754
-882287850
915292396
1956764800
-956345617
113346816
-1365455045
-1630622355
1126288060
-397550547
1974264646
2049431783
1396608365
1673856389
1553682715
-1884559751
1701290850
2123317077
1939021041
1883440428
386397361
2002829433
-1948489500
1798611294
1437560126
-17935088
105940244
-1771324433
786605798
-585460537
1049144678
-1871327526
714497683
-363833058
-1304161242
436213424
-571616662
-1348333289
1264892393
-108585131
-21688304
-1250648033
-1703497998
852557266
1960297693
325489547
1324659601
-1511532402
-2131625280
1779152373
-999295700
752004836
-1349398619
1779644066
-407566046
-1989014010
-274291337
-2065409427
757182342
-1190430810
-785563713
-1831732462
1533990294
925032940
80309932
-1302998878
1248043625
1365217916
700571278
881235689
532790478
759783135
1538988795
1908593385
648632631
-1842154789
942654140
-1079944013
-1719688028
777557416
1524835065
-2048338104
1067329139
-787070323
116098605
-196957395
44603961
-1605785581
1673179140
-1808731898
856414775
-1409729761
1977980452
99877044
-1982485631
271264820
-156487680
1559372320
1720983092
19395825
-507157947
-843249314
659567112
859540797
492257596
-1521074238
-919008512
-2092450776
1114874233
-603897601
2075573451
1071246554
872147949
-1755896398
-899138313
-1608889977
411928490
-1893728811
2097583506
782718271
-1266090567
-171232134
469743907
-2028444216
1655927683
-338712421
989162831
167239295
1737101025
-1050636667
-296247864
27311912
1371679289
1110209733
367163986
1138533712
-1491439677
1880619627
-697729104
986815393
389563444
-1321393785
-1299586549
1468559621
-1529349782
-327558329
-374855858
-323298947
-513889258
-1094588553
1721512524
1288966769
-1974860948
-2034266728
-326031680
-1613770940
2100479866
668356049
1966644076
-1455015956
-404827019
-55713064
338260776
-1352235721
-1766039912
-880360279
-1159949265
-1161613439
-2138842950
1163058886
-1467149579
1247691248
-149463184
-773106769
1087749742
2112719456
272827329
-2092143568
628954522
-1165934524
-1549149584
-825880617
406997555
-1981978570
-1318177021
480950854
-352801729
796650540
178273770
1912981682
-1273637406
-818822849
-411819053
-330503820
-369641505
547126458
1723591286
421978471
1658164057
-2131430088
-1029317657
-845064502
-655139613
936867617
-1632145686
414736619
2044515485
-871143114
-1101090287
-1599550668
-1387499504
44651890
-273953003
-504461600
-256374870
-718884370
-590848326
1804949886
-1291433344
-89287314
655689635
-695462925
-1785122060
1113550628
1576120628
-104372455
2041003962
1610279158
-34539349
538737376
187677616
324021627
-1979858492
213906851
-1492917626
-1218173299
-1284105133
1273089894
-1864546328
-679988795
1048405826
-1643977130
-86252216
662193807
-1317299240
-1966781700
709212401
-699474855
395325517
-1905751356
-1330597382
1326751600
301370518
-544414711
610512
1771742793
239288514
-1187620971
-228762570
-766408130
-900258678
-360427991
-307833968
1964378140
-350268209
2029968716
1888668394
2053877622
256984609
1165314566
-363686056
1116731151
1284314624
-1110445030
1659619488
559573040
-806750617
-1342863382
1805877864
-1990412171
369863029
955226228
1720910434
-1464011094
151453570
1659831922
-1305214291
-191140115
-1764557769
-1088344464
-1927237227
1489147105
318125782
563273848
1456036102
-1277279898
1572616009
989305876
1801050030
-29048047
1785814735
-1056904936
409016320
1443308639
694256226
497017243
-640467282
1524439107
-420791507
-2062498808
-1903029278
1825481660
-467144834
1994524384
1264363166
1704205727
390100656
1532449588
1211259054
-1654774034
-1816904042
822036699
893231903
-567395530
1988275667
-328585654
-2098680895
-1036778074
1675103149
-387876883
1896926937
1279333409
1341702887
844516242
966294071
-326941594
1959475806
-1828843468
552455189
-2068020851
1858050503
-1571925692
-1105501746
-683355751
-1423270352
-99610637
-1514834878
158942721
-1887008863
-269030413
-1545438028
1204080145
740667016
911010744
-1187725851
1415465756
919587179
-1732256677
52665535
-1514140089
-103873429
1222452849
1103342099
-280083923
91291851
1078718920
701623794
-2069874881
-1182852457
-59965150
915244904
-1975224677
1789341957
-833702883
-1221417391
-2035711896
700924408
-1444215816
2039789840
799773202
1979588428
-1004024624
-2073495586
2000346891
-544018269
596599140
1261826001
-1117818888
1748516578
-958617472
1599670595
-2105416818
-702827508
-401752097
-801275433
272662029
306244423
1406359635
1769549412
1817521484
1525970119
-1767126152
814415611
-1580133624
-675991965
-1945521480
-577585897
1417598437
-2139589589
-1410121087
793421803
-1063601726
-1210997433
-1708794285
-1717981255
670375241
2137812295
-1380392200
530611319
-1485717397
1387352678
1293810866
2026115468
-1383820213
-2000078150
-415499127
-138961905
-785992811
122690879
2022912067
-1184504358
-1500664791
-1056793175
-1200183913
332161648
-1146432463
-325374159
-1432307951
-1742950644
1903585837
-933274621
1751915449
-1711116324
-1306641691
1117801211
1948953361
-816507601
1868125614
1311993038
-23610195
1327089465
1283616796
-887244527
-818844637
-526306914
1766549540
1465732961
952692432
-1016489281
233928851
1041763263
-1116249390
-1761214821
-145790048
1487758524
-342399232
164125439
745988902
1549864913
-1552539262
-435047701
-1320479961
616799556
1131681009
-1804266979
-766834130
-13634937
-2068264096
-1868779715
-606765541
-953544139
-1660577529
408604536
1406194437
-1448283358
1444454626
-300141188
-929529780
-559770412
-1417989394
-1745996578
-515732145
-127343942
2034764204
-2079156322
-1728461034
919351449
-2136663500
439081471
1324120944
1174368138
-1492856873
753277713
1249089098
1669347686
1872522429
-192995044
1255893728
-255127941
886796827
-1007567447
-246994045
-312577914
-1266283742
-1367488177
584373439
1615586173
-123938267
-1083564425
-1676778933
172295375
-1313027296
2116563162
-1674152376
-1908781967
1749378136
-378111688
-962439511
-662931088
-1238703861
-834359986
16390401
-714841914
1475771162
-230984386
-1098341850
1717719577
-451110576
-69597176
60415277
809770650
-1277617001
1792714097
957638352
-1917531014
181092166
1350268762
-889494268
393107588
-601814648
-2036627717
-2076318030
-793018856
535638467
203853910
-1028368795
954207757
-223671126
-2013983488
-1105705673
1756790063
1591022857
649658305
937806738
855939579
-92219817
1990517091
