878599387
-2063202412
1283417215
1562947145
-283570094
-1693692266
1773503100
-1721252994
-704436791
1368134638
1136308049
-1099737669
974271948
-524164670
-1278151786
-1363551883
-898977103
-81528330
-1812381523
-783954741
-2038550125
1812715421
-1184833512
1764950624
-1492803740
465425140
1036941714
851475645
2123946895
-1292496060
-492419960
-185495761
1952291547
1068868199
-1822522625
-640806283
-322685105
202316861
2048306099
-653757339
-465530878
526183815
1915785699
-1590950298
1382986545
1218941088
1658999456
-1351363118
1609888437
1186957357
-447005278
-1689432409
618190907
-7713876
-975794820
1141809720
-963785399
-1477052788
1154834650
970669450
798446306
-1468478084
-28778830
1837400233
-2010516399
-1442220018
1140301321
-1992575337
137364494
-721250422
224663848
-975563566
-1914150832
891262780
441119531
65045075
1466560555
-1260708975
739676187
6211529
-181769003
1038227910
1521589634
-352004706
1568032471
1811091120
-1862045081
1597332435
-131549715
1871602274
-1498960247
116712794
-315420317
-1244330643
1069102952
626909421
-671895230
1988016029
211816383
-1264899330
1241713500
-856912568
1561789164
-1907566701
943811940
-959713812
328509626
-690795009
-738540584
-1007103857
-121699070
469928195
-1393558496
-1330655780
-593210293
1394169267
-1436897849
-1607619459
-746414145
-47096676
1333803138
1078133755
655851883
-1371575340
283959446
777959590
-1602576107
502576926
1956675160
1032195376
-1437959202
-2047345832
-791096405
1250623816
1970479559
171550905
-640056781
-1134672044
-1062161039
-505181777
-1690259299
2037487231
-2053908847
1941039311
946773533
1136187366
-233963267
822380317
-1409649188
-900766895
-1331995272
-1512681785
-897471489
-896911011
1816473831
-91129535
-1877862399
515653093
-923658149
80577493
1024012909
-531047238
1038755203
1007143514
947566288
-1273286600
-433013024
-1362774813
-379830033
707469275
-290517439
-1740802083
1034454891
2113681943
-1804229663
-542809171
-207471864
-1077994249
-1165609650
85740996
-625177174
-1413999642
1312489261
1541355782
-223717222
-1792424411
937163940
2052480082
-1418171790
-1934442260
1582397433
-1221125931
-1834649201
1048966545
24297710
1071911653
1548589943
-1507697807
269570244
-581816265
-147318330
-656951105
-2017763037
402679357
285056459
2059189789
-1875177997
226319573
2057337753
-120885056
1322747298
1595363744
1937979508
-1557082842
-1537359706
-1016289034
-256794143
-1995293739
1678648067
-479600521
-855824089
769161612
1257857552
296475687
1151991096
-1692512136
710726584
1093499829
-485815530
-1854699168
450051300
649206456
-1898107634
299974060
-2008661373
1142888374
1689085668
253892635
2105500860
-784797288
1360879302
1889439531
563019407
-529903978
-404059098
1485850021
2045927635
530911763
-1980479955
977434576
929666230
-1942010576
1228618169
-1547242552
2005350169
1472541458
-1197507230
-274479793
-1592309181
1906487206
-779966576
-1465994734
1511410574
-2035336817
-1871012466
1471541024
-1711237544
554487140
-950487461
-1088952242
-1852338675
-420247887
-983671205
2029703811
666269724
-2004363509
-1436679346
1655302779
1812654934
-2044316644
-273667331
-71391156
-1261616503
297593256
866483116
-2142174646
1366958299
1249359493
-1950294236
690285370
-739236076
852239082
255385645
-1210011745
-1256069269
1697697851
-1169059200
-1757992870
-466142047
1289768028
-233943466
-435690355
1519185936
-1747373273
-1637268189
-259561771
1146144655
506590650
891516539
-1441605086
398189983
289652218
210778612
-363670413
780646250
1633202427
-126936023
-6628568
721064203
-1606751337
-1440731259
1935221151
-600338029
528646804
-1732559951
898293209
1886581722
-570150057
-1429076796
392953866
1433913641
861910840
1999185538
-1652903177
1489028413
-641468315
375172669
-1565009164
1533888413
-1278262114
-2005820564
883504514
611004813
1993467774
420629864
-862695711
-671638584
568322057
1705196739
-538246530
-1371381077
-1522516717
-186496721
1664171633
445176852
-2049710257
-2040872804
-2101408854
419979485
-1831341314
191553129
1845312169
844229464
-1918275302
1881884062
-531474716
1434626345
-490686086
-121321656
535721042
-739854621
551522198
227129816
1478795976
2112876674
626143506
-1358797927
-848879059
-212220642
-1958269743
220962826
-323016130
-672727546
-1340435020
-1273668961
-905219154
232788035
2051245121
1620639271
-486613743
897051636
363830327
754929371
-1370035509
776824602
-1058301466
-1816433697
-1153351642
-1017662601
661976288
2059145462
-1110427616
-672469203
908681061
-40067560
-1404775937
1197351513
2044325635
1555839890
-299837239
-190677926
-40055269
-1729140433
615951297
-1473407797
548861186
1383223645
-149312720
-393498118
-97374628
-1942358349
-750062111
851792554
86942591
-1313505729
336536446
-1634535428
315776822
-1541528735
-481793074
431674961
2090444301
1961856654
-840331126
338746663
1553464321
-889782200
2145977828
1745194762
705118640
200559828
1089258820
142985598
-1752862904
688011004
-2117962039
-2070544029
-1562323644
2127491855
-1095119334
-949995752
315097943
70868955
531989246
-1867951056
-446819519
-1001794121
-1054194099
1079053309
1507093526
1435314236
-717333973
38919423
314718005
-778229976
78593774
-1028602615
-1973002590
442764692
538813351
1432748170
1276063657
590732826
-821139632
-1991090923
1334418698
-1506098196
-744100403
178538477
-1762303805
-666155767
-1286470418
1319842192
987629913
-706478890
-232690229
-736021882
-452980081
926015979
-1237625419
-956660148
1784627132
2119312443
-495052372
-1664388426
-1867544965
-930691324
-2111350853
1639228122
958614133
156945404
647059325
-381218654
804589010
-580046577
2063626830
-631005597
-362623762
1048310130
-1693109895
2053132287
-240421158
1042743934
451922823
-1587818524
-1867668360
-1913005912
273766976
420815475
1902927208
1297662919
1417554750
1565944686
-1972354987
1801300760
921742102
-338771197
774332844
-562189735
-1514575936
-609899808
-124816235
-140513262
466440308
2049916139
1172091288
-1713850216
1648122059
1348601278
1145218353
1774584174
-1694281005
939170579
-1547298334
2019091498
1383777122
-1248999026
-1734881091
-279551055
-736100794
-1911449945
-1753272942
-1786552159
301754004
2136368998
2041868006
1936178049
-973669021
-389757563
419288602
-1276202860
-1307485060
-1081760829
551549409
-1936020710
844450377
-836414092
-1919410744
-465271378
-1923094298
1495154388
232607686
-272291821
-1547633188
-283866460
-23414265
-1163819833
961519643
-1005834313
719380741
-352660188
-1554248690
1539169743
1249230195
-2079306016
1527087391
-396323280
-1715286360
-345873538
1408721106
-588073428
1614565857
407737932
-1283022585
1851319164
576544023
-1061645802
1834865848
-1399723585
-1415134111
1995946619
1734138692
-1655332391
-169815273
-389775079
63584564
-514897474
1424485052
-471828445
1116921564
511983039
-1004465353
-301650698
1979016861
-658285351
-220204969
155719055
-293359066
751599863
510535881
-1558552781
692017050
327335588
-1388260382
-1714988134
-18024293
-402633245
-1887140864
4650808
-599721310
310740301
-1418731684
-762994824
-611637254
-675189620
1004970442
1474094555
-688346006
514543044
-317332541
-369598809
-1081784116
738747354
1273377975
-1998350270
1039231976
647349818
-843860210
1483788571
162184413
214111226
-1116898000
911169936
-949880113
-844584513
-962981605
1169076465
-951641250
84109471
1209922457
1972058841
-1309744243
678522092
1087961153
914955020
1594818425
1420680558
1537425349
1521052260
-1240143631
89828967
686592717
2092273178
228224509
1642540969
871505147
-1522447010
1096415380
903263531
1715854987
1065043304
542142648
-191338251
-42261750
-81134094
-654981854
1337194564
-498589382
2025348964
409139360
1224021898
-1610295944
2076202021
-1257276425
540978930
-1841664348
-1950580982
-1023404813
-664777794
-1368770515
482192763
491150931
-1467688082
-1285296425
-1573362053
-1960387428
1210071344
-1954318991
-1575330761
1577133035
-338064906
-1605751477
-2092830358
1921860836
1625330352
1835387949
-1922903609
777281111
-987664491
-1033591234
-1165844767
1908687625
1781350110
-1083469579
447283515
337066392
-460397997
1943497321
2016585933
383027293
-1178051376
-1160149622
824685088
1501678843
1767241701
5822963
531333776
-1813063054
420931060
-336863573
779239961
456804075
-1165215082
-256355136
839172366
-630756034
-563388411
-900892140
1861172995
1995570102
1074813230
-466921593
660850417
-18160497
-2016015429
-209828560
-1801200263
590367830
171895838
-496683897
1101095996
-1245582837
-506365341
1733104053
-97017280
-1713892961
-1611610243
-2028420198
183828102
1462668339
2030023495
924487039
2078023422
-940070297
262206693
1039819651
278602988
-1325142430
-1261707057
-1904645625
-48831477
-336531074
1205861653
1793014944
1347354649
671429922
-1110042994
171800296
-1529105111
-760948116
-123178718
-908895997
-542000282
2050094374
1418225872
1392655499
1204813733
361204224
-689878736
1087258125
896790823
-405652551
-772915077
-1748479436
1537061124
524339093
-1162707898
-1257115327
-1552023565
1482986072
1781989004
1850236216
75734963
-315548137
1928562975
340248946
-844235003
-1204037075
152444256
-117059162
-99308335
-25982824
-836736016
-62496009
1640240930
971018854
-668288917
-1944171048
1957692650
94314164
2007354209
1811436651
-1311394621
720355817
853013288
369099311
-1411685194
-1864052354
1210967247
-1866195411
-2096391853
-1652398772
-267404056
1743587975
2021814041
-510117554
-1997856416
349965311
-119512194
1488411364
1798320205
-1492578467
256737770
564273391
1373416055
93500841
-1173820143
-2105891896
2005058533
-756415135
1800178386
1345817910
1930366857
803157343
-696419604
-167439199
-1666834552
1317743699
-804666553
189753083
-895904194
21452339
1647414676
892938803
-1780245816
1235800099
1689890435
165404800
-283672818
-57629488
1802981430
-1387406776
-305477942
-2078123491
896074166
183028522
288967159
587963227
-296583142
1859825581
565700684
2063526443
-1793727679
-250062907
803535883
-650308628
-2070206152
-943216908
-458179780
-1905121026
-142777236
-575558410
-1416435440
-999789106
1087895958
-345279651
-12149543
-386426455
73479026
1071308484
2095636802
237102505
2121828680
1345519133
1941882412
-1083746134
946173970
1674291834
-826540207
-149247657
2135406838
-1661045302
344194643
-1890288084
-1933531414
110587962
-678952632
673967378
1887109138
1592753881
-1953068304
1427088820
402040886
634102082
-1457755069
-1447449451
2031651746
816967207
-479416168
-1069498168
875771754
-320304944
-1777277300
-402698835
240629429
-304540872
1011240943
-445002257
-18000734
-905343734
1954005852
1995038328
-1422278830
331878107
-482797692
778787926
-1100063169
360867037
1250097518
2001999819
1488151680
102198513
-1842490154
-647122932
-293490623
739210301
-906407633
-1748968638
1481951243
839633371
2082557818
191449468
391344458
-679325583
-1370162323
-735785797
418153336
-1975210895
-2139250390
608635871
1780335544
-1007668662
-1694017469
628369161
-1204179235
865706798
-1299235228
1979777254
454764777
-759359924
-1902915473
720387355
-315338155
683957040
-1348382216
629393087
-1550981101
-1164613451
28635605
967475390
-1218089856
86687703
162550342
-1276942964
499380687
-440748619
920292803
1456574338
-1717104164
-231581649
-1922471760
737731628
-49602036
898827420
-184590067
1564702064
-1655403705
-2095723661
-1263228218
-1451506118
-509306661
-1516474948
-6747606
