2295259019
3530704785
2866179060
1116928461
655863186
1243560893
2498320000
4247202092
1212272101
4133483297
578862166
610114890
1119190084
4130642190
3855236082
4020688959
20278320
2906991463
4213492691
2582856310
1269403640
1344050262
3124414944
215542358
1921536303
2208926943
475913498
571246342
3047554103
1277017957
1539098797
1714176002
2316319019
686574917
2175339790
3433896923
1463972078
213387409
4069200754
3574251187
1693741722
2182749126
1431883634
3623898600
513302204
1465483881
1487605483
1120469373
143120901
2112563068
1407113289
556483704
2815608491
1450930672
1149830583
220431092
3960899958
359937390
2665533326
2441801761
2851240618
3337775259
2316519850
3375457009
285052784
100987889
13709205
4257307529
1228139302
2881038460
2579513978
3529563286
3146223489
3471630450
1273480129
3119133167
3985440627
3183301095
1072644806
4066098523
2506673244
2261662052
1440518543
2614515372
4024404077
1802528044
3519257077
1738215932
454474755
2962544875
635259039
259287747
1999559797
3523577530
1868705150
1262373724
2241105265
1149145010
3237474441
1047543184
2678874499
383249699
1625487908
2202579768
3639059447
1791280430
1423169150
2123693083
1369793760
2893552975
2318649763
2753023776
1747977158
1711185255
3464264612
1247418768
3364363597
59304101
2231581351
3631777062
633432645
1527309770
803714261
1120359859
496104176
3474864672
1069683565
2558896205
1513458962
33763876
295017262
1533017635
4183680137
2433063646
1281568510
1847432032
3386983102
3082016392
603979927
2442261642
3387247847
2501437545
1480183511
3882757695
4174950557
3514032504
626542346
2985870259
4024435154
2880797051
4158156293
3786255769
786949686
3739910264
1641890214
3572326403
3942293754
1124155441
2205671436
1226495736
1713750447
3121002569
1733228757
2780346052
203420100
4283876986
1326143164
3407690385
1158950520
531035761
123419028
1395924428
1101776481
1443597032
2397314497
2466781703
569449023
3457026017
1860826537
95194562
1867935523
572924356
3567015508
2764992510
376079715
3223169683
472106534
3703564795
2574551717
1299333589
1384122164
1031233502
3484954994
736242206
290868281
1022449237
2802872237
4069843884
4156709555
1127330446
932489348
3971830535
2389206472
1410255327
2142617882
1350366100
913625722
3409719147
4033988063
2439453286
2574009642
4277612931
475270803
1742873491
1088544295
1316996908
132827092
1760745102
54633329
1437733408
2046102940
1351465603
1156188738
1041700486
2438607110
7401456
2900429540
133481658
453815674
3142423688
4056153023
1802047375
31137721
1624390113
85787565
346935601
2988464418
2556180131
2417636505
2446692350
4174787154
564630318
3072001286
2651570368
2314134401
1667430890
3998634951
1128017099
2112602781
2224006070
1140360616
3277929505
2690680869
3925354370
1031487489
1108858326
1059051365
2416366091
1449613810
1226834699
3419521895
3505916883
2477129819
4243606882
2587380682
3615861241
2186419861
2461992272
896802465
1605168815
2193325951
1734578930
806685296
831023099
2793970757
2413652851
2086767468
881002307
3613921629
3817534741
3371713129
1898248508
2716013139
2697780054
88465803
2196914574
3948300449
4278872689
171278261
1801335419
1909760776
769303328
526657221
410379394
1561227898
700300932
4201992783
1980405653
1007902138
2806412702
1435888817
290695943
3120579559
1979687817
1756438405
97759894
1930056451
320955477
1082464534
4143408048
546082176
807886343
3060752580
3694902620
3905249957
2670612107
1931194757
570362365
3521820908
4010134743
1893025488
2852682200
1352847684
1134245268
3994137322
1335635965
735110258
3137589765
3163841752
175346821
3953230731
3630502385
754330104
553467261
195101994
1598112885
2442996601
3357318383
3503202668
3707265382
2818138028
2288038930
2956310233
1927564902
2302704307
1399421654
1520294336
2828447114
1163186022
1538278045
2263960633
3188258107
772845901
3236412797
808413564
844338782
3459931654
4130144713
1744383197
1001858971
2801270647
3332889968
745355872
3533387779
3948881856
3843434097
234748834
3720407832
3141429434
363443603
4169323767
3077513791
2078403418
292579076
4249209640
2172984842
1656947930
3564240087
911573496
2210237278
3209203038
4168242740
164866575
1515432199
2171307457
683486565
2034944738
1001662006
3081361792
1508889067
1571946404
1393490959
3298731990
2472531961
343094684
4225640272
2739845029
2152167503
4114094600
1482051767
376515511
3433656977
1498918961
3337948859
3958308851
1491257919
2163493243
681236936
2370132782
3907284388
3121111974
2864908814
2766858663
4052549656
3106517010
3368453112
940775071
3329246334
2908533539
3372082258
1515339224
4280073660
3795236739
1372306099
2012124422
2547181347
2511559629
294789991
192356004
1212579894
397010760
2903562345
2374958468
3017602928
3207410739
3080102010
2413467526
2689586574
1758207345
2045474132
2744277841
2144557760
441869142
1673982723
3649931956
4247524366
2018850451
903165735
2270642819
830092517
501213527
2552030728
3796992366
3887813456
2248713808
1626260231
3459330487
3875965172
4294534183
1903373028
1756400391
709079290
3548002544
1396819297
1372864203
307717274
3304229804
2165606224
990185213
2832393029
2952826438
571005236
228384608
452233887
1445537839
1199326556
2204448396
1784066171
2781933280
2962010380
118758155
3401029825
1340549592
2541498019
1666473566
971536875
2678621914
505018907
3523316344
492926024
913097740
3580384505
948316353
1770666714
189355289
2925622587
1633612601
2492252734
1242523289
4075685596
371664007
1930642873
2890043601
1307757885
579593127
3634279625
281897695
1928918781
2183457153
817621089
3889131544
631886735
877059563
2542907677
4082525244
1408104652
3862478478
3355024177
2775232545
127433239
3616970253
1838997894
655452047
284282686
710899074
1487958369
3621550348
117372013
365862792
191928661
2845823141
1705398788
1674382455
3952429877
1542573671
3388246073
3602228752
2137589611
4191183554
3709062096
293538696
2459967675
266727938
1202714041
3585684183
11529330
2371334353
4249624233
4151342779
2388801196
251129211
780261595
2355532220
2303822941
391895811
1048249978
2534891027
1977078641
705700187
2704035523
2322410380
509272703
1100810275
3324681701
2147831701
4112668742
2027059497
480717927
3719340344
576698015
3836555580
1302441328
4011107511
449731944
3999261278
3761044974
4206362344
790409577
3013619812
2283352678
1485763160
483809404
217841335
879077796
3549113272
2093410052
3233385044
2302093793
4039525872
2650052340
1904355926
1038704963
953036588
69515958
2811786725
828978872
4283693400
387966511
1352277168
4000195773
4210612924
3690275035
102290529
624647432
578767049
510924417
2208573285
646295545
1625774011
765037543
2684900475
2117185605
737694052
3098587851
3200504992
2329894270
867901007
1718507127
3853889670
1312968304
971359230
622336286
3759546547
1083622568
2283628320
2757777310
4262948719
1506743959
1754244144
3122703204
2464630284
2859404156
4002138652
3649205824
33929371
1517757956
2589376335
2869758513
2189256116
4109854888
2405323847
1302141846
4205217532
3423512624
3640103038
657380508
2076812396
3648690496
3343550000
2779015189
3357087221
43235854
573581113
2104525470
3367558108
263490363
902527826
618237295
4260418854
4057968474
1733293330
2736737976
1562856504
1684755466
195126217
3033134743
468869195
1803305524
1154843919
2167674729
135884668
3096406759
3527472736
2869823047
1048220364
4175086591
2723798648
1781129772
2331978901
2185871471
500909698
3248826804
1632940701
411018022
986018074
51436252
4237351364
4097696406
2575152948
2681627861
1588901549
2846152398
823951012
1401048517
1884607264
2176821525
2928742034
1215589940
2602407759
149803492
771679835
3275297147
402972713
605800499
1576976246
1237920413
1362629669
3310789124
4109880264
2108170311
990388410
729187667
2693497727
2283330590
1730900182
2864632015
3101382465
1336819031
777434231
3776996567
1459189424
3092589014
2670916576
2417756867
1741624686
1139845472
58727603
3346477488
1183361776
1581127550
2311816764
2676472211
2795551405
753422475
1444795171
2623548883
1775207408
4155346308
4048832742
851273748
3064034566
3387008364
4280277775
3188911285
1980694263
179609533
407906436
2410422104
1161267379
362817608
858594739
1963591281
1671040089
4245725539
2525579134
2612233042
6430681
4014655019
731354797
2448806620
2195264651
2637497105
68279577
3147788948
3236381739
2810725196
2776450778
614920794
2518868358
2006511487
3223977095
1370701484
3431597040
2610880388
3350588475
2549656351
3616739318
1915922984
3981477689
690150051
904254277
1228977502
2418251048
2138640232
3637998698
1179179957
3842116743
1151190641
3617526559
3486619402
3363517434
2668279738
2762720522
2185722353
1494153497
1691031078
3856942294
137168088
3911769417
3951205874
199395660
2862949479
4048324846
2648136028
3524465963
2736827790
876905166
28178204
824700619
1368670776
4181481456
757229209
1136468580
1295880899
864058979
1927851045
1847002037
2664279912
1115343433
1230074215
2801204037
2886675831
4136624673
4144036128
3194993227
1549340153
152325608
3268734313
1286401154
584442454
1807176451
3580072141
3145286611
3723504248
2147426126
4109959820
2840445696
2642591217
158220480
3019665923
2466054039
3163200520
4153358508
3173244223
2596344456
612613709
99259799
1229061276
3418172123
2121370963
307224918
1133313356
3345829399
3942184896
2386084938
4086755535
4293391300
2305009260
2165352316
3213384519
719961443
1697292780
219310186
3843287303
1120037000
4215355469
2729792136
3332482453
2954986523
917686495
1058001149
3449348309
1200396428
3614614133
660743184
632497095
3150026127
157888088
1709858369
3410375713
1152428459
574016326
191872429
119664417
1429982606
2705499478
3521456982
1387611175
1378906090
827920093
2050587505
2552838991
1186902117
3067924719
3700088963
1633037945
3751365824
2451446685
705780187
2154896031
2260342098
2520819794
3689724486
2455528392
2578912014
1171501533
2122451568
2345150112
2723705660
2481809606
3210656870
615645559
3109752097
569273106
3628067970
351528673
1713601183
2566984625
2486274691
2416983416
913087294
3551362315
1962277101
1907716549
4119907279
3486914104
1007629156
1935917769
1815038845
881163471
1459751252
1738893239
3217026199
4179980449
1354270498
2028675394
1191534886
2649783935
1395001227
240006764
2000805809
4271518354
798388008
1115325699
1055638937
3144681085
2154625522
114462358
59871673
194661245
1387803546
2575811906
828557683
3772071034
908533266
4003929492
414245678
2881014733
650367934
2967996537
941612631
4113100718
2856990915
1013378166
2329137562
4143531745
2241222328
3972819689
2897673741
2873264602
436681611
92871499
3592055315
111949453
2590324080
1059458947
3156267681
4059531868
357257392
393472403
3338101814
1451920504
1763179101
3662051887
4073402664
206038428
2337363653
3732473310
2557349289
4194317439
4286647281
3741219891
3394039952
1268119033
1973327103
3697335800
4235437624
1008936071
1757977244
1658921635
2369212368
3093853759
1438232504
437311913
1294543924
1728835335
4209280697
2554481240
2078369773
4071812394
4209973567
1547931771
420770260
1503900551
1092117488
2484804843
1410816030
3431645445
3515417674
404254532
241789246
3106078883
2344959333
