870765705
3288917660
2963056472
1421425220
3549804416
561700810
4017694317
2687532191
2529639862
405329010
2964919701
192858194
3331542249
4263677551
1006588958
168483417
2075306227
1718448071
2466865995
4162901406
1023773509
3570812627
2934318171
985787959
1774232093
226311970
2638499416
1506347228
2672654583
2616368472
3920617967
890452537
354958712
686032767
2198713371
3829781557
2895983068
1459774678
3049678313
804600409
2912211935
1559374245
1778598635
3236209699
3394558474
2311957275
3686404453
4085588464
1687638992
844562260
4290794902
456177504
2852948091
2136140732
4110954755
3721513025
2432226705
809193401
712726716
1239193603
1773691032
2759488330
1237762946
4008622973
4250214529
3836966148
3841995420
608582443
830366414
3982905883
2265708910
2931554083
2763393168
2220195707
3204507645
2801048714
710138853
2910514812
2098847688
3723792523
4168926444
1580251235
2043416655
2117973183
1411022489
1726666252
2029496399
3840865277
2786881248
3876412518
2936370628
814833568
3740223566
3953793903
2264376933
3237551028
1548778153
489209677
2359878699
2317266138
1300996141
267099219
2539819764
3506236033
3405443247
486340488
2598169263
2317630175
2552105855
3916306283
411338330
2179921222
3850320421
1784754297
2991607149
2292967999
2273446060
257539617
849749153
2125438659
2388156893
4162003296
2057600133
1845868819
4054525457
3152305144
519324918
76888713
3916550352
3527229186
1846097275
524779028
804333211
3063079586
3998627337
328501753
2071424919
1441220406
643361669
3977248333
965054835
3770827076
834190826
640161903
1231338900
3235424738
2343010903
263053881
3112154603
3792244630
608882670
3558917890
1156150617
1688110315
1316218996
3022525883
3684132306
2595875367
3979395594
2111710798
2634742223
273720229
2413606446
1880223964
2781821635
3012934203
1998263938
614870859
1445765059
3122024660
2663451260
1957041130
2513837989
421701730
40715754
1650315716
2050113994
1205707220
146771871
1983595642
1718743466
3639130490
1252487323
1374667482
2698233592
2521930619
461393673
194589537
943051038
2694103956
2353649444
683281999
2784233688
2480284747
3833676388
964489185
416718660
3051344102
2286471836
2385486262
1007541925
1203639337
2637332336
1392349087
3491752969
3473352694
3706390962
754578936
4232747482
3448615443
3806651572
1166765919
281614830
483900091
2569670354
3249601199
3551458005
2220935599
1077424246
697364462
594717050
1668826035
2019230929
2257754314
410102717
2885613799
2648110204
3289855229
2368395396
3508233753
1099860588
30827883
1669314916
2872882803
3425999256
3133804636
438568257
1485602857
1464251065
2635137055
3048634294
2233822744
4131660898
2793834560
763468228
4082830046
3349788720
3760088149
1923403373
2579595773
3158894197
3907904212
1186113273
877739223
3132164561
3718759978
3061828624
554132028
281897678
420138655
1734425739
2335457833
1089913531
2626966621
4124438629
3440277733
239785976
3893297548
1957801174
3324257147
1646779856
3724170285
3770340476
538522926
2136505544
3520000998
1753615761
1626475502
2818243892
732378492
2274867111
1290583304
193795643
1056998435
1735026769
745861821
1468980116
3695383153
2699087021
3406332152
1002382375
2768604983
2989696186
3083782079
470861264
1007878057
2406742494
3031407434
2657311010
433924144
1345711595
635967444
3965685821
2411260505
1360694657
3100509477
1580051279
252718620
3511165120
3251188399
3792215349
3153116262
409937856
1705296688
258529437
3517672094
313997637
3384180726
3891121625
506485685
3093075418
4137666704
3816121383
3460761897
3113526670
1159620589
2176648645
4147331022
2768480961
387824812
935578374
2301895228
638544191
438356396
3289916907
1348980843
1060267450
2146259612
2701032853
2308158689
2376754466
2658782019
1386680414
3567627075
1806784040
628754213
3364279475
2819320257
802372305
3178686891
3803452170
1433898343
3285628605
3016845035
1102800633
2333025473
2833149638
2881226651
4238707001
1071085917
1602123455
2181863210
3320095396
732033954
1684690419
2335519580
2304810950
298276994
2875010884
3914227129
3668401357
3107296384
970656598
1043752242
2223269490
1669174579
423234798
3300970892
525076149
4237507406
292920006
2961198671
2140465628
3706225342
3873821744
3897229310
2079515204
247613233
4165745788
4085274285
3748135814
3184092491
938322791
3643102907
1957253505
1430938142
3874612928
93983642
807619723
2211353437
35205087
3745650029
588240197
1361346318
3592809241
1642776524
106709135
3143430979
1221279668
189974686
233101057
1580593634
406292403
796006892
1122989265
167608388
718155458
1154013281
3927312812
1310570959
826092892
3242796749
2392615037
3893178903
4267182297
1364499835
3702226839
1861199705
3391534613
2297576190
1123004309
2078593306
2620334315
787250017
3859061452
2407892579
2013697674
2242391156
698837463
1855566612
3122930145
2796380872
1925980404
2208492019
1574478748
2606678715
70111917
4238298335
283891244
2272933664
335348889
4191796341
355725020
3643406247
2364016051
4080087631
2328486021
440220198
1867352448
71865811
2723641112
813586366
3789292501
1407984761
3557255554
4135932423
503500153
3220084016
1968288871
1732256786
819999643
339817542
1223629510
2979450083
3159034610
2119363482
389281254
3219654420
616425979
3107686417
777612692
2419149177
1778794189
4280233319
3571143229
1387121715
2051229767
3258482080
809546355
1441627075
1398449354
3283552620
2901194466
2305327690
2539452386
1720718074
3503445687
1473734633
663694935
2711401292
1822021235
3775653914
3227274548
3807771138
1409758164
1528644
1895567741
2325379379
3388873932
2529573043
2391844870
2404967793
50762241
1034651361
75157064
1713027822
1012319403
467961114
246122397
3240560555
3741647082
1313857374
911036417
3875535447
3935369636
4089333316
2550099764
1340785298
751179817
1689737398
1681534770
1724367012
3089860446
428355357
1554429327
156665171
3937712395
2917000133
527662307
120580455
4051379010
3265419827
3579515062
2084640970
3211032249
1895493559
999408727
2073720855
4210882220
3761066909
1437588912
1824227204
1383161848
110163263
2322302263
2377601504
2768562200
2098715452
1612362185
2487056300
3116819374
4097774038
1670773775
3822417437
348596542
864556800
1903839659
3194791818
2813112123
937557169
2883809047
3400646188
3063253661
1921947542
3899581993
412402842
3244143796
608803069
3425320196
855885965
50680802
987933630
2324388055
521328711
3952889058
2270931502
2022691955
2851548073
417792203
2845764332
3611353928
3042101630
2350846347
4172131963
187726624
384970864
3904677515
2874101935
3689787531
3230845932
985057935
303017702
2184601387
644388039
2082215513
981372391
1996931474
1272462195
1248791388
1121642259
1673089941
1905132562
1335445245
1897407359
2106007439
3312793239
2283279797
958995149
586974979
1220413592
41248599
3082666232
774713274
2768545812
1295382096
3143504665
2202520759
2157441830
424567106
2936378788
2103740134
3265292135
4210463336
2085423310
2625902471
10602062
3622515295
4199176920
3248801488
676927947
3619300643
3303823960
2874168573
1164421413
2123972458
880951750
3905132723
3801632641
2107218401
1719252515
288214117
3689953567
1106695044
3682366832
3604213968
2556020222
4148032901
1406747697
2706947304
4046080637
3921125890
2798258952
566784984
3166642693
2259591169
3320863642
2351617893
3253449234
2138494362
667465586
1477547067
190770579
1844102765
2335584969
206322233
234344742
628112334
2641133532
1130496267
1930888905
3642775908
1332007348
2665844914
1997866091
1499661224
3794540224
4054924592
4146862844
425842550
1401990958
54636320
3566634748
2290085368
1726885657
3685220037
2880695403
952587324
2928041408
2644827948
4263693629
2047255462
3740911286
1299840316
1933370760
515545339
2094462968
498143634
1803076304
1525605597
4155916006
4090836253
2948611437
2584592529
337451677
4181879857
2387649767
1288748791
1272088665
2190013825
3110371554
879671546
3928141429
2058067948
1892497815
3507559704
192044872
1965839022
3153843308
1089755369
2392487732
86572005
467359812
1285833289
1323826300
736535490
3882880028
986381250
559586438
1315070362
3229360098
3586947608
382805064
145113277
1378121438
23491537
951737761
750321042
1651064435
4061827633
2148333133
3272912745
593589910
2217424385
3344215843
3320174238
2134482311
2113803687
2062303471
3628497468
2703726940
717642200
2644115079
954686566
1426177338
3434875602
597656516
1649034588
3524665911
3875965519
2480568770
2153269192
421760788
3689485443
751121042
1538760542
2348508485
3662691949
1737223307
2654332876
4084214544
3732399047
3593352743
1699870423
2364524997
4100350464
3716304666
3031731854
2573665492
1339107025
479021517
781837684
2243277160
4197237124
3901291410
2741881756
1889148132
1678382143
1101506405
2899363124
2846034463
3482759233
542341060
2816977336
1929662780
660046109
1117063716
685448529
3263000170
1358525157
3216831716
1111661763
4246666488
4066603378
1079373507
1640459054
1316354222
2966089480
4192264555
871213022
3337942145
4192539360
2634985792
2716212573
545780549
1786502152
2996109932
3918331242
1379662651
2229038615
3012060773
405566471
4173709501
1433055925
2588130557
1612250805
1590874584
310855699
1167501784
1787672918
2874394356
2295575653
2778180626
1902972151
3203557675
468400338
1383407020
4216343406
1527333020
3341689523
2175875710
1966709684
1020716984
3416264428
336437050
3466319675
4259525369
2202920200
2367255181
2520769437
1694192831
2889350997
2823197483
942428923
3616138443
131133361
49707237
4047905783
2270993419
2862390898
1788023946
1476491844
1111281239
3612601957
3540891394
1116590303
1186131266
1494175906
3824316849
2733740707
1934123388
1827630881
4196887567
3927233234
1919045503
1823157187
4037261083
3204975235
1787036833
2202685385
2196203771
4188156165
2830645135
4205270953
1015932154
1281403257
1534019364
601983400
3512991009
1256540652
817764871
2590278244
3738050907
533801015
3558540901
798506850
3814432864
698344776
3194569177
555547763
555314479
4159449488
192863677
65351397
699003439
1506930415
2688747288
1088706508
1713597573
491242471
3474050219
1002070997
3176559346
3934155777
31162984
1786825666
1829447094
3057887853
265697059
3359147270
2915535382
3006834098
1002448071
1090513050
2916624343
1226408424
3696123050
1018876815
1309468519
1329157975
953790351
850694802
286183269
1735378001
3197430652
2067299692
2936412995
395155491
1965049063
3381995332
1572641823
533035579
3281717645
3299414408
1799037047
4001552393
152769681
626778524
1070240507
3914372160
1412606119
49567225
2417238402
1520898170
1848380929
1853226561
1807928616
3960714247
3546515300
729871650
1017375205
511689761
556619852
2748042337
2719318306
1864844725
430849891
2001040301
3823129136
1479244568
3522799983
1886510546
2171561374
1032903666
641489163
3012760792
980402415
700034436
2619074323
1815460157
1608915900
3638573699
4197141957
3841636231
1449048893
42626139
342047558
1194046639
1100532684
3491338653
2302951136
2152342027
1485664667
3701627194
1564029731
2901718819
1505668782
3786770806
3081893549
1377293746
1161581533
230344038
2191951452
3230360511
657388243
899481360
1287792804
2149422526
1752539456
2475834051
20383193
3520263118
3333326732
779422441
