5502905257
4162913251
6432088423
4608577077
4328034584
4506923772
3275400454
7804946343
1268735910
7105559217
3964019800
4640720887
4893813799
5586613979
7887171187
7042797850
2789020783
3194388255
6570205797
5459179950
2283270708
1808064735
4066077132
4290861484
4472503159
3203640815
959379966
4291012914
6662297825
3754733573
1983297012
4022071000
3950398569
891329340
3236964834
6130161260
4532422528
1630683446
6673068565
6587899348
4797754697
5689154926
5711087320
4188460747
4154235368
5712188757
3370227971
2197480914
843255993
2462093585
2167183575
4490539681
6308520042
4250348723
4736632278
2469975288
4680376301
3001137910
6312303108
6145374956
6612608161
6747100984
4167110527
4210288893
1764002432
2148011042
1362458921
5827568159
1916407956
4291851935
3611530268
6454453998
4653463332
6657216166
4582631915
3653661510
7864528897
4618686154
4177554546
4463527292
5065270294
3990151661
2106011439
3146169768
7974390433
4736822106
7539087648
5082398515
1528729842
5755634500
3093687647
769316325
4629294952
3957007841
2251287087
1664917243
3583834766
2285520909
7182155058
4878355447
4481763487
3592135733
4339887418
3032200035
4734665486
3870775070
5458590384
4543864787
3035705111
3849330202
6393368092
4562441114
3368290419
5410648353
4505908518
4891430944
4148468436
2577412364
4218626836
5937647947
974270447
2266552935
1016488678
2494844744
1103121673
4427989872
3873460659
6048604584
1749238424
3662229771
745072063
5546748327
6975601288
6671250686
2960706717
4936351574
6923310274
4856139082
3270631838
5750921912
7407917982
6291628871
4183446613
6921719591
4780246438
5762872116
1907151302
5136981272
5168539017
3783019028
5429658399
5681562245
3611681853
5880149204
4771617723
5000634261
6845624746
4231773140
3058349857
3275987774
4771087508
3299109702
2995991880
4184998008
1510249904
8485814129
1609530041
4303912777
1477576871
4536048802
3259515353
1867494816
4110063732
4461019553
2932332048
6113509423
4240208370
7386515280
2778494818
3442204035
4047684238
2830165934
3583698323
5956568793
1530985331
5805083690
3112632095
6562008067
5597556234
2016979116
2729773333
2595641782
7132309015
3841873950
384525937
3677696710
3544838112
4593002942
6484801770
3076955611
1044182319
7716274336
4172508660
3485115796
5102452238
5138644885
2622053519
5632780364
6081221860
5230529566
6393764636
5949338904
4475349271
2546925435
2298525935
4094065782
3060044556
4671199178
2996239072
1439961104
4686212766
1502085343
2432150479
2995119626
3889980441
3219888759
6557143495
2214170309
2972021564
7362294356
8120119300
2242504989
2083035298
1663973378
1762570438
4158734569
5921741837
2713420583
5203353681
4387105818
5477905122
3440784227
4417950374
5305033765
2443358945
2643264034
8093804954
5162590099
2339178328
4364826595
2984733978
7531469163
6332300843
4259449714
2213075184
3406555647
2510799738
4752726095
3093413071
2486172830
5245525769
5594159050
5840199861
8171798670
4976655460
4337515743
3380026282
5573019469
4844272439
5646353302
3188825766
4548207116
4124428497
3184699093
6819314722
4820699728
2224575158
4963017725
6785917820
6080889197
7153580956
4306141173
3201396839
4888290411
446619295
5480453182
4191021317
5199765402
1477994446
4585131541
3436871507
2751095026
3121873192
479039534
2785645090
2084149913
5018722625
3901964989
1173072025
5045878763
2856751356
2520964598
4989520702
2560346929
3282330610
3099247892
3024370778
1429554651
1432319067
5206466874
3607041268
3390591901
4155795974
6052207849
5306991499
6779799737
2273223199
3018552067
7201550533
6889035477
4606347816
3932043532
2062867541
3400789617
5807087798
3603972794
987327451
6976599382
7040210114
2473872206
5986009215
6653021049
2442725872
3625291712
3057734448
4610568380
5957511617
3923986702
4271379406
4236967688
2997893215
3860931416
5834155521
3020749220
5308757089
1559976157
3592593798
6875760834
4525340674
5779911859
3231779829
3630592125
2132229009
5325828691
1127999673
3163116626
3602597577
8104485904
4859046608
5066244702
3661530206
3897480928
3147108164
7624284886
7880769860
5043599587
2760083893
6821857574
6540995821
2177498952
7045690414
3865870386
5471983142
2226044894
5247125414
4158423343
5813908658
6102295383
4077884249
4852984744
4594770732
4655923167
337802326
5053224503
3306205111
4442066046
5802627736
1620171122
4570718854
4125080563
2103695555
4350445481
7563518048
5298490805
3657099742
7818504598
3611675732
2484625195
7363499255
2706178789
2902173493
3549032675
2541493628
6229484596
7792471736
2731893228
5936848402
1928170733
3362643463
5810095637
3448470071
6475527624
3648596780
4590186355
4189665959
5866125637
2516562690
6008894536
3030476989
5058262871
1606016242
6817564836
6551851618
3196477972
3157076195
3194413222
5373774325
1009809863
712963656
5478346783
3369889718
6707606187
5339340551
3425160846
7401591356
5435888871
3652141538
4554069084
3067326682
6177598156
6669982167
4504592357
1773111402
2379848334
6435368988
7470009447
3361451416
1463959075
5354634767
3540030431
2737283134
4664996106
7722139792
5524094052
3040229820
2697743204
7001699257
7853936414
5629902771
5447098423
2253771406
1997048192
7280877185
3001648249
2488569853
2419840656
3655890026
4888309574
1610603032
5756510429
5157126723
1640454899
3817199709
776392789
5535071113
4616549096
5190348753
2614813316
6305471602
5993620272
4231798785
5594050820
4293775188
5898618220
5803676937
3182595358
6361784941
3782757055
7088610592
1869601845
2347052914
6922415005
4879634821
3470141354
942800575
4560432460
5511754070
2742882828
5118533232
4794031275
3904913614
2651683976
3149530171
3822402137
871488361
7255936343
3161972896
3142398436
3252312172
3137635056
6796815006
3275598769
1776939800
6012119443
4681877342
3022530140
5854052462
4083506663
7059606386
1996818769
7464105706
4976101398
1045269727
2285261721
3032622465
1661282517
5185249366
2511664157
628130588
3235350001
7023175737
5120072782
2379621905
4768824599
3256450628
4947011308
6756748172
4123841289
6838372534
7690311366
749639376
2956288797
2526415087
5229589438
3834487652
3018111667
4103320954
8154996637
5950192488
3062514656
1762647856
3682517509
3663652588
5544210850
3080774492
5238267600
4891544966
3922534891
1929678209
5658482092
4136631823
4702282221
3414492587
4386258719
6139606099
7248461253
2244354221
2978287719
5107157123
3012409485
4603955452
1746801438
7851668691
1101105022
5783222599
6090628239
5244687508
1282889725
4603535851
5916326412
4715842147
2587844923
1636962282
4572410117
7310441276
3281879799
7486789506
5172483872
5845882082
4808292933
5290429668
3522792209
3955380335
2383036109
3720361963
2897774930
7474196131
1359365013
4787012410
4623222974
7796160803
7491973140
1429889474
3424704831
727337612
4249669757
3798817595
3700303723
1997939218
4952792037
5353974841
5519509044
2381603968
5292289897
3524591233
3251508553
1509792997
4318323797
5408402202
4168823444
4646770881
4086460725
7144912230
2100003981
5368437616
2766344209
4354963367
5256629892
1984482659
5679217650
6604294005
2916453640
4239399052
5198912038
183130020
3215074469
4227685153
3760116656
5982177927
7667769807
3176984372
5580491087
6321893375
7492175988
5985152900
4827038473
3541102978
7084896347
3388070529
5985278658
5431361580
963378097
1350087124
5435764279
5944309286
277663995
3807463675
2237365798
6113080696
6910319324
1796742395
2778493402
5612338087
3162391394
654699126
6316734817
4409163294
2205093811
3327063998
3289476057
3383299223
4764414923
5687090148
6574766484
3148688645
8275445526
5847604346
5745308858
2778148112
4529498792
1216886569
5207540273
5690111839
3649027055
3385656781
1990333690
5713230526
5411531146
5086669679
6589972404
4656812129
6899974919
4198302476
2531302073
5457737151
4462294121
7081456940
1871913259
5775979839
3757316658
4669607168
5762816665
1640245361
1856970687
5514455183
4602779910
5022674131
6484636600
6918643153
5460256918
4939957388
1301642779
4220571539
5697586412
2576976582
3488373819
5178835840
1956880978
3781815752
7889402863
2131953974
5649495876
5823798459
6565132156
4577137991
4520887657
2978520492
3352827780
2266450803
1974192817
3322262815
6417024655
5687668392
4449791413
5678488135
3339611578
4402727472
8021503275
7485409222
2890878909
3378806689
4229650314
4292081538
6274185398
6229012871
1433547141
902419030
3146336766
2598722764
1297410438
1237575301
2027289790
2761957315
6463152018
3691690388
6346085926
2710789121
7721973736
815221610
2798870793
4369208746
3564040173
1879255416
7090393132
6080952770
4951256562
5210834513
1022093624
5322780351
3939521282
3455317462
3524672337
3606519739
5396443010
4303769650
4533338237
6866697492
2253637345
5098771077
2465448490
3832785848
2298950379
5575532710
3307428676
4334077034
3619970368
5895003280
3779677632
4837481063
3771146941
3855381582
3526133968
5966673281
5085654830
3954273310
2303548813
3943086967
4059533569
4679629527
5196944618
1103663228
6370549514
7019484510
5941002293
3669952681
5235067800
4687012269
1753879225
3448147519
1737128457
5122082792
4888160855
1859179125
5003115148
1818476224
5067329353
4010180774
6911069271
4010986935
5493381012
3094129116
5281300644
6127770042
6256987654
5226712232
5825210024
588745128
5671409067
4548944198
3319633941
2939579842
7313923142
5742717872
5056162010
3103460257
4243077771
5694776683
4285969323
181935751
4800920639
4567085675
3577187102
5653173716
4142624318
3150707649
2419382301
4187140221
2604054310
5162408611
3603159770
1831516409
1200789589
4381899626
6755651158
3558486458
4729592540
6974750777
5516948078
6147280908
4385529700
2413899909
2425282157
3515120354
6281499884
4352341381
6509431264
4618730070
7529288723
6341235550
5054951138
2329109132
7493659963
4152840709
7549567639
3798380442
1283272456
6328224013
1928888090
2432206818
7149489806
1430698203
4702958764
1284364690
218090879
5318093981
3105441429
5495615095
4964576348
1939300790
1785688177
2528274407
5026580719
4925249657
4072583028
7457946010
3604641813
7048484002
6540638301
3727976282
3687675578
5350372243
3867024970
4764414001
3596174308
5623760288
3524542954
5437122969
3069609433
4520689136
3811026597
7304696385
4736922463
5730775316
673948689
4606283959
1453422918
5789783243
4689216837
6227697452
5301567910
3748595932
5769524343
2611944519
4513775357
8162626834
6317822008
2250227185
3330935000
2904868972
2497571287
4363112991
1793340106
4356301974
7892022997
2085574871
2426836689
5360278896
5944261795
3346354971
2367683290
5057558004
6448724171
3063087907
3142615740
2500295174
7213600931
4667141121
3122427958
3374306427
2553924935
5467885511
2637648477
1307451853
4835576978
4874153006
6488087538
4445448913
4145482851
2356358345
4636105629
2906840566
4207842530
4938447140
4963958383
5040631598
7454833686
4133498304
6548025207
4066950233
5855563084
1757558873
4136313888
7507035839
2504554129
4415330100
1148797159
3492694940
8295261177
1575178222
867074731
3910466886
5383242421
4454618575
6249816531
4683457287
2697074601
6517578999
7509822160
4771859126
6286866867
8090510984
7081356499
3916200022
4880786052
3239467213
7748492965
7014364748
1178007782
3987780425
4663113430
5637493826
3622589824
5500298545
3509709322
1885033495
4261587413
7616446026
4787400443
2799102702
7228590884
7832376214
1621304247
2000688665
5529091765
5114797318
4521727732
4521647750
4849026698
5301416259
3100567396
3530671032
3294742684
5358940373
