-38425588
437075530
-365039541
2112771909
-159089481
-2172288546
2432113257
-1324992115
537159786
-2947598715
-914577910
2680976468
-2899936037
1738845474
696338780
-151722936
1323701648
1790651085
2357167810
2935619590
-1020706758
-1980964451
1492603230
1186245654
83327809
697401621
-1249828157
1240810876
724430578
3130656739
-1704330416
154722320
-2496130579
-2142814557
2321364612
-302730767
-258033966
-775973697
1568907139
-2769190674
885822134
1485141530
638133049
-299773646
2717934665
-1857849672
236031796
-214546999
-1502200641
-54600942
2217090694
1054546034
-1233677181
-476482504
904386604
-1817213718
-435380232
-2181107769
1626632105
2172557080
1079266851
74946567
1534753984
54660223
1784732910
75371100
-348191054
-98231010
-1568679927
353343833
187480926
-792341393
565331009
502817317
9522260
510566484
-2369311283
2272039438
-233224838
1201128265
1906179020
159133955
514363862
-1665860543
2145420870
-656964709
-1552056713
1220068884
-1303553593
3591987730
-691496756
2008381442
-607304583
3328789316
126494864
2439492951
1176229326
109453232
-3100976369
-3035773203
-3472672201
2425188198
489428165
-3122271372
6453127
1069513896
-191015468
1550589502
-2460444122
-2380514104
-2967523006
-288834083
2819226559
27439476
3124286287
1519164770
2012683011
2845943016
-1431021426
221389636
-1649698197
-1323660106
347233876
549422568
377061079
-782358659
-478090091
430635784
130868926
-2483121903
1115245420
-638702088
-1403214044
-435875108
-1563775678
-804798480
1446888075
-953038083
-1972318202
647660889
312218176
2744519545
-3729384596
1839636394
1183797311
-930642916
-2623160680
1727021006
603086897
-1243555559
-672325700
-741485371
-186722948
-431547458
364696689
184275000
-30726455
1099506786
-1066250300
-98414586
904599292
-2872313486
-80702982
1630471228
-901940035
-2042965063
1141890808
2477582958
3383692055
627440952
417290977
2420932290
116860704
-1471092031
-2011018738
708280425
2459885960
-537085213
-1982784836
-1466957044
1099370346
1044259929
1033880681
864948346
-1395369337
1763069915
-663941898
-575554821
2294167553
917088551
-1611790206
-1426527023
-1296712343
-448031997
-652092976
-444734993
-2077648758
-107669786
-441005787
1149802936
-1201148
1132358204
2525121025
-1889311609
-1057848077
-2426110194
860357688
-1856849864
-620439246
-1009162079
-1623231935
-320021199
-1573324439
1298011920
-1842060714
3536244964
262743022
3416911680
38851099
-1933632935
-2752494580
-11163023
1887063187
-1694340067
577860696
-2353166299
575911906
-220669302
-2479932327
-2292102156
-2558258439
-1895952550
-1687745213
-2443865081
1404694793
-82441024
-657589345
1648396240
-3232109139
-75029130
-2483449139
-160006351
-335203052
1682030043
-1818392226
-2573375109
2556090127
-2433272774
-430625251
2259321805
800167149
57377207
-2099313762
4040774612
-83176785
-1657958082
-2613891010
-581941636
-2021389805
192370337
-426138475
1939719098
1218728491
-163032727
-667487065
1347289613
-298830541
-132820736
-3656054434
2811774103
-2486101547
833974563
93344173
194727481
-2302001088
-108064842
-2826011286
561443734
-2529148975
1084740132
512840632
2038977629
-1250177373
2702339430
3496777166
309286600
-3001201226
-507039717
2309473694
1032841833
-365484841
-2215812015
-2102781927
347071382
98584159
-3362306406
4010352078
1519275992
-316928094
604834969
2393361354
-356570424
1465415740
-2246087841
-2432054033
2065469405
629039495
-69810037
662991997
686309600
1402928772
-902481530
-2392740269
-2847744052
1322763623
771953350
1270002675
2468080184
-501444584
-548603663
-2375501128
-338472694
608718194
-1374457667
2157419385
1557715064
-1107914993
537690697
-551578623
43827373
1551497440
-1691937812
436928222
180169794
-780267614
-2249832841
872520964
-773593512
-531890108
1277056886
-393915551
-1005893489
-973378215
-2147034994
-2159019857
448128624
-2016796263
1843253669
-2159335566
-2285678350
2017268218
1476987496
-713507131
2933354235
-982071955
-277408008
-484517921
2137842448
-1542722593
831692075
177336796
-2951826512
-209492869
2200313236
1091521103
1769902352
1038120453
-3461832509
-1082039623
-1939882133
-52928410
1039699406
2160315884
-694756701
-3723189289
1968204298
-861896964
-1909713748
-808751281
-484198375
-1333987683
-3116009226
-26372819
269635469
1432002161
318179322
1753819299
-1651818037
95837616
3870892844
-989105207
826792094
-1661232247
3285877319
-3744489220
1490095587
1855340810
-2255819611
3861667627
-2193239682
1427332506
-1119251093
-879988860
-3153999213
-205408251
-328662986
654352693
-2250458451
-85261440
1351785041
1659199397
-2087402471
-439452141
1280765521
1260229772
-1337213823
137902129
-2580985311
-1485207325
3866419185
760177697
-382293733
-1525078254
-25037884
-413303585
-2191772735
821837335
1567441928
612565125
-556021665
411340815
-266610097
-3770568315
-596495093
-56468096
-1610210860
28370950
1279940057
-3165202843
1031424484
-1544098077
-2659349055
1405087306
-371877942
-31171316
-930863407
-2332715071
-1892276888
2400879615
-3093317323
-756489785
798716676
-3441380277
-301568970
-2084262097
570793275
-1624999935
-368026234
1535123000
1637332240
-1681025275
1833967047
-3380360616
-1122204738
675067696
-78980141
3643767569
3900332836
1039755516
3725623800
3353865354
-2959422577
3513905121
178305699
2077471461
98059475
1952606146
1527922454
-760720988
258850748
3382428206
-1358407898
2208656110
-372499432
-1264293776
-2069621342
-410578963
-2205899273
1946651777
-323913388
-444433081
676652536
-1652365155
469051211
1197250084
-1208232030
-125371259
-1707610674
261651240
-27496636
1943757135
577823442
2097100913
-516510401
-880718014
-100281108
-2799734911
10563604
-1450908265
2203042280
-1454504287
-443121899
-1192647486
-588287207
875573101
-2286205433
-2528278019
-1636437204
32582137
2329324776
-94419822
271453360
2495269548
-462678823
-1212388343
-1248004754
-1562868951
-1015569335
3522581082
3158566149
1423819812
-1327549199
-39971763
-415516387
-3412053537
761297528
826757832
-2947794399
-333995543
393833595
-1325559499
-378977592
-377800092
-3015364024
62187098
-1929041134
-485838560
-3010666224
1185989961
1739508508
-516402702
1901178865
904060363
3058587666
2371943745
-786800598
-1359472994
-2087330087
-931725132
1389678794
870864798
-1140302549
99790130
-819875133
2829710523
-67116778
696110756
1381110758
2272907933
-519037355
426630186
456195570
1175507954
-1592517674
397855840
436288184
-2940283429
1367603765
2206213064
-4000733330
3273565188
956866354
-130775593
1329522448
1772352365
-163255729
870124406
1784521962
3167258763
1549551182
-392690936
14877784
-1851777000
1378380884
-2525679177
-158456539
-1137753675
-3458359672
-3269595054
1619561036
-3231569501
-1701894310
-1142738676
1468026687
-1228133159
-1823178194
2594535263
2030769252
-3174002448
-1585810048
-677055358
-3283959516
3007037145
-275702892
3150603053
462880387
-1409602630
47518646
379844768
-803063011
163019302
-2148013550
-2148873756
-1981454978
-3283235605
381616481
-3353414295
2299065247
-2237453073
-2635346786
2128140357
1515308836
1984942487
54784312
-174350770
-726336150
326091969
-1135372181
33889815
-3980995254
38674907
-70049106
-2027889458
333281202
-804169681
2927161933
560101159
-2008513531
1494486421
-767121376
-1482246315
1226820736
1669118942
684675569
-379363848
-1491318461
892968051
616844645
65655378
2762037529
-3472689446
434541549
1181706417
-1770100259
-2115786016
-393431535
-879331407
-327155896
-862725121
-2490665814
-641092152
-2119717705
-729947588
3811012340
-1141448492
-48715767
-217616572
1295601902
-960979483
2686407035
831438086
1162957049
669342353
455679328
-1583269784
1500059145
8437667
-844368760
-3210642235
-1899099908
-3439614381
-2561664701
-243036937
2070540937
242050183
-675877288
-567851388
-2420913346
1493770572
2440279310
-1115729556
-3269311954
80170793
-2323532376
310591436
-106638
400263438
1394487780
474982926
-867791106
129525627
2356159089
-677594067
-164380402
-1138496153
208797030
-760629526
347410131
1299759064
3869652228
1043058031
2891680431
2487513516
2335052358
-742913734
-477874293
34533039
-872050390
524785199
-1868668566
626743994
2142449114
-1603663358
-1221887637
-100009786
-2140031140
-1489551892
-444373656
698746872
-2335342846
-1524078668
-387140813
-261609936
-1575253576
370625109
-3073157997
-3344355007
-271472623
113071043
-1140103798
2403865271
-377034267
2536521683
1603133477
225618130
-132205385
2996211552
-675991011
1832878968
3269439013
1363610918
-1181917189
877435737
1042954719
767153607
-4109725701
-3641560490
2803719986
-413043445
3236167750
3033351183
2124826073
2377698125
3216230965
1757014996
-640327612
-1528104920
1482146582
-428286876
-1256260154
1592941269
503930075
-3720409645
-1826998138
2538362640
-155783771
522204188
-484162937
144077002
2916753265
849259422
-1655410183
2189617320
-2663674581
1722134681
-161215683
2976657521
-2745918712
-1856382838
-1002741156
-856319258
339346773
-255383594
298985447
-1854005763
570979706
-641415629
-932097757
-598865652
-45247102
-2635775492
2743545432
-334983971
109996849
2049488355
-840946324
-1032706488
1757736938
-180017618
1751035250
-1357745541
210443625
-1216484364
-4072177076
-740355132
49262234
-1035098888
-3071503414
713533902
1064953288
-1919152078
-1364037471
1190720070
-538063585
3265734891
1803827479
3314430841
423033221
-2692979940
127774081
91048810
552142812
920660
-2463988080
3653051947
-323528574
2215569720
-3642944785
-795575959
-197762317
-1381816919
-1558492564
1245434839
-653128843
323139885
1903953102
2641582418
-1278740402
131168276
-2964595823
-1776193980
-911045744
-2700818285
458312534
-3990046914
-66637086
846505380
-2503844752
470028783
81032716
-1609737717
-166192908
3321997256
-2136026975
-693492182
486401260
609421570
-293988158
3395687780
180789612
88693698
-505743603
904045589
-2102322099
361960065
2913568457
-258326796
-566254587
-1289594725
-2693680034
195386187
-3047466760
-1185889696
-340658607
-1769819992
2409688400
182099493
1697018937
-3388357170
419200270
447228972
934172934
1037877960
51325331
2877866963
-1951513575
2823407449
2266317291
-2113634447
-39854486
-793965586
2794464600
2384242735
223019847
1024157059
-886537571
2221769433
457741717
-380857655
752567285
344615475
-2069089356
-1104429341
2714668585
3282146825
-589275810
601169650
-394524449
-1039429945
-367828840
-570563827
-1267705848
2006352891
-2292064365
-1990194869
-46334145
-2794447754
-1485894796
751980161
2408983346
-3516734295
1204672299
-2128774872
-1430969975
1008734386
-300005602
-165075823
-988410986
-119526931
938982981
-4190213345
-2537045042
-716292300
-579793529
2244768326
2535860056
1890160855
-2639924013
-661413537
17121349
597280231
3952026599
-1790503545
3030041026
-1165640339
1385958333
917364881
-1475794754
-534564378
-1800394534
-523041629
1912931323
3187384581
-2079001307
-960192054
-1409395754
-1586395017
-1083158482
2619142065
-3781530776
-959412721
1773075226
-1593205211
-1233209057
-501721926
-2699018122
1020174616
261062600
858442204
452226879
-2107013137
-2176141339
2719924655
-477200474
643590636
32808054
1681407318
-1897728617
-178867178
2941046859
-3266992015
328930407
-44046084
-2987544163
289084268
111073538
-57470991
-1177520540
-1354336353
2222834175
2327566383
-2888242793
558888132
138773816
-483890432
-1115121638
1849390019
-134772367
1507474671
1096910906
2879711552
391476416
159514837
