1500883927
3887874148
5077243049
4382982296
3709333004
3555526349
7124204233
4448706398
4441909868
4289353732
4006446874
3459932473
3937737329
6267602480
3110838382
1976085454
4079413008
4075944754
3464737994
4585346637
3527709746
7697110544
6781769178
3598074551
3812896945
3789922577
3609564899
2211141747
6072988861
4704816920
5185756976
4997522515
1795235733
1151690010
6060793454
5096589769
4881919267
4605641283
5937104010
1126835748
4760490877
5281866722
2609986292
5734559596
4819368504
4040101046
4647101588
6714614939
2773091015
4620495923
8457374925
1047414883
3206237154
5034403820
6731133228
4928270240
6162666775
4494007172
1561062946
3267055462
5052875321
4243440172
4216269665
7515317868
7077576173
6588749545
5054310775
4711698967
3556251119
7597034033
4040165722
6251728667
4859801242
2430462378
6853548500
4596732022
2674314563
4794083378
2463915759
6711126025
8165462864
2541770991
5925646837
5525035301
3331763510
3246510495
5988509991
6353815522
5902816118
6007054170
4899000815
2817076007
4684433523
5844956031
3258632085
4447533958
3647274534
4289784146
4055089345
2884157529
3668597110
2353151364
3029492652
4001709535
5497003133
4710220639
5396874346
3177656941
5435698494
7650610070
1635026633
3049193355
5625633946
5949223389
6030450068
4647122487
6257866571
1393695521
1933098255
4582069445
6356784028
4885868117
2484771393
3169429313
6742690896
5660543788
2687734195
2470321887
5982635836
5578141182
2201719021
2733136704
1203477821
4919183731
5206969819
3875166210
5730526314
4852761291
983082661
5523894125
1217088710
4838328917
2587959109
2945071882
4306818860
5089713778
6092500323
4411279265
7066233267
4179553936
2863492316
5109904806
1378562505
5244623577
4297162036
3774607510
4310168149
5690437320
7658002842
5601087241
5411732316
3437312959
4985105764
4017641090
3664106976
4382876881
4089979787
2274571100
5067248925
4890568153
5463343742
4797917689
5124849973
4382232515
1884812806
2649354311
4863208878
5170425681
1540636198
2152884554
4569754915
7428578150
4406078159
2044431600
4244114826
4698598884
1809308320
582909990
3752330609
5205923107
6504271833
1196119565
3803370388
3188364720
7704804679
4701420125
1840245354
3488508537
5124902013
5915425678
2659976769
5380840631
5131073738
2071215249
6940078090
4883814808
7544015766
3977026674
4770500255
5236315643
4410831342
2411246405
4475839830
1013694639
3765279563
3919142412
5997525526
3886453919
4070594564
3845339028
2510174126
1951750459
2142011193
2429490850
416435072
5039694415
6687654939
7225415710
5999817304
4421789092
3238102966
2728515221
2422124351
6341683876
5470095848
5129797435
4321452836
1575146288
2737191618
5159373882
3574753659
5769403387
7931084449
6183464974
5019234071
6145239377
4408529547
5063039603
2070911414
4077924474
4214074844
6641975785
3709642582
988174578
5393911193
7153521146
7274007129
3333251392
2571005188
2345750194
2238767777
3730863520
2299186339
3564228679
7042895308
6530815291
2157958686
7921400460
2730515052
3521346086
2828352238
5882407435
6580119231
3305923092
4734028829
7285372656
5156449589
5096742591
5603684524
1113488542
2667883552
1882895557
3531499481
3095623951
4774428987
3229531370
1671254250
6521563057
3618668697
4469682606
5258141527
4075550042
3003645837
4059153575
3914704240
2413032230
6677452353
3965363790
4001962934
3784405684
1442376263
3590987655
4416815255
5598003148
3921826189
6057114071
5658078820
1459651709
7601193737
7288185165
4468697425
3274065870
2183769791
4722449712
3066812912
3774186816
337784170
6712546246
7006451405
2488397541
5702084807
6852376121
6578780395
4045239612
3295067172
3629620380
4490394034
7432124445
6063856006
3331289039
3429478551
2534687199
3415336601
3125749657
7209363893
2571254569
4096225911
4468583041
3644306446
4660832887
4657112337
4074310264
5328928164
3739562016
2369303665
4817820889
6595082115
3381027765
3986314852
6859750947
4932260891
3384486422
3980737547
3515782045
1901178126
3349973773
4240759698
7050101820
8270851753
3951613163
2770077832
2520467488
7379586968
1549826198
2422884025
4248201759
4963643564
882679974
3629186928
5275303496
6672201659
3707642140
3482264203
4869036104
3827314879
3624973079
2405903474
3671930975
2334187853
6710257565
2992839131
4922997249
4498018766
4829510193
6111234506
5714524827
3181231522
2783425676
6873147102
6588852064
6282220153
6969262286
4880612938
4935772205
2523715053
1606070815
4319243203
4086030435
4871499577
5706322067
258094857
6865608955
2453309044
1499014649
6582288164
3413157842
179170400
6875575185
2331139857
3747268206
719422706
3218636934
3205084240
981609086
1542948906
1387771099
4719158305
5100367332
5972328021
4604592695
2082319162
5763333160
3793953076
7710821663
4714444364
1384881941
7590543835
5561841702
4198287305
4105139997
3529867103
5339115102
3404566295
3631823496
6341156981
4269889457
4355389192
2449609294
3559073268
3272748071
4401641670
2898916030
2793187264
4904845518
3037675012
4448856605
1976009917
8375888197
4506996776
3456059141
1558300028
5350290480
962062001
6206661775
6136957472
4440560537
5996228166
664481819
5634215853
3291764714
5386166679
2951771916
4112032345
3500771543
5430825700
5417120738
3938905193
7291631229
5376971112
3459455832
1111038386
1931978954
1283666775
7173303840
3338555810
4703540008
3766492260
5677759989
2522188261
4853358165
3613318482
5168171118
3718939455
4491521306
4422400539
3338391591
2127355568
5099951585
2103833710
2101682783
1479053484
4853071460
7151867361
4840987372
3928850757
3352567689
6980698584
1810428220
1961338300
4409935662
5785998658
8011727303
6032909266
6840044074
3191940798
1894689793
3235709379
4225941008
3775315579
3775724537
2641681039
3312192431
817265913
4902200552
2260308074
2977857243
1042102204
3185904862
2129763941
4706370339
5572375769
4475400754
3640096620
5657973013
7901801629
4874979298
4839550208
4927608714
895195841
3796604225
3419689731
5771581232
5862013042
2802348866
4467196789
324237917
5276871297
5199850040
1121914756
1824681913
4451571432
4769710095
6172071503
4126712396
3273111461
4241900194
3923299737
2251481272
6766810102
4727906837
2049870102
2712111479
3061307719
3255419528
2693716904
4377645257
3596795296
3541541954
5117367686
5188041040
5969558671
4450493352
4586085258
8068414593
1155981734
1894934184
6091187671
5962334099
6699586900
969332081
5102248786
3483438313
3336590609
4276946548
4160228465
2820484260
3280141861
674104852
3713064568
1053884036
2255611399
5235704583
6393695074
2055438442
5365590505
2572918530
2331045747
4099635484
4536797904
4454634628
6187795630
5760967497
4028018231
5677253548
540778602
2152198401
7793458841
4627892994
4155625309
5271085640
4369749340
335532740
5950780229
4027892554
6272148127
1568823208
4918907696
2767359243
1603091146
2970816149
5764525254
5419042141
5207538979
2489745008
4831568156
5567579577
6047630475
4108651434
1569825672
2766116024
1628975840
3966491775
1908814339
5014142558
3924947848
4052799663
2525641478
3401961232
1233379837
7202170167
4653606356
3294423882
6421191281
5578996482
5394721093
664609792
7878590713
4246662183
3278411953
4227619358
3784674574
3537361360
5638970752
3336244218
4340684125
2423762208
6160836742
6242389122
2443493562
2820145613
2335314243
5381140284
3421349255
5439125878
5618240415
4475279539
4487882315
5188597179
6474651819
5075332368
5564509181
4902539680
3993721871
5566943319
5768949932
5435247632
5079927334
4870088408
2897577956
2196386541
2474053127
1898934333
4199782431
4984321694
1174157008
4345121239
3946368172
5783381068
3607897798
3432160501
3872485728
5450989884
4818073711
4186532393
5454572372
7819395990
4899763866
8123591713
1062595685
3325484944
1750254193
4792371633
4873829632
2512141507
4214665553
4614588820
5188779167
5063531127
3493297826
5048117796
5987177463
3822542861
5176912129
3993023042
4296632606
5117591404
3946603866
4655248189
1829078224
5629833188
7158622819
6267777320
5498284175
4315914327
4750172635
2598724641
5286948729
2541437897
3131281190
6645570099
4640384535
7477321057
3587725196
3444691231
4238300465
2609207320
4538945767
6847694774
2414998097
2604822242
3214081172
3218518427
1715068060
3522110736
4225084065
4041621948
2317858498
3212229590
2504231221
3795231067
3752528164
3309359118
2038730717
3620203516
2599101538
1621912610
2254019724
3305340013
4524402839
6362948837
6138434305
4611630092
3904811298
7558060496
3458492665
2939527986
4869475632
5782058781
4858547533
4332972560
3868559476
3209814190
2138206321
4854623956
4001709813
3210612963
3642940739
7449347558
4831128951
3190989979
5571402086
2521805650
4668711804
930114329
4083995318
6072923118
6296603179
2964408797
3154777213
4889509975
7949114625
7738662097
3076719013
5669887669
6159542355
4396619471
7117013459
3940578058
2487888445
1938595576
3403112256
2264965806
6985775793
4367076962
6453497813
4051961914
4807584325
1274172794
4379172370
3305060039
6080870448
2846361913
3219202719
3916877727
1130156238
4573262753
1002543940
5356494865
4004061445
4195814944
5370433843
4504207632
7097512245
3366330276
1983369880
2365553454
3139788852
5172139705
1738927764
4751941568
4295845196
5917318888
5291710406
4420746592
4108087355
7171249540
5173446490
4882253855
4658137717
5827477129
1656738180
4209659359
1510798775
4806257972
2467247890
4305313355
1006319006
1860577446
3827117370
4398397889
3519021275
4174863529
2908706984
6776400350
3948043235
3040311262
6764095366
2170570578
4233753499
5589954958
4705056345
3826399262
6266066001
1561887574
6846747135
7611021485
5424089327
5101376974
6797741149
2891309641
6589772263
6107128593
2255675416
5198230350
882521099
3492504510
5178315057
5049604197
3182535324
2637075336
3377734637
4097314259
7867712942
4300955191
2835173189
4778109757
2596461017
5624533691
2865627665
4417514914
5094407707
5680994211
4156372078
4896845652
4512158816
7022509803
4872774530
4557242208
3870543013
2683556619
7611886435
5078542296
6623804797
4803920899
1499280214
3605772649
2977845853
7622860653
3693177256
4916394445
6243753563
5828603927
4022997493
5963848558
2455920786
3822853123
1274859058
4546924941
4705547823
3620151323
5222451679
2078302332
3739817267
3329401133
4905570146
5368672842
2994593767
5621198334
2454452702
4779254181
3388346180
3688602672
4187810298
235623198
5776964523
5364359581
3836738193
1462134298
3997499045
3073556923
3362754536
1811772477
2631078229
4029079643
2684529369
4598480552
4047899665
4583109333
1492305872
3738329343
3696653143
4181930042
3804345275
3994253524
4199173898
3156347051
3884604157
2587490783
5876967345
4928899444
776252916
5551460946
3767223753
3743420748
7600048610
4141932644
2500540079
1244717306
4011827829
1719109024
4059349986
4013022854
5427600552
4172760035
3855151169
5621062734
7250243706
7600491486
733497816
2005171699
2793165232
1453355289
5627190373
2761675765
3013861708
1048324359
4777199757
7389215113
5509919402
3606427400
3773138894
2448867730
4070052743
1652000684
6678219565
1999690065
4148439492
3665485816
5171459851
5390050854
6926901416
7845703210
6009934585
4242582573
421399476
1988449899
1590778618
1817777925
5250701418
3811822386
4474740285
2120608814
7584038652
4453613487
3397048634
3729711332
5628994558
4810837120
3606900303
1791286003
4504146613
3041257202
4665525776
3393685916
2348566539
3881020238
2410765953
4219699554
2801117659
3138361968
5287802912
7186341753
1779117111
