1862
1872
3711
3205
2637
3598
1746
685
323
4016
408
2666
735
1723
1427
2590
1559
2635
1434
1408
1513
3506
3288
465
2624
471
1114
1107
914
1411
2626
2902
2042
3563
3227
2998
1157
4043
3794
3325
2757
1385
91
4035
1752
2814
3080
3614
1859
1065
216
107
731
3203
2987
840
901
603
3566
3919
1737
1715
382
1103
1729
1432
3082
1070
409
2752
645
3569
3723
1625
1934
1359
656
3697
4045
1962
1035
1395
3465
3034
3231
982
3482
3928
2899
3048
1775
3655
1358
3561
1657
201
1221
3293
1907
1962
854
1874
4054
3949
3754
1599
2711
3737
2605
4091
2907
2986
1133
3978
569
218
951
3129
1017
3641
1090
3649
1419
1355
1942
472
1711
3698
432
3733
26
3834
3600
3801
1688
1237
414
240
1040
3478
582
632
4019
1065
1128
2799
1459
2925
3538
651
1034
3967
3830
1529
3206
387
3205
4026
3198
3231
3435
1686
339
1874
1077
3269
763
691
2995
1690
2621
3291
1901
2783
688
2673
2960
1592
592
2702
705
1907
1975
3
3155
478
3613
704
3654
3464
3158
241
4032
450
4040
3733
1008
111
3783
2717
3240
1065
1901
1576
1939
1018
3565
3824
2688
2899
3091
2576
919
746
1406
3771
200
2995
3245
1678
2035
411
2616
597
949
4016
2613
3729
4090
2670
1607
1043
3582
1109
2670
3058
941
2671
3114
895
1923
2938
4027
2749
146
1128
2921
1128
1371
1421
3240
853
1670
3519
57
1247
3486
3193
3026
889
3793
1937
1031
1149
57
1435
3178
1910
4030
3195
2703
143
2761
2024
2809
3113
963
4021
2755
499
3907
3609
991
619
3451
3306
1627
3089
1432
760
1983
447
118
3610
634
3155
1386
2616
2894
1915
888
3910
3186
2693
2043
3536
3743
1562
4053
1994
1728
3083
1551
51
1162
158
1537
3599
3624
251
1643
552
1911
3207
3826
3483
514
3064
147
2571
1517
3722
2007
2921
522
911
3951
3257
3006
1677
3821
1723
3609
3479
2607
1937
46
530
368
2774
3445
2815
74
2010
3730
3318
729
1199
6
1202
3578
3643
1976
2026
1519
91
1678
2889
4075
3702
3281
2643
131
1009
3083
917
135
243
2935
171
575
1210
3949
2590
3529
59
397
3062
2737
3954
3600
2882
888
3667
1139
3035
1718
1258
2794
1790
235
3187
3523
649
2905
495
459
3522
1567
3155
3719
1535
2008
1384
504
3733
2751
1579
347
3925
336
1467
3915
1113
1553
1266
2560
4038
3274
640
3078
448
638
1080
905
3294
552
619
2001
3432
1211
943
4055
3694
1739
3279
3666
1152
3535
3501
3213
3423
2758
853
4075
1177
3921
2665
1131
510
1222
1416
2613
2942
3753
191
695
3475
3030
4041
3735
1233
2579
1627
1687
911
656
1919
111
2715
510
431
3133
910
58
1392
3603
682
2
176
3763
1143
3285
3153
250
543
537
1883
570
2987
90
3630
3789
1791
898
2753
1591
839
3273
3319
2998
4035
3997
61
731
3954
527
1994
459
2583
2639
1707
1671
1963
1201
843
1776
1013
2610
853
2984
1233
2944
3207
2629
1981
489
1227
3678
3599
3511
762
3243
511
1688
709
1910
1717
2969
3733
3035
3075
3442
1882
3246
498
605
1875
3091
3258
1216
841
122
1197
687
4093
946
3167
1033
3082
592
3538
1080
1565
1351
3714
1279
3671
447
1583
3411
745
699
3702
2608
22
431
3247
409
665
721
872
3928
1141
509
470
3968
425
1053
1885
1968
69
3671
3014
3658
1349
2589
1345
3626
919
617
1362
2803
3951
3992
680
706
3633
1739
3130
3002
466
4048
3587
3066
1136
1530
3405
967
3807
690
3729
381
50
1345
3479
4062
1403
85
2758
881
1863
3163
1745
1218
578
1477
1777
3987
1178
1030
29
117
2040
1357
3317
2729
921
1397
2027
3499
2614
1003
2629
1400
3050
1880
984
1202
3525
3439
3018
168
198
885
1619
1962
16
214
3291
393
835
2986
2944
2041
841
1423
1691
344
1781
1658
3230
3319
1729
665
2799
1425
14
3409
706
3291
950
3053
1872
1209
3014
2728
2947
854
2037
1519
2931
1345
2986
3954
3966
1051
531
955
856
1617
942
392
1601
3689
3823
4031
1859
3614
2883
3118
1686
120
3201
1519
49
635
4032
521
1592
494
379
3635
1241
4038
239
1167
1989
3974
3517
3263
633
2025
1431
3561
1496
4072
656
712
3313
16
2003
1717
3801
2806
2760
3401
3787
14
1437
4050
74
3666
499
1589
917
3271
1566
1242
1910
936
1192
721
1987
3195
1863
969
731
2645
2602
1434
1943
1933
3994
1718
747
3014
3014
3162
3186
2771
2705
2030
1880
3952
1344
1174
1584
2679
2703
535
2678
3131
4095
1521
1685
1669
1619
3503
3801
1001
616
1470
3574
1030
3791
2783
1720
1261
2607
1611
65
85
3499
3463
253
3922
576
3576
445
2669
1938
1192
3473
3119
2615
3514
1550
1657
1962
3182
1934
1434
8
3078
2585
3455
177
87
237
1150
3259
1606
3991
1981
1712
22
3979
3671
1217
2733
2907
66
3392
1270
2882
338
3982
4086
921
1645
4038
3632
130
1667
1347
336
1489
1031
1053
847
1565
2770
179
3653
1781
450
3247
4059
1645
2635
3640
138
2687
237
377
3522
1246
2030
592
3320
2713
3562
3661
70
631
3707
3915
4057
3200
1223
2744
1931
27
3253
322
1014
2590
2990
2011
2885
1939
1048
1101
4039
139
733
1613
3320
955
2705
2701
1392
557
3614
1578
4058
1136
3950
946
499
3590
3969
1053
522
3514
221
2763
3506
657
3787
4053
411
2811
4089
3035
1976
1034
3080
648
1995
3919
3966
3907
1723
1683
1943
1237
4015
346
3722
1607
1978
1011
3478
168
2591
382
338
26
2781
3432
131
888
1406
2760
472
3421
3921
707
1541
562
3743
126
538
3923
3805
3485
1241
842
3272
2590
2744
1991
371
1471
1963
3035
3395
1115
474
960
2754
2714
1387
1864
2899
3689
458
1750
3326
1931
2930
465
1997
3002
1419
1875
3577
1136
1233
4011
927
3435
1560
1469
642
3944
4079
525
3658
1664
2731
2935
3928
1349
753
3320
4026
859
3578
3525
2728
3791
3925
205
1174
3054
3702
1417
593
542
3093
2689
733
1685
630
576
3648
1745
3574
1477
1902
3654
575
1971
3799
2653
1743
3014
3506
2885
1197
879
2974
3438
754
1601
1478
3585
3147
1923
1939
2690
4025
2629
2573
2888
944
2006
1048
1166
1979
155
3701
2634
530
3547
199
717
1247
648
3442
3794
2674
630
385
680
3311
1993
1110
1258
3613
1905
2583
1685
2638
530
1543
3571
3542
3177
2889
607
1543
4082
2950
2673
221
1118
2573
2569
3607
3417
1074
3703
1669
1497
2590
984
2672
1423
1715
139
3049
985
968
1104
906
1704
2712
3465
66
689
3934
3024
1787
2717
1963
3189
3627
3807
3098
3162
896
2935
2762
1944
171
618
1349
89
3827
371
3550
570
2601
3633
3471
1141
1457
861
3002
1547
1557
1593
1882
745
193
1984
3261
1968
4045
3766
2957
3061
3195
750
4049
1451
1225
2959
2616
1720
27
1903
384
2045
3483
3653
3135
48
3831
3230
451
957
3129
3072
3274
1150
3763
3921
3768
239
3787
861
3133
1873
3817
3641
2678
977
1113
914
3729
3515
210
559
158
1082
3630
1163
3210
1134
1138
687
3602
205
3457
1361
1278
4057
1512
411
594
66
1963
1391
2613
912
343
511
1019
3643
1232
91
3919
950
1269
1664
2891
4033
655
3627
3999
3990
658
619
4073
222
919
3690
1518
2899
2606
859
1093
3464
3311
1133
3498
1136
745
3656
889
54
2035
1584
3752
560
449
472
1976
1522
3525
3673
1451
3774
2579
597
1630
154
3826
3181
3504
1897
1111
1279
3064
728
385
370
3534
1968
3701
1083
1784
1370
3821
2629
183
3653
583
2887
335
3161
1194
3649
30
3305
1595
3521
3709
154
662
1086
1527
3696
510
2029
1434
2920
1728
1393
2039
3907
1746
1181
3632
57
1681
522
750
1168
2007
3767
1538
1165
4009
2043
3394
2937
1664
3315
688
3304
179
2943
3931
2801
1666
1074
1019
1592
689
890
4010
658
3053
1430
3550
617
57
3314
1150
2617
3654
2745
10
3417
2737
2568
3834
624
1395
344
1009
90
400
1769
562
3593
1917
3248
3280
3217
69
1491
133
2605
450
40
1177
2765
71
3935
3089
696
2697
1405
1200
1439
1177
200
3609
1075
93
331
2632
255
949
3923
3665
3080
1401
1619
2771
1361
2947
238
1769
1243
3734
3139
1538
2736
1101
3797
1503
1622
2989
2973
2715
1646
2025
2954
15
2883
1110
2649
2903
4049
2930
3101
3098
4014
351
3736
640
3520
3947
1579
467
391
1363
2965
134
62
619
3927
155
3566
1181
939
3138
3539
879
326
1931
470
2707
3502
2970
3409
1785
2565
1008
3798
3529
3739
105
3433
493
1365
1238
408
1721
3158
458
3442
3080
3454
2616
3761
3319
712
3517
520
2779
3411
3290
1929
1994
2654
3471
2606
1403
3541
2811
3165
3293
2901
221
3629
877
2994
1112
2655
2799
3718
208
1919
1385
2746
536
209
3112
3629
1545
3806
581
971
3014
329
3833
1066
1207
3958
1586
2958
3977
655
23
57
841
3647
1622
961
1183
3791
1027
3005
407
3320
1759
470
11
887
962
913
1625
833
2617
1705
3154
1373
2890
3442
3664
945
3550
3605
651
3598
2731
745
3449
711
4054
3955
1271
537
3544
253
2954
3118
3022
3288
1398
3827
726
922
347
2807
1603
1217
4063
1142
1170
1448
1726
381
3794
3550
877
411
3689
757
920
1229
3273
3907
51
973
3073
1736
2758
1048
1977
3920
3775
1463
1695
2942
1095
3649
157
429
331
2718
1544
3447
4022
1560
563
1457
3541
1005
3155
3187
3136
1467
3453
3145
911
1585
3609
3278
2586
3262
3507
1731
2621
735
702
2008
1581
1145
2695
2648
1970
1008
632
2001
3825
2922
3189
16
1978
541
397
2934
1971
1609
2614
3063
3626
3405
1401
2013
13
2608
153
3194
728
1270
3392
1998
2569
3634
936
169
3674
1232
1266
3202
979
574
330
2774
3128
561
104
874
3225
4051
1158
1138
46
4051
467
1367
3102
1079
1047
1448
1745
840
2970
1754
680
1418
915
371
3782
3784
1547
1645
56
65
1018
1399
4009
150
4021
94
3184
581
3201
1458
77
1663
3321
1009
218
645
689
1680
3691
2965
1682
11
3918
1230
2935
3030
2006
3480
3978
621
2602
120
1631
3202
146
395
3530
3305
321
2651
3838
1643
3741
159
1729
2801
1951
1519
3194
2773
987
1024
1626
3970
592
3645
1928
2906
1474
606
2561
1951
3163
1257
3008
3315
454
466
841
371
3957
2582
1869
2994
681
3717
3704
1015
4032
390
402
3529
3912
698
3522
3757
186
2792
1601
3583
3257
2736
73
1119
1043
179
3094
1110
1752
639
3782
1985
2639
1651
2738
982
3327
3726
2906
1433
1021
1583
1641
2685
2701
1912
94
1655
2688
3274
3125
6
987
182
2571
3414
1170
2935
3993
2991
3394
3039
1613
2901
2670
2965
3392
2803
3951
433
241
2783
1677
3776
1395
2035
581
3757
3322
442
696
514
1165
1482
222
974
2731
3821
3533
3921
3934
3519
3550
370
2904
3758
3585
3986
2800
3739
1099
1463
3199
3992
475
638
1679
3397
3127
2939
3061
3458
1643
448
528
3456
2562
3981
3989
1134
3265
56
1010
3021
766
2586
2995
2751
398
206
3114
970
3911
2653
3073
1513
1166
3152
1173
3662
522
3461
1491
2624
910
395
2590
498
887
1477
2793
1361
2690
78
1605
3434
630
2561
3435
3273
718
1512
2797
3702
1032
2746
3727
397
3713
925
2624
3280
3984
1430
1750
3989
1079
1071
429
1271
321
2000
3199
2767
65
3406
1882
3258
552
1650
3675
21
711
2754
4009
3629
1674
