191
2616
3182
1464
254
1680
3295
106
642
3551
1349
3688
3065
3129
753
1371
3973
3240
1351
1139
666
2638
2037
378
3782
1930
1024
3288
3103
1723
1554
1000
1010
245
912
3725
1230
1567
154
3906
3969
858
453
1910
1155
254
1717
3582
861
344
2771
2759
4037
3826
3008
438
346
3502
1943
2706
104
2665
2799
176
122
3934
2929
1858
222
1424
1657
3602
2808
1653
1050
1720
86
4017
121
3085
363
399
1142
1030
2573
2633
3987
941
723
2805
1609
616
3568
2937
568
3222
880
1758
3423
502
1683
2718
1991
2591
2954
2606
4058
1133
489
2808
536
3609
2037
1546
581
432
3190
1883
1547
2041
2751
3318
914
243
647
145
2895
328
3766
3806
3202
3647
1630
18
400
2591
881
1169
1269
1654
655
2985
3130
3438
4087
3709
80
1344
2907
3307
1205
1426
3087
982
383
152
3638
1551
862
1021
1
1182
3191
1951
1183
209
2954
629
1991
4077
709
3934
1050
3153
1367
1898
3907
3594
2759
3773
3546
3271
1759
3446
11
91
1642
1192
70
3693
3657
3294
22
2039
3136
1277
3497
3247
1670
3527
904
494
3662
1450
1734
1595
3103
377
978
3002
1535
3014
4081
3088
3453
434
2921
1474
568
408
3994
3130
1081
520
1657
3803
1925
2745
3739
1032
4075
533
395
1995
1659
2679
341
194
605
211
3759
4073
911
3737
1430
1657
531
323
169
3997
1245
3935
3752
2904
3675
3407
681
3910
143
961
1087
4093
939
3483
3102
1154
1368
682
199
2
3269
3674
3785
2583
1449
1046
2942
432
840
601
4030
3470
4049
3071
1857
3566
890
95
1142
2742
3602
880
3443
3607
3798
27
3314
1720
1555
1009
1709
425
983
663
1403
11
4086
2899
3178
198
3024
3975
1242
1269
760
617
1258
1025
3563
3547
537
479
1141
2934
1497
1623
3473
622
1715
3405
1711
2770
3205
2886
3437
3472
2614
3162
1141
2994
3151
902
3985
936
602
946
3958
179
1448
3544
3130
641
3701
625
597
733
193
1464
3791
1432
250
1531
1135
46
4050
2974
963
2000
1010
3823
2573
3442
1907
915
3313
1208
625
2569
1265
553
3921
1155
4027
48
3262
197
3642
762
1649
3566
1019
3935
3011
1749
3627
338
1011
433
832
3591
3115
197
1147
3760
2991
2617
1550
3953
2669
3663
2713
1241
1921
3467
3448
1010
3121
1050
543
1857
1640
2771
3093
1625
1069
942
1
3152
2729
1880
1579
337
559
582
3152
3521
1963
58
415
1907
1477
3958
14
2746
3017
3982
403
3509
3713
3206
1934
3103
3995
438
2776
1656
643
2992
1035
2587
10
1758
3549
1258
1967
1784
584
3101
1097
80
3217
709
3130
686
1112
894
2891
1907
1722
1035
3510
853
3511
11
2633
2714
2683
1923
3819
597
3093
949
2962
3254
2805
1463
3480
345
557
1586
3930
2959
218
333
573
2694
321
1176
2957
151
1414
3993
3615
856
3291
1119
3659
3921
3573
3577
1501
559
1014
966
3659
3717
3397
944
3522
1458
4026
979
706
3144
3999
638
4018
2577
3027
18
2567
1869
1983
1136
1159
3211
1973
3219
1581
2648
2901
47
3999
1402
744
3203
431
4025
1711
17
3263
3995
118
3134
4074
666
3513
528
3120
1072
3218
991
177
3399
2993
713
3039
3600
2715
683
3187
245
1088
2881
3403
397
968
458
633
510
3133
1675
248
985
3753
2624
3325
4045
2962
974
1105
1459
2648
1678
1215
3632
2619
1357
2815
1136
3539
53
1779
3542
2802
2801
1865
182
1094
2777
1406
74
3656
1768
3521
2587
75
2046
2947
350
1769
3143
2562
566
1560
3523
926
3678
1782
2999
2951
654
1166
2906
1384
536
3191
3834
3415
3150
137
2029
2907
1389
3271
983
1041
3455
3614
970
1657
1879
1885
731
535
3275
2890
502
949
3072
1968
1619
343
3544
3063
1648
3992
1749
1401
1989
3485
3914
474
854
735
3759
2711
1928
1534
2687
1386
3206
2755
1705
3198
3614
2670
3647
1755
2690
3715
3600
3112
3021
1874
3755
1389
1672
3973
889
1981
3265
761
3503
853
145
1022
2969
3659
1706
1162
3231
1112
2885
681
505
3414
3722
2687
1565
3737
3653
979
2952
42
4022
3933
587
1025
593
2687
320
2800
1587
3114
385
1941
2627
1512
1497
1027
3517
3709
3392
366
3288
1264
962
3777
758
1095
1743
3639
3978
398
90
1542
390
651
399
4033
702
3448
1002
1631
2033
845
2639
1615
1645
1450
2045
2736
3253
1400
3321
4054
371
3641
2801
1047
1425
3064
1785
885
3615
3071
3273
745
122
3222
2909
594
1176
446
3931
146
1667
3824
4047
1590
1160
2685
1624
1450
3702
3498
2601
3182
902
1715
4082
2750
9
3993
1266
3417
883
2630
1193
3031
647
3281
3514
3933
1202
1389
453
535
1729
2648
2037
471
1605
3766
3678
3574
1472
3803
3734
3993
368
881
3455
1625
3213
4042
1174
710
1997
79
3475
763
1704
2962
3599
1530
555
534
3101
2910
522
3991
1370
2581
1706
1393
391
1066
3635
897
2815
3269
2965
191
2039
838
4034
78
2906
3511
3667
3987
1648
1752
1426
3283
3672
2650
7
3466
413
336
2046
616
339
648
3102
4010
194
1622
2629
184
616
3753
1053
334
1624
3000
3023
1365
592
1616
3971
1434
1431
3738
3095
3497
1456
3709
2934
890
1413
3117
59
3736
2779
1583
942
3087
2617
2602
19
3767
3144
131
3529
109
761
1219
27
753
1587
750
1679
2576
1049
382
1365
3545
384
3741
1018
1275
2560
680
4032
1657
2003
1789
2777
1917
3101
3537
1366
3445
2969
2883
3610
3270
135
2691
3794
2882
590
3090
1465
958
1731
81
1495
2947
2033
541
2680
839
2039
330
55
2640
1675
539
2958
1583
1146
4085
1597
3074
2807
991
1079
382
1225
1145
2610
662
1069
398
1981
3496
2614
1586
1374
2926
2781
1001
957
527
3767
962
1139
186
3944
2713
2003
1434
1989
239
1653
2710
943
3781
1946
157
953
1219
1259
342
939
1366
646
3098
3189
959
1781
3679
3528
1776
938
1267
859
3641
3251
2006
2799
858
3259
1278
135
1906
3971
590
1719
962
3029
4074
658
651
2880
586
3058
1746
1631
491
1543
1550
2795
3603
1030
897
1399
1910
4018
2705
1647
2887
986
433
1529
1425
3265
1664
3218
1114
3051
2728
11
3069
2032
448
3757
2040
1685
3152
877
2986
512
1779
1641
2667
894
1399
645
3743
2616
3514
1201
1033
3776
1090
1934
3
762
41
1082
2729
593
3717
1560
78
195
886
1032
1210
90
2763
583
1589
526
702
1521
149
2775
2806
3701
2025
3455
1567
1898
1049
3183
1454
2026
3703
1166
762
3113
58
249
3991
3949
2586
3466
193
565
975
635
17
722
927
3727
3024
3120
2943
3398
1526
2927
1719
19
3013
342
128
3096
1245
3
1355
3458
3537
365
3070
910
3285
2909
975
598
1525
1731
2990
1512
2583
3944
846
1673
3203
3627
439
4046
905
3027
1971
3393
195
1199
1745
3818
377
1407
2997
3453
3154
202
1918
2927
3830
3925
1943
960
393
2672
846
2805
3807
3207
3413
1467
3065
2615
726
349
3448
1917
3213
56
237
3280
2961
3576
1433
3800
2973
183
1022
991
3805
1035
210
2728
1681
2625
1135
979
2000
3593
187
1146
2611
667
1997
723
1911
766
499
1270
1937
698
3929
1737
3646
535
1791
2001
451
723
110
3528
3219
3190
3614
3997
2794
2794
4089
3965
1360
3769
2637
664
4038
2741
431
3949
969
1970
3325
4063
446
1279
2815
199
3512
597
4031
1387
3726
1069
1640
1781
2795
4080
1205
434
473
2637
2934
219
2706
1130
3077
2733
617
6
1937
3773
898
466
3801
2691
4056
4017
1089
518
744
1466
3945
3643
3906
1921
3294
3054
554
4089
1987
1439
1862
3792
2026
3944
3211
3312
2625
3309
344
1501
3805
517
552
74
158
1390
1528
469
3464
3802
3672
1027
626
505
3984
519
730
3464
3243
3640
3965
715
872
505
152
1939
1966
2578
3205
2733
4032
3003
2931
1629
845
1730
1768
2774
1658
895
1015
1662
3718
3605
1873
3826
1043
3614
2801
1627
2774
2752
3240
1209
58
2969
3128
882
563
3523
392
3498
466
221
903
3734
3120
749
1469
942
3728
27
3795
3314
3255
1947
1744
3405
3497
14
2665
2949
1754
1498
109
2000
1240
321
151
192
3696
402
3055
922
2667
3422
3802
3058
1145
3231
633
1983
1936
3766
891
4083
3520
686
3193
1112
1097
2773
3929
4016
1103
2943
3920
3257
3566
2965
477
3065
3600
1496
921
511
1861
3925
1129
203
957
1202
1225
3830
584
641
81
894
2889
2607
1064
3147
712
3025
710
2610
3728
194
1430
1558
1880
2616
1536
2897
735
2767
408
4017
2802
2891
3090
3779
1950
1151
3241
1475
201
534
637
3525
3151
1491
4011
1563
1417
889
873
2001
856
1989
3629
73
3583
667
4049
3590
1217
1933
985
3566
1146
2921
155
239
1037
3759
395
2037
3571
1131
1074
3469
3000
3469
1355
3115
957
1213
1669
3198
3474
46
1263
1006
1266
3005
3149
119
1153
3459
454
3714
462
2041
215
879
4081
1982
2973
1927
374
2000
1107
1016
3222
1939
1269
4031
2677
1262
488
985
1069
3263
2034
2889
63
3266
1712
23
3723
1935
890
7
974
3313
2589
3069
3993
3048
981
651
57
1939
3189
2045
3198
255
3213
3083
1578
641
150
176
767
1693
95
1345
182
77
3663
1040
3139
168
3479
1727
176
690
3526
3530
3702
2728
1117
2731
1373
128
4015
1078
95
2679
2959
467
91
1769
1394
4011
1899
1787
1681
473
1163
593
2591
518
1502
3960
3126
1257
2045
1659
1989
3127
1392
3995
1779
1747
1454
3670
1224
407
2678
509
3529
2675
1008
3603
1407
2883
1433
2691
3066
3048
1144
3497
3070
2029
3539
1401
1273
3088
1353
2987
1613
1048
3009
3410
3729
1779
3910
70
1710
3496
472
222
1673
4058
1586
562
1017
3723
886
3218
3515
86
4009
897
2761
365
1945
3514
1417
168
4056
198
2910
2029
1936
2025
1960
762
2730
3073
731
3773
3925
3839
891
3409
144
3914
1134
1168
1535
4013
3186
1431
2686
984
3990
1736
9
2984
3736
1578
63
3451
1875
2929
767
643
2008
1430
3640
2938
1277
1262
1035
880
2617
375
1470
2905
366
3562
3103
1246
1725
3533
81
2738
2686
682
4080
1047
1656
401
837
494
2606
584
1536
2615
3461
2920
2566
3242
2752
3023
877
3265
1648
3625
3702
4045
1014
1038
1879
3439
1525
1544
1578
3146
2935
1145
16
592
440
1647
2565
1169
152
1155
1360
3393
3733
3759
1553
1619
235
1385
2605
3496
3095
1536
2758
3653
651
2759
2621
158
1680
3512
2963
893
3600
3933
3642
984
502
1591
3739
1006
3976
1643
4063
734
3216
1778
1787
718
1578
657
215
3752
2002
501
719
4013
3706
3989
1743
533
955
59
1528
3120
4073
3698
642
640
193
1010
3225
1096
1714
1742
1239
3654
3827
2958
1922
1768
1349
2806
1536
2809
704
1583
3650
2890
245
2027
1601
3805
1098
1411
3755
194
863
1947
1134
1399
240
1863
1394
3678
2744
2006
3642
4087
343
40
3993
2986
845
757
542
3264
728
2696
1967
1561
1871
1909
1
3127
1961
949
3953
3573
13
726
4010
1512
3551
1517
3088
753
176
533
1617
2754
2728
1993
1065
1881
2033
984
3179
154
1624
334
2889
1433
591
490
1110
1577
854
3649
3912
1627
473
1458
3999
66
3785
1400
606
1933
2647
891
2734
1587
450
697
1617
1928
2805
3051
342
1909
3526
1373
1785
3539
1911
520
3613
146
3213
630
1599
1079
248
3989
3167
1917
4011
1487
1238
1995
207
