963
3631
967
3757
1680
1665
528
1427
3203
3672
3497
4091
1653
3971
2739
1086
3059
960
3417
3589
3241
377
626
41
910
1430
952
2719
2946
3231
595
4058
910
3027
128
3482
1930
1045
2583
969
2683
1375
1230
136
1258
1875
3967
1478
3987
2736
131
3773
951
1682
874
48
134
94
1961
3069
2894
3064
3451
2687
2677
3669
1501
1861
2565
2705
880
89
1009
1688
64
1758
2752
653
2961
2640
2590
2897
2713
2638
393
4016
1427
1169
1966
1607
3218
511
4025
1745
3053
4075
681
1769
3073
1539
3454
903
1975
2710
1769
3321
3474
3096
1777
2712
67
1086
1874
3987
616
1521
3293
2890
15
522
1405
1176
390
1483
2795
1915
1403
3957
1534
3904
1549
2573
3662
1674
2963
746
603
1463
1150
832
1274
3547
838
1038
3434
151
454
2896
3573
509
338
1624
762
1526
1091
1872
1782
1643
1858
504
2739
4048
1610
29
581
521
587
1641
3019
2993
18
3417
1151
19
10
3831
121
1535
169
3406
1429
403
143
2710
19
2031
1424
1863
1592
1099
3272
2631
3039
3830
2990
3410
893
1865
1597
1609
2003
1661
3129
3711
173
1259
435
1022
2883
3963
3535
1373
3779
1691
3483
15
254
3713
543
3605
189
1904
209
1858
3221
1930
62
238
1166
3192
1680
1002
3313
3403
1079
138
1682
3574
634
459
3697
3305
565
514
1997
1735
979
469
1735
974
3807
3521
2793
1277
2578
1114
1606
3625
447
538
2945
2630
665
2695
3793
1729
3125
496
1099
406
1439
917
3146
3635
3153
2926
753
4037
682
1241
880
885
3659
2733
138
655
1904
2008
14
1878
2033
1136
1603
2939
430
488
755
1162
1659
138
1939
889
379
857
1095
2615
2885
1022
1074
543
1990
1961
405
1721
3432
3659
1256
405
662
3289
2806
2639
1144
1857
435
3614
3007
2998
3032
335
1009
3095
3762
648
154
3631
3270
493
962
18
479
4059
3977
7
3526
3441
3651
4073
922
3226
912
955
3223
3064
80
759
3769
2936
1527
488
647
3135
3067
3719
405
1917
3073
1413
984
3039
3050
2757
1403
1623
1626
2941
1785
3021
2947
3289
3411
3411
3137
1621
3755
2793
2675
1361
2032
1870
3999
3213
23
3736
3081
1615
1397
1011
1
1991
1749
174
942
3467
321
937
3475
981
1578
1752
1414
1402
3529
1928
3519
760
1539
41
3141
3627
3265
1390
250
1111
845
1481
4090
2920
3289
3246
3208
3934
1472
1344
199
1163
2736
491
42
2736
2930
853
1278
1426
1147
218
30
682
1033
2015
2749
207
3312
2000
1462
1646
3777
1937
3913
2757
1867
1671
321
4031
474
3705
979
243
4062
2008
2888
858
1621
850
907
1691
3435
3833
499
3229
3778
3126
3223
2006
3081
3728
3481
1094
362
2635
3197
3448
2930
2758
376
3393
1768
392
3919
3769
383
3289
2794
143
1560
3406
434
138
3665
3790
3832
514
3666
1047
3487
2673
3291
3965
3531
1566
507
3254
887
1782
3925
585
1614
195
634
3137
1529
3008
3064
1650
40
17
1142
385
3794
1533
3205
2035
392
3826
2651
43
1434
1784
152
2798
696
1706
1530
3206
111
118
3928
3946
3911
466
1134
1384
2999
3578
3543
1467
942
1896
221
3730
1943
3000
190
713
2813
1229
3831
2032
3130
939
168
1626
983
1435
1938
504
1789
1547
3014
2709
1393
337
2009
3166
4063
195
727
3906
2986
968
145
3450
1680
187
1358
606
3078
10
1858
659
42
387
879
171
3018
2046
1099
1434
3728
963
3909
3961
3983
4009
709
2739
1656
1138
1672
595
3261
925
3699
536
1019
973
1261
4090
3016
639
342
3002
747
2880
1086
3905
1038
3255
3910
3467
320
3696
3761
1578
1090
2040
505
2799
2974
3544
141
2995
1880
66
3531
728
19
855
894
2933
406
1208
3944
2883
4042
3119
2931
491
58
2618
3997
2737
3137
2695
2591
632
3037
3570
687
3018
425
1578
3112
3837
851
1109
665
3446
473
3073
403
2685
2776
4078
191
1415
1690
1521
2565
4016
629
2616
2696
3787
203
3986
1931
525
125
1087
2575
3947
1749
693
1656
134
1557
3270
2889
3479
1733
1150
3715
941
2566
2881
2896
377
1614
1349
3632
2994
1521
3509
203
2000
1489
1210
4080
1221
906
1461
1209
3469
4072
1354
3915
1462
506
1143
4013
1481
2985
254
1470
3909
3414
640
85
990
3435
2014
1920
3583
891
1429
1880
921
2637
1215
3818
3293
346
3097
986
168
559
1471
2990
1014
3263
3002
336
3777
2694
2704
3539
2751
986
3978
3256
1738
3477
507
3757
1488
3959
4077
1089
178
2614
1192
1779
693
113
645
1259
3638
407
1007
947
518
3535
3230
1175
2968
832
3839
115
3029
426
765
3818
3830
1110
767
54
1349
2778
1258
1405
1626
1921
1448
3126
567
709
1449
1591
1997
2633
3446
4088
3656
3055
2031
2032
3757
1598
3961
48
3515
959
706
3824
1885
1605
2729
1165
3315
3591
1350
1949
2742
735
3582
1549
2995
3969
3311
3830
3272
689
3821
3912
1151
4049
199
1173
2755
49
1558
1030
119
83
339
3194
527
346
10
1709
3263
4083
70
968
2025
3480
623
2770
2797
3262
855
3403
2891
1158
1928
1401
1075
1757
1541
3086
1065
907
1086
3983
1514
3921
3207
82
2960
1215
462
2707
27
3037
2025
1778
579
58
616
2674
1475
361
2032
1535
1051
978
3167
4026
1682
19
3670
454
2675
945
649
3008
3966
3959
1501
1150
2
79
3987
907
3965
1153
1085
501
242
2734
3153
147
597
639
3208
2574
2046
920
1107
758
717
501
602
520
3007
46
1157
1168
1433
1411
65
401
1567
3462
1529
1463
3582
3547
362
1275
577
1069
154
342
2647
3026
2670
2776
2043
1941
2882
942
2776
577
2899
2776
4091
905
55
2747
973
3449
847
872
1426
432
698
3473
2634
123
3656
1217
1435
1275
141
2621
3947
3659
3057
1625
2984
2581
3773
3679
448
466
1222
3055
1369
3189
4062
1139
1717
2752
3038
1264
141
1115
3224
3064
1664
3279
1735
3783
1016
3112
191
595
2013
3953
955
1927
1421
2645
633
433
1557
3978
478
853
1178
3957
1910
1418
1368
1720
3051
497
1641
944
77
430
3325
190
2046
3219
926
240
2943
653
3807
3691
3640
3398
3929
3731
4021
1979
387
1077
335
969
2627
2943
1013
1222
954
927
106
3703
601
2691
1118
2973
3654
4032
939
1402
888
2
448
2930
3771
1229
1110
109
725
3659
3785
215
894
3502
906
1406
3521
3805
3601
3141
1208
2922
1192
3991
1118
3962
3816
514
3765
1944
2642
3614
1911
1007
349
3099
616
3602
387
1269
526
3319
1070
729
3026
1161
3665
592
3584
2610
1399
2672
147
3392
2761
1000
1947
514
3795
527
159
2923
1729
3271
472
78
207
336
987
1991
562
1048
893
3697
3064
3463
3
3023
2961
2000
3264
360
1166
1109
1222
206
2705
3534
518
246
3733
2715
1219
1622
3483
1433
1561
459
654
3136
1717
1203
177
3411
386
842
328
3961
379
77
3754
523
1003
1278
887
1914
754
1157
1789
656
1754
3837
3545
2649
1493
579
1974
430
3974
2899
1719
174
1450
3913
3719
1674
326
1887
905
1969
155
47
698
2739
1662
2731
1154
690
382
1673
1171
954
2757
4057
1139
1963
2030
2027
1943
688
1258
3487
2633
1384
3504
760
1775
17
1346
2895
2610
1584
2693
1555
3963
2743
1135
1431
4022
152
570
377
3061
3790
1749
2
1522
2799
3095
1782
3291
569
4008
3550
410
1667
3563
3026
3062
587
1351
331
2685
1686
3272
4033
1093
2649
3463
1774
1646
912
401
3659
55
536
898
3432
2003
3203
1354
642
54
899
1
3218
3314
3227
3641
3592
3574
3026
1688
3027
1161
3966
3218
3735
1970
1103
3038
3486
717
2799
1129
1009
24
3215
131
1949
744
1485
2619
1583
643
3090
2745
49
1968
1465
3288
2039
1642
605
1579
1475
1173
3487
3082
1781
1168
683
1983
1193
3648
233
1360
1679
1554
3582
3961
2757
415
7
474
3256
1117
1522
1529
571
1881
966
3578
3785
2761
1922
3202
2729
3689
4074
10
336
1579
1401
1694
3161
128
3016
1021
411
1215
1081
1178
2773
1630
2015
1529
766
939
3210
523
1731
195
4018
3202
470
2930
1695
767
1485
453
976
1094
1209
687
3030
1450
2894
105
3096
3498
1144
3082
3423
1375
1454
2746
2963
1502
3649
1222
1521
1729
538
107
2895
2
1147
3230
461
3647
1719
2935
3541
2686
1385
209
2693
1898
125
3507
1998
1658
568
1183
899
3007
1213
2923
3624
502
3195
1858
848
1921
2783
1974
3571
339
1533
3207
595
1746
3797
1374
3799
522
2664
1597
3258
3291
1435
832
2033
2664
2671
3195
3451
3226
951
1922
2730
1107
3181
3952
335
974
1133
627
1911
181
3931
3640
176
1261
2706
3837
3945
207
2998
173
1749
706
983
601
2694
1927
343
201
3451
1559
3278
4046
1705
872
1710
3706
1498
433
59
1427
1983
2885
3461
4009
919
29
1578
520
370
2808
1433
1759
3563
595
3664
1870
86
1515
3770
535
3469
3704
3029
2040
2605
2889
42
1945
1225
3307
3449
557
3482
2649
1582
1241
965
1048
1450
3523
874
3546
3413
1147
64
13
3763
3997
1730
3693
2690
1176
3705
2883
3207
665
622
1864
2792
4075
1904
2571
3405
1730
2616
1361
2633
152
3466
915
4091
3833
1539
4037
3400
3514
402
1533
3976
3295
1738
630
1589
1089
1867
663
70
3787
1200
1470
2985
2985
1166
553
3147
111
2043
1928
333
2642
851
577
2776
3783
2007
627
1119
427
177
2633
3801
46
517
1102
1591
3639
3590
697
495
914
589
1367
2579
1039
715
3432
3838
3123
735
400
2944
526
2811
2646
1555
758
3566
1655
2705
4016
3977
3504
3631
441
3127
3642
24
1368
3262
975
128
1947
1627
752
2933
1359
763
1027
3581
255
146
2618
1584
521
366
3474
3464
1495
1166
898
1173
3197
835
3458
2674
2671
3822
2682
1555
3504
2000
3247
1786
91
1486
3193
3830
3406
3227
1995
3906
3059
3712
957
1517
682
1557
3551
3201
3725
1746
3117
3595
3024
2638
1454
3080
1470
3535
3125
1919
1538
75
2733
1119
1466
1389
1425
3909
2984
3968
1088
1686
1434
3317
1026
2694
1864
18
3226
3191
1993
3251
3546
106
1224
62
3987
839
898
3089
119
3915
3705
2037
3441
3082
938
2609
448
215
2906
2899
458
3606
969
3977
650
649
2899
4053
3014
3227
2046
1737
579
1416
951
75
721
669
3311
109
936
2815
982
1137
1539
186
440
1414
3118
129
1422
1907
3231
467
1023
2697
93
61
952
2622
2783
3731
2951
105
942
3018
3743
3006
3795
3459
1685
3625
85
149
3194
2757
3482
3267
3719
1871
58
505
3767
3794
2898
432
3674
3126
1486
3517
2810
1275
1129
3671
114
1235
125
1671
3150
2893
754
1384
1110
625
3701
2638
2758
3002
3578
2608
2777
1976
1384
369
1997
223
3824
4083
3131
179
3926
123
1645
3408
3219
1150
2730
3545
2712
733
3675
3631
2697
215
1429
2757
2901
2738
1229
729
1946
82
505
1065
3414
1542
2579
1591
1136
953
3603
2991
2655
4094
3507
1155
3823
1161
3817
3595
3253
1683
1989
3576
1389
987
4062
989
839
434
3602
3048
3471
507
4018
3064
1550
3695
2605
1419
343
1944
183
3739
1601
1963
3822
1115
3243
3023
4086
4046
579
1437
3834
3291
2926
2942
2768
3271
2691
3922
2993
3138
3018
2929
1165
639
23
3755
2610
126
1607
2001
1272
2965
4045
3279
3053
3802
3563
145
690
3702
3693
368
509
29
754
478
1995
3122
3210
2889
