1245
73
2949
946
235
1977
899
3551
494
1238
2923
2882
2730
0
2931
1354
3735
479
598
446
3949
209
1078
4008
2617
1493
1091
1681
2701
1134
3798
1361
1920
410
1155
1139
578
1997
447
2693
441
3158
2003
2744
3311
1192
488
2946
3410
2042
3593
2971
1262
4023
2674
3459
4047
899
1261
3920
381
3739
1738
1177
2683
1169
3271
1560
3946
190
3544
3254
3929
654
408
1451
3095
3408
74
3776
2009
1939
959
1984
1902
75
3703
3082
385
3906
3543
136
570
3635
3741
1463
3032
1753
1214
1071
1098
2897
65
2766
3063
3394
2587
1689
1967
131
3433
1385
3423
534
3215
3803
154
118
4082
504
4041
325
183
4040
3005
2759
3565
1398
2562
3565
3838
1643
537
3418
3729
1353
3197
1161
377
104
2654
3731
3317
457
3264
744
2634
1095
1008
446
3575
1193
4094
243
325
195
59
2891
3327
543
2575
3600
115
559
3609
3803
3775
1101
4086
766
1882
4013
4049
337
112
3579
1730
1178
1498
1961
1050
707
1262
391
1922
2648
2799
2616
48
3138
1448
3081
1153
467
3213
2000
625
509
1577
2944
2719
1873
877
1717
918
122
711
1713
1598
3667
2025
941
3443
1098
4026
3219
3411
1457
439
192
389
4018
1080
3786
749
3798
963
1259
233
3063
3507
2587
727
3835
3615
1118
1671
1373
117
195
3264
3613
3765
703
696
3759
593
731
3707
472
3912
3478
3830
2923
1717
2771
2939
2707
1387
1226
1419
1135
637
3533
1592
3440
850
505
694
3471
1016
3312
321
3411
1259
1397
965
1264
3922
41
3143
3579
1631
842
1023
334
175
329
1680
3139
2960
1528
1687
1386
16
762
3282
3955
1050
3918
2742
3090
2990
3925
2645
1138
1385
247
2747
3472
1192
1166
703
3630
3586
3952
1486
237
3696
1152
171
2960
1026
3689
2954
2573
573
1586
3231
2635
533
1024
3958
4090
3955
2810
873
654
2616
3465
3321
1726
1911
552
406
1418
2985
523
961
879
1861
3787
3535
3970
1551
2639
3417
405
1518
1143
1136
391
3573
3186
3154
2570
1907
847
3223
1424
151
1933
1469
3955
3725
81
1602
3905
967
391
2679
493
3959
1935
3190
920
3094
577
1455
2667
3410
921
2614
969
921
2737
3538
3181
1783
702
3728
555
3560
7
1279
3954
583
950
625
3779
699
1151
3399
3646
67
200
2969
3767
3918
150
334
1593
2971
4014
448
971
496
1547
555
2571
2934
3435
1554
913
2745
2935
1160
94
393
762
3462
1622
3531
3595
3275
3600
471
3639
976
3603
1131
1081
853
3755
1405
727
1203
1481
1457
2894
1675
722
2742
373
3269
3322
562
3961
1790
3159
1479
1771
2709
3065
3241
3270
1994
3278
2685
394
1598
1429
1594
3777
3217
186
2906
4088
1515
3002
3827
3777
2890
2766
1269
2737
3761
2706
3310
2665
3536
3326
321
129
1605
3648
1683
1911
2793
3944
3326
2625
637
3144
507
863
690
1499
3511
2971
176
605
1461
937
3963
13
1039
1550
966
3211
365
3222
1558
3818
1934
2814
1094
850
709
3030
4011
3989
1714
3095
1360
1481
1021
2758
3632
2989
2029
833
240
3158
3805
3737
3214
2794
647
1616
113
64
1587
2751
1030
1010
3016
86
3079
2625
4091
2010
2030
3130
2643
155
2936
2582
3392
414
499
3122
3063
234
347
2814
1370
655
1197
206
2681
3258
411
1242
3995
3823
1145
1864
1409
3807
1402
2911
2966
1176
213
1603
2802
4088
1040
968
1768
1259
1738
3435
189
1144
1128
3144
4022
3949
1450
81
59
2749
1090
4086
2031
243
3191
1928
2938
4087
3761
2677
1215
3435
2717
3246
583
1619
253
3694
325
2984
134
1163
3754
3151
1176
843
3800
2779
3251
1768
3502
1866
3945
1717
1897
539
4033
1605
3287
2883
133
926
3946
3000
560
1874
2783
2013
4080
1690
1046
1234
1080
4011
3142
4074
1224
861
3765
366
3392
2968
3963
1494
2626
3498
3667
3638
4063
2002
496
3001
4094
3210
1587
2000
832
2733
1274
1389
149
1214
3011
150
560
1515
3151
2743
3123
387
3610
461
3525
1199
3613
537
1091
1898
1214
3973
2766
922
1217
46
641
138
1925
2814
3928
1922
522
3519
3550
696
1037
1670
3401
1718
2695
763
1609
3667
3454
1905
2754
3498
883
927
2671
1917
1921
379
543
326
3954
3059
3098
54
127
1501
2615
331
3008
1873
1557
3949
3632
1359
3454
3
3087
1176
3633
560
1129
4041
1995
849
3960
1773
1579
1385
3665
1242
2689
3906
1029
1176
501
585
3058
3986
1978
721
1029
1080
3130
3934
3153
3393
3785
239
0
749
4074
1078
205
1856
363
1931
1261
3944
3263
3074
1494
3395
2890
1688
3319
1450
2582
1256
4014
40
4094
2622
2632
1727
3803
1090
2706
3945
3944
1393
885
3995
1919
499
1768
174
1657
55
3083
4040
3082
848
1370
1179
1706
2003
915
447
1070
714
1725
1113
58
499
3762
557
477
601
1874
3025
1627
2747
661
568
1179
1687
1885
3909
3598
1192
2729
3021
750
3282
971
710
3951
1719
1395
3818
1672
3446
879
593
237
2576
3221
1640
1751
1782
3614
2745
3023
753
657
2566
2561
3256
1523
3053
2712
1459
1590
3773
2632
590
1719
1526
1143
3018
3784
1965
505
15
3450
3321
3664
2672
2605
2714
2001
3755
2603
2808
58
1719
3394
177
3414
3150
2667
338
1205
1951
1487
1464
1993
213
4017
705
3082
405
1519
1753
3697
530
390
655
3264
2767
1927
1367
3763
2911
1947
1497
882
3801
200
1659
2625
1432
1113
1592
1136
1658
74
1561
349
1917
1685
2765
1674
3139
1984
50
1470
449
590
176
3911
2680
3447
1453
1086
3537
193
583
1749
1983
82
2951
3416
1094
1579
2689
1587
3149
3513
1728
725
375
3071
1043
1691
110
195
1355
3819
1426
3190
3657
1870
3651
87
2618
2986
135
3762
1142
766
3960
1582
2809
3483
3227
2571
3167
3016
1593
753
168
3027
1490
1366
907
3193
1998
3214
1418
3545
2881
1240
3991
2810
3541
2999
1961
3207
3457
755
565
632
479
2702
3525
840
1374
2761
1344
456
761
1216
3178
1557
761
3515
926
117
1601
3050
926
173
1425
3187
842
3326
3024
1139
3816
859
2565
472
3327
3586
3649
1195
406
3325
1983
3087
3789
2613
1173
3019
2688
2678
3023
3398
155
710
3448
3784
3528
1400
1050
1237
3774
2990
3576
3144
235
727
1042
2762
3613
1093
1862
850
2904
127
1753
253
1099
3525
530
439
119
3634
1145
4042
3511
877
3797
1967
47
3728
2704
2655
1619
1091
3032
54
383
710
248
3661
3182
586
1912
1938
2025
3205
3953
557
2739
3562
1501
2006
893
3457
3993
1
208
1365
598
191
3411
1227
1554
601
3395
3120
3589
926
462
915
3419
4017
659
3839
3719
137
133
3987
2731
3605
2741
1066
2743
3322
474
1263
883
126
1267
1262
2890
2570
410
4026
3463
1973
1706
3398
401
3065
3991
491
3226
968
3651
515
223
3209
858
1216
213
207
1197
3518
2010
2583
1921
2752
1603
1131
1902
1019
3442
855
349
1091
834
2701
1671
125
77
906
475
3078
1720
1753
133
3018
2958
1030
1219
890
1861
3200
1641
11
2584
398
605
763
991
247
3287
1375
3923
922
885
442
600
761
3442
3799
3432
2011
2610
523
3591
1215
250
1403
767
4048
2677
4031
3651
1627
3282
1233
3642
131
695
3638
1886
3187
3755
369
2778
1613
3197
3275
3737
3122
3632
640
493
3457
1526
149
622
3945
3707
2675
1387
3632
1363
1088
1960
2886
1927
543
630
323
2614
888
109
3703
208
3528
2911
2646
2709
1107
630
493
1223
3722
958
1553
3063
3155
2920
233
2925
3754
3403
880
1647
1351
2719
1223
4093
2803
336
2797
561
752
3038
3472
3626
1426
3259
2936
3917
3270
134
1099
3923
1648
669
2670
635
1911
2731
197
2769
1651
1678
1743
951
1769
1990
1135
4086
347
3182
1650
655
3839
1786
983
435
1624
1454
1384
3502
3134
2579
3594
3037
1223
1026
40
3142
3643
1643
1874
2655
1502
3638
2896
456
1870
1561
1410
4037
186
621
704
1887
3294
3995
1577
2687
2029
2623
175
1653
4035
2679
149
654
3605
125
2627
1623
1555
3771
3653
4049
607
3009
3312
919
127
3032
2632
3192
642
762
3247
2992
1981
657
3166
3551
2967
1625
938
405
1474
366
1594
1730
1981
968
3129
3131
3089
2038
1977
3267
3286
466
438
1603
753
903
579
3314
201
122
3563
325
3783
504
3675
1866
3783
944
1141
1095
233
599
2811
441
3459
859
3055
877
168
3979
1079
4094
86
1728
3085
3835
761
3976
361
2002
1754
3462
3034
1207
351
3219
2808
845
965
14
2718
457
3704
4033
2782
3
2561
2600
638
125
1390
1520
1664
2909
1603
955
117
3992
762
3925
1229
3078
955
717
3984
944
3550
1515
2992
3662
1993
1641
4023
4037
3725
2610
3463
848
1113
1167
3122
1013
853
3025
3837
22
913
3075
1947
538
2015
1705
1576
921
3471
1501
941
2910
154
3203
3986
885
3592
502
1529
429
157
3081
2691
1
2887
3434
2561
3409
3320
1557
2590
1646
1136
1149
3086
2923
1272
1986
1983
3314
368
151
3831
2921
3657
1499
251
189
154
1093
1901
3103
1737
3313
1749
1728
2971
3226
2757
1979
1577
3189
2635
2679
3735
1975
2718
1401
3976
3277
1067
1131
1008
1033
1367
120
2921
1155
896
7
3454
170
2623
2589
461
3071
2760
3248
1705
3944
4088
1073
3014
728
3455
1864
3053
3600
365
3091
2034
982
1691
145
386
2031
3549
909
2815
1039
901
251
885
249
3958
343
3030
2651
454
1346
1097
1487
1197
941
1141
328
3733
3034
1017
1485
746
976
681
2994
523
1610
646
170
643
334
1680
1920
112
1111
3401
2714
3634
238
1546
1745
643
1546
1899
1131
376
3819
1070
1560
2974
3565
1439
3471
3242
3569
1656
183
363
853
3249
3282
3265
1029
840
1035
947
117
840
2771
136
3475
1205
368
577
3665
3611
1928
4078
3997
4051
721
1085
3529
874
669
977
3517
2750
459
3327
3177
2997
886
1768
3545
3821
654
3487
217
960
3688
2898
680
1491
968
854
1237
350
576
1054
2902
951
553
2794
2003
4074
3205
1401
3928
3295
3219
470
1789
3011
105
21
683
1537
2937
3165
402
3410
3733
3760
3229
1600
3520
561
2001
2719
1661
2942
1938
2041
1750
1002
3155
81
3803
91
3472
2961
3403
201
3538
1422
215
841
424
461
534
1858
1368
2889
2672
2771
1777
3655
3582
3807
3639
211
3957
454
534
2911
3195
3728
656
411
3590
1771
3223
385
1031
210
3741
1081
586
3397
2910
880
1085
1128
744
3711
1089
639
1677
3264
1930
1994
586
1640
1394
1869
4078
1026
3999
3997
1869
4018
475
1275
1867
7
3163
1093
454
3397
3155
1543
2709
3726
3711
3735
3229
3989
1651
989
3281
2742
145
457
2638
235
1553
3514
2707
3115
1165
2579
153
1706
3064
459
95
4013
1641
3277
146
3590
2928
1512
3742
1553
1361
511
1777
1222
1560
3531
1183
2006
4085
1423
1405
1657
689
1459
3768
3545
688
181
1693
1045
2002
1594
3913
4074
3294
1009
3674
2001
1606
1488
109
54
3039
3456
1405
1427
3719
1950
4049
925
400
918
565
3186
1266
2971
2807
1386
3017
893
885
3694
705
3533
3243
4017
494
3584
3024
3830
3398
363
2730
1786
3787
3449
3048
2941
1789
685
1979
3738
112
1963
1619
407
1873
3416
1065
210
3819
1465
3310
3922
856
127
3534
3311
448
594
154
2885
4025
1690
3287
2770
3013
1526
2973
1144
2893
1911
1472
4031
1434
1987
3201
1392
3277
1078
