1386
2072
-944
-5236
-23370
4788
6300
-2599
10476
-21158
-5075
-7659
45200
1974
20301
-42370
17325
-29056
5460
20188
12684
-12616
-13200
6888
-2499
-14322
286
-4818
-2924
2360
322
-4888
979
-9030
-9660
43254
8003
14355
10185
7956
-29484
4087
-11250
-299
-660
3975
1085
2550
3874
39330
500
3604
-3335
721
14105
-3978
-1880
18974
-17043
-3555
17513
2346
-2706
-1764
-9855
8126
-9048
-7682
19580
-17589
-6496
-38628
30
221
-8428
2816
12636
-39600
-11005
-20925
-25752
-7831
30736
-2784
19071
6510
-22048
-10355
8968
-2070
12393
-1197
-1445
-37179
16500
-15833
2928
-11110
-8265
1881
12963
22940
-101
12987
8118
-8150
8140
-17066
25137
1961
-45450
5292
-19737
8460
22230
-4959
-1269
-3192
-7740
36
7854
-37791
13640
-1628
535
244
-33450
-5712
-9160
-6804
-3393
18150
-10807
6958
-6878
-9576
22952
18810
23004
1015
-13300
-19497
-2262
27555
-18704
-2294
3920
-699
22788
16571
-24734
-9858
-41724
-2720
8686
1815
-4514
-600
42224
-4428
-11766
-24786
-28826
-14586
-29870
27930
-18445
-37044
-9870
3234
17098
7279
5564
-7470
-370
14342
22374
-1458
-2268
13005
-9592
-21285
2958
-21672
-40950
174
-1701
9720
14534
6475
26568
-36288
30247
-16006
-18354
1482
378
10614
-22139
27716
-5580
4590
-7582
-20470
-17850
-1008
11256
24435
-13860
-4658
-3519
-6724
36239
8990
-21267
-9638
-12740
2604
-17739
5358
-23108
35000
-11571
-1632
-9064
24255
-18810
-15708
15106
-2205
-2622
5940
590
-11016
749
-8875
25070
-308
13725
15035
17020
-11628
-8525
-28200
21669
17568
-15048
-3536
6960
23707
-29318
-229
33540
-23250
33901
4071
-25652
45
-1673
-46631
-2806
7830
-7380
-16905
-20210
31536
-312
10030
-4209
-20532
-21449
14873
15640
-2736
6966
-15930
7938
-238
-11109
1932
17370
7080
14784
5610
-18928
-12555
-9594
5865
-25137
-16652
-21509
-13328
2616
4620
-14250
636
-12180
13575
-23254
17612
16848
4522
-6125
-6324
4925
-18109
5624
19890
-17702
8541
43000
21285
-4675
3129
15125
-7650
-7139
29304
-2405
29548
-7155
-27255
-17595
11211
7205
10659
42021
-1568
1704
1710
22413
-7059
-404
27716
2805
-528
210
915
-5904
2183
-12600
28819
8190
-945
-4080
-262
-498
-4500
5076
26290
-954
-35183
-11245
2982
22506
5390
-9600
-20328
-8961
-54000
4509
-10829
37653
10925
8648
5110
-770
-13110
-34692
-5568
-6412
-8413
-5925
-13175
11730
25050
17400
3168
7747
1703
4641
-3186
-7998
4346
-6432
39342
-2790
-10650
-6129
-7744
13760
-19602
-10919
-2750
-7350
-26726
28426
20856
1768
-13090
9450
-1512
3150
-11178
-5445
-1910
14245
4860
-13804
-2813
-40480
-11600
-8316
1872
-8778
-16425
9307
31304
4025
-41541
286
-6600
8532
-2869
1551
25792
-130
1665
-5104
19781
10902
980
-3843
28462
21565
994
-1950
747
848
-27267
9900
31296
18718
2740
4278
-4316
-17172
3776
6194
4840
-1750
5040
15600
11461
19240
-8058
11970
-5612
4067
-40140
10580
-7526
98
-3249
18666
7788
-4180
25498
-1368
-17613
-30378
-2640
672
2187
-24734
16517
2170
-7980
2226
13870
14718
-4209
6642
-34476
-8949
3980
-36975
24396
3087
12420
2600
24045
9682
-8188
-2106
7500
3300
1392
17064
5049
28237
-22542
-340
1995
11990
-12441
-5025
50049
40470
177
-39565
-40725
-15939
16999
-2730
5229
14322
7381
9555
-15288
4988
1141
965
-8170
-234
10878
-2940
-23449
-6565
19872
1782
-2940
-4002
-34270
-18515
-9282
27370
-41541
-21600
28210
14700
-6627
1560
3570
-4900
4674
-5130
-5976
15652
1500
-4628
-9381
-4482
-9180
3706
702
2584
2244
5475
-23749
-1854
11376
-568
-18997
-1178
-688
33945
24366
-9315
18706
8437
-20130
-4557
-20045
-52460
7203
-198
-5103
-3672
-5671
-9750
9650
17370
19747
-444
742
-2225
-24480
6104
-1386
23165
18290
-40257
56355
1911
2717
-12441
819
3150
-38150
-5530
-15336
-12177
7722
-6633
-5056
720
5229
25235
26228
14283
5429
-8140
-4800
21840
-264
9635
-1850
-15450
-618
2004
-1020
-10089
8613
-5502
-11618
-2655
16302
11780
16383
4662
-1331
-2652
0
-22910
6183
15444
-2482
13455
1710
-8184
19046
-6396
1212
-23100
-17298
-4059
5436
12960
13213
-19720
-950
-1334
-9718
31284
-14790
-5106
-7334
25438
-1330
-29700
-24453
3780
-3871
8865
11160
30375
-5005
-924
-3248
-9030
3565
12402
-25296
-28014
19656
756
24920
1950
-10207
-1275
-7761
12876
13736
27267
12936
-6601
12410
-36946
312
6732
3762
-3212
12705
-4532
9900
-5800
31860
34383
-10950
17595
2136
-18746
-25110
14773
-7656
-1976
6960
146
7605
1750
19551
21009
-25760
-10266
-22120
14352
-2728
22962
-10050
-4368
-32046
27664
1247
-1652
5544
-41160
-39858
-1680
-25245
20468
-5418
7220
-34986
38948
24613
-4142
22748
-21877
5618
-6162
14518
17228
7497
-1488
18876
4266
-34182
-20099
-11021
1665
19430
-3534
-18400
-350
1448
-40626
-3193
34510
720
-398
-3876
-1710
56840
-13603
-1540
-4020
-8550
-11972
-11680
3597
-13870
5141
-2700
-7144
-6248
-4650
-1736
-6324
-25098
-5662
-11315
-3822
172
12423
8554
10736
52360
-6800
-4840
-9720
8758
1908
16128
-1725
-22800
-3825
-27209
29212
11400
-7474
2828
-14186
-17169
-3534
-3430
11900
16218
-15544
5808
-9932
4026
16170
5428
5015
4018
18832
-43382
-27556
11661
-23912
8262
-7579
19688
8643
1890
-624
25641
2263
-5550
26040
6162
45108
47124
-14700
-1936
10251
584
-2665
19430
-23976
9381
12750
33034
-50190
-6762
9322
15260
-4536
10044
5724
-16675
-13545
11934
22568
188
5168
-297
-35371
-13630
16900
-6721
-35250
7242
-7980
-3553
770
-6162
42636
17017
1260
7560
-3553
-1358
5133
21328
1854
1230
-47499
504
1368
6180
1629
-7102
-1431
-20856
-23406
4810
30
-29700
-14620
-8586
40247
2210
10472
-27450
-44265
-292
-3570
-13113
33350
5427
11368
-302
-9394
-377
19030
-42262
4720
-2754
13858
2997
-3105
-38192
-11439
-39996
28910
10868
8595
-24084
-11972
-7310
3024
14256
17577
-28336
5478
-3100
-7008
12460
23214
12710
4794
13575
23625
9265
-6004
17052
-6625
-12369
-5766
12870
-2320
-6075
-9028
8816
25019
15624
17365
28704
3220
26226
2618
25707
18720
-13394
6655
9680
1440
-4277
-19375
2990
-4522
16836
3515
-24150
-35224
-12728
-14833
-1612
33389
-17675
10058
9834
-36210
-28424
15184
-2286
-4750
1922
-9982
-21844
16768
8281
-168
12402
-18090
-1190
-16560
27472
-17613
-11440
-1340
3995
-25160
5490
-4180
18825
24840
-6868
-1922
16730
-15052
-30096
4326
-19046
24881
12956
16095
5282
25942
-24613
-16643
-2366
11315
6555
-1749
30843
12238
-1206
924
4144
4251
25615
-2464
-3978
17630
-80
-5915
-12546
25137
323
-17654
-35611
24564
-17572
-2448
-8400
-32032
7467
7252
9266
-33901
-14832
38220
1377
3060
-28224
1638
-14673
-7137
2162
-2288
28634
-15496
-1068
462
24156
13838
-21754
1292
8109
783
-14996
2343
-19602
7160
15225
-9472
-10246
9870
-27178
20140
-2156
-330
-8957
-4905
6660
-21420
5208
-7216
-20930
-945
1850
-16401
1547
-1326
21060
-32314
-18832
-18762
7106
-13038
-10718
11448
287
20056
7040
11210
-540
16340
11542
-29746
6351
5587
6525
-22630
-42039
-28122
1242
-28
25012
28072
11009
3080
-23850
10692
-57730
-16965
-168
5125
44036
-37412
24310
5015
14790
17680
-17654
2370
4902
6438
1311
-780
7250
-3553
21900
-234
4048
10340
6384
774
12040
-2450
-1802
116
-10626
-9430
2002
5576
9000
18000
-1080
-24138
-61503
9000
-6660
8160
3108
-3927
25200
22952
1062
-13192
-2505
-1020
-26040
-17952
-4676
19747
-840
-13130
-14250
5082
-17808
1760
7047
-7450
-91
-11830
-21750
10620
-10476
7820
15295
-6555
56580
15640
-19926
15747
-8908
-31464
-22410
195
-1343
-59976
22422
8721
5500
32256
-28674
4970
37170
8132
-7182
-1404
-20272
17050
860
5425
17930
-13039
-37399
2832
16650
-3230
2067
-6666
17325
26536
9831
-11218
29946
-48108
-8241
-10250
6059
-17250
-410
17577
-2730
25190
12320
14507
297
17440
5792
-11005
3720
-10406
-45113
6006
11515
-11088
-5772
59532
7686
11440
-2548
-687
-3185
-5889
40630
-12882
-12876
-10431
-25110
-13122
2064
-4560
8633
10148
33000
21390
1950
-10290
-14355
-12019
-1410
-4050
583
37674
12160
2842
-38646
-3150
-1629
-25670
-1950
1260
4833
-16218
16324
-2625
39794
-5439
-3348
-14091
-38233
-18954
-43581
16050
34504
-9860
-644
-1206
35670
-20124
720
14924
1886
7708
-5977
3264
43183
-34542
-2618
-18203
-9702
-39744
-8109
3366
-19635
-22350
11799
-7198
17978
39471
24139
6237
9898
25164
-14022
10384
-1008
-2684
15624
-3528
29484
-407
20881
-28960
13167
1302
45864
-23128
18634
6149
8687
-16006
32384
-726
-1456
-7192
-4123
-870
25066
21762
-9261
-3052
1450
-22440
-2814
194
-33228
-10203
684
-4186
8575
4738
-11834
-12360
-1380
-2265
14198
1596
19855
5858
13351
17457
14043
-3977
4173
-12702
-10380
-12932
-15390
22356
28459
-5635
-10614
3564
-12584
29295
7366
16490
-4746
15130
-30774
-19604
-3045
10431
14690
-15006
9417
-9464
-1296
12925
4316
-2652
559
21150
20667
47817
-1596
-18419
1222
14022
4582
18012
-13596
22788
2461
-6006
-14155
4500
-2652
-2964
4466
-21170
25519
-2640
-31842
33174
5850
-744
30845
-1955
1197
27720
-15982
-2232
-37701
-9990
6278
6664
-8400
-39765
7424
9280
16215
-750
-1053
-9660
-5215
11058
13426
23405
28055
-4342
29329
-3068
-6622
-19210
-7644
-6545
-8211
5103
34000
-5320
-16968
-20140
-4977
4564
3841
30051
-17390
1420
-2730
18271
24752
-24327
348
6916
-1771
13120
8436
13790
-407
6201
2793
6958
3115
-14924
-1062
5250
36890
12720
-1694
14630
-31150
-3287
7791
-3813
-8854
4284
-7876
-24843
-19158
-8281
-8961
-46258
4620
2226
28044
12168
-12996
7872
-32396
5406
44556
-31073
10800
-600
49032
10050
-20460
-15476
-3822
-25032
2752
5372
7029
7198
-32396
-25960
-18200
-20562
-28182
8178
1485
-10220
-41128
27485
-31710
1935
-17550
-10209
-15480
9085
-1180
50
-920
13572
45570
-760
15444
1764
-35738
-6731
25740
11859
-8988
9212
-18382
-12467
41989
31320
14670
-16450
16830
8816
-38940
-27531
-95
20203
6237
3034
-15272
-340
3267
5940
1645
49896
31496
4104
-11424
-4056
7080
-18600
-7667
-8517
2516
4692
-19367
23652
-1156
47196
-7268
15486
-38092
4485
6270
468
-20224
21442
-15228
-13122
-15738
2990
19422
-7410
6572
14157
-4116
21870
2310
17199
9696
8510
3750
-9399
-134
10620
5248
12467
-5586
-9075
19044
-2704
-32524
1222
12665
2907
6993
22419
7770
-2353
15617
-18860
-7931
39775
17115
160
1558
-6732
-2340
3515
3645
-24393
-3942
5183
-5025
-16430
31500
1995
-33232
55615
-9450
31050
692
39330
2553
14118
-8976
2541
-22
-4840
-5365
8366
606
2882
-17520
1989
-4320
-9234
8932
32767
2205
-11645
35397
25725
-6519
12369
426
-14763
10648
15050
-10512
-5208
3432
-14773
-8658
-9064
-16095
-18512
-10442
-9315
430
-418
-38475
-7491
-9605
21402
1533
-6240
-3741
-2760
2952
-38678
4089
-44051
10281
-1026
-6762
18618
-1748
-1653
-13802
3281
3743
2478
-26797
22225
-13825
-16808
5355
5336
-4830
-30856
10234
-26666
-3444
37840
240
8775
30929
-1330
-46563
5400
-52416
-13552
779
20271
-5396
-49447
675
792
-8036
4042
-12245
18972
41382
28341
-2295
-1023
17934
-2025
-414
17402
3589
-10750
12245
-10146
-38582
-21545
2923
11484
960
18834
-8140
-2862
4514
-41349
702
25092
3819
-6956
-8532
-8658
6786
4477
3066
29666
-432
-5310
3422
-798
-8798
300
-6528
28055
-3280
14760
-37455
2698
11760
-18584
2652
-43068
-2475
-11397
6762
-1110
28014
312
7412
22473
-149
-12317
-756
16899
5495
0
6795
10921
2669
-2136
26390
31605
3066
23701
-1089
6278
-2964
31465
-5256
37901
12201
5740
4794
42336
-580
7897
-6882
5236
5550
-17304
13144
-29684
-5402
41008
45795
16440
364
7802
4662
-890
-4641
3525
31465
7348
16999
-4560
23450
-36285
-20349
4774
19435
29346
-17544
-1066
931
28710
-31828
-6417
6765
2542
-3150
10488
-5865
-3444
5082
11950
8850
19796
25920
-5733
7490
7685
23288
4189
3749
13098
-2365
2494
-57
8099
-4131
-31178
38520
6557
-24522
32830
-10614
-200
7175
11764
12600
7216
-37286
-1827
5123
19602
-38485
13230
3852
14322
819
26790
-19691
-10706
31089
-10707
-34221
-21128
14900
-7990
9322
2914
11118
-25585
1155
-5246
20111
-36456
-18512
-2780
11310
7502
-4268
1608
28884
13770
14235
6987
49022
-38363
35422
-374
756
-6552
5568
-8190
-16353
-6800
-5202
-399
-16302
-3713
7750
987
24563
-4082
-7439
5916
-24525
27548
41
-378
2300
-33867
-26910
-16264
-2718
-29736
20792
3276
-33078
4280
-13786
9550
7462
-2772
-13778
-35956
-28056
-1598
6831
-6174
966
-15576
1647
-3774
515
-114
-27492
-5175
3910
12711
-23500
4425
1386
-918
2422
17910
27144
-14884
-25974
3807
-1308
-2585
-8670
9477
-2703
-4972
-260
534
8235
11935
-7704
13690
33500
-6402
-6724
1596
-12375
5975
-18212
-6324
-27565
-2820
-1449
-4050
-600
-5046
19032
-28832
27492
-29970
-45220
-21825
8554
-3564
-3077
15288
1265
-29670
-70
-29631
7860
19598
13924
-15029
29670
-7395
-25781
-1053
15494
4470
-51296
17928
-20300
-1530
33687
-1526
357
41652
