38290
458832
229952
2067576
16293834
327624
729016
1879729
4133368
16750014
2065401
1630281
33299520
462794
2388601
120323130
2134009
12870656
299592
2391736
3943544
14974512
15179200
782832
1925689
15138938
4282
2069446
1875016
463824
4610
2068880
36431
15441458
15458824
33493450
3699215
2293839
3739153
3698760
13082184
262615
14975098
32329
241144
291863
33337
467414
291726
4927374
57800
286792
1896497
65089
4027313
1836490
204784
2564230
14921209
1892537
2131441
463870
1873402
200888
15412225
3673658
15434896
1630214
2595896
14938751
1671040
14618808
134
7865
1601608
520192
3943864
14193216
14979087
16540175
13365904
1584529
4390976
1872000
2614279
732666
16720256
15404153
3731568
197118
3932817
258639
255423
14450185
2104776
14738423
521664
14982334
1576919
94801
3990671
2830264
29887
3997247
3674058
1573886
3673720
14914122
5825473
95377
119825866
303096
16580247
3674232
2457162
2065537
258175
1897488
1584648
136
3702778
14654849
3969552
208008
57527
4552
12817078
2043840
15434704
1611256
1900039
2195082
14986769
783354
1609858
15465552
2829456
2567230
2826680
33239
15171704
16551607
1930130
6262671
16609728
1929330
291392
233993
2822152
2104895
13137294
15406138
120295432
1872512
3727814
95159
1860282
241552
33067456
1867720
14999666
13136838
12875254
14774390
13103694
6262974
14877135
14447224
15412674
498818
2162290
755143
306744
1637966
31814
2293782
2821622
254534
1929352
3997305
15465488
16752319
494662
16747952
120061970
8134
202175
3760592
2301450
725631
5836304
14475776
6120439
14685246
14877254
44658
5586
4134346
16722953
6259208
2089928
319942
1630850
16515186
14934646
229440
4161584
5770703
15147448
2076230
1892865
1617464
4691015
3731642
16749049
15458994
14967352
517112
14942153
299514
16297528
4661200
15007353
208768
15434832
5799431
16612470
14744712
2355214
1930639
1879554
357320
57978
14979120
61945
15438409
5825018
32376
3977145
2358847
2161720
15000648
1605583
12856912
2399369
2137216
14717488
1893312
783296
2852031
13079602
29631
4255752
16290758
4228601
262647
13340280
1017
208343
120005041
1871998
556982
1635320
14704695
16519238
4453312
32368
3765242
1838151
16518776
16745015
2302033
2330704
1872448
782902
14691850
3698690
28750
14983103
95352
2130366
756880
2305536
306834
16605248
14971337
15459338
356753
13348423
14709192
16744511
15172032
516656
319608
15139414
64568
14943736
3969143
16290814
2137720
2108992
274418
1638479
1667704
324153
14881295
352304
2600898
14941874
3674809
33096144
2420873
2076217
492497
2355273
1631110
1606585
6094288
1933247
6065656
1605753
12883057
14938633
4165247
753801
4134031
33063049
205184
98192
98298
2821241
1613305
26104
6259208
520649
25024
7758
35919
2036160
466039
14974480
6030415
3670074
229959
1835072
29138
24698
1861112
298568
5865410
229910
14509121
14975055
495498
2818546
299078
15459328
16523184
15437831
121606208
274361
14987215
4517961
4194297
3681808
295370
233478
15179390
12780600
2089472
1667528
1602447
2039487
15172625
4173378
5824958
2130384
492160
3695119
98199
319617
1870970
1580558
266290
1667456
4927430
1872830
15039882
1638471
1584640
3976704
16551366
14979761
1872398
1634942
12940370
6058002
2370608
94608
15179398
3710610
204976
492102
14975562
2096703
203902
2297737
323640
15147080
1871887
14167680
15007680
1575944
94784
15445974
14683735
3704255
4448880
265777
120303167
4230
1663536
3674696
1875583
90183
5807616
29754
97281
2064448
2593289
4194230
36424
1839161
6058950
2392633
33166
204174
61951
62016
12889145
3768312
4448768
2560186
524232
270294
1864584
14914040
294400
721858
323984
201714
298944
2331072
4169225
2618352
1580150
3964418
2039880
265871
14218184
4133448
1637566
7566
1897031
2560402
3696120
1839096
5803954
262032
14939087
13046346
1880000
64640
459903
13110658
2098185
466386
1580616
466894
4023238
2305030
1838151
729550
12784200
15437951
291960
14447681
5796472
491591
3933192
517104
5792249
3714638
1572872
200202
758392
499336
44480
2162576
298961
6054521
16318914
32760
462463
3961270
14972311
2065031
31493121
4743242
8129
14194127
120066559
14691897
2155159
1872470
296441
2294222
761417
3707471
14713456
298040
34249
36361
1572950
28854
4187142
1868808
16287127
1664447
2600832
94262
1868808
1842618
12837774
14880761
15437318
6287858
120303167
16747648
6054862
2305528
1663161
90192
287170
2072248
320002
2064842
2039792
2330760
90552
1860088
15463871
1860614
15433864
293950
65030
467024
466440
299663
16314943
204302
4163008
241168
16559743
259574
234048
4228273
5796858
15463609
2560078
3674569
16526778
1860559
16527311
121434184
753807
29246
2064449
1847280
2040241
15409662
3715010
2133586
2593679
25096
61846
1929799
13107840
721328
255062
2876473
2559438
120126983
32211855
95703
524217
14972407
62415
492102
14676018
2089610
14712912
14943687
549010
1663159
2064896
65088
302585
5825615
5864904
2297471
299977
1573832
2068992
2396736
29136
3714191
204298
14742678
240822
462408
229384
15402071
3682185
2089998
15006854
1879937
2101242
3956744
2097159
320054
261753
1879176
0
16344066
721911
2327112
1925754
3966023
98298
1572976
2613910
1667080
40504
16297480
14917114
1835913
299576
3997568
3994809
16576976
230014
261650
15409266
4449224
14770750
2064454
1635006
5803398
261754
13074488
13114431
294408
1842817
3728513
4191408
6127607
2065871
230024
1897024
15441470
287225
3939778
13341632
12909634
2596464
61896
5778864
462010
15401089
258057
1585095
3990136
3977200
6284303
3990544
1663959
3933246
14422010
4656
778872
294862
1871304
3944321
1860216
3768312
2036304
4431304
4284999
14979646
2137663
459440
16612874
13132178
2305993
1631152
197136
783296
1090
765897
97866
2589319
2416705
13365888
15401366
16716880
2293824
1872464
2830286
15408698
1864128
12648014
6258752
37255
207992
307184
120091600
14189178
202176
13341327
2359752
2096714
754632
14512726
4915336
5767305
1838670
2822584
16770175
352706
1638906
2301494
2159224
758385
254912
2567736
270334
12844094
16520249
14979535
91137
2592406
1893314
14877568
32654
44176
120066682
1870871
4292218
65088
32194
1842872
201282
32006256
15200697
204856
1835640
1598642
14946872
15000192
286841
15150658
294985
1873352
1605712
1642416
2076234
201264
1667704
13132234
2043522
14978681
1839182
8184
3939447
3675646
4137408
31949840
1617344
2068656
15409264
3727926
462280
2125824
201231
16347584
1839175
12889655
6087608
4168720
1637958
520312
15146058
14913991
1893326
1900466
3963960
2126526
14742032
360384
15406024
266194
2126738
299976
298935
266190
2567232
119890962
12879288
4172921
16318384
3670538
1637769
2593264
3681807
95618
240704
5800081
466615
2089550
5812176
720962
33293256
31653960
14777416
204224
3735679
57872
1879127
2592394
13165136
3710857
3944058
4198418
119767502
1610934
3710450
2329784
1860112
3764792
353720
14712505
15200343
3957946
2819056
7736
295872
29111
14462537
15203842
2154504
1617415
14508666
754302
1580616
1892487
61442
1638854
33127544
2162129
37368
3910768
1893255
262082
295033
2421312
94778
40570
119635401
57808
37552
721800
97721
1606158
255473
16546832
16292942
327294
134
13074488
14774664
15230410
4953047
466830
4133264
12885622
119861335
32440
1892474
15179287
4252170
299983
4163056
32322
15462982
31767
2614710
120323730
320960
1872390
4023170
495561
1868167
14679616
15004225
14192136
6033862
4187592
3681359
16310776
14946872
1635778
495168
2297792
2138097
12849728
300426
1871496
1612928
3940344
2883578
3944330
327230
3969143
2851441
3703745
2038904
2162616
1663111
14946247
2042930
3990038
1929664
1638921
15441464
3728832
5779007
2330640
2133577
6030208
498760
5858754
516658
5801471
2560128
15175622
729095
3714624
38016
1864319
16548417
495558
1860182
2108936
503359
13119486
14508688
14967312
14770247
208840
4259321
14938569
3764850
3761662
14476358
12849200
2355776
1929294
2069966
461838
15405070
16777208
2102272
3671473
29360
3933634
14881366
259506
14709312
6287936
14939087
15004224
261640
266175
13348400
300494
1839096
2567281
5771280
1610744
197638
2101950
14717896
13106624
266634
16560062
5772225
3990712
2126215
302210
5804618
13110975
14708793
1932802
4162511
733119
201727
4391999
3935814
258578
36024
263104
270271
5800007
1926528
1836490
2134458
4032
2036105
14970886
5825473
4623
14938238
14458505
5767624
14912952
1932736
1602496
12644736
758783
754248
3703746
12815439
14770240
4493944
37505
491976
12856832
97686
14778311
1605767
460226
1929280
6033086
14715952
233032
11898
2646712
4022394
16773142
36984
3674105
61511
14718456
463767
16578042
753712
2329649
15462400
15401010
3761274
12889674
2392056
199752
32310
15437839
2072151
729096
16745032
295600
1609280
16540218
229959
94782
14680519
90239
261710
2417160
12594710
16612800
16613322
757250
15175746
15032450
4169680
4999
2384464
756736
4165138
241288
2100808
4165718
13078086
728647
306767
726073
16348242
120295025
12902538
37310
3720
5779400
6270096
4190209
491536
13172298
4140552
121136134
14921279
29264
294921
33521672
14659256
5796298
298935
2305546
2134080
14938130
463362
324490
725898
36999
233928
754254
1892487
2397304
28746
265792
3736968
725440
61462
3960944
1932742
201162
1480
15033402
15462546
462402
306800
3732368
2187840
232976
13119434
117706241
3732464
1663032
3673728
492424
1843185
5832128
2830320
32918
15172656
1925687
229384
13361776
14888576
2076216
2593679
237104
15179722
15139402
295346
14941632
97920
783479
1638038
3977
14954002
16773246
4140088
15036488
556152
2330119
1663625
32215048
2330704
16573438
2337807
15438792
12619952
16719306
7695
261633
117747664
2821206
3727425
300088
4218880
12845062
324242
4461506
3673608
1606094
254984
16522816
2155602
36280
299969
2187390
15175745
14659217
520256
2101374
1897102
458831
1663030
2134009
5836688
3761655
14975994
6066238
119570504
1576519
15401418
724991
14916742
26102
2137233
1872458
5832086
3932288
2301951
5009
2130048
359552
14979087
294000
15404466
119803511
724022
4165695
14983104
2037192
18816120
548874
4169664
1925240
234049
1897543
2035719
4750902
15183866
15183816
15036929
13132286
15179322
458816
1860544
3682257
3738760
4198800
2421882
95366
15404666
15139321
14946425
254982
1835974
57975
4518910
3961856
520382
14618750
1871822
208783
13340222
198030
37368
323969
14687382
2100744
1879559
4978114
2096641
1896952
15143369
14679959
16605642
119844367
2129870
4292208
15406136
240696
258674
4715082
16526728
65088
2351736
94854
549816
1639575
499200
33497031
12783682
1879562
14884489
15409342
14196224
1573455
495754
16577145
16719810
3956823
1606030
2187838
4973511
5792383
721593
3768318
5825144
15143474
4136000
229440
1879048
2330736
1893328
6091768
32241
2370625
12874112
3995079
36950
33354736
16297872
2563698
720905
3727815
14685246
4219904
234494
254528
1606128
1838729
230482
5779090
2396162
15437391
1867848
44946
16719280
1871886
7694
12608456
15401097
65528
1839094
3681287
320526
14953994
14945840
255160
1929367
4027850
90680
2600007
360066
3965847
2130881
4030143
1842647
262777
14974338
15404488
15176760
14713230
2454088
6059007
2039865
15033470
287224
14974640
6088135
761366
2098578
2069962
2355390
13045362
16578040
1867967
4136455
2305422
14717582
3710481
15462512
258496
3990585
266680
1879944
58311
2417798
2367039
31719025
208392
14876793
40458
4029974
274058
2187960
15200648
2822152
470969
1639550
15146953
273480
1879176
1869304
267714
16749126
5803975
1880000
12619706
4206518
360114
233552
4398137
198073
40953
6259312
14685262
1929840
14655039
15405118
728182
729200
1602496
14196735
757760
3703296
2126423
233550
233103
15458824
2094209
4191182
3966402
2854393
6270903
1863806
6093889
1867784
1663886
16552394
1630344
1664455
1573369
295367
4234816
2094032
14921680
16519752
2065479
273992
290817
6066831
14909518
38008
1872566
2559367
5775296
13111345
4792
782344
200777
3994112
3674568
3976890
26097
721873
520593
783302
492543
14725064
233150
302094
4456638
3944384
202126
2298870
12673602
1897457
3702215
1840063
15439358
269880
1577528
13136329
16552958
1602711
15437831
120058438
319608
466882
6263928
3935248
15176248
3702272
12588488
299142
33316984
12681095
4187072
240784
31486992
3764738
16515144
14716024
1839182
13132752
523776
299064
783817
753798
12588488
13368400
14884496
16519110
12902898
3670478
44665
15401032
120065456
6288057
12616578
461895
14939586
15401863
14716016
3732537
258696
962
230800
3969032
33349646
233488
2327112
94600
14452118
1617865
5807224
3957327
15441544
3702840
14877646
14971513
33062921
4448848
2298438
14683706
2108986
3728832
14221704
12879305
29825
2388479
721593
491966
14713424
32760
499215
357320
91641
31519120
4452368
262160
15004288
1836016
783504
16609968
1630329
1605183
470600
320072
16548433
2851464
259128
31661496
1635512
2333702
14676936
267273
721926
11848
16519168
2395650
14713864
15179322
14744598
495558
2589114
1634426
733176
4027001
1835512
2397690
462870
2159559
3714688
3674682
294794
15462929
29758
4140088
302080
3940303
2089978
15441017
2613896
1879488
12587464
40470
3937745
521663
782913
2821199
3696062
1932871
2330625
16605768
1576969
4977287
2162367
8064
90198
1617864
1929656
503359
287289
13115351
1836210
295431
2065799
14683726
4452472
462463
12608448
32182791
15462474
4395634
65480
4927362
466993
4027274
15438272
467449
510
2068656
2093183
3678202
58042
520718
14939200
462345
1863808
15434234
3735176
4194311
466873
15006735
4710921
5807161
1664017
3932737
12178
14770761
4134064
2358802
15036864
2068368
497136
14770815
1598458
15434832
14685057
14880704
15037386
15437753
12282
26042
14626761
1637945
15459391
2421938
90169
1641600
1840527
1872848
521328
14619134
262193
119833081
3736465
229382
1616970
2563646
201720
207999
15197110
499265
287879
470982
12939855
2457153
15147015
14706096
299519
302672
2069378
12678608
3735614
13307466
1899640
4492864
4544
3727895
4398657
261702
120054713
299088
121434624
15200320
61567
2388935
2093560
119570001
58511
61520
1574072
265746
14943231
2614200
33042326
6062025
1929329
229377
2187334
196695
25230
2129970
286729
15032334
3935817
15401658
14619262
16744887
521727
4166072
36352
2567234
1573832
1875522
274318
120093759
65030
5824520
291327
1613384
1605624
15229894
785422
267321
491582
6062466
25152
2093582
496314
233870
15445122
5112
1664000
6270903
1897408
2306032
14659521
523282
3957184
14880240
523704
120262152
1925705
15004735
779774
233362
6264262
4656
758216
2821745
3583
14945935
233592
2154511
300087
0
779391
4194289
517625
200592
5861462
4427209
491986
2858057
232967
722038
1869304
4452753
2067504
4489337
3936145
353784
327230
33067648
241208
3702353
1610630
296392
307142
14910096
3968432
13074552
2093558
33031104
33357455
2097712
5624
3701822
320458
236554
2076295
503305
4452849
761800
2162167
1860544
2880702
14475791
16516111
326794
2589183
6094734
14939184
233034
35983
6030218
12619768
1667527
779769
467450
1871810
4132912
2035799
1899640
295358
3964922
3728450
2593352
5804544
2043839
758286
548873
2879952
263609
294025
3994622
1932815
470586
3607
3673231
1835449
12673994
4553776
733113
13108182
4194822
15039614
29648
753687
3957192
3937232
754624
14443090
201145
294927
2589774
14626815
3968966
290936
2294210
62415
6233994
16576585
15033286
4396481
15033337
12837455
16750032
2352072
1580670
3710462
520834
4165062
13336647
39951
2094094
2391111
14430128
14880704
1872008
4162554
758342
1864264
90640
6037064
3976830
2297791
782975
31486982
14672777
4711098
25726
61896
1663632
306688
1572878
14680199
1611200
2068422
32193
14680642
1840135
3695114
36543
5767631
1835078
1634753
357304
13108175
6288568
1009
25610
462904
12816329
12939650
14687280
1873294
13078192
2364368
499320
12615186
269872
15147158
3707514
3904394
1872888
15197178
14453880
12910064
208386
786375
1642114
36470
14742416
97735
1839630
57359
29766
12885176
2068081
291446
3944343
16286664
266769
38386
230910
464330
2187318
6234128
14724792
13362290
291207
258440
1925623
15229838
3706889
1879489
2065480
28728
57418
3671039
3964807
1630608
3976658
4256184
1667078
1617464
90680
14946193
356951
14884536
1667704
12878415
1871928
261559
1835974
241552
2065010
2613936
12848512
6288008
13103610
119803320
16776711
3675634
1892424
1867839
2330576
37313
13074610
3646
13074945
3702728
2595910
4029832
14717567
6062486
1634489
13365887
233103
2327562
273866
121468032
2187376
16523208
204918
4231095
204926
11657
33095624
