-3942
19796
-22302
-3220
-10458
38744
11454
918
-9016
24738
11935
7740
46420
1965
10080
14155
-20988
7560
5135
278
26950
-6612
-16830
-7700
-1782
-14442
-13696
13532
6903
-40586
32522
-1800
882
-5846
-6040
-1581
35422
26999
5566
9900
18335
660
-1615
-15410
11899
-5040
-7881
-31650
-4300
-1188
-32851
7685
13778
-968
32032
8106
6460
-17400
13527
18300
204
-4675
18212
-1776
-3248
15198
-11609
-1314
8062
-26416
-8405
-3132
4292
40779
13774
-9240
-2200
14729
-1703
6731
-4902
5481
14070
18900
-10505
17613
-7225
-153
-7011
23405
25347
14144
152
-55404
5160
19260
1752
-40750
-36300
-3380
21855
13050
-8925
-3801
15260
-29252
1254
17544
54
29156
-5928
5712
27060
-33066
-7007
-2960
-6222
4452
26666
-41001
-28215
15120
714
-1677
11400
-3977
23700
8712
9786
-1122
-22090
-6693
34008
610
-600
23892
819
-26195
-35970
-5742
17127
-19270
-19890
5510
1869
-2970
3912
-10640
23400
-2225
11175
6784
-29750
10746
-954
-880
-7252
-30225
-806
-2214
-210
-24310
-5203
-171
17100
6783
34226
2277
15400
8930
-16023
15606
-21584
-17922
-12789
9112
24634
-2030
-11890
8034
-11830
17253
21084
28086
994
4650
-25938
-15244
-28
1386
-1591
-3850
-246
22545
-8176
-15041
7866
21255
11988
-25955
6408
5130
966
-6192
6902
31706
-6786
-10965
-8816
-20114
1177
-27720
-16095
16680
-25620
3838
36897
-2394
-5700
-4900
-2542
-17160
29250
10812
50225
-101
-34226
-8150
442
20196
-1958
-1242
-2000
-28182
-29808
37000
2021
1200
17978
-2301
4410
8554
-2765
-1539
4998
23370
2325
-1845
-4641
-6525
-740
-8383
-4708
-8208
-4059
23009
-18105
-1710
7490
-10829
12915
-11745
2944
-5510
-19824
-17820
-8740
8428
2021
190
-1411
3808
1221
-1665
-21250
7102
984
6000
520
279
21726
6794
11076
-19809
7395
21172
-280
2619
17688
6290
5130
-360
-5611
-3705
-110
-735
-8600
-8580
-2030
-1066
-26125
-4257
7315
-24308
-158
1386
-4590
-23587
9272
-7636
-45000
-2619
-44460
-16830
-2268
-2898
30876
1290
1071
28638
5929
-265
13034
-19500
14875
4945
-14949
-6732
-30222
-33250
12660
-2948
1683
-45738
43357
-15504
21210
2548
13300
28290
4469
270
-20358
-300
7238
1404
19642
-1836
5040
-6600
-13650
-9506
6018
-8979
5865
-26257
-8085
16008
-3250
2484
5520
-10878
26986
3150
-4830
32956
-510
28704
-2940
1044
14325
-16926
4587
-6622
-6786
11544
-18396
-8041
35997
-10282
-11948
17604
-679
1832
-2142
-10350
-5082
-24200
25125
26702
-4324
12827
-4510
-15925
11315
1330
-1333
-1950
1344
-6305
16029
-3915
1001
3000
-43134
-46215
-10088
-18445
1910
8010
8673
28161
8050
-28458
29160
4662
-8100
-4544
5325
16095
2744
22743
-12177
19669
-18193
1602
-56
9880
-14022
-33852
20679
-5265
-6681
-8658
-624
-26598
25368
-298
2835
23074
7303
-9150
18
-7290
20097
-10810
-1428
12654
1705
20286
-22842
-9477
6318
-6636
14916
-8568
8910
-46168
-5265
-10797
-510
3500
-2970
29548
-6909
13216
-9660
-2499
27267
552
-522
12971
130
-3936
17004
-770
14679
-15985
-6660
14310
-23460
1470
-6422
-1407
-31977
-23944
30798
37979
-4750
11815
3690
5061
17976
-10706
16430
-13833
-1036
1610
-4802
-21762
5194
16575
-6324
-1833
5187
-33858
-7802
-22188
-37018
-6630
17484
-1909
-5830
2828
10920
31155
-943
-20291
11315
-8379
2541
-1938
5320
506
-4141
3955
27566
2952
-23856
7740
-11368
8437
10374
-10800
11815
3478
12648
15555
11623
1810
5211
435
-28365
-20536
-8109
-7921
12218
-16150
-16107
-32472
32430
520
-19635
-7566
-9800
16833
7245
-18414
-36925
-2259
-2828
-8019
870
-5092
-2340
-15070
-35371
-11880
25704
-6960
-946
-4543
-3125
25665
12705
13923
12411
-9800
-12470
-11223
-20007
-7992
4464
-53775
5070
7192
-780
-1500
-1386
2244
29430
52899
5500
5307
430
16544
-3480
3081
-11556
-950
5049
-15288
-29520
-44296
-7905
-7200
23739
15228
-12665
1088
-30457
1199
4935
21390
34050
-15553
15049
-3388
-26128
-24497
12728
-5060
-6864
35340
8437
-26550
3450
37570
9061
-3230
-37098
20792
-14820
3564
-27540
19035
-6972
2052
-39560
-9786
-42750
-1372
32562
13334
13736
12540
30371
-2700
27716
1540
-5143
25599
-6300
-5135
-8262
8360
18358
5249
-8154
5562
47970
-5738
35802
29210
-13561
730
58500
4342
-2142
5760
17784
-13797
-6847
26532
-13237
35600
-6300
-37240
-1925
-42558
13590
19716
406
924
8487
6795
-24786
-39032
-22896
3439
-6020
-17836
18048
-5325
4838
2700
12160
-552
6375
-21330
6815
-3304
-5600
-34776
-34342
-3567
-1755
-18468
-16731
2977
-35190
-10349
-14606
4671
-4242
861
-378
17091
-4182
-49862
29050
-11645
-10764
-27702
510
-171
170
-4966
41630
43014
3382
1683
5841
33220
1690
24592
-13905
-20706
-19350
-13261
-5430
10320
33440
-5984
-10350
4402
-31350
34081
8100
-18625
13493
-9018
6820
-27104
2604
10404
-22344
950
-3510
-8772
-34177
-6075
-1022
-8730
6630
4890
-17290
-5678
824
6873
8137
12060
9360
-1634
10293
-32110
-867
-28718
41778
-30687
-3526
-26702
-6888
19474
-5700
-332
-12654
2597
-4422
4379
-33750
8400
34768
27255
-985
-5141
1278
4875
-3737
14
9630
21945
-13770
-13588
-608
-18139
6174
-29510
2400
-7931
16562
9676
24522
23980
7224
7598
20910
-47502
-12726
90
-1533
2322
21414
940
1577
26010
-14670
-2442
-17978
-26522
-4623
-16245
-5538
-5508
-4841
-7854
2340
-969
-1846
-36873
-18696
-13860
1080
-21320
-210
-9500
-24486
-21728
131
-4836
15106
-1064
-1116
-38372
-9945
3040
296
-30212
2640
42126
-1026
34568
-18315
-34344
-49648
-10248
-19690
-12210
3150
-20587
-50140
3710
2047
-4324
13838
41088
2482
-2013
-17346
16491
-198
-23095
4814
-5694
-6561
-38243
1946
-11310
-1566
47460
28054
-5106
11135
17200
-40572
16642
6831
-6156
-6642
151
6314
-4485
-1400
-35700
-13600
7141
-16500
-14632
13886
-950
-8132
-16647
1736
12444
-1548
-17262
-11638
23320
-11400
3485
-12580
2200
-24624
-15345
-550
-14626
-2916
-10043
-1539
-5192
12045
4250
2030
1674
-6149
-27
3580
-8772
-24344
-1260
23875
7020
15554
561
-2214
12744
1750
-12927
-105
-9265
26671
3480
-2835
8415
-8722
38136
-16744
-13395
11988
-11305
-21353
2784
4853
10534
-28350
-28032
19656
-14960
-34030
33286
-53590
-11659
31373
11543
23355
14964
-43384
19834
37209
3300
13694
4123
-13031
630
48790
14924
-14750
-6417
-4498
-29646
-125
-4403
48178
9802
-11023
14220
-1485
-28223
924
-1602
10080
9009
-13272
-40626
6265
5254
-11011
34225
23562
-24174
-3658
15113
-9126
24435
-2820
30492
9282
9153
-5580
-22797
18060
-19796
-38316
4410
-5588
-20655
-1295
-6050
-9246
-2378
2150
-3475
-3390
-4960
28812
-2431
17050
34081
70
30929
18942
-95
-1995
-8004
6478
1479
28103
23547
-8316
-690
7912
9494
15276
-18204
-378
12366
-7178
26180
33176
-2332
-4959
5177
9715
-5757
-364
22765
1170
-8536
-13940
5022
-6486
19437
12710
36335
4950
-14210
11250
-2968
-20909
24480
17630
-23112
-29500
-8760
4100
6494
38412
-31977
7526
378
-6237
-2627
1474
-15504
3171
-16770
27715
7626
-1950
13843
1995
2054
-12096
19006
19908
3038
-34744
-728
7955
-9912
1760
2585
3956
-33663
5928
-43
6786
7296
-47235
17927
-27935
1660
-9585
9207
1134
29008
21060
-7038
-13300
-1888
6278
13932
-399
11550
-1067
30366
31806
-3026
5985
408
4554
-3468
1290
-1056
29388
900
32332
-9322
-5973
-15444
-8460
15015
8584
-822
154
8201
6435
-2534
-18067
2814
-18753
-30250
15170
20086
-1824
21546
16280
-14178
294
-2790
14952
-14351
-6230
-20482
4508
-2173
-4845
8453
1143
-17568
6192
4959
-17400
-5032
4410
29014
17544
32890
39775
1463
-49374
4410
-6112
7424
16095
315
4611
-31442
-20655
-6804
24610
-5916
6450
-8778
2040
-6106
17069
-44226
12852
8600
32005
5332
-2790
-34808
-15159
5037
6191
10062
-7067
-14775
-33945
-39725
-9537
4116
-5229
2158
-969
16275
-17155
16836
16422
378
7452
41492
6084
4815
-25050
5136
-4671
30728
-3366
-5270
1165
3977
20862
-8265
-22155
20502
-21004
2106
20520
14111
-10355
-52
5049
-1296
-19565
-9768
6322
736
16770
3473
-9618
-5074
714
4185
11426
2408
8388
-26950
11135
1770
10120
-6962
-4495
20874
5319
24420
9558
-26322
-3510
-10812
4935
39508
2873
22936
8613
23030
8470
-14697
-20210
7770
806
26568
-202
-20300
8925
4026
-10854
15051
-16170
-27566
3569
19992
1496
-7000
-28875
16308
-9430
16929
-4005
8890
-1113
-5852
-4872
-7659
-8398
1197
20413
2585
13940
-19975
9797
-1988
5310
-4972
-6076
-19465
-35802
16984
-22946
-2698
-465
40775
-21500
-4410
17250
-20904
21615
37800
-1173
234
-36673
9009
2346
-198
114
29045
-3672
-10403
-5800
5642
18100
15416
11931
5395
3850
1449
9940
20202
8640
-11039
-10561
-17976
142
536
-22908
19344
3026
-20504
-21000
5605
2808
3630
-721
-2928
-6032
-616
5586
-4026
-10800
649
37596
-90
-4140
28689
4810
722
-4048
-1197
1890
-780
-17535
-3060
29036
4641
-668
-4389
-8052
5301
-25404
-28756
-12870
5950
-17040
-28575
28175
-6727
1717
4840
10488
-26082
-27398
-1848
858
14140
-4964
-4071
26775
-2310
22657
-1728
-34428
-43039
-28842
20448
4104
22137
-358
35448
5808
-1790
1652
-24957
-1400
15980
-558
-8949
3131
390
13736
9797
8010
1926
3504
-810
475
-18146
-9030
28875
-20584
-18375
28386
-296
3927
-20430
41910
2646
181
13984
37976
-7849
-8658
5040
-11368
-4620
-2431
-6072
4255
23572
-474
-19046
-25521
-6970
-8393
-33790
37968
7098
2775
-17085
-11664
-15252
-14950
-27768
16390
25576
-1881
-9360
18963
1225
-520
14058
28440
-17082
287
5486
728
-18600
-6255
567
-13113
-23861
12103
5390
2450
3388
-20634
2574
-14364
-12998
925
-1700
40655
-7995
-11020
1365
11020
4577
14740
27918
-4584
5000
-13872
-20592
37752
-23912
44928
7161
29151
8601
-1580
14111
-32250
57551
24426
-2561
4590
13622
-14659
-24610
-4187
7070
365
-23520
-6431
8610
15225
-24219
9494
-221
105
24975
5348
1730
-14378
2247
8195
4329
6816
-12606
-5133
17388
-3172
35076
710
-51204
2397
4830
-5418
-6525
-3250
-13365
16241
-2565
-22326
-8427
-41268
-12402
17487
13837
2125
-33966
-47515
8732
-28500
-252
-28525
1360
40120
-53361
16650
-1155
3381
27475
2988
-6780
980
-5882
7975
-255
-8178
-31878
30960
38955
4234
-28520
34255
4576
-8190
-17613
-22935
21210
3740
-486
-1484
7930
1469
8888
36380
40185
-960
-3042
-38016
-623
4225
1141
-2002
118
5300
18270
-18849
11395
3071
1320
1961
4944
459
-25650
-1107
-6253
10502
7095
16150
3025
1638
4171
-5738
2544
8025
8388
-1134
2106
-2948
-697
-4905
12920
-22454
-840
18054
219
360
9990
-16498
690
5452
30788
14535
-14534
6497
3040
-9919
-22774
-1512
-21645
16575
-515
6324
-18091
8214
4830
-13365
-25573
-39610
255
-33066
13439
-11584
-3410
-21594
22968
-21114
-12210
-33631
-32085
-2249
5617
12312
12717
37130
27108
7790
-9870
-39060
-3750
-15252
-1794
31692
24073
-3040
4982
-12975
-45030
-9483
-26533
45570
6380
-4760
5472
5778
6279
4921
-12705
-20760
-21480
9010
41241
14212
7700
18423
-38844
-667
-12690
-4674
3430
19950
24424
-536
3654
-6870
9900
23994
-4930
10350
-4550
342
14448
-3703
3278
10058
-2673
10425
-10143
17646
2268
-3939
-600
9588
-8326
18630
-30268
-15288
-660
17908
18920
-23460
15875
31115
6201
5029
1512
1230
-5511
3440
12508
26650
-33432
12733
16428
-25960
11330
-20566
-9420
-3870
-25620
1255
7080
2620
-18200
-200
-38763
-8835
-8151
2782
-14553
-752
-22134
3400
21780
-2535
-38070
-14175
392
18915
6555
-7380
33369
12400
22638
13806
18972
-36890
-11869
-2650
-30876
29120
14878
-14696
19845
-19788
-1219
-1495
2250
-5150
-10500
-13248
33366
-11410
-57960
-3298
3710
6336
43460
18
-9322
19400
1875
2378
-9243
-6460
24570
-9362
-37233
-16665
41944
-45318
17914
48804
22842
1200
10208
6624
7410
46605
-7098
1452
-6194
-880
13125
-4779
-7650
46431
51903
6162
-2553
-42021
-30616
-1089
960
-15184
-9231
15141
15515
-32437
-3276
53592
14104
32163
90
7560
-25647
-2508
-720
2106
-14457
-1717
612
11132
-35820
11385
20862
10384
-19188
32265
6270
14014
15435
1870
8360
-43896
3618
6095
18537
4900
7735
18954
11454
-1798
243
-8208
-9384
-21203
5670
-11760
-18912
343
-294
17015
-6068
-5014
6776
16104
8500
-1722
23976
8262
40356
-16555
35574
-2688
29106
17136
-8592
2392
2574
-4070
-25050
46607
511
37200
11682
-5002
8500
-2808
4375
-21450
4260
-440
-8437
-3330
2584
-11972
-27846
10230
2314
1927
-1764
12865
-24336
-3485
11514
-16428
5920
-7068
21060
12495
10455
28077
-7182
-41
27674
-7301
609
18326
9455
-85
11328
25228
-18300
-7182
-24153
-14280
17955
2088
-1173
-34720
-12070
-30444
-31494
26910
28731
-5915
-14160
20570
-2760
22880
-6762
18800
4905
-12699
3172
-12150
-30589
924
-8131
-9504
-18509
645
900
-6885
3564
-1969
12920
6030
28980
-34476
-285
26100
-25432
-966
13671
55335
-15580
-26505
34069
9240
-2926
6132
16643
-7347
-12901
-4185
-3740
8635
-2100
8645
-5180
-26928
9401
2156
637
-3030
25756
-2940
8280
-42406
-6954
-4998
