15413199
1880062
2559567
1872326
255417
16716286
234999
61626
57402
12674502
2298511
15147080
3765190
0
4952520
1606534
298881
32265
1870914
556606
4133881
3675271
2595848
2131376
524274
15139334
14685681
31657650
13307792
1864198
57410
15405713
2089856
1900114
120062919
1578160
16560064
33070150
1609914
2297225
58545
287750
15005121
13136392
720958
15139320
2067904
6029754
6092280
6061694
4173497
2069457
4521536
1637840
16552638
2068537
14909450
4050
5836297
14975872
207942
1864342
2423944
5832702
13053449
4949449
2564210
120004560
2070014
58254
2134096
15001032
274046
14884472
466504
15141962
523911
6040688
262136
232448
14425610
14713977
262737
1867328
2399866
5568
14980145
5774854
199690
462858
25225
1863736
499274
14717967
291314
599
12595192
14978071
14975050
15007617
13304434
4653569
1840215
1664056
14188656
13139526
13100502
3994111
16293839
44991
16572855
1864306
2101329
3674808
14971337
7312
61562
36990
2065402
234064
3976377
258608
204337
14942704
16314439
15200847
2851967
14945362
2297842
2331014
1859974
16351167
15400967
352394
40638
1925246
2396225
728070
1577863
61960
14716986
5191
2559558
463505
14717376
5112
13046658
3761279
3710592
1576574
725182
6234566
14971410
1839502
2035799
3705
74
14422975
14680575
15183800
14447224
40512
65153
230359
1605816
3209
295553
3701846
199744
13303874
357832
3739081
2096570
25167
38336
2592880
3699650
15143362
6266486
2159624
4227080
15172183
3670646
491577
6087806
232456
5836681
13048896
4672
2875960
778752
16551871
3964030
32210
270287
6067088
299001
197130
45040
31665152
6040583
463936
7230
4022345
44038
44664
1896506
119824390
12677768
720954
16289353
1875926
757817
3940238
16572912
3994510
4518344
1602114
241166
1932864
4671
1869262
16609872
7288
1900089
28862
729590
3972695
29207
31493703
14717521
2621432
6087358
1872390
15434929
14934992
31458319
2065351
33303
3961815
2593728
1842192
729201
324546
2039880
207879
2128968
1634878
14975999
230336
1896952
13365696
97862
5805040
14717433
14986634
4448898
14775423
1864847
120069632
2330768
725071
15033786
2882566
4657736
2105280
1859702
8191
1840080
3731913
14982840
14912688
327634
1663952
14476737
1929856
4166
4485184
14939600
201674
44601
5775039
120066446
1872398
1663874
720968
258504
287169
5807184
760855
14451136
15178768
1642383
295370
204928
3707534
4165766
15146959
234046
14713264
3972150
2036168
4255818
1839751
15441841
13348488
3695552
520726
13136778
12903312
14418040
2449472
15196751
3965118
295858
13336720
1606280
324182
14945728
14979456
266114
2126448
16544270
1639482
4521008
120296126
3710521
36938
3972735
13103255
14945336
4452352
237458
4029896
491918
2851464
61946
1867286
12780600
2104849
1868360
119778992
728593
319872
200696
16321656
32072337
98288
15434697
29255
12846017
233138
2556823
14878198
3932217
4133425
324542
33271
2355656
15000455
263216
1610234
2159561
14974918
356536
13112440
3993726
1879625
2043383
3710016
254922
14914122
1860742
2093522
360329
294480
3707390
14967695
4165582
262103
4497030
2069055
15177209
1610242
2564486
15404480
2366578
496146
462281
120303095
14942086
517070
16518152
15006865
4194263
1642169
13139848
15438346
359495
517058
204736
3932855
5829192
30103
12824071
4022920
4133458
294416
15033786
4104
1842801
13132296
14971377
2093616
492671
3732360
3699278
324225
2417664
1642384
460238
1635273
14679985
2334646
463744
471039
91200
1872006
15405241
2855889
1576458
2559103
14418568
287378
14938680
754633
14217336
57456
229457
14709690
15230410
58382
197073
1863752
15229618
14974992
57785
3526
4026768
1667769
2449865
14880312
494657
1900489
204815
234038
4198455
3760583
2068150
14652344
16774138
492030
4697538
499705
14725000
729086
15001034
2421695
4518910
262151
6230713
15406031
13336657
3960895
2617912
1839090
12817344
240704
15141911
258632
12817360
1576842
14742408
1470
15144064
25146
120036990
15000200
2563663
1871752
25538
33777
31548862
14684144
2293839
4394369
15412751
4223990
15039502
12885127
1577920
4029954
323664
323656
13365330
492160
12788178
2064842
294975
15437816
4110
14742513
470417
15200688
232894
40638
14912974
5767686
14949840
4231247
496176
3727426
14684086
37449
2129970
29808
5799935
15459256
319536
15032775
306673
14917310
4485194
1867910
3728376
15000184
16573872
2094136
14704641
2191368
2331577
1932802
14714248
14909888
3704256
15171978
11791
3703808
1868736
12889154
14777865
1929406
1670736
3706040
61831
1871246
2564040
2108494
15404153
2559952
233465
97792
2620418
1630910
729270
36792
14742976
65534
2135166
1864177
300040
3670418
15003714
3994238
16290695
15462898
4022856
14914544
120298880
1897400
327354
467406
14652863
732744
1893321
15172030
765498
320505
16519689
324046
12940166
15438968
4030
12587958
459314
360066
4251704
14986872
4026817
4113
1605680
2880058
4515280
1868872
323704
2327551
287894
15032904
5829296
15434240
13078712
90503
119857218
2294458
495690
16314384
4169400
15437880
2093688
2068465
3738760
360432
697
2043458
2854478
3732464
4977336
721856
199738
3761600
121146938
2075727
726465
16347522
2098118
359927
3989647
320574
2104902
721352
269889
1663560
3701823
16318088
2039416
5770889
288192
294551
2076344
1840145
11960
266370
293969
2069112
306688
2122680
761416
2822263
15144399
14778290
521727
4468282
497047
15200831
302655
15412746
14983054
4485768
733104
15434754
1033
299465
8128
31719936
16770032
15462850
2359800
13108679
14914710
14946822
4452472
95366
327232
14975480
16519616
496128
5800911
356472
6034434
14684562
2039359
299090
466569
16773178
326704
5778558
1641534
15405640
33095305
2384464
462272
13078130
1806934
15405207
1612818
6126606
2568184
57416
4190592
3674118
14774722
496584
13311161
295360
200312
466368
1839170
4435457
4190858
14971983
6291066
16286080
2100744
1839615
2646648
15463314
1639482
459450
14916678
492536
13341199
13340230
16719936
14966798
3705976
2561086
14938512
15406200
15003799
6066254
4165119
4690550
16293447
3936263
31486650
1900488
12590650
785922
14942840
12882006
29177
3702329
2620481
13103702
4252615
291392
15445446
732342
14941590
3714497
15462526
36990
233913
196663
3702970
3760585
3970176
1604720
16515120
14974607
1900144
3702393
12883384
241658
16773234
4165624
1597839
1875632
2416714
2294217
1933257
458766
16573448
356786
15412630
3936847
1860601
1584206
2351758
16752520
4161986
723976
233465
229969
4162170
2104320
14222328
265393
5796407
14888456
3727370
2331082
4162062
1839562
258711
503800
0
2327047
208888
4133944
1610377
4165248
197577
1630266
32262
1838192
2331768
14881926
2825216
13078714
2855480
499344
2358768
491696
15441290
13136392
2589752
1871984
15036424
6270536
14942840
4428170
29369
3965322
254856
294537
2301944
523850
11841
15032831
13046711
324215
5829048
287224
491535
38386
2854850
14683208
234376
294784
16770498
2134143
2880442
782455
15032334
463497
14987202
2134152
14716481
3997335
29258
462966
37258
15459384
44930
303049
12614802
3737080
2371202
2104951
259217
2068048
3973007
3706887
13337537
2333833
3703368
352304
4161610
4960249
3994110
3670022
1602992
4162050
2305926
12936186
3764279
460282
1638856
16522822
466
2363393
503423
2453968
2330160
36424
120262729
3674682
1630328
14512319
5829240
356993
266802
1577414
2039431
5796344
15172600
1576457
319992
16540047
1667258
757377
13362296
14917118
4948938
1584688
2822279
1929806
1872568
16551025
35983
5063
5833336
14712393
292304
11712
16560056
3674184
13110927
62137
14685120
785584
4602
16609735
5800434
1871810
4426760
16773624
12817359
1846354
2068353
758408
3966023
237040
14475663
263158
15401983
470998
2596818
463878
3703255
16773122
520847
1868682
234442
15146959
3935232
1838142
263050
14720023
33729
14648727
12586040
16576958
61442
29650
299592
353416
95241
3670080
4948623
16348040
12846528
1611214
40914
14620104
459314
2301502
2593274
16343105
5796408
2122750
5792704
58242
4164784
1930186
3944330
1842304
2359689
14713400
233656
2122313
16546818
37494
724095
2076287
120119479
6260097
1892426
2301954
97680
5836338
16719486
4486193
3993730
2457552
14718456
121627136
3939991
1602566
31486650
14716479
6284742
12238
3705
91593
33743
2617806
13103622
262783
0
29304
291338
3698754
1664400
258710
1670330
14770570
5825656
262720
2614666
2159559
3976775
15004303
15179713
1838671
6065272
1635273
15458824
233416
2825223
16605326
783306
1577601
1896497
14483134
16723926
16613312
16527305
33529815
4423864
15001033
3933234
13110718
3735478
13304470
262654
13132857
3973010
3675154
4173360
230527
492976
2589319
90560
323640
1638342
2068928
33784
2556361
15466112
3681866
2618002
2067520
2614230
1925698
36370
6033073
121602506
258558
234993
1639559
2064977
1847286
14967234
6287472
16310337
459720
32775
2137158
5112
1880009
2064520
94258
16610767
2096194
1860168
13165559
16264719
4734
261583
2453519
2388601
259200
757824
15150200
14888458
2043505
14681488
236600
196736
723976
2068032
16286200
4452470
783346
14888368
14942216
14684296
300025
466310
15032776
6094402
2072574
2039482
467000
61560
14708792
470582
2036233
728065
356353
1639881
1668550
299912
230354
14705598
4166642
729096
32762
7183
91586
14741634
7170
357824
16580160
2596815
4435457
12640775
4198072
61894
33223
5829134
15412816
320952
2036154
1637898
495744
15040072
4256183
14975609
5828623
33431
13304383
3990544
2403449
16755824
234487
6266817
1872338
4558
786368
1668017
236680
1838594
4690839
2595897
5771386
2384831
494649
13136448
722002
3670594
458808
5113
1930178
16553025
2454975
1896574
295481
726006
1880001
1606584
16310786
15408718
1606082
14979214
353730
233658
7570
2302401
232505
97840
1864313
13132178
32211582
4136896
1528
207930
14971342
14967234
33501134
2122126
2070007
14738375
95382
259569
549048
1869304
44665
15405057
91592
1471
491976
14214208
262593
761487
15439311
4456904
13086664
2559103
1840241
4193792
2131345
16609842
12619960
64590
13046282
1840590
1585095
14979527
1871810
5862322
12611656
201110
203783
1609336
1090
16580160
4685896
4518401
185
4460472
5811658
14778000
6270487
258704
2192466
1573888
31489616
201337
3936816
33744
16560062
2040207
3997137
1864250
1663097
352382
1872561
269878
61442
90162
1670736
1859718
14680072
91591
496592
33094806
12616192
3702289
3674639
6066623
2093106
2556407
758286
3961296
14774390
2331768
90696
14909510
3957816
6263687
3727376
1846800
15465658
65160
13107138
13165127
1608855
229969
16551496
1584767
25480
1641999
241270
4449336
302656
287104
94728
12841142
15408250
3682297
62034
13307449
15000719
29311
14681034
15437776
16544327
2129984
13112256
13110344
16745463
1572929
459720
1867697
1577938
467056
8114
90127
323696
16745032
16515727
16526472
98289
6270039
294966
1616959
6069897
466818
2039302
33321143
4194311
495625
14770680
29207
16769610
31862
3997257
90688
1872458
261582
4201601
4425214
1926025
1605199
229824
14725050
4140943
57456
12619894
5768128
295480
1892856
15200841
15441464
15000625
3735666
44550
4425161
5767559
6119472
15150776
15176720
1671106
463930
15446008
263286
13172721
13119375
4551126
12594689
1926209
14775433
14970944
6063089
764944
230409
3965944
15033338
2358800
241338
207930
1846862
1843194
15459264
549048
4167160
1879674
16289408
13042703
496520
2854450
3735225
14967352
29304
2819064
98226
33034737
6062162
14774896
1609346
4029570
13132672
91184
6086720
1605681
14715912
3990017
298944
3674639
3695552
14425089
1637894
496242
497095
13108345
15229054
2397695
459774
33099278
1839631
3933695
2068545
761802
783865
95361
4554703
1577465
14947287
291272
3699774
3961223
778874
14742207
3965424
35841
229377
120292336
2883528
14979528
16318920
5772216
1860486
295360
12813320
64970
5296
4022384
4256399
4231630
291786
208503
721926
2089928
2035770
3993720
16297473
3727864
753801
1896842
13307520
12878520
14953864
2563710
2126406
237506
291322
1635319
2134009
520719
15143881
1932368
1871991
233074
2096184
1630785
29270
230032
462783
499336
201713
1926592
254577
16541134
1575999
1609343
12680818
298494
4399231
288241
4711296
7176
254584
2097616
61953
94856
4998
120070016
16286257
261624
14910073
4026424
2064847
3706950
4399230
12852352
2305968
724912
2039824
14877135
2822160
94777
2096513
28682
15405640
470529
3961416
3989562
2192320
28735
1814522
33500728
14738312
94666
232888
2297840
324096
31777287
12640649
1864855
29690
201656
5832264
14939592
4292175
2618352
756793
15438721
516672
499152
1929298
1609159
14192752
7294
6066874
4654025
1867193
1577994
4681
2101296
1573369
95728
2880897
15007359
208848
722425
1868225
2351737
3193
31754
294386
3670994
4292607
15401034
2359986
12641721
13366728
724353
1926080
2592640
1879042
16519616
15037386
1630641
14913146
61497
319608
1871506
2593798
1609361
782910
14942664
12882450
3656
33128321
12819462
120269959
5796358
1897416
4468161
33288
12609022
2043840
14946800
1880050
2560463
14920760
6262390
2364290
1667976
14974992
1670215
295569
4686793
1580558
16519054
516720
520640
14986870
3936265
6283855
2561097
12942910
306673
18673846
15404992
200278
40518
13106872
12619786
2366654
1839295
2417673
120061881
1842254
302985
15175690
1613697
286728
1597510
16609289
2329687
262592
36751
14916999
201392
2090438
12590992
324096
22
1839170
1836482
1872850
6090935
204793
3673222
294408
14720960
4195214
14705848
14913016
4173393
120029778
2187832
3939857
2854984
2564223
1875536
3735503
2363785
520830
1670206
4920248
293967
200778
16350904
6037182
2039882
200712
258697
467391
241094
25166
232976
16572848
1613334
3768318
14774922
4694
2563464
2305159
14942862
15197121
64599
1893382
2038912
61896
1637826
4133006
13304329
15445560
3694640
3760562
2100862
1929879
14942138
269960
1835462
4029559
1635834
16755728
4231296
32256
4284809
5792711
1638520
463480
1578440
1664466
117714895
3997681
14770182
2403782
520271
3732360
204793
3703816
2559536
31551944
14712433
2298383
2068537
265784
4689969
12877488
499202
466887
459450
14742023
1875474
2154622
2399697
94392
2359440
1872561
25985
38352
15463353
2093176
61937
319615
1604720
241169
1866815
33431
13078000
1638530
14770738
2035799
14949944
33281
4193929
7758
2416752
783358
91146
2449926
25534
3937745
720918
12615759
25786
119633032
13107783
7730
2105294
4661697
779727
1631168
15196744
31777336
1871544
16522801
65104
1875528
4468726
1893040
14943168
13366222
121405434
1842633
1630857
4658160
94790
353270
61616
3956745
14980600
15183494
1573760
241174
1929622
321023
12230
232902
2159745
13082519
119800457
15405521
204224
1863816
61961
3732944
495241
12788160
16577536
2090487
3732881
324553
3702663
6066744
90174
2098127
14986800
91534
14942735
204793
510
65522
2327616
299015
2305479
516798
15228990
1880062
207994
1893431
3670592
37847
1871810
1836210
323704
5800007
2128912
16344200
4493832
196662
15200776
65151
3990577
15459783
12846192
1835960
204856
2064974
3764849
302640
2363824
233350
199738
14941193
325072
234058
2302079
4026896
62031
3087
3731978
15458874
2393544
29744
458769
307088
2108544
2067457
5006
14946432
2137158
728448
5858760
352382
16552010
16264776
3695752
14482826
3670478
16288840
0
1670834
2040305
267150
592
15401662
1839617
7864
15404489
1606129
517616
291458
302088
4258881
13366330
470968
14953983
1843199
14774791
302982
2043512
782785
2126281
2338306
523839
470529
6230718
205296
12844054
5770362
1925311
1842239
5864463
5799430
15441919
16290190
4227016
237518
35903
14909945
1671103
2043345
294336
470648
14623152
33400
466514
4227568
3706439
523848
5771919
14189246
1893832
16719369
2100681
12856954
2133118
1602433
4026385
15230394
1813577
499320
1616960
499327
236608
3585
1630679
724353
4547210
4285014
2355655
199744
37368
1598138
728130
1575999
14913470
16289856
3526
458826
120323193
782720
4190800
14721014
3699650
14691400
15174729
459336
1859584
15230408
196738
14883910
16544918
120302705
4219071
31874
119799862
200648
4103
2064886
2387983
14910865
4190273
327313
37494
1576448
2883456
232902
1870904
732744
4168762
3732040
29881
120091590
1840520
3735096
12615170
786057
3957194
294398
26096
233593
120061975
467015
14705154
6263928
15437449
1576520
97730
15143950
15401022
16719366
1896504
61454
307086
3761033
91520
1577618
33850
119833537
16551998
13041730
62968
12942974
14775169
494714
14978105
15146504
4460054
3935286
15197120
263161
15007362
14884806
2130544
3760592
463311
16522800
