1836114
2593352
16719490
1897976
15037334
4551248
4169274
35926
15441424
5775246
3964039
3695160
33329736
462841
3765632
4027007
16539656
758896
294983
4278
6230646
1663992
14705154
1630712
200722
14775382
15197184
3972792
782391
120067530
4223102
201168
62914
2036722
1639920
208463
4711046
6231511
306746
3768312
2559879
58440
208833
14716486
3957823
2064960
1577943
12623238
1864648
259512
12587001
548873
3976770
230352
4427904
3699858
725560
14909552
3969463
2192440
7800
2076217
2192264
200768
1897024
2355846
15007639
258438
3699770
13311552
1602559
1871368
269832
33059455
3976774
15434224
200080
2298993
201393
778879
2068926
300529
4026826
2567752
15036471
2137721
1609335
30199
1612985
2881017
5828623
4026880
8112
121179208
295824
2617912
97872
120069698
14476232
1900152
2397575
3993662
15438735
1840023
2330552
13086264
37366
2130960
970
6041224
2036144
352832
6238152
12615254
1606785
1875392
1642434
266888
5832850
120065623
12856849
2355264
65150
202191
4168816
1842647
2851912
3727376
3760702
232634
16723510
1663423
4234832
57986
241552
2855496
62415
13316089
14453766
2036814
2158999
16555582
16573050
306294
94841
1869302
291440
15039936
2880144
1929799
4164759
779264
13078142
4137010
229898
230464
1609720
13050311
233906
1929810
29690
13111410
2068473
29257
2162296
779271
4239310
463241
2326672
3735170
14685681
2331082
16748480
14884922
14966911
3732560
5767742
196686
14953542
3673474
14954002
2159241
2424248
6270518
33166
320510
13369338
14714312
392
44434
208401
1839574
28786
2818113
1572928
14717447
556606
2420759
3964488
13368505
725104
295038
36362
1642048
782806
4427454
1616954
14980095
1813568
16520698
40017
12881456
14684289
2102160
13337080
290874
4457345
1926294
2043448
2068920
1925186
14914000
6087182
4186680
31491009
4031
12837446
1573874
12242
2388360
197310
258954
197568
12902910
13104192
4463728
459145
40896
2187826
1929231
266814
3675646
1872847
204857
297994
2880114
462921
204415
1859975
1664015
233656
1602049
2075832
1573312
1835145
2829953
14881399
201294
758274
14987215
3990991
15000455
521216
2090450
16579648
14934664
1597880
3674616
459145
7738
261177
294528
40457
201735
16748550
757254
36432
724416
57456
4183
2399878
779282
4190728
16579719
758159
2424776
29168
516671
2134960
728130
295038
25680
2039881
1846295
3138
234369
1605008
1604664
196674
229814
13312463
1865095
760911
13111416
3458
38398
1859650
16286137
3703760
1631224
119800368
1879561
119857736
14705154
1929352
1875962
4398264
36990
33735
6029702
357361
28727
3997330
16551496
2352063
324161
14724287
1617864
13050318
12608390
3943880
1868856
97359
120033974
33494457
14742976
2424402
467400
3965384
6054914
273865
4166
16522302
32328
754294
44088
2596414
204360
298944
1663536
15204346
15462842
723982
15438329
356849
13309383
1574399
2122768
1897030
470984
306240
14986242
6231550
492154
2069390
4202040
24590
6030208
1874952
32840
2294217
14705026
319999
1663886
1616902
4165712
14876808
1580983
4687033
15404630
14946888
2137608
234065
95216
200578
15404110
2065290
13112784
5825417
5833286
1864632
3990463
1860238
14691967
4162511
37838
261759
204162
37376
1667719
2122937
1843145
33169
495152
119895054
120058929
15409072
14877135
462282
3699326
3727745
6053889
3700162
12849590
6087152
320458
1574328
1860096
302713
2126215
523824
2825815
14949831
2596425
14881223
90626
3696
3761328
15143474
12815880
2366999
2067911
1663383
15229894
240704
13303998
5828688
32330
520271
2876302
760855
15434242
66
1635338
2391041
14986762
255480
3943878
98289
2388538
16350838
15462463
729030
1663048
2351624
15230064
3735110
120032400
2094535
14986831
24590
503800
1875338
6092280
1609743
3968896
15458824
1925689
6284303
58352
24630
3997695
7170
1836160
2156024
233530
2298455
14685255
1663032
2294262
16293304
44602
1667582
261121
12644439
13165616
4391494
4496831
2069954
3957655
288146
298505
2188240
15033286
2098170
15147479
229832
90750
2069050
16773126
295550
2104839
1667704
204471
295439
12815930
1577994
16716360
14447254
1663058
2130552
197759
2036274
520312
4187280
4403151
229953
16522809
4162511
1602057
467449
204282
302704
57810
1838671
292303
6262726
521328
13172288
549432
14978128
3674569
4135946
14986816
3957655
502870
3937776
2334223
4167159
94286
295615
12239
12850127
16518768
1573455
1577031
3935794
14684670
14684233
12587920
4227066
57456
16577145
1631682
15412784
2108929
754297
14876750
14421519
1930233
1872328
1581049
36342
2065336
1929656
14717826
14462537
14953648
5800592
1613376
230010
1860097
1871487
5800449
3937409
4029839
3933247
15412784
14971518
14975985
16527025
1580656
273856
121397697
298618
753744
233928
254856
255050
466440
6090806
31745167
300088
302655
12230
2104448
1893008
491537
15004088
229906
298961
14713360
13082560
119861712
1577863
1609344
2858559
2329656
14967927
33280
13045879
40903
324215
2395206
4231182
14742023
2358801
1900040
13312448
13107783
3943984
2064952
1610688
4661368
3674569
13304446
502846
4521474
3732873
1897090
14446678
2363952
14770360
287224
12885496
2613951
1613320
458760
14194128
15412746
120262670
261256
4223938
3965002
3977200
3936312
6126735
1873352
6259208
90120
2068113
5799943
1667720
2064833
1576510
3678192
2559946
302081
1573782
306738
31716738
2042954
4689586
6086738
15200375
65214
32015368
266294
200590
359424
2141232
15147199
1610241
5836680
15172223
4714560
1667720
14449776
203839
120270350
3969110
2592776
11446
36792
3675031
785535
13136890
14224496
16350272
497095
2038840
14934600
2194432
2094031
323990
523384
3961856
25008
725495
16752634
786311
1896528
2089856
12780528
12788158
1892417
201609
14877112
14712713
495489
14509182
15037519
14774734
320007
1865158
62905
31754
2162191
1838226
119771698
6034482
15006735
15032776
12881426
57402
29257
8190
2072498
33088698
33095702
496586
91215
360001
4206088
97458
5767232
15151047
16544646
16549374
15172559
2096658
3736128
4258944
2038912
15404110
267214
12626962
4232065
3673224
16609799
3973065
15441526
786312
12935296
517112
4136840
16719408
36822
1892990
15445560
12837895
1638921
229378
15445654
729590
324542
14916662
2043470
62000
786097
3673713
3961784
3710016
208058
3736521
12647502
230585
12848706
33092546
13041793
1892926
13307842
1609808
2588750
2043448
32712
14974030
517001
1867326
267199
12813202
3677760
4656704
6284759
230391
2064895
36870
323711
1840631
70
3708038
2403889
15197130
15200760
241536
14880905
721030
13082174
463488
1576969
2105282
3714680
5770770
6008824
754224
765946
2371526
119635394
14967314
690
204815
462926
2396042
36856
91121
5805246
14778306
1932342
14888566
13305226
1860033
14687359
2089606
2090040
2068567
1577538
462984
230359
204414
14418391
16609328
15147448
33744
16752176
29638
15466120
13107902
16774016
7183
2068664
2355214
233040
233352
14672824
15405207
495232
5008
13049912
516672
33070150
229434
4288624
14878153
12788144
119562304
15401424
16577462
14942842
492102
16518217
119767176
293894
458759
1863864
4022394
33031168
470990
197519
14910010
2098687
29650
16297489
327238
2043406
1663623
14679993
462782
14978638
205186
31659400
6263894
2064454
4191239
2159552
120067080
2101250
786375
1638856
1663046
1111
729086
1866815
255088
14451832
15203968
754057
14683256
14777936
4022842
230002
1573432
14709201
97808
3939512
205256
14916674
15006846
2879664
14978512
503737
14971320
459856
13110848
14712903
241234
14777990
1868984
15408649
204857
2068432
3960953
270270
459206
97394
1638463
3721
286776
15445560
13115024
258120
2855439
783864
2334222
58305
200126
3944048
97866
15182849
29879
15437383
5833671
502864
1872377
3677831
15229382
4493360
14711888
15175673
3964488
14978743
16751703
520576
324041
4133878
12849666
12903424
2596368
14718016
12841026
4251670
121404562
15001033
4455545
4165719
2880063
2352584
119891056
2594258
4461137
499336
3970054
262335
15176625
58422
31489110
2351736
14770818
1667527
1867206
13075406
3087
1867385
31687618
3760766
14979521
4027512
254927
12856833
36792
208390
3764864
3732417
15171728
120066630
721969
302198
14979129
4239297
2850930
13118530
1847242
2355217
15434418
5770703
1871928
6124472
3703310
3706369
2089928
16347599
2188408
16580600
14672456
266802
2089976
16544321
258497
1639098
15437454
1932854
460278
1893881
1900046
2065536
6030456
1926145
2155602
4232065
522
4398657
2564102
3969
197577
1580600
725574
44567
6270583
2850879
1575944
234106
3699088
3707062
2330616
14884488
31754
3932742
1606102
5857800
4206512
1932936
2072449
295473
3760591
2042895
31816
2822649
33870
1605520
15144056
324794
1671166
2589177
3944438
4481479
324182
15145990
4161986
1875440
16540239
5770368
2137786
16297936
13082120
1814032
262152
725690
4546680
12644439
3911158
11730
1668239
1879609
44546
14742976
499087
14711866
6259215
765458
198030
4022351
462463
458762
14949888
2613766
2600456
495238
12780048
233616
3698767
15405584
94592
517041
265672
12819457
357360
3657
785422
760832
119999545
2187383
12910209
91192
15459399
3703255
34246
6033984
2417160
1612802
15171704
204672
728074
4029944
32193
4165818
233033
6120634
4424198
1868742
356993
5200
274046
1893832
36882
233088
6094456
62472
4219512
15436874
2039807
14716920
1601992
2352279
3675152
237182
1214
3670033
725135
1925310
14882297
520198
16612871
13053514
2355726
2391498
204416
2393086
2101168
15139974
5110
1872830
2351760
15139265
1642494
16515130
274360
1930255
2068559
3674121
34263
14912896
721856
324999
14909456
2064976
267218
6034102
2137200
4195390
4977287
45015
119567246
266814
1639296
757760
2126215
4671
319503
12620794
16544321
1617400
5767310
2039432
725954
1814486
458800
1638538
2162681
119861818
3990472
3681456
4427785
302664
1871954
12779536
14720529
299001
721863
3764806
1607049
14770801
12815767
14196303
15465991
262216
2094159
466374
230359
2126927
14913593
2108936
2098058
5170
758712
33087560
724488
327239
13132682
294976
2076161
4391024
1900114
2094590
40057
265329
2370618
1576503
16717257
2359370
16540104
459314
2360304
4027271
15037561
3704
298545
258496
16550991
15409584
729038
61824
2108418
496705
15459782
2065350
65138
263601
4169602
463504
3677704
12942910
4191239
97938
3765264
1613434
1861057
2370686
302615
5796488
3707478
13308870
1892978
14986760
324119
4973128
521169
2829392
3681417
2826698
3674198
14777527
16519238
549458
62346
5836304
29238
16523208
3731897
266194
14980286
2358911
14687830
12878402
287169
2383952
44624
1613808
12874697
2101192
15462546
2154625
1836479
3735102
259223
2036616
2068528
1630281
1602510
40953
2362937
467121
4023752
16572465
3760649
197176
302650
2065480
1638920
16547895
14451606
2155184
16344454
1873366
25543
33059351
16744456
1867274
2160002
16540336
2393543
4519056
232959
4606
14425607
3732417
463858
29246
1474
6041033
1847280
15037113
2036304
352382
2195400
2327088
3964863
299087
290930
45041
3767880
2388370
3681792
14979457
15040007
14888464
1146
57424
16350216
2618432
495170
16515472
16540112
306825
520240
287686
234439
1875008
1639872
240720
306766
1835530
14986816
64625
4521656
3978
1838664
6029377
327294
65102
1835968
258639
94850
233928
14939137
1867896
6034936
319617
241032
1867455
1580152
303049
13344264
12849144
15183826
356870
14915008
12845697
6053959
1617457
98249
323984
4132912
13312134
12881982
204400
62142
4026936
2071736
1835953
6233175
1929278
2825217
201216
12790792
120262273
12874314
2359680
262160
2456625
32702
4711888
360384
200706
91592
13138959
261136
2123256
241218
15437951
492095
5130
3977104
3760649
3699326
461942
503744
237130
11967
14880902
15441874
6037119
16519088
14877233
6058382
29104
291415
16516046
33066954
516682
8137
4023424
4489904
1577559
15229946
298944
15004752
1860040
1932289
1639024
270215
2850888
24714
16553150
13337159
1613334
1602519
12812290
4489792
757714
523959
14914063
15007168
14714360
14725054
12907536
2097162
5800336
204695
15437248
2564175
40465
24624
4026866
6058064
14914058
4999
306682
65104
16609872
1641537
57911
15179287
16318079
3961367
299078
470094
496184
16545162
467014
15142536
15176242
36793
202168
33062471
1580553
14979528
37449
4190328
319873
2305096
6262854
1859664
298096
15150656
16518208
4519376
13165648
33321984
753713
6041223
3681457
208456
4027271
12640266
31989319
5770750
1925127
319994
3969590
14777913
13110918
1838217
783494
5625
16286592
1670785
3682190
2356273
13112713
3706954
28815
1521
5778503
302728
97794
15142582
466551
3670031
266641
785536
14974478
2064847
2130424
1871032
4657160
65034
119734328
463545
327302
2096726
1664015
1897030
15175295
2127297
1925183
16719486
1601609
120094328
14972026
2130503
4022393
459385
12841538
119635337
3728312
12853240
28680
12852303
37440
4956112
121375815
2101374
232505
496585
6287951
495608
1616904
36424
2035734
3699703
28673
1572986
12645438
4395456
4916223
269330
12852400
4238919
274048
1572866
14939087
16350609
2424402
287928
25534
254920
3698750
44601
3735504
4481208
4952113
229888
1867962
14650368
240705
269313
34249
197574
1078
303048
2192774
16605831
4162575
491527
37872
462833
324160
11903
13340282
233465
1641551
4132886
757303
2125898
495169
91542
262783
2042954
467392
3699281
3677704
232526
459326
1868856
234103
2072151
3996720
16319090
237104
2194442
4543
5616
3764246
14683258
65474
299640
4391432
2301463
14774846
725633
495232
15405569
16347262
204976
16747983
2104839
24633
729032
14881353
3670090
327302
15175295
13337535
14193174
4103
12612022
3965959
15007232
1900486
16747670
2830288
16749578
14942842
12813441
12648447
1930199
352705
3933104
3944441
4460658
6237832
550342
15412686
14251512
1840574
14720504
200710
4427384
5791857
1868672
298442
15176257
119799890
15462857
13304511
33349634
725496
2070000
300416
359490
728183
324145
14967431
16544240
16744528
3732418
33034417
4027400
548936
2556375
14221832
234121
14968314
2076218
496266
2384326
5796496
24976
287254
1610750
3768312
6008382
2072070
3737082
1860158
4682
2301376
1840145
499322
3764862
1879111
4136913
15401601
2134522
463288
1843129
241648
3708360
1603026
2563606
13053448
14713456
235000
2187720
2567824
16286392
2121743
4396159
721457
298889
90608
40518
2096177
497088
3936696
5833662
12817040
3943993
2098168
13368400
4162050
16519166
15463368
1842818
13337080
37367
756880
516664
14881264
29648
14222409
1813561
1573777
523962
14774423
233536
16716914
496240
2396232
1926065
14676606
15139969
5232
2567823
733119
1635320
4252337
3933632
2819578
4022778
2614200
14418422
14954383
1880054
13045128
6041088
2302138
14771280
2599945
16580552
258617
204945
466450
2064782
15036472
15172096
4252246
15005178
121345200
1896634
287802
728576
33500680
66
15463510
2592368
94799
463486
15434121
1670664
5767230
15463930
14449735
14712471
33066576
119828542
2187326
31489928
2822706
40896
3735936
729472
758222
33382521
1606154
45048
1642054
230464
3994121
2069065
1630394
33329799
31981063
720974
1925239
120295103
13042320
232967
36352
14720960
15434177
2356105
2334655
12587647
1897416
31724112
4026544
4435855
594
765040
13340225
1926088
234432
459326
15142007
201343
58760
4164664
14450760
4163025
2364474
4136000
16552056
4218897
728070
4029958
2327167
94790
3678192
119839856
287618
724551
2557329
323720
549431
2564222
4169222
200754
4559
1573312
15462992
16749561
353174
14999616
16605312
4695
29106
2162135
1639032
2072050
785872
2129552
3675080
201238
2863088
3670538
4960136
14709321
4714550
1879040
6041550
2159040
15230400
463440
467014
1835090
13131914
33382471
57351
4461120
4173698
2072022
3675080
1871984
266327
16745014
270216
25104
1601663
1896454
467120
14946872
12907070
3736010
462962
461943
201656
3990017
13111744
1893007
4165694
14683720
356480
1607048
2417160
3939911
4136535
6270969
1606094
3671
6258770
1608767
57985
2192458
3707335
4095
4162048
5831800
14883848
1606094
13112471
15139376
2188175
459664
259583
12780160
14949970
13045832
12620242
6230150
6029887
2036105
15146944
2360766
1872432
2829696
1610826
2567616
324593
14974345
492168
14943358
13048847
36024
1573433
15466112
14880719
58377
62472
1610687
287224
197191
3990992
357498
6034376
12784200
29071
5857736
13344656
229950
3970455
32178327
14741640
13304887
4231241
3702864
1868878
721352
2101263
1634937
15176895
1839095
1840520
3681855
200312
3681801
2067976
12942912
3710929
466424
58425
1868798
5807288
1868808
3670608
120316606
1613386
2071614
