101
-13
-34
-68
-49
17
32
-105
20
92
15
120
-43
59
-126
-75
14
-17
51
63
112
6
-3
-96
-105
-114
55
-71
-28
48
-80
-34
75
42
78
-52
65
-81
-103
-15
-59
-18
-39
-100
-70
-74
27
-68
-64
109
100
-35
-70
-124
-83
101
94
-68
52
-2
-41
-103
122
123
-93
-15
50
-93
-40
-118
32
34
51
-79
22
-123
49
-95
116
75
29
-91
44
86
-90
43
77
17
122
124
10
-79
37
77
-81
27
84
49
55
-50
37
88
-15
119
14
31
-67
-78
-11
48
-77
51
-80
-120
-122
114
-125
58
-82
-8
-24
115
15
-44
-91
-101
83
96
-78
86
-88
12
99
88
-36
-81
52
38
-10
-66
2
34
99
-80
84
-11
74
-104
32
-76
-98
60
-64
-76
94
-39
37
105
-98
103
9
119
22
30
105
106
-45
-7
27
112
-14
73
72
-78
-100
122
-42
8
-11
-65
-42
113
-61
-30
68
-41
121
-46
38
-81
-34
3
-88
9
94
-48
42
-85
79
-127
32
-45
110
-6
30
-79
-42
-33
-120
77
11
-124
81
29
-30
-77
101
81
-22
-98
-107
-65
90
55
61
-118
-38
6
-126
46
-67
-63
-86
-85
42
-62
-91
12
-55
91
-15
-113
5
62
-9
-87
-81
5
57
-13
-30
29
-17
-82
-31
19
52
21
-80
-9
-93
106
120
46
-85
15
-69
65
125
-117
37
58
95
-56
-13
-60
116
-58
-42
-6
-96
14
77
62
79
50
-14
39
81
38
-112
-53
-56
50
-26
69
8
80
89
-61
-58
-41
-80
39
106
-57
93
-18
14
-45
-128
110
82
-77
9
-77
84
-29
97
-97
50
44
69
-75
67
83
124
96
103
-105
-4
-35
70
-98
-50
-51
-84
-45
-7
-126
-71
-25
-95
58
-80
-47
-25
28
72
-105
93
-12
-113
66
9
-80
-23
-79
-49
-93
118
69
-126
66
65
-58
-73
-39
-54
-111
125
20
-76
18
28
-33
-82
-17
77
-34
97
70
62
90
-53
1
11
34
40
-82
75
125
111
45
75
-51
-64
-23
35
-54
113
2
15
50
-55
35
-6
5
124
72
24
61
34
-124
93
34
-10
-29
9
-123
-8
-97
6
-75
-17
-57
40
-124
-121
4
-14
11
12
39
98
-76
-115
82
-45
-65
-72
-27
-26
-40
22
-81
-49
-54
-93
-47
21
50
-94
-16
119
-100
-94
118
49
24
114
123
-44
64
45
-13
39
69
103
72
-32
-105
-80
47
-112
-44
59
34
-118
3
119
-37
-47
15
36
-83
38
-88
122
-79
-47
-9
90
-36
-111
108
67
68
-22
-37
1
125
-127
66
-53
118
124
-4
-29
17
-16
11
61
-50
10
123
29
36
-79
28
87
-5
-99
-4
121
-16
11
-26
14
121
-82
120
78
20
19
-13
-75
-93
1
-54
115
104
-124
-10
-75
-91
-22
114
127
107
-35
6
-32
49
-28
12
13
-68
-48
65
-29
-70
-82
-22
25
-55
25
120
-21
-11
-22
61
107
-40
-93
62
79
46
106
113
-96
117
102
45
31
-123
-95
-22
-126
-15
-11
68
-14
-55
47
109
14
5
127
-117
28
-97
-81
-12
57
-54
-92
-95
-99
50
-89
75
-98
113
-122
-58
-100
37
25
16
-47
51
107
-116
33
57
-125
45
17
-49
53
81
-126
61
34
87
77
119
67
-8
-108
-75
-19
42
68
38
-1
94
47
-5
-35
-73
-52
-104
-14
52
-63
-20
125
36
-2
96
-82
-86
108
94
-117
50
3
-9
126
79
-60
3
116
70
93
119
95
-9
65
83
-15
-88
14
-90
31
-124
-14
-17
47
-111
126
26
127
-7
-108
-108
37
117
91
65
105
1
-8
-26
-57
-35
-13
37
20
-106
116
-39
55
74
-52
-65
85
-39
-106
3
100
-119
28
-34
-93
123
-107
-94
108
-81
119
-119
96
-106
-70
5
-19
35
116
-79
-95
-1
-3
84
-7
17
118
6
60
29
75
113
-42
-123
40
123
99
112
1
109
40
-119
42
-25
-128
-68
-4
-125
-128
-126
95
18
-29
-76
104
-74
80
29
-11
102
119
-69
-37
81
115
-29
126
-100
89
47
-94
2
-53
-70
-45
-36
13
-35
61
-110
48
78
56
10
102
57
29
28
25
10
2
-89
9
41
-78
-28
74
-38
123
97
-114
12
-20
20
68
-53
-84
-1
40
-87
116
51
-45
-118
-57
119
9
-108
-86
117
-118
-13
8
-72
2
-58
-24
-44
-101
-58
5
48
106
97
-52
-107
-63
-115
-17
-120
57
70
-77
-110
-75
-91
59
-81
-61
-94
-61
-68
73
-12
-17
98
34
-91
-80
-74
-43
123
-117
11
85
51
16
-100
4
99
-105
-83
-53
97
-110
78
37
-92
56
7
-49
60
75
9
18
-18
124
107
-90
-75
-56
-45
18
70
-19
-69
-59
108
-70
-51
26
16
-99
122
96
115
-35
127
-38
13
-32
58
67
-15
74
-10
-11
-111
-73
18
80
-88
-127
-46
12
-41
121
20
80
-98
115
106
77
61
125
-17
-115
122
-122
-46
-86
-61
37
71
-46
-66
121
29
-95
-102
-77
77
69
93
34
107
74
126
-15
53
-52
-9
-28
-77
-65
-60
90
-105
-108
90
126
-61
-92
-6
68
-94
11
71
-92
-49
-113
-13
23
16
58
-94
0
-46
66
-61
-108
22
-25
3
39
115
76
114
93
-49
-8
103
24
-65
-104
41
-77
95
-31
-39
85
98
1
-106
-128
-35
-13
-82
-43
-56
115
-56
83
103
15
89
-110
-84
114
16
-59
-117
16
-26
36
34
67
87
-17
88
95
21
82
26
-78
9
-54
-36
-70
-119
102
43
-73
68
39
94
-5
62
-120
-54
-28
-89
17
-104
2
-47
-47
34
-34
-100
16
-82
98
-6
-125
84
-47
-6
1
56
45
21
57
88
78
-47
53
93
-77
103
-76
-6
52
-117
-87
127
-44
76
-104
52
6
22
118
-4
121
124
27
53
79
-39
-33
1
-32
106
-37
-86
-1
19
31
-57
-22
21
-19
124
-60
-43
38
48
52
86
13
-38
76
-122
55
36
13
-83
-108
99
-57
30
-85
49
117
85
43
6
-117
4
-89
68
121
79
21
-25
80
105
10
29
-52
-127
29
36
-120
-23
12
115
85
-78
-115
36
100
80
-102
123
121
-80
-23
-2
-55
-102
102
-109
-128
-86
60
-89
96
-98
-28
32
-108
-82
74
66
57
-82
71
-6
-69
-71
-77
81
-31
118
-110
-60
-45
-124
-65
58
-24
54
-28
-49
-107
-11
-57
-60
46
6
42
81
-53
-27
12
-75
3
-121
54
95
-2
-65
-23
-20
-10
64
14
-93
-52
-37
92
93
-58
37
76
-65
-98
47
108
-51
61
-89
113
-81
-51
-37
-101
-106
97
81
-80
-61
-20
-91
-46
-17
-52
19
64
39
-52
47
-78
11
-14
14
7
-92
-32
-64
-13
38
-96
42
43
119
-82
-127
21
23
-50
-17
113
90
-56
-100
97
-39
-14
28
70
96
67
57
42
-5
10
-8
26
-12
54
3
-60
-122
108
92
14
-9
39
19
49
74
101
29
-54
67
9
80
39
92
-11
-124
115
-19
7
20
-73
-121
-44
-117
-123
-38
-3
-4
-85
-45
-78
44
67
-126
-6
-68
53
52
30
35
-7
121
2
-66
-88
83
-69
-104
122
5
-67
-76
-89
-2
65
-21
-33
-127
-113
78
-68
-57
-22
64
47
-99
65
49
13
-85
-72
-22
120
-108
107
-81
-87
-83
118
-23
-81
-83
-29
21
40
-9
124
-98
-46
-19
104
-52
91
-89
62
104
-1
-95
-59
-120
49
-44
90
-125
-65
-81
19
-38
-53
-50
-110
-86
67
111
-99
-108
-3
17
-84
106
-28
35
5
24
47
-108
119
-118
30
23
113
39
-74
3
5
113
-38
122
-49
55
74
-64
123
111
99
-38
-114
-23
28
-107
31
-17
24
102
5
41
-104
-86
-63
-49
-120
-49
82
-91
-11
-33
98
41
83
91
47
-61
105
76
-76
107
-46
-114
6
84
26
-88
-36
-101
-80
-47
-56
-115
59
66
-107
-86
-52
-127
45
56
5
121
-47
28
-119
-18
-20
69
105
127
-47
62
-42
-12
100
1
-96
70
64
-16
-91
42
107
-123
29
13
-29
104
4
97
-4
-19
32
-62
-50
-78
59
26
-34
81
55
67
-75
11
69
-122
64
-24
15
-101
-18
65
-78
-28
60
106
106
-76
75
-82
-90
-84
78
-32
-58
56
-11
-33
-96
64
-9
-46
-44
-118
66
-70
-1
-64
-98
21
17
63
-96
-15
-25
-62
-121
96
82
14
-27
35
-18
43
92
31
-45
14
21
-123
73
-27
88
115
-21
86
92
-64
70
114
-69
75
-87
-108
55
79
-54
-23
-72
40
126
19
47
38
-111
-39
-116
-55
-14
-40
-87
54
-4
-113
-60
-74
21
50
-13
-102
-89
-35
8
88
-54
-123
34
-64
115
77
-38
55
-90
-69
-47
-36
33
-1
113
-37
-101
-19
60
60
-69
-57
-19
0
-125
-5
-106
74
53
53
-67
1
-50
73
88
-121
-12
102
63
-69
55
-115
28
-2
91
-89
23
63
90
88
-41
-79
41
72
104
88
84
108
-108
70
-42
124
3
31
-33
29
-71
-128
37
39
-108
24
-74
-15
-120
-43
50
-86
-79
37
111
-42
62
-87
94
94
114
-107
-25
86
20
11
105
72
-70
-95
104
-62
122
105
91
4
-76
-40
-119
45
-49
-56
-28
47
22
-64
-57
114
124
-83
-83
56
27
-82
3
49
102
7
19
-55
-59
72
-91
127
-22
48
52
-52
45
83
110
28
-107
-86
-82
-17
90
121
98
19
16
-21
97
-80
120
-40
-87
-92
50
94
19
-126
-48
-1
-51
95
116
41
98
41
-71
-111
42
-102
-117
-94
-69
77
54
109
18
-31
1
96
19
-66
-124
-68
59
-32
111
53
-90
-60
73
88
87
-39
4
42
89
81
-76
92
-72
-94
-88
-109
79
-2
123
29
-96
77
-15
-30
-99
-48
16
-30
-117
-47
67
-26
-76
-14
98
-11
-37
118
127
-99
-101
85
-46
-45
-7
121
-2
96
78
-26
-64
15
52
60
-107
45
49
83
-64
94
-59
115
91
98
75
-9
50
28
-72
-31
-125
108
10
108
-101
-99
3
-120
-120
-125
-12
76
-58
123
98
-91
66
126
-125
-114
-44
45
127
96
-85
-34
-93
-68
104
-101
-40
-49
103
53
-7
121
-32
-33
42
4
10
9
-80
22
123
71
-60
27
-82
-33
20
-118
-111
-47
-48
1
-100
91
-104
-9
30
95
-43
-3
10
67
-120
-20
16
88
-120
21
123
11
-90
-30
-71
89
1
126
-21
35
-112
-114
3
-25
99
84
-19
104
-32
1
-63
-116
-75
2
37
93
112
-4
85
-63
63
-87
-105
92
106
71
79
