49
246
55
3
94
244
130
154
51
13
196
241
75
88
3
10
192
28
192
4
236
87
70
164
159
183
248
90
54
202
77
209
67
187
149
32
35
27
231
158
212
55
57
202
143
129
65
160
161
40
20
212
210
71
136
93
69
50
171
2
202
174
152
168
118
31
180
199
96
33
45
41
133
160
108
110
120
5
59
39
39
39
115
141
71
55
238
104
43
88
46
187
220
223
135
146
117
14
225
186
224
199
161
209
79
132
179
72
106
113
206
6
146
127
210
49
127
122
114
251
181
120
151
60
12
94
254
83
104
43
161
6
124
164
83
21
31
166
241
4
37
61
90
194
141
186
64
67
57
168
60
187
248
218
18
219
117
140
120
136
235
44
118
188
2
194
93
122
61
137
133
239
101
206
108
73
84
108
176
132
176
135
193
160
92
235
159
6
110
125
22
128
68
232
191
157
136
76
25
98
232
141
124
130
213
161
39
17
113
72
247
7
157
217
240
68
224
138
126
243
40
56
26
139
232
147
61
118
181
121
141
143
94
213
169
239
70
134
221
98
232
62
63
215
71
103
246
49
70
217
179
130
15
62
130
153
244
22
77
61
89
178
215
202
248
100
111
116
209
110
145
174
56
21
84
174
110
231
252
210
122
74
80
51
119
205
104
236
120
225
65
120
8
87
41
116
121
232
161
66
219
246
202
22
126
90
178
155
151
180
77
98
253
77
67
132
17
223
191
137
170
168
92
243
41
193
22
205
173
237
164
16
93
214
36
24
104
157
193
194
225
170
249
148
157
96
93
147
183
180
42
104
197
94
228
200
150
128
240
194
253
150
183
151
219
27
58
249
160
230
7
187
228
82
80
120
21
192
217
225
143
156
187
50
75
55
13
254
204
81
181
133
16
125
80
164
103
161
189
252
2
197
196
27
59
18
131
93
21
175
249
31
130
177
236
242
144
208
244
249
233
89
11
1
1
38
127
175
243
15
215
77
75
227
227
23
196
34
79
102
150
103
125
187
228
176
221
172
136
28
130
16
233
166
227
183
215
123
116
48
138
127
137
249
248
246
182
234
168
183
198
218
74
10
5
52
62
20
132
142
10
2
38
219
215
107
254
25
16
45
162
37
42
144
186
192
93
236
54
10
80
187
197
132
87
193
40
53
87
111
45
133
239
162
119
9
195
84
215
115
204
210
215
172
237
70
171
64
231
184
189
42
175
10
153
178
121
239
17
122
83
54
153
38
67
184
109
132
89
136
90
142
70
68
96
75
36
58
30
249
224
17
120
209
182
218
114
212
170
224
185
55
95
182
75
134
12
248
232
137
179
221
165
247
97
70
124
249
181
32
106
204
187
37
150
224
241
38
208
202
43
0
48
33
162
228
58
71
223
10
119
136
232
83
19
40
84
141
155
65
92
211
182
110
92
158
68
172
36
215
25
2
173
123
23
89
175
193
84
14
69
129
9
27
196
206
9
154
111
38
87
18
92
92
4
4
131
166
165
17
225
138
26
65
202
49
125
154
246
74
29
209
196
80
40
98
50
202
200
79
15
142
87
190
79
171
187
40
235
193
84
205
46
73
207
222
85
193
91
189
124
161
169
170
124
61
85
98
211
246
175
14
214
182
92
139
125
107
240
251
97
240
180
46
228
14
113
212
217
39
234
138
252
10
204
157
208
163
28
197
219
232
161
17
184
194
131
205
43
169
17
110
126
251
182
103
233
185
154
126
66
134
62
185
22
224
165
70
113
1
160
101
159
204
101
49
15
9
57
133
190
40
244
181
29
126
78
31
216
146
10
74
168
189
22
181
54
3
119
106
0
80
76
239
184
58
181
241
204
64
73
163
28
166
104
78
192
253
20
44
220
101
108
49
72
216
27
165
192
10
64
154
174
145
132
244
212
0
82
239
25
132
183
63
135
172
88
31
66
74
165
227
103
152
122
24
105
208
194
11
29
202
191
25
52
93
41
148
49
30
72
153
207
76
7
49
7
238
17
252
78
93
94
167
155
193
215
224
21
11
1
57
67
21
22
175
251
40
189
211
199
6
141
18
175
20
73
38
183
18
236
51
218
183
96
48
168
51
106
232
205
59
210
199
160
87
204
114
204
26
223
129
139
29
248
249
9
240
56
169
146
39
192
176
158
112
152
243
121
23
132
211
187
41
105
223
198
102
248
19
96
100
173
44
174
244
29
231
221
171
71
106
159
64
249
92
41
61
9
163
108
245
208
57
28
137
70
87
71
72
226
70
172
222
188
44
91
142
87
236
220
225
227
225
218
246
32
208
234
53
131
85
75
75
228
38
211
73
165
25
24
94
204
83
33
42
213
157
242
42
254
239
7
136
29
30
60
97
216
185
144
158
67
166
2
214
210
238
139
252
186
63
40
79
60
41
52
67
146
12
159
204
236
178
172
54
101
84
85
150
202
161
223
249
61
154
70
97
214
204
11
107
77
44
89
25
75
177
160
133
139
131
201
40
174
147
134
134
149
136
228
171
215
17
243
82
23
72
94
94
179
155
175
117
200
50
96
62
242
115
13
143
176
22
188
0
82
147
154
135
44
246
210
52
235
63
207
46
121
194
1
141
20
186
241
70
186
88
68
7
203
175
240
182
210
43
38
161
137
43
168
249
30
119
217
251
199
219
77
48
186
235
162
27
27
114
9
7
48
160
214
16
1
9
117
169
38
76
228
200
54
20
39
239
135
78
114
103
189
204
180
203
130
249
26
86
3
174
108
160
3
150
77
142
104
26
162
128
106
85
172
182
223
50
55
241
217
202
228
194
242
102
166
216
177
9
159
187
21
113
30
190
92
52
172
110
138
4
50
210
55
20
162
219
28
178
227
131
177
30
136
208
144
224
28
72
68
114
48
243
104
117
36
3
174
145
30
53
191
39
99
86
180
160
129
88
41
7
60
148
128
85
210
19
21
130
91
175
105
19
121
108
189
34
226
235
250
15
19
212
156
202
36
2
246
105
198
48
179
109
142
107
239
169
179
204
53
22
150
68
28
157
202
25
116
79
112
207
24
45
199
61
100
238
107
38
169
98
251
2
37
162
131
132
89
2
113
73
23
10
57
78
15
109
188
125
198
252
130
102
55
222
55
96
69
13
24
241
167
141
10
117
143
205
149
134
165
62
241
132
143
173
185
181
2
42
4
92
66
208
19
242
142
40
233
182
224
140
162
142
144
53
233
79
170
152
168
105
236
19
95
48
182
18
104
173
245
53
137
194
156
155
0
98
144
84
175
187
101
37
152
101
6
15
217
34
254
79
75
182
181
194
86
84
60
214
114
14
255
209
100
168
34
50
245
29
10
6
122
62
95
230
218
13
220
167
148
99
226
250
230
232
116
60
145
14
226
204
187
38
193
247
185
216
88
59
80
60
51
160
15
7
26
198
186
2
82
143
89
170
179
109
244
68
124
156
71
233
130
253
165
227
19
173
125
64
118
174
32
205
135
9
224
69
199
162
251
88
86
96
228
6
143
164
124
47
95
127
96
170
245
196
135
187
239
181
97
230
209
101
249
138
72
167
136
79
104
145
217
197
202
173
205
102
103
30
196
229
248
169
193
104
63
227
47
156
52
226
48
10
109
239
75
121
92
93
254
115
141
177
214
55
28
11
70
181
191
97
160
241
87
19
70
229
49
241
221
48
226
107
238
224
196
7
105
65
120
33
184
214
213
199
243
231
115
207
101
86
144
238
18
89
211
13
169
157
74
106
247
165
229
119
136
202
243
152
177
6
157
106
238
139
249
171
1
188
21
156
117
226
29
87
120
102
152
105
18
90
247
129
124
40
65
37
14
19
17
173
106
85
88
167
114
21
85
176
136
68
134
46
241
176
204
240
96
44
232
24
164
173
17
63
6
89
56
239
31
78
158
82
30
187
60
115
36
214
7
100
165
103
243
97
135
9
60
29
15
182
55
142
214
165
222
128
176
118
7
218
46
17
70
184
82
57
182
241
251
88
41
16
19
219
189
255
198
69
207
112
177
220
106
157
130
239
25
236
185
213
199
14
117
158
218
252
179
181
234
218
157
93
254
63
75
202
30
225
40
167
134
220
206
45
9
13
234
202
168
182
135
12
34
35
80
220
183
56
78
33
215
24
182
139
143
165
127
55
223
81
98
147
181
145
156
56
204
128
88
74
57
148
143
73
173
209
92
72
74
212
38
80
128
148
93
51
5
28
169
109
173
141
122
5
226
42
157
112
75
220
129
77
67
12
161
142
252
153
247
116
138
122
174
38
202
239
57
69
67
224
217
93
202
64
85
58
76
187
179
247
36
184
223
20
70
207
117
214
230
44
184
173
135
132
176
54
63
12
82
111
57
131
159
157
89
153
116
161
146
19
59
245
133
203
60
47
28
253
59
142
150
107
72
44
68
195
125
230
132
2
220
109
119
121
103
106
232
208
106
6
177
200
56
130
67
130
239
128
84
45
126
171
102
117
228
154
70
86
150
63
231
118
42
227
149
137
63
252
54
87
49
166
37
239
82
211
203
86
129
164
181
111
184
119
91
222
114
100
76
237
26
131
64
96
137
9
227
9
135
233
234
197
128
170
80
141
168
10
197
148
70
57
5
12
158
118
31
103
8
187
158
141
247
126
240
105
69
124
77
