104
15
161
253
61
49
3
141
73
213
75
252
49
114
246
131
17
17
148
163
112
13
216
74
125
219
238
207
134
216
106
180
60
189
219
53
248
196
83
109
185
238
186
10
20
92
82
17
89
27
146
231
195
100
214
15
15
190
239
246
120
130
58
190
204
222
189
68
54
17
207
143
73
239
33
238
98
124
37
228
186
100
107
50
139
216
235
3
164
30
231
235
167
59
246
198
86
176
105
188
225
29
242
23
225
83
9
184
101
197
61
181
16
255
255
210
150
54
189
109
85
6
255
100
184
172
106
11
42
86
138
51
139
70
22
203
158
14
157
151
207
102
164
29
223
8
43
199
208
65
28
69
201
227
235
107
248
141
252
248
190
26
246
42
105
51
231
117
52
41
201
193
46
135
128
166
87
228
70
108
59
236
62
2
239
145
39
137
237
205
178
176
33
249
81
202
114
169
232
174
0
213
43
33
213
247
83
197
61
42
196
172
37
97
86
61
192
61
109
213
191
16
71
212
152
65
10
194
12
226
165
13
79
198
127
169
37
253
171
63
125
65
194
123
208
132
148
101
87
74
58
139
183
49
45
146
200
255
5
148
143
86
248
236
74
232
194
202
180
224
229
22
104
236
143
133
182
184
39
109
175
1
223
244
46
127
249
143
126
96
35
27
125
105
68
181
41
179
221
137
19
114
148
242
70
83
66
78
114
216
221
122
43
228
10
83
234
38
77
157
187
103
103
81
248
98
195
60
208
103
214
191
71
180
227
76
107
26
253
223
178
182
243
168
101
136
196
25
52
74
86
58
139
47
224
194
190
133
177
82
211
96
23
229
39
110
131
14
124
245
84
39
171
57
148
36
51
59
148
113
228
156
35
114
74
3
62
93
201
223
216
246
254
170
56
159
108
94
147
13
7
138
174
109
59
123
239
232
166
231
95
65
15
203
218
88
202
254
236
245
84
81
0
37
213
77
201
86
121
55
254
71
223
183
36
250
241
192
205
132
25
25
101
227
134
251
129
78
135
228
255
175
2
172
64
68
153
40
207
68
228
230
186
8
15
182
62
222
220
149
206
45
51
42
79
199
241
197
64
62
147
32
221
34
69
33
123
11
254
155
42
202
207
74
230
155
231
240
151
215
111
103
137
178
113
105
100
152
114
137
162
64
118
31
13
130
157
87
148
163
236
150
99
200
235
66
148
50
34
26
146
34
204
74
169
112
125
232
127
63
89
242
187
228
89
100
25
159
220
88
60
163
146
59
96
102
186
110
114
217
145
227
111
200
72
152
163
53
95
133
155
145
7
214
194
237
20
179
9
159
84
215
55
117
134
111
218
221
31
12
150
33
203
90
37
236
211
23
99
253
207
185
51
53
159
89
59
48
142
132
159
114
125
5
120
156
165
19
70
70
0
235
11
223
177
103
96
63
111
123
72
236
121
86
246
40
30
212
207
26
50
235
172
164
32
223
130
156
154
235
105
144
195
213
154
138
30
144
106
17
155
170
215
107
46
230
111
216
179
170
2
207
25
226
251
168
93
55
132
254
93
3
9
209
203
106
68
199
34
253
77
44
77
160
43
48
123
103
131
129
18
189
3
131
143
51
21
30
50
163
160
94
85
226
209
138
215
0
214
86
146
89
104
255
101
173
39
123
181
107
46
156
207
203
101
76
61
63
57
77
247
133
0
12
43
31
73
219
208
244
73
240
216
249
194
224
138
38
203
139
63
180
88
222
93
86
172
184
132
212
80
216
101
5
134
126
78
120
12
62
229
107
58
110
3
152
186
73
160
161
116
10
223
245
7
29
198
65
85
130
31
116
60
132
89
206
161
113
49
24
148
22
193
129
8
38
225
99
107
236
216
162
235
82
77
144
33
133
201
152
231
83
199
50
104
113
184
191
164
191
148
24
120
32
189
140
60
123
55
11
42
213
23
189
70
107
104
144
49
14
17
206
6
217
215
247
189
224
74
84
7
214
11
70
212
62
17
217
65
198
232
159
33
131
72
222
118
94
96
145
159
8
131
208
84
78
101
49
76
160
36
130
128
188
217
197
128
143
171
160
223
35
55
198
27
37
154
192
207
138
124
186
38
126
238
116
150
134
142
164
145
255
206
88
105
72
38
191
115
60
11
85
164
70
193
204
15
111
14
147
208
166
221
156
218
59
115
96
1
127
51
147
222
125
77
221
117
192
204
204
192
113
187
206
147
171
238
150
131
161
181
90
65
102
229
25
1
123
112
31
203
135
55
107
240
30
80
69
88
37
196
20
163
22
187
244
113
226
135
154
114
235
182
101
85
176
231
215
88
182
76
112
7
29
231
41
101
114
223
173
71
121
124
66
104
162
86
50
28
113
5
51
85
180
113
181
60
194
27
143
27
121
88
18
244
129
33
251
1
86
173
70
148
16
146
33
78
200
144
174
26
10
169
131
57
251
73
101
9
46
226
184
203
16
170
77
115
28
134
83
38
12
107
7
14
75
104
139
92
148
63
196
32
195
195
231
54
33
116
31
213
50
113
198
169
137
85
163
22
67
30
6
37
153
200
243
167
84
157
85
249
43
121
183
171
182
241
252
83
137
119
188
6
76
124
125
80
0
251
235
89
155
133
203
2
11
28
43
185
119
86
19
54
72
155
213
242
94
211
231
123
74
222
67
195
152
188
20
248
210
13
108
86
187
128
242
250
2
65
57
222
112
68
144
251
134
170
164
15
38
184
100
240
117
7
170
232
133
26
186
85
204
234
149
254
138
66
24
85
22
39
97
28
83
224
7
247
95
239
181
39
75
183
19
162
147
54
181
47
202
212
176
174
248
39
177
62
201
166
59
206
182
104
48
117
150
49
32
193
119
254
17
233
11
78
195
209
44
254
164
37
163
120
220
107
36
210
61
228
127
139
131
66
189
172
173
140
172
129
20
233
197
98
26
152
243
31
8
28
41
185
154
125
83
187
3
27
210
45
13
228
147
64
142
68
202
243
115
179
14
22
42
200
219
111
130
194
4
41
132
131
149
251
169
9
213
156
188
13
47
209
204
249
27
228
37
139
232
177
100
173
50
13
216
156
192
140
235
117
1
55
145
239
125
250
254
84
169
28
78
185
58
218
5
217
249
202
199
181
211
60
88
71
43
250
222
75
156
26
187
50
32
92
109
65
229
91
57
31
114
66
230
56
38
89
41
79
61
76
64
176
108
210
250
246
143
53
164
223
255
119
2
175
58
43
211
175
179
131
135
164
131
126
52
110
205
56
182
131
73
82
108
231
155
57
123
197
231
180
144
67
165
185
236
196
104
119
212
116
6
182
134
171
102
54
103
78
8
171
10
230
198
98
244
32
98
12
11
250
107
146
187
85
28
135
133
225
220
227
238
201
202
47
98
0
48
198
23
68
18
145
128
87
203
246
12
145
156
193
30
135
40
205
204
44
119
43
191
66
75
4
236
16
225
208
18
44
24
80
253
10
85
26
189
83
180
66
47
36
82
93
140
179
21
170
210
228
197
169
126
130
90
159
22
67
241
119
64
211
149
148
151
74
139
228
57
229
218
23
99
134
141
69
186
208
189
249
107
80
124
34
190
178
252
111
167
90
30
165
131
224
68
74
102
214
95
104
138
143
161
50
10
53
9
142
8
3
1
56
97
64
173
233
234
95
47
52
5
96
61
136
59
183
175
254
254
121
138
183
18
93
126
190
236
177
129
27
97
162
7
104
167
30
38
238
34
6
194
239
47
94
250
146
167
94
129
63
176
128
228
18
148
208
207
159
114
241
104
46
65
0
134
191
148
178
166
112
191
89
138
72
124
159
95
127
113
121
222
124
183
209
229
220
250
35
237
207
21
60
91
2
161
105
196
222
242
103
72
1
249
148
0
100
88
172
137
208
247
23
8
51
196
47
8
191
7
8
127
90
120
116
62
126
48
100
181
82
53
132
178
183
207
144
145
208
106
23
193
1
192
9
86
153
90
166
25
223
95
207
236
217
227
30
132
130
169
188
22
106
103
229
216
23
34
212
143
19
64
71
236
4
100
18
28
122
46
53
197
132
66
45
79
230
234
191
22
189
150
199
76
49
54
30
243
45
122
249
67
53
196
176
67
15
62
202
113
13
65
109
182
8
1
94
209
74
73
38
40
118
1
28
24
87
113
159
239
20
132
105
210
1
163
35
163
186
7
240
52
11
180
234
197
202
191
64
81
8
81
239
227
58
163
116
97
159
127
225
231
241
161
230
65
166
236
251
209
86
163
194
27
216
158
255
191
131
15
67
176
75
216
220
1
28
206
249
174
59
229
169
89
104
96
250
196
89
184
116
113
90
86
105
74
50
157
206
107
145
67
194
67
147
70
113
59
203
148
60
62
179
247
38
184
233
78
3
50
139
248
183
178
58
144
209
161
199
142
158
68
119
136
127
37
156
216
66
129
167
20
134
14
99
134
18
14
210
229
208
116
103
55
17
108
207
131
104
214
83
53
75
191
186
44
102
131
135
48
194
252
121
12
199
231
166
57
112
170
95
154
212
125
30
228
70
230
85
151
197
44
241
219
5
250
161
232
59
36
99
114
191
131
67
111
23
20
155
114
20
55
87
137
210
137
6
249
82
125
149
192
201
170
23
92
209
112
242
55
140
