-120
-70
47
-57
18
-82
43
2
-29
-123
8
27
64
72
-58
63
-74
-26
-64
-15
119
121
74
110
17
-2
-56
-65
-35
19
-66
14
21
13
17
-35
10
-87
89
101
44
-71
-84
90
-88
-58
59
117
44
-107
-106
106
81
-30
15
-93
-110
12
19
38
94
-33
-54
119
-93
41
-81
52
-58
-18
20
80
-85
-127
-29
-27
-128
-31
111
-31
56
8
79
-6
-98
81
-34
-53
-28
84
-113
-43
-122
61
-90
-107
67
-64
92
89
39
88
-82
-32
59
81
-57
-34
45
-53
64
-19
-16
-34
-64
49
46
59
-8
42
110
117
-59
-96
-13
-107
-110
58
118
-102
11
62
42
102
-102
-23
-57
-54
117
2
118
102
86
66
58
-80
80
-1
105
53
121
-104
-58
6
121
-5
-35
-6
99
100
49
10
54
49
111
-93
-122
-90
-108
-52
7
18
-118
-18
-16
59
-98
15
-92
-119
-124
77
-121
31
-14
46
-34
54
-63
-6
-28
-2
25
46
24
-85
-51
-40
-68
-85
94
-56
-55
-17
-36
103
-78
26
-46
116
82
83
45
117
-121
-56
19
-12
114
89
3
73
8
-41
15
99
-46
21
21
-75
101
30
102
79
-88
11
37
-62
21
-30
-74
-93
19
-116
21
-89
15
11
-42
100
17
117
32
125
-10
40
40
-104
66
-19
-86
-76
96
-103
62
-76
118
21
-114
29
-7
101
-65
48
-121
93
-74
42
123
34
5
83
-104
76
119
0
75
47
-118
-115
-11
-70
45
-44
21
-8
124
73
-95
16
80
28
-33
110
62
-110
-44
27
117
-72
-59
24
92
85
87
96
-74
-33
18
38
35
-33
-88
115
96
35
-60
90
-45
51
-89
-116
17
-37
12
110
126
-67
-106
6
78
-1
-58
93
-127
2
75
117
114
-13
68
-15
42
27
-40
-78
-49
-57
92
-83
106
87
-9
76
-82
-116
-62
84
-89
39
85
-105
-57
-15
72
-18
29
-39
-92
-56
-93
-63
-16
-41
-92
56
-71
116
107
21
-13
40
27
101
-10
117
33
-122
20
114
22
-11
-115
-34
-9
121
35
-59
-7
-59
64
-103
92
-23
113
-59
-66
-36
-100
-85
-39
-68
32
91
91
16
-34
-33
-116
52
80
-80
119
-24
-58
-34
-109
57
126
-82
29
36
119
113
22
-110
-93
-18
81
-79
-76
-120
-93
92
102
85
-113
-113
10
121
7
-68
-90
-111
-98
98
69
-41
20
-67
-6
88
9
113
-80
-108
-83
-104
-39
77
-91
-61
-5
-11
-112
91
1
35
24
101
29
-34
-8
-88
126
84
111
-5
83
1
26
101
62
24
59
19
-75
-49
11
17
116
-115
-57
-83
-33
49
24
89
4
-78
-97
-83
-35
33
19
-120
-79
118
-30
-57
-74
-31
-92
-36
-90
47
-20
-90
90
-119
26
-88
-33
24
25
62
91
-78
-69
-36
-54
0
-93
97
14
-4
51
-77
30
-79
77
-84
-25
11
-91
-16
-77
31
-74
99
-78
-26
14
-70
-45
17
5
-21
-111
34
97
15
-47
-4
-95
35
-25
-107
-95
75
30
73
57
17
70
-75
-80
45
-54
24
108
87
61
34
-118
54
13
-108
-86
-99
-59
-49
-19
105
-51
46
107
3
-89
-80
92
93
12
29
34
-95
113
121
-61
78
-78
-60
37
-75
-2
52
88
-108
87
-61
107
-36
-23
-65
79
-64
5
-31
-93
112
8
-78
37
-70
32
0
-66
-39
-9
100
7
15
47
0
18
-122
116
56
-43
27
15
4
-16
-2
-128
34
59
99
-80
61
54
63
-58
52
111
31
127
106
44
63
29
109
-82
-119
14
126
67
61
-71
113
106
-35
-92
-47
23
42
-81
31
-57
-37
-69
-3
-115
-40
66
40
85
-127
-115
26
61
-27
3
-53
-93
24
35
112
-26
-42
-37
76
-29
-81
-121
29
-111
91
87
5
-76
106
7
-31
102
-27
52
-64
-114
111
-55
-78
109
70
66
93
-49
87
-29
61
81
-110
38
118
-83
22
85
21
-34
111
91
-74
-41
86
-111
20
-36
38
-89
-16
68
120
-55
89
-32
-56
-94
-100
-42
66
60
-121
43
124
-112
-51
-122
-101
15
116
122
50
-116
-14
-46
72
-43
-126
-120
64
34
54
-37
-22
102
-80
-81
91
67
-31
115
-12
64
93
-62
-51
115
110
13
-43
-88
-90
86
89
110
73
81
-4
-36
-49
-51
105
88
-107
32
4
-1
-38
-87
8
96
18
36
-50
-95
122
-16
48
-31
-123
-90
-122
-116
24
5
64
8
-36
65
-25
8
10
-72
-76
5
-23
-76
61
117
32
-110
-87
-39
-16
115
41
-115
-106
-106
-62
-16
-35
-68
122
-49
-29
16
-54
-57
12
29
121
-97
108
-59
-126
-57
-113
34
-97
-124
-19
-103
49
-77
98
93
58
37
-1
13
-9
48
-32
92
-8
-74
-48
81
-23
-127
-126
119
-31
-49
-26
115
26
59
-85
55
-83
-59
-6
-78
-49
16
77
-128
89
-23
-106
-30
71
-35
9
-128
-123
-60
70
35
12
-53
-75
22
103
13
-23
-80
-8
-74
-97
-74
-128
-24
-104
57
-70
1
49
-23
21
-66
-26
81
25
-65
93
-31
-56
22
-60
33
99
3
-2
91
19
23
39
44
-5
-87
73
48
-104
-15
-35
74
52
-26
-93
-39
-20
60
-43
68
-39
57
-69
-83
-26
-92
22
5
44
70
116
-36
-83
-74
-61
-128
92
-116
-67
117
-91
23
-51
-118
58
-101
-44
9
-43
98
-40
127
-56
76
-13
-16
-39
98
1
-125
11
24
22
79
93
-39
77
92
-45
-81
-86
-35
-126
96
120
103
23
100
-26
28
93
3
-101
-84
-102
-14
115
39
73
-35
53
20
-47
-40
-119
48
108
-8
-12
-101
17
75
96
-71
-34
-58
82
-114
7
93
63
95
-122
-46
60
-83
28
116
23
30
118
20
-56
-71
0
66
18
-39
56
10
-92
82
61
-125
116
65
53
13
-18
-94
40
68
-58
-119
20
-38
-81
76
-17
-113
-87
3
31
-22
-38
-46
-80
-33
-117
60
32
22
-38
-12
-67
121
62
52
108
61
-51
63
109
-55
-6
-84
100
32
58
8
-110
-20
38
112
-17
37
-9
11
-77
-54
48
-19
21
64
3
-100
-49
-13
122
-17
107
-29
-22
-92
117
-16
60
-33
93
57
-126
-51
-123
89
95
7
-52
-102
-87
92
-42
57
-65
61
61
-70
47
-65
65
97
114
56
-37
-58
-7
62
30
118
19
36
97
33
-57
86
-50
22
21
111
24
-16
70
-109
-39
103
61
-38
-56
111
49
10
-117
118
42
-66
63
-26
92
-107
-33
10
-3
121
35
-42
-23
-95
9
58
-87
65
-90
-112
74
21
-45
23
114
69
86
-51
92
1
-17
-54
17
-94
-10
-47
-116
2
-2
-108
-40
-77
-80
-115
-73
10
-6
-102
28
-68
-94
-119
-35
-97
-120
28
-119
-119
63
-106
63
-87
-4
116
105
-87
41
-106
-67
10
-31
-127
40
27
-76
-55
12
-110
29
55
64
108
117
84
125
117
103
-72
34
-101
-40
101
59
-110
97
-44
-5
33
92
-65
120
87
-128
22
42
76
110
41
-105
-83
31
-8
-28
93
-14
81
124
14
-33
-37
69
77
59
109
61
92
66
-108
-91
-86
-33
-121
-14
-93
-24
-2
-62
121
69
79
94
-56
-97
20
-99
119
33
95
-28
2
22
108
-41
74
-104
-2
-27
-78
74
-107
-118
25
-80
-17
50
33
26
15
-37
48
15
117
126
107
-88
27
60
21
43
35
-5
-29
-20
-36
-66
121
102
-67
53
105
49
69
-112
-77
-36
-48
-26
7
-65
97
-39
-7
-115
-30
34
-92
-24
-101
-32
-74
74
93
-102
-24
72
62
18
-8
9
7
97
82
125
81
57
-111
-16
24
-116
37
66
61
47
-50
40
11
49
38
-55
-75
90
-16
-77
-89
-59
4
40
76
117
-6
45
49
-121
-65
1
56
0
53
-69
-81
-115
-84
33
-24
-75
76
-127
-116
90
-15
-110
-48
-50
43
-29
-38
-87
-97
-45
49
-108
-128
78
62
106
-122
67
-94
24
21
-79
-52
-123
33
-89
-110
67
115
-71
94
-67
-52
26
26
50
-3
12
-12
-16
-44
36
-107
-81
-37
-47
-23
-42
-51
6
53
12
125
86
-81
22
18
30
-109
-123
28
-120
25
126
-127
-81
22
-80
122
-84
85
-19
67
46
72
103
-92
-60
46
126
92
118
-53
-23
47
95
-106
-119
113
-103
105
-1
-55
-13
-65
-71
26
17
-51
71
44
21
-70
58
-31
125
-85
121
-64
48
35
83
-118
-74
54
-109
-23
-23
-17
-104
-27
-102
-23
-84
46
20
-13
-112
29
103
-45
-128
-126
-20
-3
9
112
39
-86
39
-122
-32
-50
101
59
-78
35
56
93
53
68
-73
28
30
-65
-13
59
56
97
33
120
-109
-125
-103
-114
25
-54
-94
83
62
123
32
32
125
-83
101
60
62
31
117
44
-28
75
23
-29
71
-31
-11
-3
-58
-100
44
-13
-112
112
-44
-13
-128
26
-38
5
37
-23
56
101
-95
-15
-19
66
-58
-11
20
-92
67
114
55
-116
69
-9
-114
26
29
-9
88
98
122
-60
47
35
-107
-123
-114
-80
106
-66
-94
112
61
95
41
33
26
-61
105
11
-124
-108
119
-124
-106
-118
89
-73
-26
59
-44
-59
-127
-45
-124
75
-110
-27
-110
-83
-111
62
5
119
68
-21
-22
109
-84
44
37
7
-48
25
-123
-19
-46
117
51
-113
89
95
-109
93
101
100
-41
102
39
77
-60
6
41
-58
8
-26
46
112
102
-117
-12
-87
-42
89
31
31
-101
-95
9
-25
83
56
110
18
-11
-39
113
-66
-70
37
-119
-119
59
-35
106
37
62
-118
8
3
70
64
124
3
14
31
40
67
10
-75
112
65
-45
-70
36
-121
-8
3
-69
-20
-106
-3
109
-78
23
-18
84
-119
-107
-120
-92
10
-124
-62
-63
-67
110
1
92
62
-73
-13
-79
-94
-19
49
-86
83
-50
-90
-124
112
-18
-12
-8
88
-66
38
3
2
115
37
-4
-48
34
53
46
73
7
22
-5
-70
-126
89
28
90
-45
-127
112
-127
-12
-48
-67
105
45
-79
18
-70
86
59
-95
-46
31
51
-23
-98
7
56
-31
17
94
-89
126
-46
-68
-114
80
24
-111
-18
105
-62
-89
107
97
64
60
-44
-99
119
-86
-51
-16
35
94
23
-80
-56
-62
-26
-128
-35
57
-17
-80
-84
70
-34
-63
20
17
-33
47
-47
28
7
49
-35
-35
-65
85
53
60
55
-37
14
94
14
73
58
-21
-29
-55
-49
-109
30
34
-5
57
19
-19
-62
-121
79
-84
-108
-39
68
-35
67
65
45
33
-7
