16328
1935
26726
3542
4636
3136
381
6204
15695
10437
10200
39312
3185
4788
0
9170
2414
3468
28120
19886
9856
1651
30888
18130
1250
42924
17374
3933
23986
53784
23214
43380
12900
46305
14016
8586
27776
4704
11869
14170
33855
10472
24180
20
3160
4508
10086
1921
19669
5319
22192
41118
25545
6900
43228
600
2940
29070
19837
15990
5160
19500
522
14250
17952
5550
45171
5236
2916
272
31671
4719
1898
45888
3399
4284
20972
18476
1665
13452
35898
4200
5350
12250
15707
38448
21855
81
6888
3960
27720
7285
8350
3658
62484
11286
14620
704
25305
41172
31050
4002
51546
138
12600
1577
1512
3864
505
20488
7137
11041
2032
8160
38250
420
28050
9180
13041
3270
20570
1086
14790
6900
34408
36636
18762
1474
5460
16426
17526
4896
1668
14490
5258
2030
8216
3472
18526
21291
7866
3366
20172
1450
223
1120
3741
995
32032
13520
196
16767
39999
227
10340
18190
42160
17766
49896
35464
42560
286
46986
1218
4095
1530
5544
3978
11440
5781
30753
9457
7544
20250
8192
12118
17139
36024
2520
19764
10620
47908
11098
356
21749
3190
1482
10138
31995
10250
2136
4224
7854
46563
12150
1818
26106
31603
33408
21750
0
40896
5461
7458
39831
20254
19920
39794
61
1554
11564
18060
5106
5432
8600
13481
24384
10675
7303
30459
24066
2400
3337
16960
27360
12220
1700
48306
900
2034
30855
624
6241
44550
29464
32617
7141
23023
5472
4725
18125
14560
16490
9840
34112
1584
22052
17978
5307
17908
6728
1807
366
11956
10710
23652
20000
13770
300
26492
30745
16942
11160
9912
3552
3944
388
14342
39420
13216
32518
1188
7488
57112
1859
16226
10920
18400
546
1308
41825
49
51736
21716
9200
18923
55527
23166
8064
13824
8470
2646
11125
19215
12512
29865
4428
40991
10829
12741
1805
29070
8288
30250
17500
1411
2838
6474
22002
19008
53924
6588
1634
50616
140
11288
34164
4864
19404
8792
5984
1854
15759
972
18600
18228
48750
12600
46800
4944
47080
29796
14626
16560
52891
17708
8132
1248
5566
49729
17978
42770
12150
35952
19089
18904
7252
1500
6968
17464
2924
6786
34611
7332
5824
25996
28120
25270
36816
9266
23632
9312
184
47174
39
3080
9301
3290
29016
33320
0
8385
13338
3363
35964
396
153
13629
35668
14125
36936
24804
1015
15960
6068
576
9176
6789
12261
34565
33264
5658
50546
21590
14168
12243
24192
16638
17787
949
763
20286
22968
15042
3599
1353
34894
47560
1494
46662
8170
2665
1485
30653
35098
5896
34340
14986
3068
25970
7812
13527
0
4884
27477
5467
47235
19350
23474
9955
9652
16756
42816
38796
4644
59250
16147
7680
47355
9372
6100
6325
2424
34731
19162
10040
17028
3588
29160
12312
33915
13650
340
37324
14208
884
10863
10160
48231
4964
11172
36570
42222
296
1950
16380
14818
19314
35200
745
15244
3510
7038
5628
19592
45770
38801
5122
15424
7502
7791
4064
49504
6834
5934
6006
9717
484
7366
31930
2436
14342
1242
17686
26220
3720
8085
36240
7248
14835
13098
8755
13837
44144
23956
4830
16400
4560
20862
15618
2268
3264
19942
1395
1495
1040
33284
17313
37000
2119
37760
36000
16236
19400
57810
5016
2812
1000
4760
5590
29200
1156
21828
6882
32786
17472
30000
16704
22987
16002
21360
41866
9350
42180
3916
5300
375
4293
55220
16104
13800
4727
9344
6667
17184
21114
44826
14740
23712
38626
25085
40179
23865
38200
5328
37696
7335
1537
7600
28462
6045
11890
287
34882
28712
55695
4380
3401
90
0
2268
30100
8800
24687
4824
10656
40330
9503
3317
2136
22200
8415
35525
21240
3737
30208
3376
2507
21384
33902
12834
38850
51
6095
10335
4183
7906
912
11502
25608
795
1368
500
660
19800
9672
13530
741
17080
14980
0
32195
2409
21631
40179
6489
8160
4158
10101
11316
10584
3540
25289
14964
52152
9440
1140
47488
31050
5408
10000
52875
19264
30996
7936
25868
8970
37284
24794
17625
8925
27072
2730
50268
37422
27462
7080
7056
318
2652
4650
33150
15695
1177
2530
4600
13542
42552
20585
38590
478
41814
125
3390
23092
9912
20832
9680
17424
52324
21390
501
648
47861
23345
13992
2108
30447
2108
31372
1540
11132
2926
22080
6708
192
21771
7416
18733
22575
1998
23247
411
16637
9295
7140
3087
2520
4000
31296
38560
564
12240
41584
31977
33810
19995
0
47294
10922
26280
15486
16016
50745
606
519
4056
10332
37467
2675
3082
28080
2277
11368
2727
6232
12444
7560
342
18095
56316
21812
0
1980
1935
2759
10585
46428
52208
7808
13870
9600
2376
5976
1164
9632
23598
1026
15631
9174
2835
31860
18568
30192
15252
9030
35604
3312
33660
39856
10960
54864
13433
0
22914
4662
6786
3120
1224
4278
21755
23968
870
20460
582
5928
44268
4088
31840
13363
28072
650
27875
28910
308
522
43362
16185
11135
390
3162
19024
9420
17952
19402
20600
13363
26668
9702
744
23088
814
35898
14577
32
1786
43425
24354
24182
41064
36288
18630
48880
19352
8393
24480
7953
28462
45828
8208
10857
17845
21094
5950
12480
25651
40296
43166
4428
5348
9324
1512
13920
5728
5103
25480
7620
16113
6820
704
2478
48777
4439
1890
5670
23861
2496
29520
2695
2912
2295
4532
1296
35805
24295
44954
41580
35840
9472
9072
497
37450
737
420
46852
15376
425
23436
12025
10692
48488
3180
1386
9301
10800
4884
12744
470
18624
12325
13356
848
4323
40352
5376
3042
12928
5243
15884
6400
3564
3250
31360
22748
47957
44522
18688
286
22572
9600
26983
6650
4345
30492
5859
4884
5082
27840
9936
25392
27156
2604
1976
29610
8092
25752
6150
17688
17892
18368
16675
39270
42436
10208
5040
16704
7448
25785
16790
13500
1463
12750
21976
5390
1930
15708
2205
2664
1988
22344
32864
38512
13702
34320
21146
14750
8280
20832
194
31369
3162
26460
28638
7750
14168
44863
8892
17088
32232
24276
19776
11978
31977
36462
7938
3420
41412
35700
31964
2415
36924
20250
0
8364
55876
4125
38
26937
11648
2914
6293
26055
2970
20330
27120
3510
20320
9039
2904
1517
980
3040
25102
2662
34221
60512
24408
47234
9720
27104
9690
6580
32578
8181
11135
22176
56133
35260
7656
14924
12464
21840
161
6960
20097
9635
2121
23826
11150
30102
6887
28072
30504
4686
728
28998
5504
3350
1876
24747
1075
8670
8670
9540
23617
31132
2520
45396
486
23166
5832
17787
10560
2088
13664
22575
1353
32379
68
7396
3806
490
10212
864
6716
7854
5226
23000
21888
25752
3016
1280
27547
32226
8949
11546
3358
14847
1584
4278
54466
19504
37961
3920
15300
5390
2070
4788
10988
11371
7372
12
9523
1708
672
9525
11232
13483
21712
36704
5481
46060
3008
34710
46020
7854
4104
165
16124
7626
40896
8100
24069
20790
26533
137
18785
24287
1958
15276
6300
1176
2627
27081
5600
13608
36907
11592
36895
9775
11952
5203
13794
11712
40527
31486
37837
17892
8466
5617
13209
40796
630
8512
21576
23125
5200
0
33885
21385
13706
22630
26201
49126
156
352
3976
6751
14615
714
5590
1976
13446
3672
26660
10224
1694
11186
6963
57519
6273
6734
42624
16884
2925
15352
12972
920
53568
10710
2223
12636
13244
22066
30848
46948
8000
270
5915
9234
39294
4592
0
17424
59236
11256
7480
24928
2280
6270
35328
25400
56880
3861
21
22440
47328
6251
3744
47430
3315
17340
14976
21456
47244
32568
8118
2160
14280
2442
9009
6499
2548
18841
15456
679
62491
18620
17686
34028
5382
4425
2379
1463
35154
27342
4644
9050
7144
22422
34132
43296
33060
16616
8307
12744
6014
9246
28552
1239
2678
2366
5408
1968
24804
3150
3332
6528
24318
15351
44704
3060
51726
66
4602
4680
46607
9064
22352
16236
222
26080
13200
18040
25038
7956
41790
10675
14364
11303
31970
13100
11814
40068
0
29583
6440
1720
20382
1700
42173
40385
19502
4602
9424
5346
4867
168
4872
5166
5365
20790
28875
13612
26928
576
6237
31290
7020
2639
26220
31164
12928
15620
12580
29492
55404
25415
27029
3332
66
4074
13200
48837
21867
10010
31428
820
3362
5016
20567
33078
32630
1859
81
38340
31824
31396
676
1645
26752
19992
10707
1269
25308
8695
3197
464
25665
18700
19722
400
494
2808
38844
960
17220
8460
13689
255
11605
7830
30831
19000
30250
7874
8064
27547
6132
1716
24050
10034
38368
710
50344
55029
7070
10945
44345
42622
6360
11968
13632
10105
5500
4884
4200
7956
4914
43384
11250
1952
13156
3270
4420
28396
4823
10488
2542
2964
5214
53360
10920
7296
4539
7503
14694
2806
12084
1024
29392
2700
36960
31750
35424
27885
7420
17876
38356
54570
21539
302
9275
14268
2064
17302
36750
35979
29344
405
31160
18078
28602
6916
7590
42640
9856
9464
25283
7811
10496
14688
10395
8990
4104
16974
14184
26565
23220
33696
16750
3630
25900
52156
17052
19552
6188
8056
21924
282
15834
30552
24966
17646
9342
10609
14742
224
34029
1260
52440
24552
8526
43432
6528
3430
1524
979
0
321
18688
25619
11560
5544
21600
6118
22275
1100
227
39746
4824
25250
6862
18522
0
2736
45342
2829
16864
4104
34075
2304
15312
4872
57810
2328
23780
38532
22195
4500
25920
7560
29110
48960
2288
2618
6192
7831
11022
11625
72
54988
3104
30375
50544
792
44
408
8160
9361
1000
18360
2470
15876
15770
34560
1056
4136
144
16728
18786
12600
14678
4389
14110
20790
23484
6107
20956
4536
13260
540
18444
2552
11658
29884
17731
1152
53383
26671
7992
8305
1924
7089
20748
228
53128
32482
1380
23067
7906
25803
17181
34968
50752
9450
6972
22791
19360
21452
7174
14440
25988
59472
26418
36740
21420
6360
32175
10742
42784
17000
9398
6120
19474
950
13520
20976
7293
1932
3000
1670
3233
1593
16046
1576
6
84
10248
12901
128
21452
34018
8424
23845
9024
11908
265
19776
732
21352
8850
6405
4725
3048
8128
21538
27738
40443
4536
12648
30618
10640
54752
9204
8772
5778
582
24462
1043
15080
11690
6360
8398
14756
3638
798
20952
2868
8601
11186
500
20440
6680
4136
20382
3213
29216
12288
8892
3690
29304
1040
14076
477
9006
37596
15600
3082
11765
0
268
41065
21312
12816
19422
21952
38009
13795
1104
9792
124
24963
3705
22987
16950
3267
42402
5952
16470
10241
27022
51040
29000
1470
6399
38709
3507
6000
17927
334
32683
11865
17444
46842
51062
14729
16560
158
18426
11396
0
1700
21824
9976
27948
4576
42978
3036
392
8211
29400
8366
1040
764
203
2040
29083
3420
2160
15428
6014
28224
10368
20200
5611
6642
12614
33264
42186
45750
37053
4752
19865
44720
10706
1725
1544
210
41664
963
1806
30600
11430
14442
5600
31889
16910
40365
37288
4123
43130
6630
23100
24310
13520
8648
4290
27030
6489
27709
50760
5014
5440
30104
3575
3515
1152
4686
29500
924
16600
2394
3304
2806
4278
2438
23443
11352
4488
5490
16511
36110
42822
19100
924
31752
20400
3980
2508
6762
2700
3480
53460
7650
30622
54282
5829
12932
7056
15664
15075
3750
3100
18180
20792
2457
16250
10246
22932
824
57
22842
2926
18204
7738
2394
9160
15458
252
1316
408
18444
2373
18603
47083
4320
11220
8295
840
23
5053
5530
37979
1860
672
58080
6344
715
18000
48204
37036
8888
4011
5056
10854
1624
2025
32265
41087
12992
1630
23780
14065
15264
11684
51300
25410
37114
36225
12880
15600
21912
47200
52710
36366
14964
10921
41710
2079
24408
28282
47175
40683
8646
1410
5963
21296
15075
47952
26840
104
1400
32136
45567
25926
767
7557
32448
19402
17368
3552
26500
29204
13083
21160
13456
3164
11520
3698
10710
12358
6450
9891
43466
8132
18995
12127
34532
5293
34692
5320
19210
14927
9541
17020
12240
3472
1611
60762
3382
39376
48231
8034
402
7700
9869
10416
14274
39516
14384
35568
7942
36064
35223
29820
1738
8160
2975
22576
19939
777
22932
52704
15972
1806
12358
3720
7638
2436
9999
26934
2862
224
43890
34121
35776
16820
14214
8580
3944
11880
32913
2882
2496
52002
16434
5353
1125
23875
20274
5148
204
30785
23355
3744
27936
50148
11132
2940
18706
47124
21248
10716
22288
19890
18525
4620
40068
2500
2490
16416
560
8280
6035
10872
31914
2464
16629
39858
935
16500
23184
36424
10325
4320
1089
26334
4584
21091
5025
2331
4577
2860
34100
17214
1860
13530
10179
8631
6300
29318
264
57519
5002
3500
22350
24384
30351
17170
1679
21068
23199
23072
46464
9900
33740
