7777
-1599
-2754
-2108
1666
-2074
1440
-4725
1740
-5612
-1425
12120
-1935
2242
11340
150
-1274
816
-612
-3969
-11984
-756
24
8160
-210
-6042
275
2414
-2492
-1344
-3600
578
-8925
4074
2808
-5252
8060
162
2678
330
-2950
702
4602
-5800
-4970
-3626
3186
6732
2816
-13843
3100
2170
8190
-15252
2739
8484
11562
2856
-2860
200
3034
-3708
6954
-12792
7812
780
5300
-7905
4600
-9086
1056
-476
-1224
3871
1804
-6027
-343
5035
-12644
1425
-2436
4641
-3564
-5160
0
2623
-9009
2023
1464
-9548
780
5846
-3663
2695
5994
1080
8988
-2450
3740
4100
-888
2024
855
-3927
1246
-2852
3685
-1170
374
5808
-5313
-663
-4960
5280
11956
-8778
12750
5394
10004
560
-2904
-345
-240
616
-6188
4545
-2656
8352
5382
-6020
-8712
-636
-5643
5280
-324
2430
4316
-456
810
1716
-4
4080
-4158
-7280
1008
957
-6364
8112
-2592
7220
4900
-6840
512
-7220
3384
4836
-3663
-2625
-4704
-7416
-387
-1309
1914
3750
11550
12826
-4095
-322
2268
10416
-280
3212
2232
-3744
10900
1098
-4494
648
352
-4225
-4410
4972
7808
120
-2312
-1927
4719
5520
-3838
8910
1632
-195
-8008
0
-3290
-1536
4872
-2975
-1264
-5207
-3840
5445
-10780
-684
-660
3555
-294
3267
6480
8239
-748
14632
8262
957
480
-5313
8585
8019
-2090
12544
-7704
6435
5400
-1815
5612
9086
2242
342
14364
5796
-469
1323
-8514
-5355
-2184
-4092
11557
480
3575
4732
30
2147
55
6944
-1035
10788
-4131
585
513
1534
-2580
-1479
-1394
0
3410
912
-1716
-1323
-2080
-270
-8556
5088
15240
4600
5015
1260
-5658
-6370
-2375
-8190
-4366
6612
4940
4032
1482
300
9048
5974
798
480
-8544
-952
9625
-4960
395
2600
658
-624
0
4408
-3136
477
-1848
5500
-1976
7038
-8
-1680
-3916
5429
4234
-1722
-9920
-3042
6572
-3762
-1023
-1980
280
-225
-10624
9680
1394
9548
-702
2464
8652
-1653
8924
9991
-450
2068
-6693
2775
6164
3486
-4216
-4896
11330
-7350
-204
-980
-5530
12544
650
5355
9744
4410
-434
14616
3195
-250
-5035
-2088
8160
4935
-1950
3220
-6552
12915
-7068
-1056
3616
6732
9
-8800
-1380
9322
5635
-3162
826
2829
5670
-132
-4420
-4292
584
-3939
4212
-888
-9375
160
-2660
-234
-2912
-1452
-4592
408
-7854
-1156
4559
6440
3844
720
-3869
-48
660
-1020
-480
8364
2100
14375
-12543
-360
-1950
-5100
7040
-138
-1820
5670
5537
-66
-330
-3450
-5720
2310
654
-160
5580
8568
1944
793
510
8928
-1116
3570
-990
2523
-153
-12054
-464
-3492
252
2325
-1921
-5130
-1760
4092
-726
380
-1610
-1111
1056
-2106
-12152
1824
8280
4756
-315
-5915
-4752
-2214
-1846
-2120
-198
-7776
6076
-5994
3534
-1175
-1890
-5200
8742
928
-11662
3000
-7144
12036
-4753
-1272
6156
-12177
-3652
-7680
-4905
871
702
-6969
-11227
-2376
-2720
-7980
-960
4089
7616
836
6490
884
-10148
-81
-7497
-1369
-1551
1380
3420
-4565
-1748
-5104
10736
3397
799
9
-7470
-2628
-5772
8316
201
-1360
2420
666
-49
-7750
-12573
-8382
477
-14278
-8680
208
-145
-2074
-352
-22
-427
1650
-360
-3444
2755
-1908
-5609
2240
2784
320
-11880
-280
-14399
1024
429
2002
-1162
4719
5986
-3000
-7644
1580
-1102
169
-9000
-8928
-63
1782
-5520
5304
-7688
-860
4500
273
-264
3420
12827
6741
1400
-516
-1184
-4900
-532
-516
-403
-2380
1344
4550
1160
7840
-10086
1958
-2425
-5445
175
-15000
-1113
143
-1056
2196
-13589
2480
8556
-5394
-4266
-4232
-4982
-11074
1056
5382
-8772
-495
-1767
-123
-2090
-1760
-6048
-30
-814
1360
-1120
990
4982
-4469
980
150
-15367
5733
-2884
2910
-972
-444
-3363
-6534
3036
4370
12276
4100
-1602
-5625
10584
10735
5978
-3190
9700
-3034
-2925
-1216
1551
1173
-3852
-696
-231
6897
9875
-3150
1122
637
2968
4860
10458
4148
-4318
6177
-2541
-6307
-5561
232
-11988
-5625
114
-42
-4216
1710
60
-9588
-2726
610
875
803
6084
10816
-1666
1872
-1134
-1740
11875
-1692
-92
4320
-5904
6020
9180
-11750
1872
800
18
558
13482
4029
5940
-57
3480
-6020
-3162
-5355
10925
-531
-2730
332
-1350
10208
42
-8370
-3100
14508
658
-731
4982
3552
-11340
-3172
-1905
189
7344
-756
2701
7488
-1547
7605
-11235
86
272
2236
-969
4025
-1170
333
660
10918
4292
2301
-2145
-3626
-4472
-4485
2890
-1833
-6148
123
-200
-1785
-1820
-3876
6789
12054
-2889
-8742
13284
6156
13804
-14875
-96
2438
-420
-620
2033
-140
4988
7189
5415
58
285
-3360
-343
-2125
-10030
180
-3420
2204
9150
-7232
1218
6027
-3200
10086
4059
-9296
14
-6104
2520
8449
-2940
-275
11264
-5712
188
-10375
-11520
10332
-2280
-720
36016
4788
-8632
5032
7200
-3190
1089
1938
14042
-6969
3959
7533
-13570
1769
7434
5100
6764
-3055
8648
216
5724
-4900
5175
792
1235
-1050
5063
2750
3024
1950
-4872
270
6120
-2736
-1189
2716
-225
-310
120
-267
-450
-2706
7410
-2716
1258
-3230
2337
1940
-11286
-1284
-1500
100
-5848
-3233
-4788
5
3000
261
4640
-5304
945
-5782
5130
8925
-855
-11988
7310
11115
-826
871
-256
4248
130
812
-2592
1848
-12019
-1044
-600
4752
10176
-11543
2496
7597
-3087
-8740
527
-10320
-969
-2660
-1694
9130
-4050
-3276
2950
-9720
-6527
8836
3233
5032
-5621
-168
-323
-4508
-3638
6825
4240
-5328
-1505
12054
5850
-902
-1190
2703
384
6000
312
3465
3465
2739
-6625
873
-5390
9672
2960
10396
3640
-721
-4851
5400
6000
279
-1926
-1746
12648
-2782
-9270
-4200
1288
-5265
1260
560
209
-345
7257
-9504
3010
-1530
-2964
-1808
-3861
-7808
1536
-10005
3640
-508
-1596
897
-32
-5278
-6767
-675
-6216
960
-110
-1554
-73
2286
10160
616
12446
598
-876
-3690
8228
-460
-7440
-294
9430
2014
-1155
6039
-3125
1887
-12075
-1464
11468
-5382
-4730
1891
-2590
2130
4002
8118
10527
3596
0
-1122
-5544
-2926
7107
7998
748
-9737
-6142
5796
-525
-3021
-2392
-459
-3472
2464
5785
6240
-11340
2835
11664
-10800
-7686
-6832
8372
-168
2584
4042
-1199
355
6624
-2009
1017
1612
1403
1536
116
-7614
0
-4554
-1188
4087
-8316
-748
-2950
-354
-3393
-2990
-1596
-9690
-7533
1666
984
9682
264
4940
8944
-3116
1155
-4560
-3038
-429
4420
-1862
-30
5618
-4864
3605
-1469
6478
2494
-5208
-1495
4984
-5893
-12463
705
1869
-11660
-336
-7296
928
-2065
-14625
-1232
2704
-792
-2550
737
9570
-204
-2728
4845
-483
-6478
-2002
4992
918
6480
2304
-7350
7497
6630
-1032
-2993
1972
4680
-7332
465
2542
-10560
-594
-1876
-1157
-1360
-7072
102
-282
-2256
1190
4080
8300
-1520
902
12446
468
-8000
-4872
-1786
-672
91
-2912
-4905
-1743
2736
8448
-8034
2444
-106
2790
-1540
6489
-5700
150
6292
-10647
-957
2032
4752
0
208
-5096
-444
-880
4720
228
-5082
3224
-2700
4876
4108
2145
-1782
-44
1152
11024
-37
-3956
68
1691
2294
-2736
110
924
1045
2108
-6780
1118
4484
-240
1560
6966
845
4636
2280
-3172
5225
-3384
533
5976
-324
-5841
2565
-2790
-8330
-1274
2691
2635
1978
-180
-2457
-128
5429
-272
10043
-9164
-2625
475
9760
-9345
-590
1218
4420
12319
783
-1800
8760
-437
1236
7820
3910
5226
-4370
-2736
-2900
-7120
5406
10332
-1089
9600
-1564
-16
-5940
-2040
4590
-981
-7040
-8686
6660
-2492
10080
3920
2716
-1856
4968
3362
-2368
-5148
2394
3444
3976
-138
5313
142
8778
-2349
1860
5664
-880
-1800
-3465
4588
-6240
1682
2592
4536
336
-4361
6741
594
2394
-1020
-46
588
2310
5103
-5671
-1998
-1092
4800
-132
-3388
-3888
-3325
-210
3250
2001
-1980
-680
-2240
-1442
8649
5512
-1480
-552
-6045
-6264
3034
5852
6760
-882
-376
-216
-3264
-122
2937
-10283
-4455
3978
-629
-707
-7314
12222
6237
880
-1586
1240
6552
4416
-1887
-5668
-874
256
-663
3848
1410
-5538
616
-1386
-84
-777
-3680
3584
2368
1105
76
9600
-2478
3139
-14518
-4920
1524
-1554
736
-5400
-1326
3164
-8730
224
-8700
-1940
1872
-1050
1148
-490
-9216
1876
-5472
2058
-435
-590
360
2574
1188
1620
-291
6960
9760
-432
-8280
-1694
-315
4017
-779
539
1332
-4444
-1711
918
1608
1134
-2800
-1209
4600
-990
14632
10350
-437
868
-2000
7811
5203
4444
12519
-5904
-3002
-258
232
-8670
4365
-1326
4488
3283
16002
450
-7616
-1855
-1248
-180
-2730
-847
-363
232
8052
1672
3486
-552
10296
1098
140
7638
8816
-623
-140
-3770
-1302
3993
-4826
-5989
2574
-3128
-4731
-1782
2432
3337
-4158
2275
-4753
247
-6630
-1080
-1848
-7920
-108
6313
-7128
8700
7387
354
-1840
-1944
5478
-2581
2079
4000
342
-2108
12544
-4002
2014
10816
1716
-8645
-9167
-7006
-10088
112
-2185
5074
-13560
980
4488
-11070
-7250
5525
-2592
-703
1216
-5459
950
-13750
10578
3350
3774
792
-11448
186
-595
-5712
530
1512
-3745
-555
-624
-2538
-7344
-476
-9558
-210
299
7458
-858
-1702
375
570
9379
0
-7930
5978
3575
1332
3264
14514
-8658
6237
912
-1254
-1725
3388
5885
93
357
600
7956
355
-3198
-11856
5246
1134
-5880
-1320
4851
-9348
-2002
1056
-957
9996
943
-6391
-4186
-3995
-2623
4830
-4180
5624
-8667
3818
13452
276
6888
1248
-6688
-3384
7979
-9200
-893
-1064
8740
3953
2310
7811
6364
2600
-127
-900
5096
-135
-12826
2773
3388
-14161
162
680
2553
-7665
-1651
3384
5580
-3318
-792
11700
37
-6528
-4060
-8128
-576
6552
-84
2461
-14268
-3074
-143
899
-3640
224
10864
100
-1900
480
-7812
3550
2184
-236
-676
-1360
-4941
6105
-1742
-75
792
-7797
1586
-7232
-816
90
10302
-1494
1560
9204
-3108
-1320
7844
-3710
-2204
5100
4100
-3510
-4452
-7800
1888
-2262
-4200
-385
2376
7104
-4224
9
-874
5104
13098
3168
3010
-57
-7168
490
-819
-1887
-252
-10272
-450
150
62
6292
-6240
9840
742
-540
1680
1656
-4773
4140
744
2385
-560
966
15498
803
-2268
-3344
-575
2667
-10062
-10764
3520
-6650
570
-207
-2925
-870
-12744
6215
-8532
-1674
276
-8064
-4120
14490
-247
-4371
-836
-4107
3549
2320
440
1596
-920
4524
-2970
220
791
-2160
-740
252
4450
754
3672
8633
-2240
-96
-2728
6534
13038
-748
1216
10925
-1848
-1710
-110
6210
-8142
-4653
-360
-4191
-124
-6102
-3034
-11615
1862
-1140
3660
6003
-912
-1273
0
-375
220
1378
8510
4081
-1060
-2680
52
-3300
4234
-5632
-6292
-648
-3978
3969
-3381
-1595
-2415
3276
-68
-10101
11125
-805
-8064
-8460
-4752
4264
-2133
205
-5904
-7696
-3432
-2016
2808
-10260
-4340
3150
3720
-339
-1922
-2838
-1015
5964
14976
-333
4524
7884
-432
3922
-330
1200
-4773
3300
-4386
-9480
4181
1443
966
-3596
435
8836
11656
-11628
-856
-375
-4214
1460
1287
-7770
1224
2590
2945
7072
7626
4514
7980
1547
-216
-3192
4760
4998
5220
-4753
168
-504
188
1826
-1408
4047
9006
-10292
9960
-5727
448
-2943
7790
-273
-3773
-714
448
228
-1210
-1357
4896
-7462
2159
-462
192
-2860
4316
1935
3071
11000
-196
-6848
-3182
9676
799
9270
4356
9898
-2204
1072
1533
-1843
480
-10560
2360
261
7544
-5200
-5076
-931
-1764
2016
111
-612
-4085
-1740
533
-1274
1599
4970
11988
-2100
5712
-11583
2068
2967
4158
-3240
-12644
-2250
-2232
23
-12000
-380
-6666
-7688
-6188
7021
1504
-13986
2968
3060
-5880
876
4224
-10614
1014
-404
-4452
-2937
486
-380
4692
2160
-940
10032
11663
-7742
112
-10578
2465
1440
2156
-1050
-2610
-2079
2352
672
-1770
8541
3055
7772
728
-6384
1666
-10878
-1199
-4551
10974
-1143
-5247
8484
-5100
-2852
-4680
644
10769
70
-1536
-5616
2808
3136
1680
5772
5880
3103
-2160
3430
-8881
832
-9588
-3186
2070
6461
9506
450
1053
-2100
-364
-5256
-3844
-12250
-8640
850
10044
-10605
-7623
-159
-11760
13440
6500
1020
6916
-6090
-8118
-1470
7280
-2376
-13230
10125
798
88
5625
-15367
-4128
-7990
-2822
930
-4080
-5200
-11514
1360
2597
4017
6731
511
-15367
-864
-3762
756
-424
-700
522
8720
-264
-4305
4757
-1440
-2592
5084
1056
-1300
-8378
-10767
1692
-1248
12
11900
-1820
-728
306
-1110
-3135
2150
348
110
8107
6480
1580
48
-5016
14040
-462
-246
231
9720
1980
8591
-6497
-6
-14364
2520
-1785
-8176
-10146
-60
-2300
792
9072
-1292
-12584
640
43
6993
-4524
-2175
-48
518
744
-2128
24
-1190
7119
-5796
10527
10710
10212
-10070
7100
-2923
