2940
1230
4730
357
4136
33428
6110
28028
6630
1885
28616
20485
5475
19624
672
1170
27840
1932
25344
108
49796
16182
8680
6560
29892
42090
50344
4140
8964
18584
11935
33022
8308
14212
5662
4800
350
891
9933
2212
42400
4125
2679
0
143
25929
520
1760
32200
9000
1840
13356
40740
11928
17136
12927
5865
10800
17784
6
44440
32538
6232
34776
24780
5673
30240
42188
24096
6864
1845
7011
6916
36800
324
26290
25080
160
3422
8463
3393
8112
15870
12690
4402
13420
54502
13312
2838
3168
10994
34221
42240
37241
21870
11826
8190
1722
18000
30132
27328
6368
11753
4180
7426
9504
14320
5328
12614
4068
34402
210
25404
1778
46200
3430
10033
2074
9234
34136
43440
22080
26123
8940
2112
17766
47244
9130
7384
3655
10465
666
9052
39360
8051
3402
961
15936
14460
100
3330
5002
9450
40546
17484
1674
5824
13467
5415
21840
13800
46376
31248
20492
1872
54312
19305
10920
24120
34000
53345
5940
8378
3196
494
45202
2325
1220
2928
1918
2394
22944
5353
34402
12312
15914
21084
3456
29040
9768
38720
7560
23546
28000
460
35720
24963
804
27390
375
3300
4992
2040
58696
16617
1884
17544
7676
3525
18326
16008
5499
13144
3380
8307
21574
7371
816
15255
10512
2717
574
7222
0
26160
3196
55776
11316
2016
60021
7880
8904
5720
13066
9976
24108
13603
21948
5611
9922
10716
23023
17954
28116
23153
46605
9310
10452
36244
13622
49880
7626
9891
13975
8662
11124
13530
3724
7140
1085
24881
16380
2625
6696
130
28305
2684
1496
616
13115
13617
20826
28810
7070
744
17900
12876
22736
42845
18040
21025
23490
6272
2604
3948
13746
7040
6930
21168
26040
2440
13246
1760
3264
25347
30545
0
41300
8760
29925
9230
2400
1336
18879
4674
29580
14883
37816
22701
14718
10731
58794
11312
4818
15120
22050
42720
11625
31710
11160
4774
14406
20999
6930
13400
1848
1190
8251
573
30825
16150
33432
8280
13122
5699
16019
4664
34645
19030
58302
26240
3216
22506
9844
7668
672
24752
25591
30108
10864
450
20570
1494
22200
24649
3648
3255
1323
8967
26280
7266
19240
44128
18612
4788
6200
18600
28160
20160
41322
20746
15600
44286
36542
8760
3213
5278
51792
18720
46230
1400
32725
11856
20254
14640
30240
2331
6144
43617
27225
17732
36192
10285
6700
7575
6215
2145
21590
15708
8910
42716
266
144
26125
3280
5412
11330
3864
11907
57708
370
28171
32928
810
3894
1134
13231
12927
2016
17150
19173
2201
31980
20355
34220
47432
24048
51168
1220
56025
36348
18245
935
85
176
3648
30988
23800
14094
2475
46440
15631
15375
2270
1362
46
34496
4284
12324
22950
34350
13390
6000
8228
3420
11792
29614
18232
5848
56
7280
1328
10252
1826
40179
44286
40420
1476
24360
11184
32706
18796
17673
31623
18352
60024
26936
25740
16800
10980
29304
53846
11692
2330
690
9100
3844
640
33396
19880
1900
104
3762
3723
36335
6741
20828
2900
2144
990
14580
3441
9408
16704
44082
16512
7161
236
13176
680
17920
21505
12805
2112
13398
1544
8120
1007
6699
19980
1980
30989
42303
26730
16541
2187
32955
15540
22360
26565
36924
41790
13760
1548
6873
11970
22401
15104
32571
18216
34965
2898
37800
850
28305
5162
4235
37523
544
6588
5976
7344
34425
3306
9983
19872
7739
2508
6408
1632
21240
15478
8750
5032
7776
150
2232
3944
3930
32619
45248
2703
23400
43681
32942
38368
27816
15476
13430
37632
31265
13035
11495
4914
7800
18492
2052
62000
45008
33839
1253
33371
28380
24700
6887
15050
15996
48057
27512
6112
6678
1428
29359
5291
6150
35392
29884
6004
30368
28684
4171
0
6096
5280
7776
51300
12818
9940
26983
900
12614
15232
3248
11786
4807
4720
4788
8601
24800
4940
19780
8018
11102
11770
19780
29388
15776
37152
4392
49450
1625
114
32524
23370
3289
17444
10150
43425
1848
294
1656
11997
1566
1377
18620
38934
90
19404
6771
4332
10875
2538
12788
16836
388
736
17030
830
6930
3162
48375
23184
5668
4550
9696
3381
29875
10164
30012
9250
2465
12122
8428
3600
1640
588
12400
3838
32800
10191
690
9940
8874
9310
16985
2907
11220
3760
29140
17563
14028
22140
7406
7738
24219
17538
21590
5211
18837
37044
7316
9016
13858
21420
16740
6771
10115
14994
40723
46002
25550
2520
6634
36400
14628
24881
12875
27178
5280
4016
16975
26880
19080
7452
8892
2548
23391
39008
45570
2847
45864
22632
13104
2370
38556
23707
19136
24939
3304
29747
52998
34800
31878
952
32752
15520
27772
10250
8041
9971
3553
18260
6174
52710
10192
25544
10485
6105
31262
3906
10494
9782
15500
17760
3036
37856
25080
6160
8136
200
36000
7070
2544
29172
9191
10829
630
396
11115
1995
44270
120
27328
20634
5887
16884
14196
2077
23760
20732
2470
518
23352
42903
4048
7421
13284
627
12257
7950
0
19360
12008
43259
10488
12992
41992
38801
49368
15168
7884
30481
2996
13280
6656
15132
27840
13156
3060
7920
25080
6969
5724
7791
4896
50544
4131
30360
25728
1650
3904
5852
23490
26390
9108
9272
15264
0
17712
52819
1575
22704
11529
6867
17820
3096
10384
2914
2376
1924
4125
54026
9785
30704
26230
3504
15855
46384
12416
1507
3074
29088
24830
2650
3796
13392
697
11840
637
4800
12744
34578
19044
10944
455
6615
693
44030
4114
43596
15912
6882
6204
17535
19530
23353
21500
19936
4137
1287
121
9234
15611
2814
3234
29575
52459
2560
7371
27008
2587
648
11985
306
1575
420
8103
6384
19764
3366
29028
1785
4578
43737
22368
2496
1512
7242
22684
15544
4715
9440
7980
50347
30080
13833
1020
1140
5508
2210
9143
8127
1807
2407
4712
25149
360
29520
672
22984
36354
9282
768
14608
9480
6160
7904
12879
11737
4163
12672
35448
33847
4141
14700
29213
17028
3876
47864
4161
20928
5400
519
2772
26100
50020
4031
21714
8840
41040
11076
18868
18603
3776
26643
14352
6273
5856
1665
33252
9396
12005
32864
9405
6384
32880
5250
2784
14484
7704
4746
2030
34572
7770
2820
6600
10465
4260
3915
14160
14520
40500
48578
47700
50140
11808
608
48880
41886
10865
26069
12240
14625
6600
25992
8094
7807
4672
28050
4750
3288
22936
30804
20750
3234
2436
26838
37680
23232
4578
46482
6692
840
32640
7105
2460
15180
8245
35640
8880
32832
31442
3283
17596
226
15408
33810
55930
2641
16128
14322
11088
360
948
10080
10455
4940
13065
24674
1812
24804
25500
57348
13706
26316
4590
9191
5628
4930
17700
35552
27692
5352
26892
6344
8470
4410
18915
43870
21012
1177
2033
17864
10428
8633
3975
17925
3186
10080
18088
24742
32226
42009
1880
19140
13230
8978
27068
7450
28288
35112
13338
3655
2465
60021
3526
4715
648
3666
4324
15394
12090
34300
20241
25000
2550
21408
10292
18392
28750
1625
6149
36080
0
9212
0
14924
36015
29414
675
3740
55104
46620
3536
36895
12537
8280
4278
11132
27354
197
9306
4780
17112
44103
15330
558
4048
612
1162
7105
42175
40080
6370
51870
2408
1026
34615
27400
4773
7056
20916
3300
30345
37107
17570
50546
22557
7469
2064
25668
58515
4698
1215
3348
14592
2052
1113
7440
15040
9844
2624
113
621
6318
1183
950
3876
2736
25800
4374
4600
6396
43737
14310
6630
25080
12875
31941
24072
20520
46284
28730
34860
4628
10062
495
174
1620
28000
348
28800
15015
20306
3224
4784
5994
23040
14098
2295
42828
41678
11150
12350
3300
47236
54467
0
18696
45008
17424
18156
37682
45144
33984
216
22896
19635
3612
9718
2430
20140
10120
4940
15480
1980
7866
44
2650
35490
5720
1980
29646
22995
7000
4272
29737
9432
1593
5580
19584
27664
26352
53088
560
13680
4352
3192
7488
47385
7280
12402
7308
660
10614
13195
2610
2862
33616
6825
24552
19952
11520
24000
5289
4488
6273
1071
13920
16132
30464
6885
48510
456
4473
13910
6643
36400
7980
1577
21901
25056
40068
2210
49720
49350
43000
2400
2527
41552
33852
26260
4284
464
47478
4935
47718
2832
38127
4360
6958
3317
14579
36673
4833
26316
11925
4334
15000
10336
1232
4239
25048
4025
10208
6162
27776
37260
1584
7020
21094
9577
20500
31892
1926
9462
17576
16366
32379
336
7215
30780
655
19536
9701
62
13899
12848
4761
2120
5073
3276
1470
1962
11468
13875
20790
54180
23920
2958
8250
16872
9515
8832
1449
572
2376
12532
20207
20727
1380
2457
21593
33415
14751
20636
20790
1984
34945
5412
572
23701
21830
5068
144
7938
520
5244
4752
20800
152
39204
2982
6200
13747
40586
41664
29820
38070
23998
7632
10229
52891
7584
11560
24624
24528
7770
12980
3249
23560
4080
16016
1854
2704
7439
980
12084
10001
776
16848
35030
0
14602
14832
2856
43575
2057
8585
5550
21888
18988
1404
1590
55118
6188
58420
10033
12825
46410
36200
27160
8600
14616
11220
8132
8094
742
2805
49951
10800
13440
8228
11300
29400
522
1130
1098
30012
15810
2660
51980
10028
3003
48400
30561
17168
4554
36160
14000
12880
23896
10324
10620
23345
1064
51076
9384
19261
8930
20651
49894
34780
27648
11176
2537
13200
8700
204
33120
2310
1358
5642
43164
1302
450
164
22308
623
22100
18437
18748
2196
8568
5084
4212
6177
31455
23400
25553
34320
34958
722
10899
22125
5248
13452
40194
4512
8405
10530
2196
9184
15870
7960
40986
40913
16104
5676
768
57228
624
11297
32308
12276
8084
20995
889
15744
31450
60025
35868
11880
47685
25573
18281
6111
48070
29678
16766
25647
29256
2232
15531
25160
7742
16432
29145
33201
1970
27270
33908
27880
19890
2266
2670
40964
8015
15624
30758
49215
17680
14301
47216
4747
28860
520
21922
4416
1520
22454
41825
4650
24805
1932
7626
32258
4140
33840
7080
51574
8305
560
1705
17080
28236
26931
3977
12640
1687
2610
2565
7420
47861
3332
8676
24310
1104
51528
14231
21420
27104
43708
833
14385
6240
4320
7062
10856
51146
13206
29651
10935
12474
27485
33534
5959
13330
26640
9996
3204
16287
18779
845
16224
39093
370
13780
52858
35970
8702
16660
3944
15150
40095
25992
9912
726
3925
16112
53074
29051
54531
36765
88
45684
4158
5928
22464
3390
3799
5307
2160
3060
32376
16485
1170
15300
43225
1161
13020
3520
3965
2294
210
4104
1122
26815
13462
170
8272
7014
27474
1701
1445
13728
17952
5508
17554
3450
57599
25344
14688
12240
18336
3476
41760
1104
15088
9861
2397
3150
12
6230
10080
49473
806
15522
12798
12792
3120
30294
2220
12880
3096
26322
1393
7700
38610
2678
36207
4268
13230
1431
6720
3190
3210
12740
11935
18318
27606
3630
7104
4096
5104
24898
1680
5886
9936
3298
910
34408
7872
4959
11830
35427
50200
17776
6519
3328
2071
17301
37422
2805
24156
17319
44091
24304
27081
53460
24486
29516
30420
14818
4775
3540
32745
12993
38009
2464
27846
12640
55590
62244
41707
41087
27612
35970
8792
10881
55626
16002
1650
22018
4470
3600
2440
37742
23048
44000
1648
4230
207
559
24804
42824
26712
38766
26460
2220
3332
5810
9360
2640
43920
6160
11076
5841
26445
4008
40586
34333
22451
7920
4699
11165
55527
13446
21364
20874
4706
26100
8736
7952
22848
19840
2640
3774
11799
29600
26884
8906
32005
29051
12604
9000
11692
31164
6384
7280
22912
20276
10974
12036
1175
3500
26195
25070
34773
10293
7564
125
45652
798
7222
28560
15150
51260
16383
7315
6030
2208
11592
16046
21168
29070
22971
19604
23736
15006
11484
4788
15756
42064
7296
759
14606
45920
17577
6417
18180
11328
9860
8700
228
13464
35800
3211
6984
5888
44600
3920
13580
3933
20592
15194
52210
5720
21160
43596
26055
32076
17072
6642
4221
2472
18040
27084
1710
28296
28302
10362
20915
28152
26680
30429
7738
247
10797
3185
4256
10556
12540
3807
5460
18975
1770
13916
5400
22470
13680
880
4692
15600
17125
43470
21252
254
42020
20056
26656
27951
2678
11448
32248
3120
3074
642
37170
2200
2240
17030
7638
21060
15535
30464
15792
3600
18522
38817
8670
18720
29184
37114
15540
10234
35100
5985
32109
3422
6930
54253
7152
24934
4158
34272
13176
10440
1421
23572
5217
34655
10168
22155
35525
13072
4515
28536
11584
16983
41584
8449
22750
55944
20748
4700
6840
28203
2080
15065
13376
1344
33565
2205
5675
162
21465
10718
39312
23837
32512
23970
9280
10293
27888
430
20685
4292
17430
5814
645
492
13114
1062
186
10918
1760
19261
6952
2961
51376
22680
56880
9975
12213
6448
2541
