-720
7910
-3901
-7125
72
8200
-3440
228
-3132
-13284
176
-810
6592
8208
-5510
3780
-6290
-2704
-3712
1065
-9639
-12826
-8806
7150
-1003
190
952
-6370
245
-836
990
-112
-882
585
1054
-2380
740
4785
4717
-11514
-1892
1349
4452
6210
11000
4292
5133
-1521
-4708
4922
1590
-5830
-9153
-3540
930
-11253
-13640
1368
-2052
-2622
-6204
-2310
0
6069
-3999
1722
810
6552
0
1926
2520
4000
-2720
14478
-2726
810
-12288
-1209
12876
-3441
3304
672
7742
390
7350
-3564
1224
-6625
2156
-7728
5424
774
-5368
1342
-6210
-1712
3752
-7168
-828
6853
390
-8184
-7544
-2784
-5428
-5913
-3078
3910
-1755
1590
7488
1729
-928
-3672
7616
-3136
3910
-6018
-480
-1806
4070
-12870
-4189
-3648
884
7169
-110
-580
12154
3060
935
3410
3612
-1020
-9384
-782
-3762
6480
-14391
-130
-10266
11934
-172
-2310
-6090
-640
-6160
38
0
-3975
-11011
-8424
-2900
-390
-12705
-335
3465
-294
-7524
6700
3136
370
756
-1274
-11877
-6231
2196
-2250
-2592
-5616
-525
-720
-3422
-306
528
-6962
-2450
1680
10764
8687
-10540
-8393
-4477
-1798
-1512
-1472
-3366
4104
2772
-462
868
-228
1200
-1794
-2688
-10115
-3978
-520
-544
-340
7990
-4256
2915
1343
900
8343
7020
-1222
4370
-4872
8692
-5229
5490
14274
14520
-3360
1634
120
1026
1602
-306
9125
-104
-4346
780
8910
2852
1512
-1617
4500
-11817
3480
-7038
-1264
5016
638
4403
2666
-987
750
-8436
9021
1805
-3364
-126
5162
480
-924
378
-1500
-1479
8073
-1312
-5875
830
2560
1920
-416
-5610
2033
-10922
8588
3264
-12566
4278
228
-3186
-420
-1596
-2291
714
-6363
7085
-816
2299
5952
4440
2478
-14022
-884
-450
9047
6552
3116
-3213
0
-5175
-893
-8378
-7130
-44
-2380
-4140
-440
1428
-184
-8308
8176
-8455
1008
-9440
-840
-1320
6820
5332
5610
-704
2916
3393
864
-3068
-2784
-10212
10540
9309
-5472
-6290
1221
-2232
950
1890
2277
-11088
-6670
8064
4235
-1560
-7290
-3735
-5100
4806
-3132
323
111
-1344
3960
-3024
2412
-12296
-474
-1482
64
-2320
3534
6477
84
5025
-8073
3534
26
-5236
-600
2982
2970
-4600
-3900
-3234
-6954
-10212
-8632
1590
174
-594
-8968
-9102
13804
-2976
5796
10057
-2808
-3910
-6615
-6669
-300
-6408
-1422
-2929
-3120
11132
-4816
11904
2268
-816
-1681
6624
-5936
-710
-10788
-214
-2352
-806
2360
-2079
11615
-310
-5382
1056
-2562
-2400
6954
-2090
-99
6095
-680
369
-13552
-2730
-3835
-868
-3363
5184
2060
7728
-1127
12430
3304
1386
-1836
-11400
-8160
-117
-6596
-3040
1547
5460
1488
-782
-3102
1624
-4784
-7680
-720
13923
-2280
2088
782
1853
4959
8820
-5248
1682
-612
2499
11865
2640
-9900
-11532
918
2106
7663
9196
-4200
4464
8096
3162
-1785
-11300
-2373
-260
9075
875
1768
-5850
-1998
-8428
-11564
-2484
-4100
-1780
2613
720
1760
-333
11639
400
4104
-6889
-8944
702
-1001
1456
-6588
450
-638
-4704
-6188
-76
-105
288
8787
-1450
-1394
560
4576
-2142
-9576
0
-435
-9462
14
1274
3737
-1860
1728
-767
114
3525
5194
-902
-2108
-812
8395
-2451
9794
-2607
5145
1440
11125
-108
-9594
4559
8300
1785
-1254
209
4560
-2686
1416
-2220
-7182
-148
2635
184
-3060
-900
5311
-2380
-6570
9360
-952
-1430
-9504
-2442
2208
975
-7316
-3549
-9126
-2277
1116
4806
0
-10695
2231
-938
-152
1173
6006
3390
-8374
-8085
9072
-1225
-1078
7280
624
1540
2728
-7622
2178
-780
-2574
1372
-7350
-4410
-850
-155
-2100
-8991
2754
3977
-630
-2115
0
-6555
-560
1800
-13161
-3135
9150
600
3577
3420
1938
-3640
1125
7120
-1305
-6480
-432
1404
8004
-5734
-680
1888
0
1170
-11124
2236
-12375
59
-2058
-1653
6510
5202
2852
-749
-318
-1780
5840
1012
-6045
-1212
3480
2720
-10830
9379
-15004
1037
3588
-3432
7680
-3922
3975
-114
2964
-880
8964
-2436
2562
-1605
756
-1449
-8190
-7347
-2176
330
248
11532
-8736
856
-3432
-1073
-630
-3808
0
6864
-4056
-306
-12200
343
-1335
-1786
0
-720
-10980
-1508
5376
-3526
486
405
-144
848
174
4864
476
5192
792
320
6588
-1350
6804
4814
2756
222
124
-11811
6360
4224
6111
-464
-109
-3362
9877
-406
4914
-2144
4819
1136
4407
-318
-4130
3680
1128
138
2436
7128
3286
5301
3589
5865
-105
11040
-4840
-2970
-3200
9010
4445
7015
-754
-976
297
63
-3869
-11718
1920
-945
-11088
3146
-3150
2516
1672
3306
-2511
-13068
-2755
4884
-4004
2001
-110
912
-6254
-539
-961
3468
-1134
104
6400
3876
-6438
-6380
-7254
7194
140
-5148
-4836
-2401
-5394
-2668
-3172
8505
-5390
798
-6844
2490
-2508
-7310
399
2210
6549
-10465
3182
820
2494
-12765
2400
-1332
-4484
-7921
16
4420
-15120
-6875
-9345
-800
-504
-470
-8400
4368
8316
900
-3630
-2666
124
560
3570
9394
-12524
1365
8932
6954
-6200
9048
-434
4554
7776
3655
-2394
10680
3776
1292
-1080
-3071
-330
1734
4000
-5508
5460
7169
1488
6440
-1488
-4288
2790
3782
3672
-5520
-2750
-156
-2537
-7568
1890
-1548
-8989
-6490
-2409
5427
256
-900
4067
-2907
10290
9328
-12947
-2272
304
-118
-1862
0
-736
5760
-198
1584
5550
-190
-10004
-1536
2256
-2821
-15006
-540
8296
-8120
-1200
-60
-1728
216
4248
7540
625
488
170
7920
0
270
2231
-1368
1464
14625
-960
-4950
-3393
-3705
80
12880
5043
8050
-106
-2332
4216
-656
2380
1904
14884
3283
58
-688
2322
-798
-132
3683
1089
-1067
6804
-7198
-15498
399
-12769
-3298
5044
4340
-494
-8652
-4116
1155
-10584
1581
6090
-2109
-103
806
-405
192
672
4692
408
-3700
-3984
-2916
-2622
-14605
-14238
-6426
3286
931
832
-6325
-3120
4012
3995
-4565
-1577
5664
-144
2730
3087
-1824
-5852
11008
-5340
-2668
10918
3000
-2982
3290
-630
13312
13530
-4920
5810
-4445
1104
-4452
-3975
-176
2060
1339
-460
-8960
-544
1406
-6693
-2738
3200
-2112
10296
-5244
2170
-65
3479
-2530
-1785
6402
-962
3645
2900
-6695
2139
-2883
4648
-176
-7440
-528
9405
-51
-88
1365
-931
-2346
4368
-440
-600
-6525
-1898
-3984
2496
930
-1995
1998
-4940
2366
-5208
1287
2300
-7620
2838
8568
-4758
-4161
-1725
1079
2574
1380
-1980
610
704
7350
9512
-2376
3071
-7030
-6100
-5248
-9844
13224
4958
-9945
-2457
897
-867
944
4524
202
-5456
144
1505
-392
1520
10033
-5544
5776
-1482
1904
-624
9604
3
-3250
1199
-216
-2684
-474
-9858
-1716
-9779
-10488
-3285
8505
-1978
-245
-11970
2208
11760
-2781
989
2400
2678
2772
4743
342
-5151
2604
-8160
-910
2070
2067
7519
945
53
1920
-5217
-120
-2023
2208
-13500
648
-1272
-8080
1173
-5775
11040
2130
-510
-7018
820
-8436
-875
3348
-4221
0
-12200
-3128
-3900
-2988
-2716
6496
391
-2130
8850
40
-6384
-5893
0
-6204
1620
-4602
-5824
1200
-5612
-1476
-5856
14375
3016
-5395
4187
-858
-1314
-1504
3800
5236
-4814
-714
-1840
1824
-8262
-1976
1581
-10283
-6699
321
186
-2552
2508
2300
6160
-99
9945
-1380
-2048
-1628
-3990
1368
-6097
-14278
4774
2860
2700
4026
-816
3717
-12317
3135
594
5712
4000
-640
6380
416
-11220
2320
1900
3808
-1190
-2442
-288
286
-4928
1026
4272
-285
-1029
512
-264
-2600
-1029
1326
4758
1955
3959
-1856
-2728
-8096
-3978
272
1320
-2838
-11160
-3363
-3276
-1377
-6273
-4361
2090
868
-2028
3978
5829
2208
5166
1767
-780
-3111
2135
-6090
-470
4940
5395
-2813
1482
-448
-1147
-3480
399
-496
2490
8614
1539
432
5335
231
2622
5762
2400
-770
-2583
7326
-2832
464
-5040
1853
-2652
-12154
5612
4142
5432
9879
5782
-1100
8775
-5310
-2310
-3168
-7371
-962
10120
11770
-858
-230
252
-10285
-140
2646
644
9120
-846
6380
522
4940
2880
-8960
-3996
1113
-2025
2737
-3306
6762
-8944
-1275
-920
-85
-340
432
85
-6016
550
-1363
7192
-174
-206
4860
4920
-7854
3200
11385
1752
1200
-462
11934
2100
3196
12032
-3451
4095
12222
-9960
924
11067
-7616
-3465
-10812
2520
5307
12
-8816
12600
-2697
3772
1060
670
1180
279
-13589
1480
2214
-5092
-4730
-1296
-3410
3480
-4180
-3328
3672
13221
-3192
0
-13572
-2266
-4824
-1020
1313
4840
-1010
-5782
-8030
8245
-484
405
4191
6164
1950
8040
-609
-4224
2442
-4872
-5928
-13750
4264
1050
9379
1488
16
-1540
558
-420
-9558
12028
-896
2970
-1776
-3657
2156
-3776
1417
-122
3680
528
-3348
-9009
-6966
-2079
-242
364
-11718
1392
10
3534
-10769
-1173
0
-9024
-336
2134
1660
-11979
-12614
3069
-8645
-588
-88
-462
-2700
3731
666
-416
-64
-783
5538
3034
-8346
-3304
-1675
-5280
340
2750
-2673
130
1245
3922
3360
1410
2457
14364
-6099
2728
216
-3120
-462
1290
-945
15
-2755
-340
-1548
1188
-10648
408
-1608
-6572
-4620
-3234
6210
2464
-3927
648
1488
2938
-840
3250
1358
897
392
-8165
-3630
2754
-8372
648
-8686
3296
7548
-6438
3813
8874
-2808
-2736
-3348
-2286
968
-297
476
-9312
8938
-1750
9639
1254
-3996
-1728
-1416
116
-3663
6204
-4087
-5499
-3150
880
957
343
2964
-4620
-2400
-9810
-176
8932
-6586
-5900
-84
3840
7828
4095
0
3825
-2989
-14883
4615
76
392
0
2597
-7935
810
11845
-5544
3960
-2784
6300
-3496
-3683
3944
9180
60
-2530
-2448
-2900
2623
-3277
-1178
-7569
-7663
-2970
-3136
-2160
4736
-8502
-3286
-11554
-9882
2546
9306
-648
861
5372
5096
-7503
297
356
-8250
134
-7705
8520
-1128
2345
-3068
650
-390
600
-351
684
648
-1392
-2552
4464
214
-9072
1924
470
667
3822
-5253
-66
-3286
756
7375
-2494
4293
-2222
270
-3450
6976
4797
-1260
1080
2575
-11970
-12827
7857
-2090
-9200
-4270
-9576
5270
1900
5494
4968
-2880
7519
1196
-5820
1104
13734
-2392
11682
-4929
2185
5405
9880
4028
8092
10283
-1751
7140
74
-2090
-1053
-7215
-4757
-3198
1275
3213
-3266
572
798
7560
0
3193
1750
-1785
10285
2048
-6000
175
-10624
708
-5476
1836
10355
2001
-368
-153
4160
-2376
11220
2599
7812
-1656
-1880
-182
14224
-2146
-2266
3240
15360
4662
1960
-258
1026
560
741
-5332
3159
13054
2048
-2900
-4343
-3540
8970
-3115
-784
4650
-901
-4080
3942
2156
-540
7085
-468
118
952
-2619
4026
-4560
-11663
-8625
-8137
-10488
-3025
-1674
-9776
5561
0
-8979
-2208
-2400
12125
-7470
-10403
-2460
1984
2015
-10764
2024
112
-8625
782
2204
-4828
3348
682
177
-7192
-6000
572
-572
-1120
10976
2376
390
7296
754
3306
-155
4403
506
3584
-3737
3230
105
76
-7458
-6728
33
2480
-5704
-8576
-2394
-165
8352
5865
-1125
-2622
-2080
-2436
846
-6424
-1666
-7198
-3300
-1410
3955
8346
-10701
-9690
-6240
0
4290
-4888
-12208
-671
4655
2132
-2607
2704
-488
-1785
-1199
-13144
13716
12733
5084
424
-13924
5073
-4015
-2210
-708
-5544
-6844
127
1485
10044
-4050
2530
108
-7480
-498
8769
-7068
40
11424
-340
1806
-2112
5668
6300
-4224
888
-539
1152
-700
-2460
-1387
2392
-2574
-5967
2486
2581
8360
10682
-2418
-1313
-12400
-574
12954
4563
-4851
-5760
-12
-2788
2610
-304
208
4094
-8960
-1326
-5850
156
-174
1260
-5518
279
2015
3131
12160
1044
-825
-5893
6440
5830
-1224
-484
3432
2034
2244
2730
-4625
1309
-10234
2419
-2940
3286
1554
2914
236
-928
-336
-8190
-192
3720
-93
1330
3410
280
7370
310
-8400
9856
4095
-2475
-6160
-540
-1936
-664
156
-2001
-500
-2544
-315
-2180
-7566
782
-720
-7224
-4760
-5992
9120
10580
-130
12524
-1612
-2205
-3015
9350
112
-7544
-1550
-219
884
2449
5264
1330
833
-258
5478
-2200
9180
-496
-11312
-1800
-468
288
-2200
858
3382
345
204
11500
-4181
-348
4368
-4250
901
-690
5548
63
814
145
-5460
2898
-4806
2436
5670
1440
11303
0
-254
-576
-3792
4288
-1365
-405
-7979
1602
2870
-4300
5841
5700
-4416
1054
-2703
-2438
-4018
35
-2520
1116
-1156
4230
-11214
6678
2714
-2108
-11970
2160
360
-2775
-450
-13125
6696
1335
-7169
-1649
-6528
7320
4532
-8118
12733
-6794
-4284
224
770
-3854
-2139
2480
-6552
2046
208
-14208
-3255
2508
2074
-9840
6132
2520
-3298
6741
1340
374
99
-3149
-3431
56
-364
-2009
-2450
-3010
-5915
-4845
2173
-660
-1485
-259
196
1692
574
-5402
-3712
-2646
290
2475
-2303
-9701
2580
918
-340
5073
361
-57
-6510
5082
-6399
-5124
2376
-819
-4284
-1225
670
-7085
4860
2970
231
