1007929103
24917500
251862876
324470268
232539412
133174268
68620565
928858583
1023348183
29832180
927207517
1023479104
491832159
83150813
322254599
265601036
207473941
58131263
132075789
1057026071
1037270863
320681203
336003521
30233684
340579795
67329375
486362117
1070797889
1023161799
231689540
132067389
217398483
828182367
224149277
905410327
390529333
352636951
125067132
475480143
22278195
66916656
810930503
895434544
348446023
301974593
265674748
829624691
71532019
271807308
72709453
1012789621
74653043
835976575
326229252
97452125
251680588
333254461
536612308
206782416
24461425
87126037
902877011
17243188
118706483
274481137
936689988
15807487
282871069
343096412
927232477
268688593
332723253
366298384
536640769
1061537567
353760501
13485279
252804560
1010892060
885268225
291246133
18707411
293035087
1031008448
117732565
880232253
889421300
1031656404
125296401
936853525
55904115
483460599
1007957044
359923699
320731123
821874951
289692885
13582151
937381325
50414931
12587127
355761153
894898295
337580860
53531845
826537459
838672253
857001008
5440373
7347549
222690767
821058752
1027560437
482546935
885869825
252972341
869748083
14090324
935790451
521229820
29737471
1070649411
858863365
272830412
877679445
521655567
5005309
1058918271
819065859
390923212
21053781
55923141
268713821
876630133
810536388
859921436
265286723
225957135
64773313
332910615
219103180
218905853
492093895
1039216975
827130164
203414788
74925904
84934515
219952065
1030770948
813645852
368336079
24399093
1061156087
257900916
872500992
1023418192
808710196
225526769
809513015
1012088835
70582384
869023511
484431053
894686207
1014002685
224189492
340785091
819840064
351613189
871615839
1062039744
122909140
868467137
475299661
218422583
835016573
320651731
483872791
525128028
894303300
98376976
1060123909
255908940
257020993
930303837
860165441
98552916
349241680
223104372
818138307
89347184
886144511
125060915
4017392
22543603
208994175
218351047
334545091
264257476
89092948
349029617
877777684
337384671
886275927
225822717
1851152
925982529
85837585
74546225
390460785
83900369
876401687
335533296
1007094815
284481500
281526359
80825429
5602397
1057084272
829427797
930595293
259339632
836596035
50580541
819404567
903158868
55530815
822997009
393593981
925906172
205604108
872219891
4314305
827716820
878658755
222156607
319046967
876875635
284443983
473973069
215958999
339817541
257704956
292638660
386338868
827803645
1062221264
807387253
525583351
231994609
1061670993
98309964
483399119
92042333
486748412
829689301
399499057
13620173
133546100
324525072
80009213
819217872
1020524415
366948671
21169159
64476496
343360789
477351132
118604095
868467971
66444381
123147280
534200780
860341520
85456147
936706316
878460117
477311444
923071517
341064917
856951935
1008012631
810513757
1064598804
290767297
264569309
16220151
870314781
358437756
264501105
487603268
523509233
830414791
859246579
271959900
356815
321917213
869220348
1028716369
1009828659
23064835
488376115
855838796
21225235
390972369
298266899
334519749
1024406388
324207941
353335045
251859185
473396083
22369615
399330372
335762372
860178193
85970183
267407440
876826829
389887871
476006173
89199809
877665296
1012206912
264253889
475025860
341299701
813450487
327110455
84399941
829685505
343678224
254887159
523572295
1556543
393502023
268514175
890705181
89342229
389904339
289873868
823332033
822607620
937181557
255131933
335893965
267859904
525825521
224201924
503103965
876036479
863263967
532749763
83629905
857210060
54875971
343891039
905190449
207581443
527896397
817945980
810316560
1064664388
876688196
1040003852
521155377
816129
1014830032
30343508
84398924
888963061
877396343
338904159
202333199
123538897
80835329
477158471
131346557
87151679
520356147
1031099743
207380304
893646148
214748940
273433365
905392435
223659871
4715521
527907907
254804821
322765133
875584863
897041713
340870337
230999239
65008645
889664531
809747276
895244273
201641269
57688399
5451968
207079373
256705821
32772471
520949788
924141047
352157521
855759885
1061418775
118866749
357357424
873452759
283114517
324472180
72404243
1014763317
525600084
935457119
786499
324261187
217892816
870061527
391200723
869495029
1027472717
902759921
525128663
20406223
208745759
201602517
926945559
532938053
234870093
80043281
268684499
263492
1039413699
896613491
55327967
877415697
222352433
905272688
4014343
50543815
72291780
902090829
390558917
1024585968
29360388
225922385
878665589
930217233
1024843584
878542661
21986620
1027682559
257916925
389485009
894270740
838090748
861688273
202371869
1057305807
353437120
872412352
32731484
288407645
13572095
360140925
273433407
298633213
300955485
895341335
12901459
1062336307
873224129
342906071
356856060
880742896
489770817
402507252
483750000
873787893
20782300
930291068
222253008
870113029
1011645489
324343133
893383924
524555727
301822749
835046725
55561411
354162485
808652852
335349047
340837331
324868045
819217687
79807821
894423315
84803411
483384663
886885692
366744887
253718621
829510737
320142541
809726739
894646227
501021789
926728512
219380821
12859347
320016325
521272336
863819540
525726579
282080591
293032797
29476175
399318257
499514461
132060659
829492673
51402517
889533397
821047413
903311820
369089661
289396725
17063699
350058289
231765443
1060490611
214783181
73168348
201677891
224183572
320197661
72709495
489763599
525341532
1022394311
64013084
288560212
259872049
524508276
91583356
521533232
273990013
205637381
32576989
198083
322237811
903837005
386088732
894899440
1019236371
856962140
1012878413
265248247
224263476
252498703
123671357
390333759
51739923
122146676
1026575731
808523637
477984113
67957509
938954033
232213620
809553779
806647071
90135552
214176560
856494276
120616193
20281093
821385207
1028869580
894791733
256053699
871398657
234046415
503075925
876951409
528478429
335933695
805600624
360453377
324275679
340065397
1023690003
66911345
926090227
1026556980
836502721
320688132
939381020
528429168
339804277
125634385
472938291
823254352
55529429
268793815
1063247199
88166356
873730253
889573757
22040771
71107029
286068032
322129757
318980951
1023661333
901975159
356777423
523439424
207565649
474072157
16581116
118841137
838796592
1011339285
222626268
259478477
1039163261
872381940
873471300
202448321
825295735
494730268
324222064
469859537
856637651
232736053
118227404
252760895
875811900
888193813
475527153
219159799
335379533
864026453
324222917
7392581
319230740
202899413
55926640
214111484
926692828
822543808
20712897
298044487
1060949105
55014208
84082965
22237685
323223887
339599169
856031027
233962560
85410063
269538803
486547420
924306931
298963140
256659541
365294032
284195965
923219157
342967117
203183367
31440960
822572023
386675988
1012777153
1028857660
326979523
880591088
213940183
938529907
886248695
926139761
885913085
1070396753
226353148
204812631
223838207
386072915
71123263
1028420595
1020330949
265765892
1060237597
939265987
224227343
399786801
67358067
290653680
887092291
525323585
336416829
267778007
323341341
130938116
5373712
872464733
888148253
231005455
58659845
336876016
203231231
231689548
259081459
334983423
81003789
253576244
256988464
503139452
398816631
209188672
1069675391
824000772
1011679223
1069839423
99701068
521346551
487881788
491243287
835802397
53753153
274057156
269277120
30654724
524768215
119009347
503066868
1040004112
823489285
398524611
1020022775
353579012
875789331
322436593
85294961
402083903
819409937
29740371
401667135
1011154239
285553619
359927105
53859583
886903555
321933296
928465367
343723088
1071396615
71819255
131068764
878146004
354222967
331369500
121106685
339167024
889279441
285263664
269337439
282195269
16987980
475234099
53686773
892367619
251883791
30480372
340988212
30411985
983808
366277380
96859100
890630263
502789588
387826495
221598675
874270527
893654108
937366325
1010859807
470025047
274144704
860870083
80600271
259404
809972080
879877316
889681399
222352755
525284628
13651165
56430848
269243717
807391344
30537667
470930768
125132624
336605212
1073689076
340129139
1019270995
923996127
399246325
282580220
487644991
476012339
24604727
885196564
355799007
356859089
272044813
117495287
268721205
489707268
807394611
470241491
923082739
1062999296
809570515
222639057
1027890255
470893660
499973363
1027854164
320291831
1024465933
533728767
827346013
70516163
1029558076
1019694452
901838592
868290828
863006847
1014289152
873673679
66548675
923062268
532952415
84689372
1006902348
83129628
68014128
473777089
259802949
808568084
869365567
231825173
487619653
876610611
18054229
811058547
390404037
829633556
123008979
1024512271
876941168
20132112
80535388
809301004
215749379
96846655
205534668
895439117
926168836
318883075
343801092
809532701
398923599
91307011
72601036
273962764
30225651
251909937
877080927
17781815
889683792
930157053
1069619152
226348092
876400759
80827469
825351645
938742803
71291164
822150997
880657908
472092
340983903
892716860
885085501
222303429
1037522800
4148423
369047376
857539696
487879123
341073777
1069813709
1073549647
21435357
215023823
1031097425
360576284
343885268
54284272
14421873
119281137
205551376
1030771991
202376972
477183303
494882755
891274051
281080780
930103619
353440752
339598847
923845460
838727437
484237309
130813747
259485763
4657933
1054677
927428947
17256385
870061168
74908629
1073485011
1062165757
523441601
494784836
218384324
819461463
336712453
1023150044
824139059
207436884
88341519
270274548
13972351
89134429
1012879731
398679381
489800829
352672769
117665844
66522948
335577084
232601363
1037320983
357309813
502612175
477613127
870252627
63179852
821261181
119475287
487873807
259052803
490075332
256963527
489716743
214777841
937279859
58543188
1059012944
1073155140
868568833
293540116
290798669
231076061
266149700
30422084
209575217
1036505407
524343157
5201143
359907404
269996865
54546397
391074876
70743863
491738899
828186573
1058473936
823332672
12637491
286066167
292830524
355729180
387276061
133230975
16241603
1060622711
526189891
877860307
1014447303
389512519
353858496
522056019
64191573
904993987
208926657
892457420
54656020
352112915
896745479
266081749
80823536
827530332
332787909
97845447
523531389
926925264
83313884
486342652
340542836
358042847
1851517
87502896
293371149
323176255
52285441
806187508
204786992
892847891
259519860
292566791
808457677
219444501
232243476
339036109
1023476688
393530704
502612959
475123541
336872316
98563135
827658621
809467648
1072943388
838688581
868693840
22397023
825578515
53820503
861401943
87121105
332152655
499605460
824165639
885815156
391191571
17614640
276780852
84361589
351359839
1021063484
402601783
353700976
118248437
69074719
389859157
484440016
21022067
889312112
219497588
208958737
125158412
533795317
201454864
298898544
301319283
880217429
368100157
331559999
253183940
276035057
220005184
484441981
269701907
500117751
267699475
265248637
215158225
272907313
1024738357
64839636
470896948
935677715
334560276
3657743
335545428
5440471
1029469309
1026606927
525817156
80758031
331445248
368898900
904977628
29703549
483328772
938737421
1031082816
4276540
835008337
74735437
234307421
826088927
1061357343
887045969
206860485
268923133
817895235
903634775
202330207
354221427
473367925
1057873344
885113876
32568131
1019736339
355732701
97796191
29842455
888193407
525582549
335593587
838105037
823411148
219431745
856146173
937422924
826589952
861271501
343268561
860700660
264633436
276255763
354223216
207410167
71259101
1057162300
391975216
253547476
118453463
274167757
483396735
253512719
818147663
231076611
71304961
272615413
271840528
71107607
872673344
876433873
365154773
63718768
470025079
289485043
336715012
522056771
322768369
825262065
938860292
255270868
813036355
924307572
1064816855
118477572
490813393
255853511
70375375
30617661
1028459599
1039523312
16604621
299711549
54293599
285570499
85398524
927029187
807350597
1031259468
97636160
286252848
1036811603
335556933
67984589
873321411
64216436
936854399
806296956
217384177
292631491
1062586332
524046407
521936709
276657101
326157525
835475440
54844656
809698517
471274997
365186516
1021123635
251664372
340640196
1024553843
398772189
272397264
1011300316
830422325
130348047
322110916
828199229
835673885
485957501
331578612
56423380
340645751
402422847
7831489
91230261
1029124976
365231583
335331632
96484599
72348940
96686044
391400823
322260433
390054192
827330908
499609932
1014035911
491983315
340096463
80039884
534043969
926801871
218119187
324337920
1063116036
320128789
1028485325
207552735
524046529
1024397308
1061450577
286314753
88196429
935588116
813452631
930968636
886554684
398677301
24630097
520999152
3493124
118879180
292601935
218124741
30609751
269959168
337444172
827290909
7598388
215056343
818349041
75303951
894452928
80179443
819790016
811564084
55657692
331681011
1036908031
318849008
366302661
1070940176
387240755
255278156
84357187
1057439057
281539548
1037896829
1069797623
17831695
230806849
117642689
871581055
224218956
324924752
131096368
252447763
205510135
122962117
521606221
124847171
860643184
281804828
21840900
222678487
399514911
1012268509
356257868
826261791
487411652
836515121
877714748
289504624
859107703
1070952499
118230037
398542028
358446333
1009780093
368510225
54885841
1037136836
471154481
5635327
902643484
936505548
270351687
133640516
521160131
886127952
885278207
349967621
64294675
293061965
387151088
252791888
342888785
265516401
490163249
1036792823
87232273
290443341
890439117
97309952
219367249
322765253
470798097
924655600
265239815
208740188
206358471
827444309
334545776
322171709
324471891
219148309
368956416
319932231
353881927
73199956
131122117
1039988556
491113523
1056986129
359789044
51860529
120910676
391126996
217862963
1031615444
520606064
838810867
22086401
1021300831
325017027
252146160
87051540
1060967696
121574268
357322181
89591108
1026817841
813482879
320082420
269340421
54478133
298643667
1012875068
352670791
858805008
1059018709
855859159
818746700
22024195
905432261
390139125
534740800
282086903
203167551
88428340
290243647
267645943
838653389
488109168
355946719
857157872
835919823
265581365
272843900
99630140
51758589
219421939
218166260
930165619
270529876
22352661
391140817
30932447
838809565
890238740
74547024
74646768
202376053
904973340
364917013
272878687
298849087
336396100
855657728
74730559
214038397
897350676
819167068
289430835
810766387
20315971
1025445233
528424051
387448604
399995164
1039355703
386367255
922819603
268646353
252148957
1058095572
72744752
391181376
876436981
125251653
222327164
500299085
860886801
253705308
118444831
827262160
1031658965
493896972
879875541
331628540
337461552
835190595
485691893
487408599
487788869
356537367
817913091
234635204
67367772
1014776016
524054535
273104640
206386960
823408577
272977373
821049093
366943615
288650716
806098256
54643829
393233269
57937148
272385984
231722049
532745539
923663375
85923604
80151603
99945588
52188276
860828756
1072765952
1011350864
273499167
387007747
332143644
84217713
1063057207
394217332
80868604
855661764
63386396
1006974405
16993604
903142869
365162972
922874864
936136769
299748476
1036862404
96717844
269754113
927072071
524319941
252997645
131583939
226259780
523269964
255712332
282378355
20038976
806318085
856913361
54345551
99960304
872471807
322172151
289174983
336805375
929035456
96826321
877719775
51601364
1069891359
353638204
470549251
855885684
536677651
401625167
1011076293
75299923
807268615
473387265
1057178101
234221891
807211075
490723120
24195328
221318199
895294513
368365637
273417028
524769045
1006917
885259740
265777655
222319101
341792095
823643263
893415671
499250172
521434067
1064579188
1009792055
285495057
343793436
85457972
253722055
251867139
334722884
534577236
331402515
1010824439
385940748
492814449
1060423132
876593941
133517428
207060931
810627911
863319925
470140740
819058047
204735244
904974532
390098951
233853760
872160625
233949013
356741569
332711367
827531011
206685983
68508988
888657093
125681933
876924935
1024447681
120639868
483868740
322909015
364904467
231527493
522143605
5517661
13059137
905040255
335344436
354239795
401678335
64224305
528433212
291294676
84934781
1027817476
1007636701
903837504
1019544647
401995229
524750276
234092309
131354436
54329648
218071029
400375553
121394243
835458116
54903889
271610673
391974257
209550452
1007492981
130931919
265035251
532876741
83916544
885784916
935714775
500251715
810565491
890559751
1007010892
365753141
290518849
353115445
281869437
85132231
331566917
24596693
300995696
334880625
58473533
1006959941
269468624
810578197
926801107
18863171
125784087
502562801
825315668
1071060940
55660481
271669009
54546691
485691845
939312451
821249489
872760563
284546519
1073020031
131450816
22933553
857588487
98328016
885333847
809489157
927200319
493944159
1064355139
53989725
97992455
68160528
25115711
57937173
118553692
818377491
276764503
1073607491
863776860
873267152
1028076609
68418687
319676188
1040183757
273629300
829807616
1061379280
525128452
523312221
473286403
502280397
879959503
323236928
473292031
281935221
67187984
885126596
286340052
253550420
231805137
29442896
51461169
322159092
387306576
223442396
88571852
225664453
482833167
826356983
1011906511
289272001
855889223
1064312655
83898565
868605127
892547524
368526401
88339484
201807856
835974929
352802769
393312079
231814931
71056880
492295031
356273975
491900703
818183953
32781077
55560007
1062007797
218067908
81588243
903683540
119283463
1057018819
218910036
491605452
89488692
1011881152
91561052
1027552192
332476543
264707935
826619007
482345281
401719507
389815311
230808797
62976780
1062210643
527709143
901890367
213922103
3355933
81542208
284245459
869479629
133973972
818677239
807158211
868514943
285152572
499176524
1036374989
389272447
121492508
84087812
130108608
1037432828
83152839
215960845
487907127
528249301
807257292
1036897603
1026888575
203281756
885356289
252539729
1011151184
276762995
475346177
73228231
368523061
85802463
323475277
29613917
24981585
290211028
536704349
1029492789
322704415
500178119
359677759
66917616
340874060
64819248
270299356
1070431319
66450228
1062156051
473174513
1062681941
13485311
486755379
74730709
217903189
215207363
825705975
51510612
275873091
230979056
348157937
289784788
534198259
358468981
298636415
927925572
83899167
1021130176
1063244047
117470231
896748916
1019233041
217841924
938703933
487972863
1022752605
22903933
892617477
68170227
470813749
482363148
118575581
50337612
521957405
1010856945
930447116
905905991
520294225
1007686739
525333445
857002957
21189907
18333700
860319808
73161983
533186385
285674561
825475287
1007501268
273702257
534573559
68243397
520582481
100422096
257195788
353567223
475907148
399990016
825586756
318768989
870259799
343082487
533141303
893469777
889404671
1070612289
869744732
12798977
30668028
1037845441
818705207
209542239
63976463
348413407
928339004
13586289
269487895
834870773
923221783
1009900816
1073499633
1037046647
489885151
1012391117
14618995
1009864823
221528388
521947120
83326419
862981424
256102623
809320820
368057345
871826928
87372869
1027470355
288640053
499637599
1065147484
7689712
365942257
483345173
487785459
270496844
856507472
830279892
385939217
33409009
84997151
84135189
811364735
75259863
1007702848
91315407
836075469
1061018949
1037119871
885863169
255161668
473289925
876958716
293551197
873924433
253571379
1036781521
1007670131
885474556
289489204
63208719
936313681
1025332295
324485072
348402769
30494724
119345948
1063010257
810882109
125029443
1062434055
220021757
259797773
20203329
499990839
928854812
232128257
356765971
888455623
326113136
255063415
320324415
364911692
286642420
336035779
100520820
889126972
71688003
285430580
355468237
218453260
935821140
19952583
861172999
826283376
878138864
350222276
58163137
218234655
252137791
269548804
806416444
386216400
323439697
340199233
387133445
131068912
1010586687
54810447
318895879
860701936
1019493391
214746129
319145733
499598431
810303244
18306065
366964860
470562069
483218431
935613703
257937615
276002647
894491649
525161749
901979148
25154496
823385925
1019574044
336942099
876811523
269944069
56086908
360694899
886556492
393727444
389284879
1057292253
1020334151
861887613
218903421
22928476
20202775
341073235
272621365
923881551
16809853
