97721603
276658172
811431280
54784783
52231647
252957949
70504275
120905169
827393491
289787261
234167765
121752881
1058402611
869744079
903863796
366277847
825705269
353440125
51761988
13909265
297918335
811400981
282870909
1069567251
122425852
1027019024
91699184
298276819
67179847
357519345
322182460
871879684
293393741
351305472
524087553
827540241
80739636
271678513
230757680
923063536
399966980
51888945
1029510605
533018433
264713277
490020173
805361408
298798577
2035927
856741745
256701204
349979909
290458716
5706999
205279281
1058803697
863894992
368266359
88327388
364920021
74741559
231065559
877666051
1057440020
488502556
223605060
486360533
890236980
859599135
1006981404
57786453
331673692
924013761
827133427
132105205
89644508
809267703
327106576
520615732
260001267
1396563
469856261
878517327
487528388
387781628
400389573
402408445
477906371
365122365
264492880
874300669
873272133
399473863
502467845
357909271
392021491
358404092
872203717
255326157
358364096
264337363
264455959
924794836
7621827
471200717
471158076
287072079
492098000
333385212
360141297
827666941
85201020
269341964
1037948279
256119632
352114012
356775219
219968975
474763315
72637788
860340240
252002323
501076276
872481885
3538928
1072717260
1031094525
871833047
267853271
869073924
1022656496
1028672717
1396053
1056967728
99906637
482686163
859573279
1064775687
876622129
130899187
470225973
859074896
253517061
1372623
4147151
84704577
331824343
822297925
201590581
524344787
502595540
3431903
902779932
218183549
1069637588
274001969
527955743
353567733
52229172
475385299
818728796
282527699
338711549
871388989
269578527
326976756
935393237
873209165
483394847
5256399
477893841
214423409
936195859
398670855
1026772237
534590215
835652661
343093303
805330036
1058210833
217404375
838104567
225822196
117920119
133485023
57987407
17038583
274683764
935615708
823987996
319877468
861270096
268191605
819811088
84164444
827708273
356452336
524599359
525356383
821245757
288701783
18663377
1065112887
825433588
1036012628
123032343
399367437
272876343
471301892
64238655
214752316
494193779
812666832
902117149
272577879
399266613
996663
1020743167
119304221
1023792084
1058065747
84701381
338760657
486853904
32715075
1014977489
324337679
359712000
283055941
57767164
1027677553
818988413
1019426560
1019412604
63030067
321999900
85933507
54744529
885068876
208864252
84923653
928369968
22229828
273728268
1012167031
1069668288
475526163
930924497
285212997
927222869
50549719
301187957
30525301
829447536
903138767
83309524
97731792
289731607
1057805504
890720508
324997392
885326164
119010065
299090228
1040178687
257808333
829671252
494875955
1037893057
63164727
117700421
1072213
1069797316
323301884
886109047
1062454272
100406293
368932349
1027555316
936461309
13399539
807263603
286527436
84963523
935657971
500452625
55522783
352405279
897004657
282087920
937219524
394091548
301023495
55334685
1137725
217067853
924634112
1014202332
393334976
825509693
202490079
471812085
521161788
203362768
83915861
348992285
523255247
533852284
218153245
1063212365
336616467
533841200
499324767
318984387
66271103
1011871764
85816093
50380864
905205619
521196543
320275777
355751220
83949393
938544464
355979132
285479923
473224180
256343120
1023233805
272496625
65000831
223375616
221581636
806122556
1028611120
21840688
53501900
251787073
351342615
90116343
928200560
886848707
889009397
209049411
276050013
1062147
825250163
320815169
938758196
291336397
477951839
21843248
269828212
401956805
17944412
394212292
483414044
20266871
893670215
22099764
324534083
54837303
255807997
84926460
811401025
13893908
398460721
927757556
341591235
289207351
254808053
523306359
268269436
829444183
51728407
5363185
71562451
838128691
524811735
527441229
219279733
470250821
222642260
359864147
393496007
335529795
214957068
285684679
67968020
6241303
231601404
64049232
131944531
201539588
354373583
253559135
256050371
1057783260
1031752988
320290103
339703159
268689159
868226513
290226116
33489692
289486833
20250608
255051585
269287805
861159436
97981311
473988433
393435079
856114512
821910556
233898752
133416413
266334476
1008521415
400344437
292869968
350172367
1011095541
333185300
835012412
352568663
331400468
901988624
332139889
810008797
323421245
499172303
1006983159
24429821
860831952
233918772
134038519
29573340
826330195
69195260
357028703
72160113
532758336
219176145
98550065
288838483
255645559
205995204
1027571197
223550813
1070024013
255687703
333204559
256953649
287294483
335344695
54904595
1069249
889270615
72733980
131167485
930106751
215941332
83350644
17899293
356274189
319835596
340574272
336452677
15817793
339857788
270484560
1060978117
823423295
494104597
322231572
860968255
873561116
822920396
1037239119
22093151
66285628
21874015
822169840
269284724
475791868
322700405
1073207100
808699893
56065108
1007974391
364975185
202841872
18625405
930942037
339482613
485765951
1061212279
923222865
809848669
121951041
897048564
271596657
390974781
389219399
809844988
478016308
215764177
1012152077
265253949
285471797
387141085
485519820
299110851
893501645
123500021
89117565
131281100
222101956
209571020
471666909
886834992
205389180
1065290835
813110471
285330525
204558087
527449203
226301391
888419839
502542403
1006853917
1008472319
534058945
265319411
875876181
886167349
340723551
91538291
225468225
323309917
922752193
521979212
890487809
357876732
808579359
269254140
130024692
130043715
482689087
1058091516
922993973
386125649
928269761
1008152701
348517884
357596428
356736215
215187413
809991504
1057086548
923209749
292799537
525127933
70257668
290716916
66155508
97720081
125780849
357692481
860079183
1037360388
82902864
399576188
1058097105
73398092
332160368
31284228
358075472
856522101
826032325
68440368
17814591
251877169
891146231
320083839
1011627853
818728223
887045380
1012789597
343262079
835580167
533467125
1014055893
16634876
66329877
288867139
66387025
55378755
3404884
340575005
1037260621
224133437
860312413
488633393
341703797
251708503
338707904
301733108
471298940
1021179715
130928895
24596535
264328692
336678964
366836756
355687735
483346196
339037559
232772081
57885509
366165760
857534769
89944836
1006907841
855883840
298074364
340786631
336679167
389236483
491246813
521997523
894817567
117911632
390419792
890240115
391929292
534726645
475815711
352604145
89093388
1012156276
890560372
930464895
922804164
471661571
392003021
319110965
72422519
257416311
861098320
29628287
390583492
1039356253
528315263
393216061
859798900
358432252
926953937
1012859871
204753981
878534595
201551884
222774589
835700047
877512455
903040349
231562589
1164592
234626497
56606916
100429829
870069525
1006973940
386863164
63197953
928989532
222649603
834786687
87035204
1022630933
365970887
32784461
1065213279
360544223
99954704
55512903
1057080259
837453
7655507
340996957
269553604
1037045957
935624560
923127884
805434389
1023884785
1030872837
857208023
1064516692
201393969
486621013
79819828
873923340
327142448
893584692
1061536881
1027423708
4001776
470045649
1019294935
1011880053
470806860
206437492
813634823
222583872
879820240
4666445
366153781
131039093
1062542543
830304372
131275843
5492020
96800791
893440785
22862897
356458252
5227265
272060764
301986643
1014773591
267405139
252796725
276102592
902253853
1070716785
822934772
399601919
331429188
930942068
354416593
477364209
875564145
826605555
805564915
1073536349
207609661
927421527
830328661
318788464
62969340
91290961
1028981108
348200199
89207100
69203793
32978812
286592787
124842877
84211459
24332127
470828061
1057426437
81592517
124994673
366790400
30897152
1064383836
885462517
351785796
1060162884
930476159
856642419
887043029
323354492
232578309
286772439
219615477
252657983
335566045
499455436
470578388
535851380
501052495
386080720
1036055375
838204916
57798705
1036472527
1010250956
349975312
51594108
273876787
54744565
123207511
351539469
83128700
499388884
809269236
356741316
860959767
266131203
341693635
293040453
1024214983
218111245
894631989
1069764879
806341936
322703485
13693975
901787667
1029124401
1062327301
301331213
533197265
805387271
22091715
257097804
826488317
87879708
398838796
486797693
130484189
224199028
259342551
835845436
809326077
936473716
352571637
324322560
827601237
232640711
72446335
99906893
285232452
259475293
99926847
24343748
880559107
928079216
88888693
893322576
351323587
471626099
83627825
894456189
67198269
487048213
273007636
207050035
206780275
500233472
813690940
390082819
253521997
215432451
92127303
207082439
897388487
477351175
1012169820
872480212
806569235
223343604
861749447
924062965
286556020
281068412
281478605
17252099
889014085
335830513
320814912
119299136
349163973
284164292
204985105
393606145
133189713
64305009
134184925
209011728
893721660
1062681687
1019728240
399523957
869581776
130495808
209454159
50388341
477184833
3522876
862981621
486407436
1023663409
87391253
206767383
89390292
1023480948
64799068
133367580
332453839
828358783
1058086659
22812493
1070024496
353370316
902152529
471060420
885343440
490486977
98382656
356322335
878706445
58660116
122756209
894454861
533581069
298601927
827392253
15925255
525587679
487928092
85202901
1037829215
402460879
21034068
13979667
525342007
349979764
20239839
878166261
859832403
320717951
926351373
487595900
532873501
1024220608
301290767
97867132
890073861
862978257
3523329
256102455
271599476
819289949
886886357
66910172
1039146247
885051637
859901260
124812639
73388033
386351125
254828535
1008014595
98355027
3621855
1007778885
298962396
1023746012
525810909
894387004
125296583
119329264
259125313
88438723
352257329
63797188
391937348
534044671
225822032
30269201
338742579
876413751
340991188
872355149
29610257
873332533
387734548
888524597
55637015
863057276
54795613
30920508
201456852
485507455
214781200
821875664
488396284
30363517
926217503
829539664
1029637137
893247309
930100703
366149893
322990151
1069757397
66964692
808727863
70515916
133960695
16827392
205311303
231174231
885341453
1019330759
64763895
268174541
214287380
206900528
533672279
83056389
222676421
825316560
1019223127
1036832543
301162492
223597388
857731277
268371719
289623056
218939507
66133809
257217840
483675459
858852725
67322205
81007699
522051332
825478640
365019359
285208692
386387143
22101956
857064241
360514812
810571127
819977223
288421133
483668819
520885189
55916372
271701021
492697461
389249015
16897809
322896893
888985413
889471965
818352415
872175479
470859987
206586995
1012683615
322981367
905188164
984896
88294387
848708
924075472
470937620
53730803
72466929
70327636
20741623
863046781
835532639
926151631
80558039
386143261
1070646263
206560567
1036350805
830468159
875808517
340606260
896749367
888259612
324289564
469780305
230806749
401863516
1023160788
51186689
337442167
291306527
492589553
207437276
217141011
1020534528
1020747580
828199169
58028483
79779313
930428247
888984915
131550685
205308412
252821827
471682260
484431665
536089351
825488373
885477317
84739060
276001844
284652885
352257283
206832432
22009604
1036318711
353324247
520560080
276100309
133977301
222581591
477126655
503182668
482679893
874279217
490861948
32589763
825242480
812646868
4047813
256991092
365762516
924255507
17030400
72351965
386923847
326978893
323753408
894684608
58520845
525565201
488468980
893459507
289476549
22508405
829485948
390149180
30900055
868316356
1012192708
817893140
223352589
1064580383
860959581
24239347
55525680
215749955
893187164
51662844
353111063
1069567052
812653575
219231248
323998709
74530804
1070628657
6257725
810865749
55853044
1037923644
487965440
889307591
66352124
30487517
893729869
268491837
331365456
218116597
483640772
20722641
1058372823
3489793
819220339
269474885
903732724
502658903
87380253
889177077
64836852
215433469
322981205
51189233
927007005
1031263297
356906435
96727105
96501711
534596861
98418775
29360577
343687244
256932959
532995389
100128049
386077456
1057174839
206949711
74473303
281887760
89251011
1057312832
827798736
217412613
53818652
924058432
889320912
877969735
131547127
868613599
274150687
352205
83968452
264527152
290210759
54867727
64309063
1065318397
64340276
524402815
353751311
860871955
525424627
24314053
834796917
284476727
282456369
1405936
926973296
527564551
266276723
878702927
936173407
809828149
124783948
1062065212
810309568
528220243
320803901
1014305588
6123551
1070601552
293586739
281481412
117755201
89076828
483360564
863010061
385948925
272368447
876434224
29425985
340528629
905123188
285531231
885835092
16610373
878704403
490030391
219484213
118997277
878178639
223813424
806290241
838676604
202391923
5372988
936762371
324400967
342954077
390025212
1061510397
269761584
818771397
276657009
939356176
299093252
68508725
1069645772
257225041
525125583
825618636
117716339
536075604
502289436
1058296855
886556029
860144724
525620244
285410560
58507613
299042049
287104197
206308435
1065160773
25018625
97326367
20200769
478137811
807387485
12632529
301155445
125027539
925897164
342951380
1024249173
389279861
822959987
301139447
809754575
355976436
320615411
85160316
487408449
926680396
822923255
51645936
12857716
805389616
341303047
214257475
1010121981
319058135
893415628
16906109
826756353
808728383
889484381
1064518465
54386556
75291895
291329329
1063242965
121626397
871697437
475333709
349245215
253575167
1007490865
130544725
1037500501
352584692
818922847
66340816
521457119
51197696
273532695
1057044319
269275975
877674449
80205648
1020080192
500129012
91455452
1022693841
287114516
821113293
71291215
130831476
272383812
64770515
928190273
874251599
84227009
387740661
285298940
473723388
806213377
18694205
251731916
31422421
117495159
123206941
266705
1062457844
876811468
204799809
1014845911
79753685
254924227
70271168
332428483
298088276
355522388
64879809
525685885
1071085399
924129231
470794499
487379015
221458893
365102348
233926863
205510615
323338749
499154752
291314739
886922545
331837727
499386140
271907893
861140016
524599775
223837443
503301187
489702740
96853119
85000181
868474183
885256195
130307340
472994247
1031221367
521499679
1025443636
473756788
272102145
5076753
837934916
386873204
470568775
835517516
499388381
487879887
301732819
70456273
97719665
1031064781
809877973
337576400
132071244
340053008
12710724
835842877
69197015
273007639
836632013
855930063
1531869
64961548
807339391
131038661
122123228
885251389
259355712
62976373
1022711792
289881091
365722736
821235839
1065317391
828310387
893145877
822297599
872666357
536661885
889523265
935793535
825541588
50852695
834749708
267704319
215827700
30738188
348389212
1011954500
62935820
51862797
1007910085
297858307
870106567
219467847
269502261
494916367
470053375
877776252
201619399
401607795
318820596
930995703
30438391
69031925
282968081
492256497
334524663
253194749
268422259
387252464
835965700
268702928
486526788
1008160709
937259827
835140869
474273140
860701951
66449909
286050079
818680589
54908287
857474880
351470707
288822468
125259845
923223300
487641045
30217180
299234496
483656640
130309456
527693815
492781623
500224241
58142837
231544304
268645631
810501621
822411200
130076127
483738077
1028899956
1025506677
84725777
856683855
869293889
100418525
470151187
807269825
483479573
231747859
1006849479
21984012
823072244
66142671
482596819
806831573
1010156893
893137669
353386517
121493315
1057445212
892818941
502385884
323212151
902120503
494191559
17941745
66122549
818147676
357877623
336540991
809557185
58473728
285031453
889058309
876416001
83719283
320602572
886391815
323827487
266164083
230817044
13947079
131364209
364957760
21241855
824167543
51368141
79787011
821090301
79938513
488621341
1019436868
299333389
873848261
474307676
390073408
931070228
1012792324
353567511
1028730892
522154783
269300819
92262717
122114035
80564225
3202935
1027805692
356565468
534011663
97875909
221598965
903306737
5199621
122540884
265813041
868308757
525541365
121426193
819164471
87113053
33294081
74545101
806620659
368955156
1023493431
30637079
502296927
533786957
810637249
232080396
323875827
131058885
888631615
1037253697
348413205
100654096
225825747
220067136
63913951
356256853
64749632
902290719
487412016
257365972
471797760
339173341
334823260
63701056
903707996
487920439
365416785
863466967
269229388
269423700
74731532
205592335
930960449
7360709
89200064
523325724
117509916
3626321
291443917
331629767
24954052
355798356
255030293
863356737
470818015
390127053
21191756
1027015503
473110513
84735052
1062301715
1028510663
24319796
1010662769
391579460
890445621
209154304
72156108
91280660
836760781
923653491
501157332
343724831
20280640
71095564
486496208
120670045
828117781
349658445
63783875
364933317
13571077
1058853312
285429836
276580167
1069571967
332664860
133223645
17042753
266296661
273499203
4011004
890451207
828366132
50681332
1040176252
3168220
863784048
1036078367
391077191
285462479
364959571
1010818307
939473981
299107165
331826549
871592947
273642484
340852759
13631292
259015703
1006882800
273896435
255804381
1006711092
835008320
288705887
130907335
1027946485
366174005
827179991
926746069
528419863
1070412741
1063077680
889189393
291441687
874476877
131555101
285282079
72569295
527519996
905720273
74658007
386352191
823073797
55693120
500686592
880017215
357776452
206689281
499383503
808579357
258998333
356861397
231491028
368299060
819003468
332664124
1027395612
482401477
822563776
387404275
486408019
477102109
51646588
939318783
255008535
1069547840
68637916
1026880733
890451057
1023345648
880799756
1023464387
208993789
350012720
826134321
80506908
1014170737
903861007
886338559
369087232
870068672
325009364
3981375
85792055
5567504
1010070484
92045056
341122164
267640309
230694096
118783948
58133697
826144245
527764604
75486524
893680983
218430733
30375873
872238449
58511228
89208688
874331381
16782663
325025116
74699073
122478387
534016001
524487957
269506544
1061650227
829710109
351368525
1010570261
368366579
893587824
16997391
838321271
485584979
536818755
1065219335
903070195
1022435120
1024839669
122155797
521362439
214254839
225709327
74670019
385897413
224204791
926875703
525403644
929034559
536182723
810615036
1058915100
394199095
267726961
880614423
811418580
501028209
1025327605
501157964
364999692
533188432
836059343
30694671
326111452
483187797
533542723
501178179
391181389
827340615
401734660
1025266896
215481653
254809908
1069793619
85275719
891056896
1019237568
868471060
83721484
401956828
87348188
268292180
809844528
487049045
923913476
231079772
1070988412
523599696
266157425
23052656
57875524
70456125
1069549509
272876415
22107420
825577525
1022820820
806449213
502354911
118256596
819035415
341295472
856627152
287248885
492097284
863204735
68120927
286274803
118437375
218354709
486823363
1010056964
72632259
121631815
894663773
341793879
1023734532
873525316
819065853
52541
532731772
877464949
924795900
485570549
886961012
1008520981
368254773
863974663
206650864
1027068748
1037238749
822407488
484233087
807271621
98386940
259376581
320033733
256919412
1031069495
886338431
1059004285
66526992
218960140
528282911
222097472
286127923
273011569
462197
876626803
893727703
205339956
931120436
281871380
89333073
830424833
499129588
319029069
97324244
80965684
355481043
81220364
222557519
321918925
343929859
225509644
322264336
273733584
366149692
290938180
20432860
266132853
203213940
89136433
16975869
7554325
888225008
298137437
1058523076
82899031
1065169924
491615516
339702597
391907151
125258803
84219660
937172273
389116883
470876028
356990237
130041089
97503231
130536652
131169348
500972868
7423751
252763252
299097596
928284447
84137011
340200541
322240513
253515607
868467984
837833733
225707777
1014961975
863358413
87316245
80006204
118085
500035919
272041456
274582581
821236060
322194740
121963732
323976277
297811287
903288639
222235980
16872823
202322765
298110813
878461967
298079044
252571903
55821297
333235293
69059399
100654324
253222175
255610687
905911567
387962820
319640861
1057046324
856704960
870154001
402464063
281038029
888501495
74715487
205911519
51863495
356463956
886884293
89328719
526341424
359723076
353160399
215815503
264273407
285151539
876639613
340557117
85783007
861229916
1009810525
927416385
1057250417
202192220
340218997
58575925
487388639
24452181
252789072
22361363
