-27943
44617
14091
6017
23264
-17877
-8603
-6462
-19751
-17568
-29436
14088
21484
9086
-52524
-36886
8166
-622
-13062
-27622
-10031
-24192
2006
-27191
50466
2646
-14799
9538
17336
-3976
-7569
6472
10449
-47999
534
-357
-7629
-7208
4847
20380
-3428
-33361
-32624
5864
1251
-39213
-29374
19182
-16797
51100
-22358
3276
-49402
-14007
-20253
3488
31473
2746
22664
13601
-614
-33246
-5840
5657
9354
24955
23888
-13097
-1232
-33580
20079
-27723
1155
-14997
-1910
-19403
-17907
-32156
41472
-26707
-35533
-28660
-20820
34135
-23094
-4794
11823
5850
2658
23734
-18988
3761
41605
-10730
-25929
-16904
-8126
-15751
4700
-22687
-48302
21016
-1633
56225
3744
-24136
-16777
-1514
-18355
-3704
-18251
23068
-31514
19761
-14717
8411
-4040
20900
52196
18602
-27714
28174
29469
-19135
14394
27301
-25328
-29716
12863
-27156
-5699
18960
2072
6396
-10416
-26503
-7325
-9078
-4019
23050
5618
18460
24899
-31444
43127
1429
-3561
-19334
12694
3387
1828
31240
-19377
-2251
42601
20147
23937
38845
201
9020
-36010
26988
-1355
27809
-26757
26400
21365
471
16127
5184
-10882
2011
11649
-4808
20549
-11002
-22624
-22250
-37551
24979
21891
9134
-7680
17851
27876
-28534
-9197
12626
-25799
38414
741
-5414
1514
-8759
-28028
7058
-5625
-20168
-9232
17439
-42838
-24975
-31245
-21981
-13027
33012
17931
17475
7147
-1225
31800
-1309
11449
-4360
-4850
23673
6928
11610
13248
-39763
33775
8670
5052
3090
21139
-28944
6152
-43022
27660
21719
18166
-5473
13406
-28554
18466
12426
2278
-26445
-46695
-5890
-45106
-22725
7946
18906
7741
17867
5744
-37984
1189
-41396
-2093
20563
-9404
-10726
28723
18823
8970
-32687
-9707
-43928
2707
10329
11421
-28926
-3798
-57354
29241
-4387
7391
10568
-11721
10195
129
48577
-21714
8465
-5718
-16832
-7163
-25058
9477
4375
12527
26826
11674
2675
-37732
-16370
31509
-32459
7840
-7048
-8093
15352
-2871
-17957
-15663
-29814
39760
4082
3171
-14357
-4890
12893
28218
-29693
-51319
-32811
-17885
-5972
-1138
21966
31210
-14840
30283
-25625
-9316
-8019
-17265
-6192
31225
-34626
-22450
418
2585
41724
-9105
-30873
18517
17895
-28278
1978
32170
-8439
-2982
-10965
288
10272
29705
11987
6980
28398
-26058
4013
10771
33646
-47240
1207
20245
-8352
9101
11022
-16591
-630
-29222
16404
-23300
30978
6631
14872
-12302
-22387
6332
10893
45171
20416
-6592
22622
9824
10215
-6863
16258
-16510
-39901
-9384
23785
-2394
-28737
-35564
8231
-18502
20415
-2501
5893
6238
13568
7803
11112
12497
52563
-23048
-9663
-3394
46452
23272
5902
20787
724
-35960
-33769
-19686
2525
-4057
-31722
-12016
1608
8720
-515
4194
11363
19639
-2272
23973
-8875
-14004
-5472
11508
-30704
-9390
1527
-53758
-7109
-17640
-34926
17557
14075
-1039
23313
13719
-22725
248
-11094
13381
37215
14946
37674
-30059
34902
-27297
-13009
38686
-48154
-17001
-53299
24956
52134
31168
-3968
-854
12225
-2664
-36635
4
-10199
-10922
-10688
-14270
33618
17441
-23868
19553
-6142
22497
18405
28955
2465
41827
32338
32090
87
24361
-9902
13764
-15117
16038
-16049
-11620
11336
-37638
8680
-8961
8959
26936
20834
-18433
-28097
-5141
-1495
-23720
16275
-43730
24276
18776
-3196
-4468
-29717
24247
-32655
-26667
-22779
9923
-20368
-38838
17634
10556
-8437
-18314
-24042
-1095
-35106
16062
-22286
-29110
22032
-7327
30850
15950
-22304
-17037
-17164
-30388
17672
32772
-7876
-10221
-23741
23404
-5679
-5318
21166
-16775
-39398
4828
3060
34247
41724
-25654
28705
-5982
-17890
8233
-15638
21337
-18408
28499
14711
-8789
36124
-17993
-26894
4783
-33259
2734
6339
-28473
20924
-8059
16211
-3050
-20185
7536
-22678
-42783
-4905
6763
-20252
-13077
35889
7667
-10936
9410
29523
-23040
-6486
-5710
5422
36489
-43381
565
-54228
24157
25762
-6344
-6763
9045
-19452
-27749
-14109
27088
-24922
9139
8
-47880
-32082
4354
-26858
2696
-18188
25786
4788
-38058
-33124
2293
-35756
18507
22009
-9878
5964
13859
-39104
32977
8431
16152
27352
-1793
16674
-17710
-19648
38736
-34284
-32170
-2958
15251
25617
-29928
23952
32459
22263
21544
7773
17454
-16530
-32095
-1374
-7705
-5553
-21906
-47472
13560
-41194
-14586
16979
20073
12960
3472
-13712
1209
-12512
-23071
-33178
-3567
-7878
944
-29333
43494
-412
-9259
-13104
-2554
-7474
-10373
31904
-2075
-31682
37063
-33211
-7798
147
-27192
-4508
-7272
48878
21209
37052
-48042
-33176
-13919
-6538
1047
-14745
29498
-22115
-7530
34528
-33055
-11445
-12015
36168
24874
-7740
35532
24263
8967
3800
-18536
24650
-39871
-24048
-1889
748
-14320
-30487
-4720
-2284
-9482
-425
-27454
7262
-12512
29743
-14343
-27156
-6729
-7231
-55079
14513
-17282
10965
-15404
-3606
-43003
26655
7918
7479
-31633
13120
19910
54586
17503
-4268
-36277
-17861
16402
-39236
15355
14352
27010
13062
-6314
3345
-19686
27696
3005
-11587
30344
44308
-18390
-49263
-35262
54604
-3172
-2395
22402
8277
25012
1927
-6150
-13690
32524
4551
-12516
17666
16810
-16014
14922
-11846
39563
26697
-22442
26187
-22198
-42257
3423
9597
-29100
-8381
-41459
-1813
-38782
-22366
-2039
-9138
12907
15252
-22986
-3646
51616
-13894
-2294
38416
-1129
30066
8732
-10467
-1911
-17024
-41767
19674
20462
-18837
30227
-2623
18944
32327
-996
12064
-4570
8364
-6565
5938
-24118
-18285
-16933
38777
-26862
-15553
-47569
-6926
32181
5704
13624
-22158
891
34126
8343
5045
-19829
19061
-14916
-24874
268
20118
-1386
9852
14809
28872
-31976
17479
-478
3441
-653
-45952
-57729
33068
-5065
3573
-4769
-15694
-11718
-20426
18136
52285
-6162
39635
19296
-39233
-46143
12748
-9170
-3537
-31100
-19376
-19646
-16457
-3628
-280
2100
20144
-21154
8284
-18948
-1584
26942
32952
-25886
30
-34446
-2276
-8524
8246
-1326
-5065
41528
6331
-35651
-12063
2195
-405
-23789
-496
-40317
-16186
3939
20900
15170
4261
-7295
19463
-23292
-12298
2618
-38892
56141
-22572
-4540
15620
4402
-1967
16075
10
34999
-7646
-16515
-12207
-13329
-20068
-28369
-8838
-16268
-1952
30806
-27012
14839
-39203
-25493
9016
17113
29910
-53170
6313
-14354
54531
8666
2151
-26614
1708
-12562
15634
-38181
-26187
-19541
-26316
-13981
-10622
19234
-29442
-9280
16486
-543
-12844
-5347
-35114
-26883
-9603
9418
5393
37244
26901
-30358
-30922
-2852
-14902
-20793
-12275
161
-30721
-35865
8142
10499
22865
-10994
10762
27028
-35933
-58767
-17970
-39402
8131
-15376
26566
44047
-18999
-12354
10041
-33262
28298
4440
-14287
-25811
-25711
-14751
-12530
-15270
-20719
3774
-12446
14465
33087
-39746
18160
14284
9339
5778
-21782
3664
9508
13490
-22036
39815
-193
-23638
24817
39982
23200
-16573
-35050
-6255
-15427
36252
-11201
-33589
12444
39106
-36347
26228
9859
35360
-4612
-48057
21272
26038
2662
-3441
11454
-26262
15234
20727
19400
-23634
-25289
-6664
45655
24285
34718
5014
-18658
-15533
19141
-14815
-41590
2877
-14124
-16070
-22363
-40542
20826
-40899
-20562
11927
28368
-19783
15107
-2805
22644
-4330
13761
-6887
23735
757
948
-27212
-14404
-35733
-17857
-38708
-22670
-18720
-907
25138
8314
-8658
24808
22169
28551
35567
23906
45381
49932
20638
3598
-46437
-952
-22010
9736
8998
1999
-28792
-12943
1440
-15872
41988
71
-2988
4134
7030
-17608
-35308
-3023
26036
35104
-22346
-10833
13683
-26073
8497
24894
24794
-26881
15816
-28138
14996
-21184
-16562
9888
-8338
-20805
42001
4215
5656
-4428
22514
50730
26708
-3021
4006
8038
13655
29045
40203
7062
11139
27130
3308
11889
-26069
-12770
-13571
-24582
1373
12944
-22454
-6883
-20068
-2604
25514
10839
10364
-6487
-15197
-4312
7106
15481
-1253
-24964
-3776
27894
-8542
-24908
-10164
-8719
41048
-7510
22714
11663
4399
14957
6152
10694
-5124
-5597
-1707
10154
43050
11100
-30662
-33634
55521
18220
-39392
23197
-5149
7041
14286
-15342
-17914
20333
-10042
14609
-27917
23485
30195
20486
-3771
-16905
4585
9689
22551
27742
18484
24137
-13134
-9858
-4812
-10302
-8067
-2233
3016
13176
10591
-10523
15087
-3087
15839
-24091
37101
6561
31118
8984
-5161
3929
5389
-9535
18812
-18127
8976
-26026
-17746
10035
20996
10516
14464
25787
4916
1435
-7939
6956
-8798
9684
3481
-20424
-8914
33008
-17862
-17366
-15835
4937
-5934
-39252
26563
33922
-9810
16242
-2619
24273
25013
30392
-30403
-13522
17161
19136
631
-23122
17710
-12822
15147
-20989
2249
30816
-3513
26634
15055
32319
-21424
-2679
31498
22299
-22285
6536
-4500
26157
-38002
-13926
-18
21000
-11733
-5600
-22016
41625
-25116
-56
24433
-23992
-11731
19871
7964
16006
28333
-15993
13818
25809
-21933
378
-11550
-6811
-45500
42198
24720
6316
-11560
-25946
-8
-26166
9005
-12578
21650
-3174
11201
-25030
7590
536
-698
29220
-35737
-3332
9004
-9653
-3959
29429
-52531
6788
-39585
46525
-16586
-5734
42512
-26484
-3130
-5682
53593
-53671
6564
-32609
-2453
31683
-579
-4791
-522
-2378
-28869
-23719
-35468
-26193
-6453
41572
-1161
39753
25561
28714
-3119
36590
-9013
-30007
25630
-7305
6285
-28601
15342
3539
-6176
11848
-1568
18512
19372
-35022
-11718
-47730
4546
-24730
19684
-32165
-19915
-3161
36607
10052
-35655
-336
-3572
-17597
9343
-18572
29760
-3732
24649
-8220
6502
18878
9988
-19860
15113
-19085
6904
-51798
-15633
11444
-10613
288
10589
-71
-3360
-30231
18301
-9446
-10670
-23310
24196
22555
14109
-6374
16620
-13760
-7286
27202
210
22806
-13964
4132
20826
1207
-50707
-40260
14377
-11364
-12221
-4544
-27442
-5639
5232
36535
-46321
30589
19613
-5909
24393
30215
-32794
1559
12552
3069
-19621
27887
5087
-6467
-20366
25306
2145
21057
-12657
16136
2136
4197
-7240
3124
-12337
-12087
4607
-34034
18969
-1042
-16755
5894
13683
-36555
-8745
16675
331
-25075
36161
33117
-20196
-6924
39437
14595
32250
25360
37982
45463
-17844
-22564
-47607
-29462
16186
-14647
19390
44368
-7334
-7044
2782
-15508
-10459
2920
4736
-1170
-26703
-48312
5094
6154
6626
-1122
-6504
-5350
7636
-24891
-32334
-14779
40008
-19811
31963
26734
-12727
27233
-50105
15444
13684
-7939
29512
-8373
11557
20242
-3008
-737
-36839
29371
-15083
-5676
37458
-3108
9892
-36002
4171
-28478
11570
48587
-38310
-50021
14824
-23707
-11552
14459
27048
11372
2569
-48757
-25365
22173
-36130
-4029
8758
13533
-36443
-38812
-15635
17161
12196
25225
4766
-28348
-496
-5421
19010
-11213
10124
-5876
19968
18575
-23874
28896
2520
36446
26397
-28502
-10654
-8294
-32472
28543
31038
25174
21686
6528
-14430
3383
-51472
-26027
-13196
31891
6090
23352
-15867
6688
-27372
-7971
-35263
-24321
-7036
-38312
9046
-23822
-5797
-4252
-56067
13795
22157
-14150
22854
-13583
1468
-49952
2632
-45050
17201
23775
-9677
-18188
12487
25705
-35862
25841
-31647
-34968
-11738
-8522
2694
7153
19634
31904
-36074
6951
-25110
600
11393
8235
6266
9050
19267
-4671
-15076
2122
5150
-19103
16776
30201
-22046
34296
10405
11459
19182
-5811
-15875
24535
6306
891
-2426
13580
-5851
-30520
-9880
-12217
30853
10287
3546
14843
30489
7192
12114
-4272
-1166
31376
-4030
11064
-1969
19142
-5378
-8
3836
2053
-2827
18121
-4143
-3986
-32754
-24337
-33138
28970
-12295
39603
8394
21248
-18284
1065
-4181
18713
-24335
-46062
-571
19982
30900
27978
18838
29704
-12307
-2431
-15750
23753
24732
-3927
-19138
12228
-23511
34
-11430
-8567
30576
22031
12733
4227
22860
15613
17378
-30025
16647
-23406
-31178
-12923
9201
18451
-12802
-48159
27816
27647
8240
5242
31028
-29038
-9630
-23759
49191
24561
-17841
12552
-25639
12152
-8775
-25425
29406
-21821
9268
-3803
-4431
-28027
-8444
-35031
56051
7938
21716
-5166
8946
15104
-982
-35353
-2390
11234
-38914
-18368
-33986
-15528
-23548
17558
-32360
-13029
20677
-5504
-28641
47930
43655
-23602
-39134
-16039
-11551
-53983
-1701
22577
5690
-4482
4436
3978
14773
-20648
32420
-2075
-48317
-2056
-20455
-9883
-5706
-16588
22923
17834
22145
13271
-14392
8534
24417
-41000
9202
-29850
-3360
29356
17181
2569
1492
11706
-577
-28037
-8867
2136
-20091
18174
-14811
5117
-30353
7446
4267
-48027
24571
28588
5264
23067
2143
43346
25619
-36713
-31931
-14532
10216
20830
13947
10873
-1811
3778
-9031
-22947
13644
-24211
-34320
1019
-19834
-23596
20153
16221
11681
-15720
-21088
6362
-17680
-8904
4062
20564
-24162
24229
14035
6981
-4844
-18934
8852
-3712
19217
-15750
-26585
34562
-29470
-9862
-58771
-34815
-16896
-13960
-12682
22355
28496
-18367
-30002
23117
-12760
-5076
-8651
11110
-15891
1322
13329
-12446
-8520
-10931
4202
28025
14292
7711
11627
4565
1615
-7498
-20910
34072
-2168
-20643
5804
-35640
33150
-23252
-23825
14295
-1581
-18488
25538
-26787
-55
-22353
-4680
493
26292
14302
5567
7269
22933
-12223
6742
2066
-35700
2119
-13932
-11345
-16738
-39164
15809
37548
-31055
1526
22030
4855
48054
-13531
8444
-2351
27802
12253
1683
-35696
3480
20612
17042
-14290
35950
3901
-25661
57520
31370
26967
-50157
-28521
23714
22491
-16895
27330
-18943
17876
39459
-7210
2691
-16853
-44441
25909
-44584
16920
30596
-21799
-22511
-17754
-10536
-20741
360
-49959
-3090
-36626
30271
19033
5094
12972
-16234
18152
-211
-11455
-4423
-8476
-26975
15804
-4085
16990
-15189
-9885
-38918
-2867
-29287
-7627
3884
14780
-13998
10751
21228
36657
-24243
-15445
23236
-9404
26903
-9635
-4187
2265
-32874
36766
31496
656
14709
-17721
47508
33238
-9088
-3580
-15224
21874
21874
