1292648780
3340580033
1161039937
490930493
524500993
289747968
3546023005
215225361
206426116
3708106561
3713223680
3251699824
323158080
1903168976
68371284
4245016848
3271560668
469765140
3457284
825691460
3239053124
885117185
1006944256
4206868
3346280513
1350007812
4460916
835460353
477564932
275787968
218219328
201605901
121704896
499241217
4027596801
262516
810205
201596189
3557821632
521995021
1996703568
219956272
3222068493
3221242112
125111744
5180445
3285045533
3241611268
298136844
3493088285
1346586448
3695304132
30486992
4027383924
809570753
3305180285
20241408
1088228609
131281092
348143680
91292673
14108508
3224640516
206009088
80485569
477610052
1275544413
339177728
3520139085
56431360
3224842512
288650509
3339011441
7356445
813134941
54542812
3708818289
809238993
3221507088
1141112832
3342917073
3237420317
3238003152
3306014160
1078949709
3698644932
64057804
319558413
80557252
4486148
338809076
3715381008
17685761
1141129329
927727892
3302773581
3493068992
872419332
807256257
520385584
3696063489
4028436740
287049536
12901389
1413301249
17679360
3288814400
808731469
14419828
1027608657
50643392
860345201
348390608
3222340556
288682753
809746461
469783613
218132672
2004665360
1362103408
272711108
3339932500
355729676
1125981233
3547820033
322965700
341591153
3291939072
3241151952
488402957
3704575056
231166161
298057984
4194624
122093616
885879040
3300933825
873665565
204947396
3573567281
348389828
125043460
1883243728
336031773
3254197712
1145160525
7823217
3573817165
3541058396
319244148
30475613
1377296
1128529984
3547336973
54727537
1148482625
1997397277
1278525441
1156927697
33501633
471011536
3272831348
1975831632
54907121
1127236609
3301130461
1279466496
286477585
317261
268632077
17829888
829505588
2143303517
490160129
231805760
285216785
923861012
3720363008
3292989300
3274772737
335855901
1897349149
68377908
872677376
269570909
355546128
3238019140
927991677
318836996
1021120705
1196163540
341009
64828612
4984260
875876417
3238281328
80953604
207355981
1023898432
214971648
275776525
4148282436
3746843905
3251375389
1036262429
3509651281
1073808144
273416669
269488253
70257757
14484813
1087378240
3345437
332517569
892666048
232194316
1288717121
81592576
322401476
487600128
4101096753
1074793741
67384332
118501584
19923228
285499165
3238855424
121634880
4047504156
1127219664
2001678669
273482572
205806605
326126804
3238118164
272630788
318881860
532796492
3242278173
4056211265
230752468
4043321652
3292754141
67961284
272906052
67899441
1886867933
18105088
3453830144
1066001
3425989072
222312221
385905917
215814160
930357060
352326429
1883717709
69009860
3221255937
927203697
4151833664
6145821
474074305
500286513
3238199300
220136516
4227861780
1293684929
890047697
80808973
71399360
923136205
71356701
16385
1345638401
3308455220
67176193
205839428
808841216
873463825
3289122644
477560945
17237197
486608141
1950372316
87508164
31310621
3453076528
3489661236
1088225649
3221549937
67320832
873592128
872434717
282067136
219230657
861670621
806564097
3251685180
1154707712
16780548
30438429
834680285
221328500
319048753
1295282372
3251634205
4249043009
3221238129
3544450173
63030736
13688628
348926220
1088162884
812908608
1296830781
3694136397
214973648
3556793649
3503310605
230699264
1086590273
3275870260
3695186228
318468
4457665
1142751280
886164749
3225633741
297922833
273419341
3339141188
29372612
1087456324
3556966465
225473732
3572958301
459776
473963520
1963982913
487405341
123539472
1124928820
1010594676
16833841
322701085
1075004172
4034216128
7361357
1996693361
875893760
68207057
73204020
805510401
3457116
3352614084
268435728
3289448656
1128333436
482610253
1933843648
822084356
3695198513
524800048
87277873
1560311069
285429760
206336000
289436884
74716160
71306701
879825665
268484612
805355524
3429899293
3570627776
1949815873
16112660
3238219789
3278962960
67116109
3545059548
385929229
57938141
121831441
79711284
1937178624
70533341
97733696
486618881
1359793949
3692299072
928804865
50614324
1357988624
1960643648
125108492
285279517
340240
3272818752
3276801869
1025311964
4459569
50338893
3222281460
3609134848
7606720
75243264
786641
117459996
322030621
2010137933
223151104
1949778961
3560378737
3494343120
221496320
321981808
3225421568
885356292
7615821
4077649924
208695517
819136320
3275964676
269500689
490930237
3364097
350029569
323805005
1036849213
459584
923911236
487591953
1193069581
282971140
1091765700
3342714737
1077942132
3340028941
3509654285
1153632084
4027593804
808765261
4244689201
1946239184
1372642380
1296355328
50348032
55592004
486592513
225526080
4110439441
16
3510639681
252802932
885788672
809504796
1081145092
269491201
3723702288
273796097
876609540
390083585
272643185
1291911517
4471809
1142125597
1077178628
1076957508
127309
336401345
214233348
494194800
3490778397
269239316
805771021
3608954704
1932652608
3285647556
67384384
204537869
67436557
1950421824
1996803100
3544186893
1023176717
877671901
54789185
3288691008
268486429
3480296756
336410384
1908871488
219201552
51234608
3341866077
336409421
3221245185
3703584625
1011023889
477483037
3540012288
3451940932
275844100
96538832
202178653
3544302412
3288598292
13688129
3276616756
269340724
3695250692
3241414724
290193664
874335233
1086439452
271847892
868299776
3490673949
3545301872
3351318608
269549632
1073741936
874451792
826279805
3691319325
1278276912
902091009
53678916
1998347732
3493183681
4101244100
18076880
19923824
1075106253
1141178416
3301978564
1291846657
901792772
3712221524
67116097
807220292
2004055873
3502245696
352522525
1892109645
873258077
1079444528
3502330061
1020071196
119397645
3222013169
30661900
121753629
3238023245
1998377168
3557277713
268636445
219154292
3708230733
67958016
3292745180
4148286465
231813453
22924381
3540014192
936850909
1104157953
81003293
924282944
470929412
1293775133
3289645056
206331332
64765188
118555956
1104429505
3435937885
8156017
4247789008
338981937
343006212
876807488
880068369
471011697
3306160240
3239265501
3519089693
1950667008
3288581236
477152541
448
4059510080
3222486324
520552452
3745711988
4472896
3493803280
1953968964
18731888
3285414220
3222029360
29429105
3278926192
272658909
1900806977
3569830980
80572880
1937013789
3452112896
1073819905
470224141
268639424
1280522048
12648461
268508188
809307908
3541266432
1154289920
3235651440
3221492940
55561500
271630621
1947205889
3351578432
391202560
1077227997
2001535821
286262336
68013105
1911561524
805508404
3223182337
14539780
872690765
876900621
3722212660
4034150656
1930494144
3422750580
3519873484
1879316349
1896617025
320062464
20234496
255607552
7852225
3507291136
3295939585
3224663116
891027713
872485060
1061632
3241463101
1145310284
791664
886060913
3494981888
15990860
874369292
885211997
1087489024
12586001
3222278156
1191694413
3221483537
872497628
16765
3346280512
221531152
873678016
1342985524
1897739457
1090638032
4027585740
3221474752
3519339521
873742540
1048909
810307021
1125323588
3695494993
874266996
1103967232
3222090753
3508367837
822542593
1104638400
335642052
880554000
1103442224
336409037
74645581
17682752
859882688
1946161220
3423604737
3691249920
12704781
341456
809500928
3225441729
877740288
13442288
3560768372
792397
3239129092
473025588
3506641920
1125123341
809500865
3343647536
873946445
208719873
4232525633
281140481
3503308852
73160465
806572304
889458140
3435135089
1279263757
67319092
70349645
3222291213
488443904
1899286548
1460736836
269513741
50532624
3273422653
1027870781
268435716
3427610832
271581405
1933574400
365379708
320012404
230913812
30474497
3709672668
1127224064
30626001
3506819121
1089749056
1574373136
3711966524
4026745089
3279163396
1360072784
50676784
54772849
2000732164
67139345
1946475792
29409741
62914780
3519299660
1087701296
17052109
810878160
1886846980
268911684
805618436
323227716
3506753756
1155285469
1950380097
3695210868
1947488061
868291036
4149412621
523564045
74760401
3238819600
873295901
4097048881
14618077
3426762756
3720463484
54526017
204502836
319049181
1934673680
3295940852
219951108
1346847744
834982108
55378372
1091830016
3196749
1089782556
68945104
826475729
12599745
806305792
4048672577
288437308
1325403404
3547614685
1299448093
57987073
298057728
1074557005
13638864
1929577472
218891340
67190224
880047965
121832708
3288609220
859948829
806095933
1195603265
3343714076
3491565581
3485728013
873532676
1087686001
18092096
284237120
3695657212
7553245
1207374132
67223885
118545681
3708142045
298074897
812961840
3288543604
66000
299222860
14436212
474760016
323277121
1291964480
3223127872
275804237
787484
20235009
3231005
3486531584
4231282701
1075774928
231742797
20185873
232213517
3497906948
923013956
3707769716
276115776
1362128945
3560967476
1196636029
299060224
3427651597
4056993793
85735216
875566036
50601229
3225665552
3541168384
3709014020
3489715021
52179312
13962304
29365008
288644352
3543452684
67114032
3503031120
14432000
1950421204
1073763136
3242537988
1076
3235859716
55379792
202134288
67116404
222639996
221257037
1142689984
482463805
3272683729
824118273
4210973
806365
3288663837
786688
3424403485
3489738772
17003549
287104016
271806468
117457937
3564978177
298844237
1014038640
822086932
4460740
3426746640
1422979537
3292541296
221515792
282132496
16847644
12587265
268644829
476
1103125837
874251388
805355569
922775809
925893389
3305194544
3238075661
204947516
805326192
222317568
1128297676
3343663312
490995917
3284350161
3704638941
69016896
270292801
1964051660
4076867892
79715777
3519024436
1425080349
67384516
4312141
3342860356
32849360
3506638132
282132740
3427128541
3302808849
863034845
3747574000
809596029
3570155524
273875996
3341877300
875614208
1879053332
13906945
926208272
63243313
3279239028
3243049009
3569631441
470888924
17893121
1090830544
365365105
3225898052
3351475060
57751376
812961860
3306017229
922747185
121857
3225419789
3440381389
67162380
474021917
1960800513
923861260
499384772
1952237424
3440434205
4231807745
3502518740
3452698900
67162141
806355712
1304440948
1573912845
3715420225
3506491444
96669889
3222012164
1127497796
117765312
809530113
3291684145
3302835969
806646785
822280660
806483780
3708618497
120868876
822955012
281034753
1073836045
4101099532
273485056
323180496
68174685
80594692
3695522884
17592576
72293392
326124804
3697020368
1154695245
61453
3698343004
335610625
1144003668
1331551232
3490517021
3234660628
205570305
3497054257
1194646736
923799565
3235328093
487048240
1094832132
3439591441
1951155056
74727453
1606681600
51118288
4059558349
1327302464
1947521908
31200372
220020493
319803444
3301395908
1882406916
1895891149
289230912
3295730956
3694203725
873729344
1159492813
1278545105
1077986356
124993908
860685324
3491565853
1884499985
3490978817
3436265948
4526289
834785552
805793988
3720469617
3422635012
285701340
4093644849
3707985364
319571149
1124978944
3307024577
88408093
16195549
390087536
892667084
326586369
231670977
338809037
1914129
1061648
3748934416
809513008
3278917085
819752973
3452383536
3720400132
818744320
3162993
337386780
469781828
873209140
1275137472
1903445185
1291894861
1093862157
339178500
1560350833
1343424304
285230292
17571596
4156835677
3149888
3292790860
474742848
68361332
130076941
3238871488
255282433
1524736
805568512
1550843920
4173
225955696
16778356
473121652
3546094912
3237216624
51385089
1953973520
1078402048
3292549364
3514094349
326189853
3301186637
469835009
1946251316
335613124
3707043853
269234240
3239837972
323338512
3319205888
805368116
72211456
3556986164
1024316253
1148190977
117460301
122423104
892621680
289407748
1347165252
339767568
51385117
16827412
67980404
493975373
1124388209
1154548189
22069524
500383773
1975779524
30488016
500438273
3343127517
822871052
834994385
3690987716
1373233
488390912
3695186236
209132753
1023688528
57987344
1953510340
500987725
473972784
231595457
806829181
218308032
80754684
1892696897
14491485
3704897744
3574034432
1280770932
873219076
3691797872
926945584
875823873
1140968640
203185220
289525820
489998093
117513485
323243089
121635264
474271860
221250384
902044701
55014641
71359964
1145052612
500386864
3225424068
3276921908
1363217409
273482832
3423863808
348406833
231748637
80953345
1933588276
3497001220
3504079308
1896051793
927453684
281477377
3239906589
338702385
1131679005
285212692
218566673
808715085
119279041
68638529
390071501
1305506868
1883247472
1278480449
835831044
3613179956
53547888
885010436
872529969
54751309
30462016
326157120
501009421
930427921
324865293
51393793
282547213
3556562033
1090981169
80010241
1077723604
67436864
231790413
17635137
83296561
886951937
298271568
859905281
471662848
3242489716
819840308
2085425949
394002448
474022160
323076096
1947284317
124978448
7653213
201785393
22217808
3570484228
68473200
118277953
3540022080
876049204
1074203904
861696836
808580036
805569553
18026561
63033628
3452722480
1304440861
1081098244
3611614676
1879100676
13381649
1960171265
1275155313
1296945344
3227455537
835919156
270336449
289165312
279373
3293365516
275848500
252448196
282265053
1024196637
29439937
1296045056
52170829
1975517252
282933005
1074532365
3308261632
225920961
1077084252
348979549
3317763357
81576000
51138000
343151569
3453010228
809582916
980
386138176
3506701405
230956032
3695443968
1545357121
3344174096
217152
1947026177
3288601024
924589521
1899283469
67306704
1879851084
1963840305
805781581
491520196
1951387905
3695448349
475972
823331844
208981105
4044124272
1148270452
1946272000
21091120
3508352192
3344718964
192
3703846852
69010897
822334516
1896892164
219202756
97570817
1007424324
70566988
264000
3608692
1299979280
3446787149
57868336
69010896
886837725
50446401
1293759857
4246589745
80986128
3287600141
1400328401
805507956
3561441092
1573650688
3242213840
219205748
207409460
1359024449
4077778113
81577072
3221347341
57951197
1087426589
3461169
221712833
787220
13489012
3238883549
3290265409
4118070128
3242515725
3564490845
1141142640
14500045
1197281729
336606401
1291847132
51392769
1091371828
876073053
3252539457
1947212812
3557867725
121749809
3238006861
282080524
118444317
205523968
322179136
3945472
1908437248
288572720
3234009860
822349884
4034347316
117755932
3691040244
1909918736
3223189341
3709629201
219209165
1091371021
499347472
3272683713
3523840
218366032
3493007389
470925325
860704016
1125126144
50427344
1946677313
872428560
482823284
289362132
71499792
3306966320
1935474753
863290141
121963328
4078001604
3489989389
487578896
885801437
465920
98366673
50497
50662400
3250851265
272842961
3571254468
927854852
3295740676
338968592
1958747357
323159089
231546052
268504368
3494121472
202588228
1975783428
78084
1900087060
834749200
16778256
285527236
7363917
4040950577
3424465104
322993217
3507536944
3506442269
218894336
3346084308
893124801
124800256
1094049101
4056219917
1128480977
1909474353
876688861
1275293761
1299447885
3221228564
7602509
83951680
30408913
1024685277
1292832013
527447053
205770801
3540514052
1947415748
4224001
387739649
3509862669
268632512
29390656
16782449
873520448
19924240
3506491661
822163393
17039373
3234136332
272892225
13635028
3493085489
121831924
326583069
3439820049
873215821
1879514141
463325
3291742289
1194397697
1074205905
3540483280
202837264
1197211729
323420189
1077150532
1947404032
1198527540
1392828237
860123600
1035996208
4031513025
3241217476
268660932
3497284033
1909469236
1396142336
208719068
873480400
121451532
3490925872
214113393
130380864
119390208
3362100
3300971265
4033933376
118492276
20971972
22819844
55630900
234216640
876938436
470562672
1007538289
3221544196
812912753
1154486336
856016721
1076966621
339758388
822874561
1304710145
4029706317
271611664
91540752
874446897
1125347392
202207709
97584145
286064924
225472512
3212301
3271558977
1292223837
3497068401
230961520
1092358404
219155664
97371152
3279123508
117469661
3347042308
321983260
1345597533
3453776196
4040285405
490998848
1008539121
930286592
281034973
1950670272
321932592
29622337
4028416477
3694605405
1900231889
3273471188
218230813
67400564
487666737
3271869457
3426874384
807210449
1886584897
318981232
1946435649
17056820
3238490128
3409664
231026973
298061828
823139613
474169648
230752720
285999104
272744717
3692941364
1291965440
4673856
1091325140
1950549201
3238124612
829803524
3556820804
3221691456
1962983437
1086787636
335826164
1896952652
81739776
834722820
19992781
4081923328
3705436017
926008080
1077397277
482398276
1960644800
3489923185
482608128
3346071824
872494129
3276541953
3288793101
3557834768
4124866368
67440972
3691318532
876704989
50533392
4228972593
487904285
1903444433
835178692
390533236
811414785
1134640
4029746176
31199296
4043309516
270340865
349295629
885267741
3544253296
318845005
1307593793
3272608836
1953565953
3222303745
3234034752
924589172
202232692
4571252
80743681
1909579012
1087495168
4112320276
81593421
3694408772
281792
487571457
67140701
79708356
68383964
299700253
3576967169
812713168
29364676
485491924
3505867777
268746816
1129054401
3722185732
1081344832
499237905
489803805
1885146420
876703825
3489923281
335558477
2092975132
1097949
16007244
320274736
62987377
3225538624
885476800
922775629
1086341617
499129613
17618140
1893466333
1129120065
80740672
87388420
50557184
13681412
1130219264
218107908
87232704
54644493
298176588
54329396
3392
118292688
4194321
219218161
273535041
218116353
218221836
3221227316
1007095053
3222028372
1124564036
822086977
1154694429
67580356
286457856
859914000
7341505
50385725
1883708609
3691056385
4056940804
3420273
386662668
1967146256
1295454276
2000471924
1125122112
3506439121
55328769
3491513180
1278234689
1946175312
889312193
3306623028
83898480
3289390145
7196
252933956
875945921
1086374656
292815117
319082545
16793629
1959064016
1882259505
1880151044
3250868429
270467149
3555836164
3222541172
825311249
470813953
1883244317
3507224588
4027583489
1280334912
1305477133
67110144
118506332
1086787824
3339567364
928248836
3698553601
1342178381
1275071745
3544477965
84352960
3343912129
486755648
875879745
3301983501
1125987380
3722260509
470818064
218563601
218907905
3238281233
873267216
3275979841
1465713437
67960836
1997559568
221466884
471676164
1891958784
3152964
4118023245
55329860
97520644
3451912204
3502247936
3235713076
806571200
3289382928
275898228
3221538624
925959389
287256689
230965248
3238003725
1356009692
1547976781
3698331404
3426944028
3489756993
823997441
4258333697
55004381
1900024577
24383708
218907476
119337232
520962140
282866449
3540219712
1074609168
54529137
4027641885
12583104
3540024513
3611380753
877086068
806163216
1331642845
1886864452
292831233
319829197
3519074752
67203348
1947038721
3422555968
74452228
3251686516
3574795264
1126030640
270343217
31195585
4993296
490161476
13946893
3743171421
204960817
4213952
3541876849
273481740
3494642705
17825841
3225505037
70322036
17251805
4027610225
335544541
1124293936
485507328
2000946237
29389837
1548187396
1953505053
3271575373
3223154705
3494059344
71306304
285283380
491536605
474235073
54592305
17682460
886165697
3293345617
326595024
3288822865
3234071296
7340253
3709714508
3289395472
1896730817
268651729
490161153
3491577024
3540794368
79770820
3504145152
204959936
16780340
385906448
3691299892
1947065457
491640701
81596433
221316880
3547594820
69058832
218415104
1909653761
807256284
3342861389
1078132740
3251713028
885474116
4282676689
3275751425
3493068800
836564288
3509964148
289634077
1292071168
3544190977
3251884500
348393553
923540928
902831568
3560182641
72553588
3491499313
5184964
2098200833
822285316
204856640
930550065
16806980
1305789249
281071888
122952717
319769693
520409361
1339661
873673588
1026846980
1074856256
55394368
3707967313
21839152
3273076800
1074053172
3721331792
3289580301
322964685
12898589
3544240192
1947258884
3243054129
12737
1010949389
221565120
265521
1280168720
322964532
125259789
70284401
348604273
822112257
81557364
29360388
3272720464
4223053
809813776
3608370445
3490563084
3452764176
271896577
1090805040
3354735361
7603060
1962148108
17105741
1355821844
3610475633
469827792
12793601
1127237444
83899601
4998941
3279012096
20201280
1895841808
268714244
3493860108
1104180532
117642065
3704672285
1409408256
1088176196
1950840653
4040165149
3238020941
1949418500
2000901341
3490447361
1137913860
3709075457
269750128
1195639837
66073844
4472861
3493069917
4045163597
1308038001
4043625664
270303040
1086537744
3319609153
3552575745
3504200724
827133760
3708616925
478656
4030139585
219155764
3439398196
1131679757
298086721
18043924
85187664
3489678580
276106688
204081
930287617
51196737
886377968
3346285569
269234384
218104125
268727348
3490727389
3611773981
3426746428
58143185
3241232193
874257681
120915248
281333808
809572100
475791373
1998390064
1093999873
3288404049
806405213
1289605136
886247536
1279336269
927321937
218154097
4263745
3221440372
1090733108
1088225344
280320
281494385
3310563405
1355237232
1075591028
886063104
52166672
806371776
1291275524
