10654
-46891
-13305
-11977
-20967
-37817
12094
-38832
-34296
-46216
13415
-30218
-12989
2177
-17474
9512
-907
51285
14336
-30317
20594
-33442
-9332
-4533
-49912
19084
-9144
-8120
22651
-6700
-19907
676
20254
8729
-26613
-12114
-37022
-2055
-2489
23520
37233
-8426
419
9462
-23057
755
-22315
-12872
15019
-5377
-3909
22435
30829
12855
30891
24111
9869
-7065
-8984
33038
7311
25693
-11601
16226
-23882
-4276
15345
27514
8692
-8185
-8135
20114
-7073
24540
11477
-18781
-31630
-20159
42182
26381
5578
-22789
6552
7308
13791
-9291
47198
-1676
-10162
48580
7790
-6303
-4619
-28949
-45032
-8860
7708
27366
-3271
10486
39158
51324
-22614
1875
20285
6889
-2524
20856
30888
-3374
-7964
6458
-7753
55145
-3928
50166
15443
-16309
-17864
29588
-38294
-21971
-43401
50614
-8203
-6383
-5790
42360
23095
-16046
-14451
27252
-50050
-8917
27724
-12320
35822
-2453
3253
-21957
-20311
-25484
14914
-4618
12960
7248
-32353
-14772
-14110
-981
18147
-15501
-9312
-2406
8228
-15267
31575
-6804
-17442
-826
9242
22012
-19892
26024
-27135
17823
-10646
-15020
8853
31959
-8120
19006
4950
17988
28896
28147
9912
4446
17801
32466
-5721
-29623
7781
3491
41124
1853
-13264
-26010
14412
246
927
16900
2011
-12373
-21589
-1522
17877
-12869
-27133
-3054
46042
13535
-22214
33817
49260
7210
-13936
-9096
60499
-16166
-13224
17642
13302
29800
-10179
-955
2640
15561
6063
-511
-15784
-12793
-2947
6295
-10894
-1721
16437
35848
-32783
-28634
5212
-27638
-9761
29108
-23192
3533
-8474
8685
-6940
13242
1898
-18228
-3962
-19592
-3585
23774
7608
6994
-21699
-14017
-4066
47586
30481
9912
2982
-9343
2369
-5074
-16443
26508
36828
-29333
-2836
-34402
-5771
9652
27103
-44393
17135
7331
-5238
9631
-27153
36580
-5658
-41682
-27303
-13944
-14624
11944
-33707
-26675
-8452
34807
-4556
-19520
34535
-13946
-20213
-12153
-17126
21003
-25068
13262
16382
21854
-1658
-25329
-8570
9750
263
20208
-12655
-10726
15
26294
-6206
18534
38809
12368
16107
-22172
-11022
22332
-29784
41374
-15442
-24210
38434
15646
-9268
-15586
30682
8168
-11242
1657
3183
6161
-17032
-7444
6833
6700
9902
-35904
-5573
-26082
33907
16816
42619
41942
-1595
-20064
2206
24926
5864
10227
18693
-16771
-21154
-1486
9259
4836
16737
5728
-25174
-23372
12349
-667
13970
13529
-18320
30259
-8727
-10150
-27795
1024
13589
4990
-1073
-23621
29240
18358
-3697
-1956
-31316
-2659
-2132
3798
21798
5594
5881
54823
-33274
-4813
-10810
31155
19339
36844
4326
8587
-3788
13210
9284
-17531
690
11370
9713
48514
1207
8073
-24501
45582
5366
-16407
-16884
23090
-1404
20765
-10634
17542
2398
-13130
13866
12290
-3552
-3285
-22482
-9406
-15199
9024
20172
-45123
12465
13624
-10305
-26631
23182
-1374
-34443
-38159
-10052
43064
46464
-6786
-8591
1359
22731
1325
-5301
-31360
-4228
-4441
-17694
-18722
9884
32989
25159
1747
5534
-28154
1794
7832
-2460
31750
-42787
32872
-5744
6852
-16101
13961
-12487
8200
-18256
-38236
4054
-29913
-6474
-33388
46457
-24879
9122
-23320
-33479
11038
-2489
-33042
25091
-37447
37898
-3040
-9246
-1298
-33305
25188
-670
-16207
7539
38706
-14030
47646
6068
-7203
-44264
-3891
-21279
27399
-17376
-2048
-903
2667
-24408
-10624
17435
4598
5158
-13542
41713
-34029
-69
46111
37468
-1541
-19035
-20188
-25850
26163
28650
38909
11478
23773
-32560
-26655
-40622
16754
37673
2677
14295
43103
41367
45439
16781
-17705
3751
783
-17930
-24650
-33703
-5179
-6348
-3087
-16908
28947
25270
20868
1646
-20604
34236
33426
-24826
40345
-12011
-17049
8946
-1121
12289
12377
-18325
49138
19421
6996
40523
-11781
-16592
-36093
-25730
-2335
-25095
-7026
18267
-11731
-21923
-6995
-34878
-32600
8665
-39428
36149
-2886
-35003
-19030
19942
-27226
-16801
13857
-19754
-13235
15498
23212
-43
-24124
-858
50700
-11098
2525
-16582
19616
-12598
-34037
16069
-14055
23453
3564
-27521
-21886
2428
18677
28060
-25748
-301
3943
-31383
19290
-1094
-18589
-16758
24560
883
-7248
48084
8464
47212
-14174
30242
7887
-24626
4515
13864
-52527
5583
-18282
-27712
-18015
-36703
12726
-22007
-7090
-26224
21956
-8062
6930
-18864
36651
8165
19624
-20137
35530
20719
1052
-15395
-9739
30095
20502
-34744
9783
-19011
-20290
-667
15880
-14589
-33666
-9943
-24692
22080
-1618
44601
-44458
5265
-45691
-28146
29391
-1881
22154
-6346
-35568
469
8035
7667
49903
-28348
-14995
-31022
-12215
-28909
-3342
11863
-24078
25565
7192
-6008
-42820
20882
-8663
-14598
-30272
-314
-22390
-48866
8347
17644
-25100
28724
-30085
5513
-36733
1033
20420
18560
-24636
-7197
-21584
23652
22150
19087
31392
-39916
28541
-5533
21005
-38010
-11020
-7365
19460
8131
-10697
3248
13002
11243
2714
24444
-25653
-258
1685
8398
-18415
-22041
21683
13976
41389
12532
-38440
-2354
18292
23289
-539
-21077
-6276
45918
-6552
17224
-25109
-17205
-31186
21810
3757
-25836
-1259
-3855
54043
-25431
-44615
-18907
37584
23229
-18418
-46580
12730
14370
-6029
-19918
28271
7297
17068
6253
26170
-20692
-8381
3059
-14654
9690
-968
43294
7521
-6020
39457
26767
17150
-28929
9130
-33707
19081
20611
-35307
1235
-1250
-8316
22251
26491
12727
37942
14264
3297
-11238
13712
-34572
4412
14517
5742
34592
-20816
25197
-25048
-9745
-8815
-5030
29150
-48261
-23903
-38007
1042
42400
4440
-6701
-20327
20089
21853
-348
23435
-28866
-42754
-34754
29029
26376
10535
-13985
-7340
23570
-20082
11689
-18684
-4008
375
-18344
10907
30960
-42925
-17835
23518
1780
12115
8443
-2310
1078
13353
6523
11927
33631
24678
-13634
7200
28551
36071
583
3060
5191
-8075
-33003
-39015
35032
-6811
-12692
-24196
29287
14622
-42320
12055
13516
26480
-1318
-32259
7708
65
-31398
8578
-15175
12197
-24416
-20002
-34480
-21625
4411
303
46164
31210
28644
21915
-312
-28254
41430
-2791
38839
-33872
1115
5047
-2491
730
35200
-3556
29486
-4465
7728
-25348
11222
4765
2588
-5225
16898
8416
-22353
24700
-19188
-29068
7438
-2683
-14742
11758
-496
-6965
-24538
9043
8518
26416
25840
24052
36439
-43563
14818
15569
2417
21345
3448
-45949
8840
-35553
-24484
-40617
7901
-23694
-32973
22369
-8184
15865
23182
9158
-2908
2387
-2282
-10316
-31794
11504
13485
13186
-7036
5652
20679
31693
-22174
17861
6992
-7349
22618
-13850
-37824
20264
-20520
-6370
-44630
14002
-19316
-24046
31929
-6240
1560
1292
5183
13560
40319
24855
-3605
-7025
-38908
-17082
-16436
-2703
7267
12005
28422
-7414
13277
-26765
3815
-3359
23793
9839
2470
-23830
-5055
-21971
-37452
-4481
-32219
-9768
-32053
29349
28731
-14017
7849
-9521
-27456
-7264
-11250
22171
-25560
-9896
-8357
-8900
-20634
-18122
1860
856
-15303
-22256
35511
-23503
-13592
7893
-35795
-30779
-14590
-17192
-4289
36425
18302
22123
3556
-22453
-3753
490
43164
6397
14755
-13031
-21904
-8992
-10897
34700
12738
-42189
-8050
39050
18967
-50985
11602
17448
-9398
3706
1649
-27329
-5206
-31707
-12244
-23918
-5244
3902
17630
-13089
-14185
25101
1059
918
24359
36125
-21544
-6262
33822
-15079
17591
-3521
-29843
-1078
6466
-14052
-21408
-6059
-10223
24612
37921
-34699
-3823
1753
8574
6832
-22881
-198
15490
34857
-8511
4738
20908
-8847
18638
15541
-5024
5025
-27605
-8163
-35884
25362
-22845
14117
14188
-3756
-10489
-28561
3475
15674
22403
2301
-29089
9556
-19236
18604
18165
-3470
-6734
2113
-5930
-27562
-2267
17109
5540
15284
16071
-30636
27961
-22784
-6024
10075
3821
20210
-13471
-16032
10816
17420
-13316
20377
2069
5580
21219
29314
16532
12718
-13770
8362
-8801
21469
41606
-15875
-31107
-22616
-8057
12904
-33274
-860
1786
-23955
20151
-14886
-28660
-18095
-23556
-33796
22787
-3149
-20256
31490
16380
-9810
695
-8942
-24760
-11236
26760
-14188
-13707
7116
-18991
-10754
-7251
26795
19156
40070
29183
15611
7383
19501
3120
-24657
-16279
13286
-22868
12077
-9760
-32349
-11542
-36397
-747
-25785
14673
32068
12323
20030
1855
8523
14269
-27059
14466
11703
8249
-6071
-12578
24259
-18373
-12221
-26421
8833
3307
-34136
24829
-6757
32470
23075
-6075
23778
-35999
989
44412
11110
-33469
-12111
7647
26061
-15894
30704
-11270
-34378
14017
16210
-26094
4354
-11504
-18542
43714
-3390
4453
-20495
-1517
4136
-35911
12852
4899
32752
-10578
1420
74
-265
3099
50860
-20608
-17063
-22450
9266
4370
7811
-12254
21863
-21598
-10778
11775
-1211
-26610
-10701
16982
32299
-620
2658
19365
-5952
-33815
25975
30396
-20862
12270
-22423
14162
-6572
2577
6094
-36756
-9008
-2760
21547
5435
-32045
-2367
-31921
1160
24528
26037
-3924
2014
-15812
7451
-27394
-24137
-6445
22076
18746
-16981
-30843
25110
20314
-26168
-27575
50234
4119
33084
889
7214
3219
10430
-8472
-16176
2936
-18521
-12028
13185
-8192
34120
33991
-30234
-7797
34118
51525
-20320
15315
-19656
-574
24243
-28504
22253
36924
4568
-42742
-4368
-31390
14249
7150
18363
17266
-24561
-50332
-37742
19055
16728
-17847
-432
-10743
-22285
-21386
19503
-24004
14678
-19624
-33636
-5458
-19746
-12410
4082
28342
-18704
45365
6056
9845
-34091
4201
17424
29863
-404
-8080
-3390
-7903
-12978
-23465
7149
15676
15967
-13137
-12790
-8801
-24879
-21469
-8524
14236
47760
9191
-49279
-20058
25305
14863
5046
20171
-19812
-24141
13523
3565
-9384
-9993
24917
35940
-10754
10977
-6489
-28934
26480
32871
23665
-8098
1696
12920
32923
43559
-11743
-33754
30459
14099
-20585
-33656
10532
10343
15701
-13795
9190
-12693
-18936
28845
6920
-10162
31243
-5588
27199
4323
-10621
6847
-14615
-17597
25869
10194
-9387
-1851
7387
30514
10820
-12926
931
-25180
-12018
-8491
7706
6072
14138
5828
-2613
5205
21064
-11751
-56180
14047
-17434
13824
5773
15259
10653
-17974
-2089
-7635
-60766
-10525
16176
-3063
19629
45805
-23208
-10248
-9662
20262
-10153
-30341
20748
-28866
-17870
-7408
1197
8656
22386
-14509
10079
-13846
-36070
-9319
-5399
-8388
-955
-11787
-40354
-9490
-2508
9167
-24011
-11644
4885
-29320
-27037
-8726
9056
39728
-15967
-9995
23769
24298
21190
3741
-22977
-6686
3360
19865
20213
7044
-18226
9133
56851
12705
-5183
31619
-17162
-38887
-33905
-19791
-26092
-1772
-18505
51458
-45386
31682
-30313
-19858
25636
-1993
14184
-1914
8038
-2462
-8780
34718
-35397
16208
-5233
22489
17810
31732
14611
-7737
41345
19566
18278
-34877
7630
-2989
42977
-6124
-37006
-1223
7788
-9936
-18020
27123
-6515
-25591
-12325
-26135
-7269
-48775
2189
5972
-9218
43585
-6715
4718
27284
39684
45600
-13737
20102
6797
-8160
20423
-22844
-23768
19161
-41785
11294
-8510
-1016
31524
20110
1133
-36944
-47232
-18928
-39790
25768
12599
-10744
31206
-4389
39309
-9202
-12066
17532
-16181
-37964
5230
-10340
-10168
39421
-1736
-12107
-680
-1346
911
-16325
-35176
-29585
-15620
-23713
10452
-4095
44336
-47716
32454
6101
-32656
-15942
-53656
2797
10283
644
-2867
1004
2661
-6405
12080
11206
-57049
-8594
-45042
25118
30891
16061
-5442
13036
11434
-27983
-21187
-19827
27628
19167
-2740
-6818
17721
32262
-25555
-2324
-6118
17811
7892
-289
11496
-18219
16225
9009
-24339
-21429
6555
-22031
-19340
-492
-2005
4386
-13117
-41300
-9126
-40027
24449
-17518
31268
16358
27295
18621
16787
784
4704
20761
-564
-4623
37250
16577
20585
3602
36325
-11696
-17651
13869
-19809
-23613
2172
9432
-13809
10880
-37339
-24232
-21614
27467
602
40526
8878
20607
-27926
1464
8292
16347
2761
-18770
8336
4309
-7094
23619
-17330
36517
-1708
27837
7320
-1411
-1580
-22139
3845
-9471
-16584
10992
3768
11814
-8227
-2923
32675
1851
11267
-19950
-46914
40970
36619
2653
33157
-10696
12864
-24444
32520
6366
-32232
-11824
-15020
-16516
-3742
1921
-5954
-29473
-5486
-8887
14044
-20244
15976
-4087
-5745
-10031
28822
29554
6059
-20318
-32428
-4215
16418
564
-13993
33530
9722
8556
8835
17447
5436
-25147
-26482
14062
-212
-28408
-632
42194
16936
6854
10657
16690
-26274
-35312
28219
5309
36626
-19607
-27864
40911
374
18590
-2521
-9849
-13810
11672
-35602
19389
19930
-15869
44709
-26759
-9396
16337
-14723
26676
-10069
176
12338
17408
-10086
-19656
2604
-1659
15872
-25316
-1365
-2038
28254
14577
-24339
3278
-46131
39416
19505
10492
4697
25176
1714
-34482
2204
4194
-4280
-33439
-25587
17069
2066
-35161
-29931
1037
-36228
-11323
-36097
5130
-34384
-6139
-19850
8121
43909
-23140
23100
12998
5494
-6347
-11274
21643
-10405
-8005
17316
10945
-10336
-15668
26525
32604
-32754
-9511
8535
-11679
40065
-31773
-18521
-13426
-12298
-33436
13504
27311
35504
15803
-10999
-17515
10568
-12788
-8874
7077
-23422
-28940
2124
43034
-21719
2382
12787
-31836
-16147
28613
-18454
-10980
-5955
11109
-34210
-32804
-34638
-30540
46181
3156
-8734
13589
-6587
20327
-25468
-6168
-33096
21989
12464
12500
18017
-22888
15195
-6538
2997
38702
-1130
-28558
29792
28
-33378
-33665
-38960
-50739
25341
-11729
-15337
-8972
-30876
47933
3360
24331
9118
9454
41694
1478
-14674
397
11462
-632
6989
-581
-35664
28830
-4201
16820
-31237
-17199
9814
17497
-12574
956
-1610
5972
-5206
-14611
20099
-49398
-7652
19111
-7177
-7821
42453
-7094
-16589
-5853
-33308
10774
2516
-23299
-4793
388
9292
-12946
6333
18867
6586
-5600
16214
16300
17130
-467
6238
-6418
8377
-296
-41896
-520
11307
-28136
16645
16607
18396
-15869
9488
22700
39606
