3507277872
351736816
3301196084
494106381
875615245
256704753
268485892
205591364
3442739008
336790721
3489746244
3494343697
823971952
807146240
121848653
324220125
3544200212
1950617648
16449
3241610564
51396044
3148868
1154702800
3338671105
1076892465
3509649713
297802829
930159888
3541898268
339554317
1934429681
3235070001
87150848
288635933
51233908
91242512
1078725917
1997550349
24445697
892339981
1929383988
3490910324
3312452381
1276133636
132071440
55849153
3340567581
1295108032
271600925
874320336
3221274705
1077204084
72090685
268697677
53312
3422936285
204931917
1140289821
69147764
1073939472
386973968
3612085312
3243313
3698398209
1076888397
3493909776
130053888
499977473
121045053
3277063217
320013392
1329841217
268779985
885458704
3692233536
1158873089
3540061196
7724288
859881472
3721446160
335857476
487705908
268513596
872628228
1276592129
486605588
319080385
888239985
1076916224
3748688925
872439284
13661184
231932749
1154417524
1157903168
19940208
1360006145
3704360976
3746353972
1976792093
805781760
326425972
3507237149
1950400513
18612228
3462961
125058496
890444864
493892801
1086586880
3511092160
205862084
230704913
805573084
3708077521
474010689
74503180
218320157
218117900
269501488
3490906225
3423408604
927155201
71306497
878522397
1061242749
3503554804
4081106956
3221700912
3407936
3707814941
3310361604
273088836
3275867165
232640769
823148593
3272348096
3252641036
822365204
1930458944
17566737
3301969165
16782160
3697017916
3607119645
17642589
1896619329
3199284
823145280
835731505
231588096
1276211212
13636417
3234274752
3422880784
84787665
812666161
487529489
877473821
894180416
4093719745
2001731853
291648
808541188
268436348
885010625
3490122833
276578356
927749313
1948113984
837931380
3439329745
201589761
51321924
927252596
13661196
3338785540
1198526528
875852893
1036058637
3520344397
50808641
3223078721
205603037
203185412
834733312
3494330676
1299976208
474013044
3519508544
232578305
893650176
3691040960
822374413
500632884
3578999232
386669809
4201500
1879051520
3235761937
1074804061
1304435716
3222094877
489766925
3222323293
18117440
1908437021
118489204
289463373
18022644
486541069
343350528
3291749633
131292237
886887436
1087390529
323961692
3544527104
67433780
4027796484
4097888324
1953812
319816705
13750749
52368132
4094504964
72615389
1975600321
29574144
1909457137
3222340045
3289453569
4039379997
3288347869
3494064193
125124801
70468352
474236740
3491565761
80168141
393297988
3711960897
1074840593
74714880
1098765
256114804
6032500
3442950977
16794628
225521936
886833156
875761680
323816913
218170561
67162368
275827712
475229
1141640452
3229368333
55578816
1296829760
51459073
823997441
206517261
121586492
889457728
3489874244
1154237444
825278493
13833420
860815428
207450436
3698384180
1883248576
3245356097
3506635037
50416913
288817156
925955856
3691851892
1947205636
3443639536
223424541
12901636
3423015745
1078984916
805307248
1282793292
3289319232
1564492020
3741323277
1078161872
1997591412
3519024336
3708144692
119305473
823254129
922973233
13070532
3225685056
3221228656
272381812
1886670321
3238019332
273481732
1563892736
2003943616
1929448913
3291484225
829490436
1359220084
214961153
1886404912
288709936
1942229213
7343360
903163968
67109697
3552920589
14503104
1073742276
1195393025
365976852
3707831296
122909124
121897936
1883521792
273419549
4109634576
1127276292
81744336
3507352577
385958196
3251634957
806420593
80743921
1879404557
17236420
272915776
359780432
477371405
488455217
3698643712
3544386625
16782340
823984132
486559940
55341313
202382365
292816641
1911764080
51445809
55837709
1325478660
474864973
5189632
20989121
1124102156
3556849524
7603249
1897860404
3708228365
3338666829
3490722000
3306959133
3691106320
1288712388
930206541
20197405
386679645
3260625
201527504
3720836557
318797132
823227420
71358212
269533648
231161968
474746112
268502784
4985860
927012112
873727044
366956913
500171597
1305280820
3504278977
286027804
71516237
67957040
857501953
524407837
205537392
3614448909
1412762676
818961692
805520196
3221422385
3233822144
84099844
282973200
320668748
3709672465
270393089
884999281
336397508
80769140
3691253812
1191445760
3440182321
3497214028
269337664
1371626545
3238805825
53489729
67384436
487326772
3443262673
805309773
521928960
386937885
1098076464
3234860829
259014685
71311217
81530128
924636625
3610268481
1882244100
3612082176
70517040
4683536
3276801884
70308308
3301723421
81949
1879322624
4676880
3224837404
125256177
1963749756
20235332
17169
3612373249
477103156
271610224
51187725
3508302849
1949908
3305327885
3339145281
805422084
24117456
3707814916
4395229
20038464
16830513
3503768516
3519296512
1129320461
1163329
3301179645
3245396061
52365121
3292532160
1409289293
259117108
1304548356
1574700308
63245764
1412711665
1103103857
922751956
121898096
87297360
474182657
4047769840
3490713053
319046429
74767821
3424305
117557021
1959203853
218169536
68407505
326179888
3216577
3272351604
3429900100
3289444445
873943040
386355229
868545
393677940
3302454340
1997397044
1077936320
4145872925
51397700
88944756
1896939520
3709670237
1997542608
288559156
1086787696
872422669
3196096
275894340
3221423300
3301249088
1081131796
81642548
16975617
1128484100
3491496205
20234516
487342132
1879883777
204084
3304070608
1879526708
125042689
318780721
3301393408
30425908
1129562484
209048432
901890512
876613840
3493971712
214221108
3241227457
8205552
2000690944
875901772
323083344
3493925748
51593520
30503364
70582301
123027460
3519283469
1883260097
67372916
1146887949
926957885
923136989
51593280
1997590641
232082932
1037061568
7615489
1282923585
72356048
3241637652
1275287345
1087575921
1148256512
3497115668
121647412
3241410564
3427008580
4210765
806159556
201637965
293072912
857542429
275791872
1305691188
1964033232
822280413
4148429937
922766621
1291850957
3709677568
218943517
118490308
3508339569
270390321
901855053
3692158029
823394420
79761860
875895808
3695452124
889508045
3289843476
3241267392
3224843293
3241463808
1103197184
3708224628
2093744132
4250624
3541120244
1958757440
1079800832
1896083728
3293005276
204521757
318787444
4148167441
3497008144
231817425
57875725
1077097949
322979088
1124290577
1278499841
222573876
3238059124
1883504652
3305915212
332560
273679121
349438785
1077955696
318784529
1574204721
124781568
471665984
81739853
3300922116
1157756749
1026674689
3301117969
1293747249
1958941661
1297182772
120606941
874464260
30674033
3507504320
3547821069
13698052
3506467889
268449549
930365648
1949318525
1161235905
393593309
4107272449
3557625873
202399181
3692262173
3145921
487441620
1946357520
67191004
12752
3442488669
275844304
1949307153
930152705
54587392
1896924941
3221242304
275892016
3292594961
3548198660
477179920
3278966224
927056756
71323652
3556786384
67126348
276037904
3343134836
206034704
121688948
271600689
386167249
3222017860
218319872
477102145
1997603025
20238385
3494920500
500463040
20304989
3691889933
271857420
1997553873
4030143748
87314301
1959002589
885813553
3426825072
805781700
872481792
323974400
80942033
4077346112
3503373556
3708240925
3493121088
53248
3607102672
4124950528
4244685121
1026841869
819410180
215751793
3556777277
1074606529
122635265
897012161
3228762369
117666001
1074023488
3422755932
877511748
477352000
890499908
3288400336
3509911773
3510056129
14422084
1359216669
230689984
3222389053
3317773505
1929409728
71320785
13972509
3507569665
271646733
1393573917
903819329
812908861
124834097
4056091676
3476358000
54883345
2000713521
67158321
813124676
3302817857
1934826948
1296252944
117562676
1077097485
1882206980
218105296
13840577
3423018061
4148245972
486850564
3439336732
276235265
30422861
527435725
341700868
1169165
125043060
272830577
1282462580
3708551229
1145356300
1103562192
67116032
221589952
1895894093
3440135424
1076917325
3694609268
1092362097
119325892
3221491776
298874064
1076954320
3703627217
319829809
3291827200
499151709
1128775997
474743892
343088413
67137540
817895168
298910148
54809469
500390928
1292059664
323162116
1898971344
125291597
50853632
877903876
923540509
218329101
273107981
829698109
275858289
805373716
3497131276
1128272336
1947418820
873272177
922815709
1129110784
3228881729
3708570689
349179952
288428340
812859405
231850436
896798989
812929088
3222213376
323764676
67113985
226317
67223821
4231486529
1560790020
1006634048
3239103964
1948087092
20985024
31212336
394080561
1946207453
5207105
1128271728
353688861
118611408
886048525
13910020
54793024
486755332
1947028957
3305190404
3228638273
890519856
67568656
4523021
54857841
399753264
3520912704
121634928
3238278941
268817600
3497477197
1124914956
875676721
3553849373
3557819421
809828545
879834176
889221492
3506456320
822083804
3658500
836506493
1081349313
3440407857
51577857
386338929
4202244
3522645008
872612941
4048601981
3520147473
222352436
3559944193
3509961792
3290235332
1158106113
31225664
1900823300
3497030704
3503574285
1295467329
1909226756
825229428
319619908
1275874333
812664029
285220096
251937805
469975056
1307635921
3305165133
269501197
3506762032
3497201860
1095071505
3541069837
256069649
3520921612
3229456
125157649
923850545
4040233757
33014208
3250602756
273744340
3544241152
16385
3519288128
3504096577
234312512
489709005
275988796
3222330561
219156484
3221490765
67383748
202378612
1081285748
3251916800
1946160144
1095201233
51461568
3442701424
31212545
222561476
3306172688
1086837761
1572865869
3494080717
53557108
489754676
67306612
3561295888
3241414861
1304431884
297917809
218108124
1897088797
490016817
1075644209
272833728
3251847233
58131200
206422020
281283633
204477636
3544201037
273682640
4264241
115536
3425989633
68373504
3435202368
923016641
809828368
19924033
923799312
3422582028
282086468
4057792512
880030832
24343821
1077986320
20303837
3289646080
343146868
3293384752
231814212
1128726833
68500957
489699137
886861840
1131495389
3163981
3223179316
1158103092
1086348292
30465309
7540849
54578637
3720623373
79740932
1090782400
3540857904
1195852608
3224388608
320671092
3547807504
472978241
834941777
3241213953
4039431376
3692347856
336380928
268644369
905520
1007010100
3493282164
124864269
3540780080
209129536
3569619201
87246301
486764800
835720048
1342246353
2004141900
808468484
3493121041
4045210433
219090228
12846848
336351345
318964765
393278477
486831108
3704672732
202130224
3473739216
219632689
3510900557
1037880652
1275134032
352335645
872422733
3222499664
3353202112
499912669
3561177136
3720869073
486356080
299709553
817892612
384001
3309373300
1884413188
927993088
489947188
206376269
473963984
204522484
1359813901
1561117709
1897739472
272953460
4310224
1170496573
3490534260
3233811533
499635421
6058252
203179009
287169805
12652996
84004948
322975581
1291865296
885264141
499323213
121900912
880067840
4288973
288372592
3494904052
4100993473
819794765
3552850193
3695971600
292818224
3520136241
806818113
872923165
79720448
1897661636
276115536
3560822604
3251835073
68157488
885011201
1958764381
1074791236
201399308
3222028493
63967312
272827441
230781764
1103573005
271649872
53939508
292820849
16871681
872431617
499238157
3720367568
13638720
270324801
1148649585
1073827264
3506488385
281096244
812715457
3441237776
70521620
876875789
319029440
121914624
13393152
253559860
1007486193
1023623184
1977025373
822955472
50606093
218104593
3692117044
1998323792
268436701
1198998609
1949303856
3292559117
3489680461
810356749
1103364572
1933853136
1573110097
66339649
1537280
1891943197
66568305
822375501
902878413
1249549
500177972
3540119821
3339522893
3339141328
3715398941
286736449
21777524
3494707277
24494400
490471452
1148306884
1998406669
3251046144
836501777
68023760
835766081
340591476
1078161680
72169296
3720598013
1293121345
1295107072
3271613441
3222291200
3711201549
3308335108
3423342797
3242991069
3507683524
1959795777
3238068273
3541090672
324017265
1409351745
3439591901
875835856
3222274100
1090519837
55341840
3703884868
290311172
876925184
822086685
3422867469
67623949
121653060
470627265
272827405
118804944
67908637
1264961
390874900
70708
500227076
889206528
1947213085
822202588
1304477952
3545052125
64425229
13710337
3301170228
805323984
3441169152
1886455041
71308036
3707830480
3607584052
1081547780
3560375604
3607966657
3473604
1131873344
50613508
1393823025
17264957
203244292
206524480
7353796
3503493233
282263553
3519361344
1195589645
349205300
3439611149
3494068484
3692115728
3721397360
3696296401
269944605
3226469405
524513548
818966544
1090520256
323820564
54556468
806383616
70729792
67113744
2000945229
4247800884
806172432
1073938909
72351744
790580
2000683789
3492818961
3301389332
1879245276
1279738701
3557098253
3291754573
2110225424
50335169
880590877
489704716
30473664
80150541
3520922817
3222487248
1087577456
1333595597
3507302429
83942669
3541094516
1158479872
1279384653
1289486353
16846960
1879962640
4106274624
1104170036
1142388492
51708676
122540292
318882768
3609003841
1090638017
3439334656
474021892
3288383940
121658444
262976
3491723121
3226321156
285291729
58148096
3351709504
3296002304
872464624
3696428225
1081348160
1086586944
1287651572
3343187985
1901080580
31264000
319815680
926172161
1090522372
1078015761
4097163457
872465501
220061468
3225623773
319936256
856436
271845233
4043584561
3293370113
3712815168
1883558721
58148609
471598093
1397032784
872481805
282081100
3422565633
269686592
3544188212
273429533
825454900
4056092928
30422212
332416000
471597072
3271557325
335560720
901829981
1330460445
3291792204
472909788
879820800
1075577041
1884107228
902051316
1282883805
872896320
3493868316
1879312241
3292528641
500171524
323945500
4537345
3426861056
70519885
285527492
3490497984
4097957328
835771648
324009985
20263376
3251491313
1104007236
286590788
4034183233
486767616
3709272944
18141377
474415565
24441052
3692037197
472973684
3225735261
273696717
118293968
253185037
1952187392
1879317520
80740353
51447156
29426996
122096708
3490463745
3489973457
1077703889
72094465
3503362257
276058397
201381636
282002884
214175172
913501
822097009
3489680388
3490464784
2001476817
1077006084
1094042673
30261313
470244609
272631568
276089869
494781521
483619840
3490496961
324131904
4259142749
349396176
823984916
3540058205
1293121361
1007503132
3607305332
1882267101
131271937
1078014221
3228775428
1900102084
3423454209
1102045
1035993117
281870557
336007940
1148191808
3338727428
3292295180
1291966401
1280167005
275894724
469830720
823931965
1196687581
230961437
4046462045
809568076
3708830833
271660108
117506369
1074839744
271711245
203228172
3502260672
269750480
1125993500
3234008540
927011264
877609732
1103954957
220138513
3506719940
3340578881
1198538944
268698397
3503346113
67111988
74760413
80546828
1949516893
272909392
17043472
3510883136
477902669
13569488
1091420160
80965940
3707771908
7340045
1562135888
17285376
3424268
1948072977
3704029492
876824380
204783828
30470400
3340513393
83887901
3709667076
3692301533
31246096
1086550477
4421501
202235149
3224399872
282079312
3288449136
68115472
253611316
3225439565
222523441
71774580
835728400
875840321
808715517
4194769
3495775261
499331184
3502525917
3493081540
3292558548
926994497
500175924
252908509
289478513
20044916
1911554832
1896141580
67162577
390405388
13747996
117927936
50803725
3711294465
489947200
1074987281
68209729
54788148
67228468
3236959092
1342184945
121701584
20800
29831169
54800388
805765169
1250141
17568781
805323200
857197584
1074596941
923627972
67425485
3698393140
29360385
923026244
3490447437
121704733
1078001716
322007344
1074208209
1027830641
1288704260
486792397
902039373
124800077
3342916868
58053684
489701376
489685761
3290231760
255073540
1279528241
4093903104
3569600337
1292906772
3229073676
806436112
54648260
486785500
3547448349
2084832465
860635329
875629872
67384436
3241958465
3745579780
478208
206640925
3222016304
82837568
1345654016
1295466688
3453751556
121702144
16828285
500985885
3272875276
1146106653
488390672
3743166481
818352433
1342469340
7540752
902246416
3547332609
1996508432
3422817348
3490124608
930366940
1950168836
219172097
68214028
3497329408
386662401
269540637
473960528
1282490397
218133309
3289177564
879837380
1074074816
3225427440
17685508
1959212913
1026830449
873662225
3223076928
1129578509
1356710084
5184784
3224432733
270327152
872417088
2083524621
1280054284
3611237376
1279378177
285216788
3251048461
3338720065
1074598144
223362928
223346704
3289669076
16781325
3489943568
51502544
3540006733
262464
12301
858783812
3690987600
1141899280
318985028
20340
3306963824
1078198272
3228844096
70573328
20186332
817896704
927024349
5309504
1275268096
1127248948
3504149264
808456192
1950368004
484184529
3570614320
124830836
1958744944
1393364224
258999313
14425405
1103172420
16871681
885116932
14512244
118344964
3221292289
319079537
1895827277
389219600
806408269
499191812
118246673
1292333325
51385200
3301183773
881728
1128744721
1279381581
51381056
3302031632
1946157872
50450480
79708177
1141051700
3691462673
3221691508
1895903232
68382916
20019021
4043523133
1073758992
1103613965
30625028
221262288
273445709
805683456
1964847425
323814173
30422033
79806465
3614901505
30355485
3302821956
57720897
1132217536
67178545
268436253
204817476
3745844225
3510681600
1195721168
201331532
1087586324
818743108
4033954577
486896833
1086406732
4281610492
1934700996
67897152
3490739268
57701469
67489904
3505606417
3521057244
19936333
3226289201
3339669553
474434781
930377792
3502506300
1909507328
1948044557
469827852
876347696
3488823044
53361
5099549
4096786896
1975579085
1154531661
3704616705
79955037
3279358992
874344461
202185937
1037304641
205999181
1125326080
230977548
890363149
1078230016
20431888
231736349
231149837
886099777
3442547780
3493282820
335836161
829687568
1933576001
1145098289
71373581
288698560
3572974400
271584732
71582476
3234286656
272875777
875774017
3234626572
1172173841
3242410820
119475213
470024400
31224881
391201565
3540058141
1466965085
17069117
123588657
3522382964
1903194368
282067825
1090783088
936508672
499440964
232600797
3435345856
1009807373
3691451613
16842816
3489877456
3223077328
3221451780
79748208
3574413169
3238478045
1090639732
3237151505
1880293501
3442479156
3490924300
57938116
1408703965
57674865
67599425
201842125
3507296064
68354305
3226325837
29635633
1950615361
204501261
483471437
805768241
12799053
3221243856
927419841
836568893
500384845
122095473
3540005632
53741044
3150704
365958004
231736077
3490468061
1896726557
3149888
299072704
2080489728
885473745
232591581
4030754864
3544269105
318885952
3452388368
16973837
281036237
271860020
218111244
1086588740
326156544
835915840
52364340
3720361793
30477329
483443972
825324544
1311564
67371084
1153662720
1930428429
339804381
862982337
1946373168
3422602060
64287601
4093915249
1023529805
218944336
819426548
117817344
889466961
3166224
3241411380
55381469
1960101072
1899282717
3544452289
1282736900
1091427392
2082229508
1074204980
1124942016
486556673
30458332
201523268
4047330753
221364496
3489714192
4228710656
4260701
3547656669
822955201
4030137601
490075905
320078033
285688625
206423121
873667780
276067396
806473792
13759537
4249743821
202767812
3543191860
96695553
3343729009
318983956
4029952772
336360560
84167952
3225485389
3489717261
825505600
1131790596
885120093
4107284509
1161892289
818693889
1299564292
1896730893
888410161
13694413
1347226816
281231821
271597901
266497
825548241
826334576
1127432460
7357248
335876420
3288346653
3439539229
3427065137
55390672
119283184
3238491136
3250642701
12602624
810288925
13631488
268766657
3721138292
84001601
3278910673
3224421376
3440116176
1009791220
3440144640
393508669
3222474756
489750580
3276043485
3289384013
218181873
3695984692
3703635968
812909005
925958221
389510209
51593997
1128743936
3721598788
326448900
68383820
3274733376
885016324
1546649693
285328656
7357200
1304903888
204787741
12846928
1306378525
1124877056
285278477
72340944
57951424
1107103024
3343175796
1947300289
22875933
57987857
4473309
202600669
1061225729
4097
71317261
335600948
876630288
3695234061
50400320
4246695985
53556237
902843648
67421197
470555968
20185100
1897663565
1079054557
926944525
1275087921
808926221
272630068
484247360
3489661724
13660353
201537345
322965789
500237324
3708581696
323433245
292631664
7359600
1144066061
13058932
5075020
118346948
123553601
390274880
3522166813
3250801665
390155572
1279328704
1305506820
121901181
4984836
390971456
3439808989
7721988
4259844
1091358017
272052340
3560393788
819843085
286377037
3288335105
1196426317
68157892
1561342237
470221584
253889
812662896
80834828
1996950605
3251638385
3423604172
3503149316
1075007313
2000766000
4149083344
3494137297
124909389
1275134976
1996488896
3691253836
852236
87347276
889289796
1073763601
3489782849
288407857
892354637
17679568
1360072896
3489944688
20387600
487326769
348194036
270389249
1078776653
5518541
4248108404
3447050500
4056969664
825345329
1074807041
65808
1154483312
385889108
3695514625
84082804
