36284
21796
6798
13135
7135
-10507
-78
26938
-4584
-7399
-32390
-30363
-11836
16944
6007
15067
-34842
27196
137
-13062
-19546
-1046
7084
-12191
-17363
19725
2087
-10956
13154
6847
-18715
-33923
44240
3491
-37210
-2940
17907
5039
-10511
11279
12350
838
-3085
-39790
2436
-583
-27869
-21368
31859
-7348
16269
-16922
9755
-32249
-16440
-56677
-8969
25939
24870
16164
5012
5608
-723
-6815
15351
18420
2128
26353
-13061
-16867
-36052
-10583
-15475
6420
8952
45825
12510
-31056
-18560
27508
-24166
13422
-16182
-8318
25985
-20234
29065
5461
15424
5219
8358
-928
10999
38134
12728
3188
21473
-27068
5550
11107
-48752
-35402
36307
26497
4610
-563
-27224
-3288
-35879
-1536
-10008
27354
10389
-48566
12717
-22551
25566
-4237
12238
33948
-15611
-57526
-10335
42993
10947
-26221
-522
-18562
-48756
32264
-20573
-17374
18714
-1885
10961
-11139
-53688
-30290
4710
-2984
3557
7151
20540
27162
-28525
20203
-12743
-17458
-27720
19581
9872
25918
31801
-34520
-40156
44685
17517
44325
9923
-2520
-7975
-9201
16952
-16990
32754
-26695
16621
33406
-10535
41640
-15146
-20467
25121
-4822
6534
-17314
-12110
5192
-8597
-38657
36311
12697
-15719
-5765
8882
35120
-30322
12868
26550
2376
27057
14896
24504
-11713
-4882
31432
-12779
-14302
-16400
-34219
17403
-22494
-93
-21121
17291
-10696
2115
21510
6055
4854
-4081
25904
7729
35751
-9762
15481
30074
-17712
-7826
17250
-38966
49862
13345
31947
-20174
24258
-4565
-22119
-30816
19445
34055
-6815
-34333
-24613
-31031
22393
7024
27290
17209
-42601
5514
14361
-15451
-6704
33695
6662
35302
11641
-28510
-2860
6658
6980
30445
12569
-8240
17248
49547
7666
-32129
-968
-35336
-2847
37601
9439
2410
-19992
16282
38562
-13437
15190
13578
-5286
-23634
-14264
37865
20243
12661
19714
-13484
7878
-23550
-1900
-829
47538
24889
35838
-12
-39274
7448
47222
-28609
1868
5046
2012
12894
-11663
-11099
-12451
-18118
35304
16356
-17962
-14747
-12142
34562
44320
-11144
-53011
-9143
-10958
20982
-42015
-15220
20396
10811
17392
11976
8185
11167
-1192
10
39041
-21322
-3808
6986
-26132
19056
17907
-43548
-5230
6604
-29087
20878
3055
-15099
-9243
-31937
-28406
35512
29900
26143
12957
42416
-2327
4194
4866
28858
-2479
25635
5649
-15644
29949
32287
-12110
26295
1216
-26471
-4034
57558
-14819
20718
-3793
-12297
33724
29139
24772
23482
-11081
36291
20091
15485
-24772
10599
12406
5474
-6190
17292
10628
-23056
-16112
1634
-42636
9770
59861
-21513
-6386
30953
3650
10119
-8884
-3503
-26397
10372
37935
57054
-846
-16518
16141
-18456
-20622
-17692
-19674
-19675
657
-26587
-8422
-9146
8766
37424
28445
17286
16040
18845
36505
-21559
-24090
-4578
-5603
-49161
4624
-11293
-27700
-17453
-27517
-22507
39412
-11795
36025
-1118
22016
-25076
-46764
-17382
-9266
-10637
16771
33216
18868
32050
21893
-4526
36266
117
23633
-39906
-940
12095
21089
638
-4241
-28215
-32606
-27652
12194
1851
19576
-28739
-662
18912
15423
1161
39411
-11317
12569
10216
57319
5310
26850
43574
10986
24213
2069
4142
39460
11772
10081
-9676
-15381
45683
-23129
32381
-12141
22879
12536
25277
-19172
15705
-53738
-7142
-40117
-6720
-11837
-135
38118
7530
-12642
-14344
4867
-35670
-2362
5376
13115
-27556
-13506
14660
-8145
15256
-31542
-32998
-9400
886
6814
-12527
-18574
16911
-12906
28286
32129
-16594
-27604
-48786
-10751
-4115
6560
3182
-1386
-39244
26764
-22468
34960
22926
3289
-32044
-10224
-24906
30892
18742
-35956
19786
-8445
8066
-13809
-14183
41494
10767
22667
4651
-19576
37829
-4250
-21400
1505
-39767
11324
-29354
-41011
31573
-23280
1158
6094
3586
-5622
-14201
-49382
-7801
-11196
-3373
-15232
43934
-3172
-12549
23077
20595
-4009
-19776
11715
-27622
37621
-15651
10455
9383
5638
6474
-24800
-5622
12727
-23274
-29512
-17181
3520
-13984
28966
-27134
-30816
-2858
39080
2656
20052
-38486
7059
28758
-43019
-31708
-4739
-3281
15083
30900
-4155
7841
31214
-45146
35326
-4490
820
35829
40441
18532
-3931
-4499
21536
-7432
-9849
6194
45143
11457
5957
-3299
22315
15678
19643
8610
-12827
-11112
-35489
15650
20573
-49
-43396
-42061
44265
-26997
-25583
8005
25767
-7373
-1031
28318
-24876
-7814
-49204
-37893
17628
7253
-10991
-35008
21391
-16248
17548
10485
-3374
-6972
-19220
6262
10434
24700
41126
-14828
6598
-38700
22454
15453
-11699
32346
12128
9225
-27395
-29251
-29554
-4504
3819
-8529
48590
5245
-17102
44627
6667
5709
-55116
33146
24864
-2704
39725
12728
-874
-3677
-664
32704
20508
-5504
-20583
-4433
-782
-26075
-8149
-311
5537
-2615
785
3901
616
-8406
-6486
8904
-19910
24844
-28933
-13095
-34230
37379
-22568
-15221
-22311
28760
-5987
-16669
21921
15615
46211
10441
17931
5069
-47390
-28940
15205
-42931
40845
17770
39689
-17622
14212
4270
-17697
15282
-4052
-17735
24871
22766
-20094
-36814
17697
35799
-11257
-5550
17615
5654
18245
9142
11771
10622
51500
-8160
11976
20711
-4496
31847
-8842
4629
20890
16968
-13220
15644
-26707
-19507
24416
43067
-18293
9774
25395
8258
-1968
3338
-34125
-5212
28580
14146
-13316
5223
28752
-5502
-12765
28479
2399
38331
17781
16662
1070
-1972
-23686
24373
20699
-35408
34233
-4503
56380
3406
-15489
11402
-2481
-14648
-720
-18806
-40863
-161
-8049
-8791
-20318
-40920
-27798
25390
22488
19052
37581
-24677
1385
47060
13747
5292
-9201
32386
-1480
-4254
24427
45282
-15063
13964
-7900
35615
-50363
19068
18872
6148
4563
-15656
-14937
11726
7325
-5309
25635
-13575
-6936
-4010
4240
4090
-17230
18995
18009
-52115
13089
20805
-14318
1380
-41177
-9357
-29499
-18466
23617
-12632
8970
12641
2648
5746
-15268
-401
11641
17970
-29690
-4358
-24989
1179
53296
21151
-8316
25405
28631
50287
-28340
-15558
23381
-19393
-43067
19198
15764
5781
21453
-17101
1160
18546
3342
14304
32897
-13768
15033
-23112
11431
17290
921
46146
-32281
-7734
-7178
806
36544
8164
6477
13480
-5276
-30047
-34278
13268
-1823
10263
18231
-21290
11582
7974
-21692
-29129
-6162
18613
-20422
5011
-4291
49933
34584
19337
-19216
-22910
-34339
-25510
14295
19516
35149
-32644
-8607
-23712
6424
-28119
-13564
35881
-27692
-8082
15466
-13568
-6684
-27793
18340
3659
9760
26134
-39108
-4886
-1779
9899
-37927
-9660
29835
15511
-48450
29054
30882
19379
17221
-2201
27119
-43134
-28136
-20772
-26248
-33632
-3338
13460
40249
-13891
-13055
14812
-6772
23968
-315
-16692
-7538
15766
-27249
-20964
9544
23121
27563
28496
3124
49389
-43626
-17278
32101
-11527
27886
-50672
7877
-4317
21343
-3486
7114
-24980
-28948
13789
39511
10614
-7924
-20525
-8137
-48292
19048
-23093
10108
-22435
21220
-13595
-2062
673
30998
-13134
-42000
11774
42743
-22484
-9370
53039
11679
21212
18758
18588
10907
-32842
-2073
10459
35406
-7519
4783
14666
-20274
14299
-4004
-9777
26455
6612
9648
-30393
19412
3062
-39991
-33993
27093
26100
5612
36125
-15015
8323
-10176
21018
18124
6870
2873
9212
-43087
22683
-15366
-7906
-49545
-37812
34589
-5830
18623
31980
11502
22101
37201
-8063
10415
10348
15400
16873
42245
16744
-28759
-1858
-31511
-36076
40502
-5569
-3592
39600
14000
-27874
-8427
-36988
-21253
-12436
-3649
-20491
9374
21004
16411
38317
-41956
-6065
32871
-47297
35338
-1396
26269
9849
1392
-50829
-7035
-28057
-5161
17231
-21474
-4017
36663
20860
-2509
-27255
22118
34567
38552
-5630
25770
21407
18704
18965
7788
-13415
42742
18260
-6436
26307
-19623
27808
-20575
-31632
-20913
11458
-8649
22059
4858
23593
20733
-19564
-987
24841
-19957
24012
1022
36851
-18892
-26262
-10654
27088
-28701
-24129
-8033
-10086
24233
18207
5580
24035
889
38550
-16034
-5214
-4144
9267
20666
10128
46763
-4881
15585
-10594
32924
-3536
-47823
26674
-20228
4526
34082
-25298
3753
-16646
13608
12914
-2579
20811
25458
9672
1002
-17595
15105
2776
22399
39982
29295
18322
-6956
-5084
-21235
17683
-13277
-10418
-17340
36888
30502
-1970
1088
-8824
-8140
-9721
-5026
-33068
32523
-5120
-16834
6127
31685
6374
16138
-5769
25327
-25145
-5852
12265
-7805
11374
2856
6399
-13543
-15492
-17612
-11545
-28989
-4177
13254
12032
10407
39429
37188
-16796
-10344
19550
25934
-18702
5842
45164
-11495
37049
12400
26882
24458
-10074
-48648
341
18066
20701
-2640
2328
-6384
8052
27417
1608
-1528
6134
-9467
23490
35568
13312
-45407
20466
51413
7801
-24661
-36206
1819
29904
-32938
-491
-28195
26065
-18616
-13895
-2671
25119
15132
-7905
31702
-40975
17240
30766
17891
19278
18256
-29734
-4960
25092
-36873
-8060
-6149
-10541
7542
7178
25856
-15875
-14646
-5658
-6789
-7720
1970
533
26625
27634
46370
-13663
10368
7655
53610
15784
-22356
2992
48129
-12596
18117
34506
22298
17801
-37088
13556
5561
-5881
21818
-39897
-25322
18891
52359
-28884
-10913
-21984
548
7169
-2762
-30418
6378
16001
-15971
-34211
-6607
-33475
-14637
24530
-19158
39402
-33205
4069
16482
48804
5661
-33710
20125
1673
25009
-14316
1375
-3411
23392
32137
15528
-5205
56220
4854
-3829
-19619
-41070
3878
-725
-29967
2255
-15646
22922
-24927
-31813
-22525
-18693
8498
9256
-12478
23102
12489
26219
-15158
41192
-11813
7675
-5677
19499
-30442
13477
15590
-28391
50040
-993
-23778
-1912
1596
-3230
-51478
-9912
-39566
-14561
-20251
37466
-11575
5240
-15885
-17463
-24610
-23173
38622
7083
19116
4676
-26952
8663
46316
-29056
-42162
-4062
-15361
12924
4240
-33154
25253
-9970
26506
7550
52048
37317
-4077
29458
-6693
-30316
-18617
18259
7855
-960
31692
24708
7588
-60818
34935
14141
26838
3044
-8583
-33261
-14323
2915
-6460
-17813
-566
-6050
-10295
11358
-11477
6485
19622
1012
-11858
24525
23342
-878
-44736
28895
28321
-4600
17173
9065
-1538
24750
13366
49189
39196
216
-14143
-34366
-32515
33595
-45473
16520
29796
-281
3914
-7721
-23298
2065
-11654
-505
6483
-14082
-37556
16685
14133
23634
-20841
-21993
-27545
6066
-2338
11392
11249
41260
-12750
27117
-7664
-10595
29654
-31602
1204
-18262
-20854
-2909
-21987
-35207
23788
-7706
-13655
-42766
352
-4781
-436
37896
-272
28024
-5550
6416
-12397
-5565
30254
-21581
-36220
20933
-18099
16986
33604
26820
29697
-12172
-40470
-32456
22186
-42286
29809
-7250
1776
-29183
947
10316
25987
28715
7594
9594
17240
2084
20130
22741
-37435
8981
-15736
15871
47738
-15052
-17589
-15948
24600
7231
-39330
18720
10353
-12218
18751
36793
32592
-1132
15364
9902
20543
-32060
-35668
-4137
33304
-16449
11274
8204
41988
-36934
16470
12916
-30208
-14712
-41548
3610
-34768
6555
3368
-41248
11358
15156
-33728
10386
-9651
23420
-44122
6196
-20752
5157
-1493
18746
-28335
22722
15174
-12686
16689
-20059
-45033
-13516
-15417
-22206
-29067
29007
13364
-26029
16232
-18027
-5945
-3080
-8940
-8212
-3908
-10107
-8370
-7803
16678
-12096
9018
52567
20379
116
51391
2930
27596
34359
656
-3367
46835
19429
6273
21809
33987
-9398
-35959
-3432
8509
32755
8106
-9503
22400
23436
-24522
-1146
-2278
-14987
45913
-1658
-12878
-17206
7704
17514
-19349
25284
-3243
18762
19431
-14435
-12867
-38565
-10680
-34294
19376
-7825
41230
-9716
17106
16325
1731
-9204
26439
-9321
-43951
-9685
13540
25407
-8419
11769
26983
-3280
10814
-19281
18976
19620
11299
-38577
-9383
-53974
-16990
-23967
-10732
14361
42941
10543
-12616
5496
15338
43630
-18072
34449
-25719
-2530
10853
6010
37087
-24068
19037
23923
28931
37931
21083
6845
-31898
-11184
15349
37396
19504
-22086
-21797
-26936
-41921
-24229
4360
16236
652
-158
6052
-4395
-44677
4310
-36107
33539
-37826
50062
13882
25899
29669
-24279
8359
36696
-7407
-31049
-13859
-38375
-25521
-41785
32989
-51353
140
-9879
2827
-21593
22805
28592
-37338
-50124
11318
-21521
-33093
-12669
15432
2840
-40816
-9843
-5317
2108
-34419
45256
-38492
-28929
30887
-370
-20434
-1510
-19568
19272
28958
-22567
19685
-25678
3424
17910
-24058
22288
-52225
10491
13369
24412
8054
-37579
-7739
-3913
-4676
-33450
21120
-36403
-17212
-29202
14059
-25188
-12909
-17959
-22798
36520
8818
33102
12152
28833
35722
7946
-46167
11412
-60
-24816
-14085
30027
-12455
-719
-4527
13821
-11923
-6483
-7398
18026
-15160
-17315
-51641
26154
11214
-6287
-26731
-20650
-16974
-24988
-3468
2311
-16481
-29224
13970
22699
7107
14665
-18799
-2414
3791
5693
-17561
-14632
30599
-33641
593
-45651
-10316
-5234
1144
25434
8131
12003
-22099
-35124
-11740
20832
18319
-51088
-14829
-17408
33513
9798
-3975
-3107
-1120
-4596
-9290
11856
5707
834
11518
-17829
-23513
-3915
-6530
-9984
-47609
-13049
-29335
13167
-34400
-38054
46802
9062
-21416
22674
-25589
20660
1140
-5764
-8765
47644
10899
-4496
4367
9452
-2408
748
-9786
-6839
23251
13749
2699
9019
-9935
16449
59343
-24658
-5932
-6305
12520
12605
11487
-5008
-24161
40504
19966
37351
-12997
22511
24669
15519
-14322
6936
32754
-33735
7897
14419
27934
-37288
-18253
54500
50276
7487
-18058
-30906
20186
39833
-10472
-15357
1889
-26258
43272
-21406
-26045
34370
22152
-20021
1762
18690
-12935
15558
23898
-34113
-27481
24561
7207
9226
46035
-7948
-16759
-15228
-8882
4327
-29627
-56346
-18734
33629
6556
-43492
-30099
-27561
-7904
-12296
25158
16142
28102
28970
33013
49321
35725
-21369
3740
54584
17124
19796
-20963
22806
49857
17847
19927
11574
30418
19528
-29523
33937
276
23588
20414
-5279
12038
