-22468
12746
-15941
-37519
-3140
15032
35910
21699
-37057
-20529
-17493
25566
-44260
-4633
-15742
-15147
-17883
23532
9060
-13907
-3492
27770
15045
9566
-2618
-34249
-15900
1785
13686
13491
42759
39666
29969
3988
9871
7239
3114
8152
-8102
-16311
32512
14624
-40627
9198
6209
13011
-3333
5346
49043
-8177
-2655
-39194
3854
-88
9470
-32068
27112
-39393
-16202
-7245
12064
-18084
34492
27451
4041
27765
-20971
3469
34895
16562
-32478
24992
7449
-28605
1881
-31900
-43190
24440
1831
23245
-820
948
-33938
-39851
11126
14593
35286
-34007
-35251
-2678
-42682
-4819
44042
-11493
-34721
-18379
-8825
41396
-3768
-11350
-13614
35165
-2384
36905
-20861
-24097
-5756
-5909
4882
-10838
-19706
30797
-150
-30962
15285
-2391
-31312
24869
-8884
18015
-17808
-24539
-32326
-15984
-11279
-12570
-7661
-27561
15274
-7120
12028
3122
30122
-24517
37138
-3524
-13757
934
-46
23858
35813
22116
19217
14871
-3489
-264
10545
-23982
20070
-3538
-35836
10157
-431
21662
18521
5866
-13896
27659
-12322
30860
243
35678
-6154
6093
-5382
43528
30386
33116
-7414
-1926
-37875
7561
-10582
1746
-5177
-29894
52567
-13773
53637
8250
-12489
29195
-16214
21292
12650
4184
5899
-10700
-8692
-18946
-1846
19114
5316
34120
23140
-21832
-24600
-32700
7617
12203
1187
4169
26596
19552
-25569
-6928
18660
-8827
33553
5833
18117
-14448
1821
28633
-9511
-36672
-27836
19038
-28734
-13365
26353
-8517
40138
2906
25305
24160
27374
-197
-1496
665
11951
-7238
-7220
-1468
-39936
22269
-4377
6229
-8863
32642
17368
-24055
-2370
-31792
-29508
-21985
-41567
17795
-23299
10448
-15678
448
-29418
1499
-5301
-19611
4021
22683
35832
-1342
17960
-19932
-15230
3724
24140
-1777
14023
-865
4177
-21381
-8597
-27466
-34868
37299
-3091
29574
-11595
41435
-33374
9090
-1646
-9160
37657
13108
9454
-16850
-7640
6384
36497
38673
-28665
-15625
12424
-3443
-8454
-37148
-62
21175
16659
-13656
40712
-2808
-2652
24253
-26416
31138
8800
9496
24720
-34622
-22571
21107
14635
-15269
12649
19883
19316
-23855
-17072
-3116
-58254
-18227
-3325
9680
9288
21912
19797
-2639
-6135
-355
-14210
-8163
-7486
-32673
6208
11128
36593
-5850
-2505
28727
-12895
-9683
-26298
12918
-4232
-19236
1542
27287
-22099
22049
-8130
57871
21736
-21969
-30327
6148
10738
-1550
25445
-11123
10044
20191
398
-16122
11530
-10536
10659
-18507
42996
2626
-109
-23369
-17705
15206
-14504
21149
31250
35162
8533
-3832
4017
-3110
-21457
-1792
-22883
32972
-10202
-40808
-29205
12649
-30836
13112
26738
21607
29342
1302
-4842
21025
7266
-15287
683
13524
-38604
-42282
31236
-4683
42320
-24200
4375
19264
-13564
-23900
-26923
8894
2130
10019
-1593
33511
34626
225
14099
-6381
-17710
-8067
-10471
40143
30764
20570
29640
627
22462
-7757
-2585
2739
-15800
6181
25151
-20607
-17364
35677
7715
23530
5365
-4981
18951
-16584
-3588
40444
6533
-14436
25837
-17981
-10834
11016
26886
-35043
-36833
-12674
-38467
32187
20773
4805
-37827
9382
19026
-9246
-33856
-25888
-60490
-24014
10668
-29187
9509
-35950
-34386
-10802
28928
-9145
-4881
12962
2621
8258
26859
-2548
24763
-10361
49097
16313
-26046
16533
10792
-38918
23599
-12699
7457
-17837
19288
-2242
15718
30073
10226
-9450
-33702
-7844
-3186
17860
14821
11995
-20655
-6255
-33302
-29994
24764
-5667
-34141
20994
16973
18189
15595
-10640
-13235
3696
11188
41980
-1072
-14028
-51363
-7088
-15806
2663
30128
-2607
-17177
27929
29169
7442
192
-29339
-6346
-28265
13513
36699
27707
-43014
-9028
7664
14756
6868
86
-26501
10269
13683
-8701
-13429
-296
5408
-33899
25922
43622
-19174
-42572
-17459
13545
36916
-21138
9435
51252
44236
-11880
-25929
32078
-2275
-29921
35266
23660
-11241
-14940
-34523
7456
-13520
32098
23237
1296
27665
-9455
-7725
19967
3664
-27027
-6514
-22944
36403
8121
-2267
9449
16305
606
14076
-1612
-33802
-10301
7636
9948
-38314
-26196
-3572
-5777
-5250
12299
-25512
-45151
5601
11801
-1007
5489
33102
-8481
-3908
-2655
2343
22966
-12408
630
-16154
4317
10571
-21287
35485
-15189
21910
38161
3084
-47036
-40466
-33830
40980
-518
-18714
7420
56320
8902
-5647
16368
-14914
-13702
-18793
-14050
-22633
-22572
34319
-16622
-2091
8506
-25273
-25517
25702
8503
-22838
-10558
2884
40326
-14782
46511
16096
-36450
3472
11397
568
-1780
4246
13743
-24265
1670
-24915
-13540
-5216
-3151
22716
-29891
-1502
-7828
-30923
-11175
22965
14802
14542
-41323
-14254
14360
-28179
-33070
14275
6097
18780
24904
-26596
12486
-32256
-4834
21105
-12027
-40435
10978
30068
20297
-10931
-10640
-28829
-10440
-3354
-46041
-8585
18332
-30885
-22725
27003
11146
-91
-8222
-15126
10143
-33482
25969
16152
-14492
-2498
21193
-29461
20981
13939
25034
-17695
-1368
18104
20367
-12298
7803
41971
-1888
-7197
-13090
-10594
-30599
-21281
-7863
12381
9500
26374
-6127
28673
22812
26571
-24463
2702
-9962
-20125
33389
-15950
18735
23400
-53078
-27856
11104
18503
-42797
-12514
-16069
-12906
35594
12166
40231
-32608
-26599
16163
7723
-36819
-8922
2294
-17951
-11984
10018
-22117
-22778
10080
7423
-24262
2474
32900
-22242
13069
10333
17602
5028
12778
-5998
-6044
24818
20294
53166
26730
12747
7032
-46809
-6922
31254
-20369
-12027
593
24893
16833
1438
39861
-11620
29059
-1595
43133
31041
-30450
-1479
42182
13765
812
-26269
8581
-28489
3625
-5759
-19346
41601
14543
-12907
-15602
-1330
12288
35822
15854
10491
12079
-36610
-44617
3968
14067
-1354
-7195
5383
-10438
-15067
-8716
-10808
-29918
16910
-14191
-19374
-3069
25486
-12310
-10610
-8428
-3078
-8564
-15450
47372
-15404
-10528
-28754
-8224
1881
44164
-31698
-3372
22865
-7117
21384
-8417
16540
-13499
14028
1352
1020
614
22044
440
-15584
-14444
17320
-33814
14340
2118
-17750
1042
-19814
15086
8323
-8174
21177
-24026
-10798
-336
-19885
27654
12338
19721
-9870
-10244
32315
-1629
25532
-41122
-41610
-28215
24551
20073
23340
-5600
14720
-14858
-16849
21966
-2819
-42334
15636
-2652
-17392
10456
-4214
-23476
-1276
-16577
5428
-19949
1004
31840
-11111
6582
-5547
9953
26158
21914
23422
27694
-531
736
23484
-4464
-23453
1641
19089
17942
-36353
26173
-42231
-33479
8992
-37617
-10526
15369
-6832
22789
-9053
-13054
-18958
-16639
-9958
946
-3863
-5003
14745
-7005
4628
9353
10018
-19250
12005
-7430
3016
-3008
-16308
-1112
8896
-3135
-28212
1990
10848
14814
28824
-36732
-11027
-34000
34537
-21861
28009
-9482
-3919
-13279
182
-25941
5054
-14783
-29876
-9561
41204
-10314
16730
-42077
29154
-26919
-18406
-19591
-31666
-35705
54988
33242
-21917
-12834
15222
-5226
13465
-29608
-3207
-32168
5116
-3154
-39944
23219
-20988
9295
2924
-23952
-44339
37066
-3291
8009
44647
36872
21977
6269
24126
4594
-22069
5651
-18201
31456
40559
-9947
9749
-14574
12502
20419
-30383
31010
9981
30253
-17566
21923
17840
-13761
-30190
28272
12245
6534
30282
-33865
-4763
9600
50202
-3237
10663
-18436
36459
11116
-50694
-16106
-36175
1468
8441
-25876
28416
-17927
14258
-6283
-40250
48465
-23427
7613
-18544
19251
5587
17989
122
-252
-21018
7248
15537
255
4596
17440
-2464
45296
-31590
-4172
-365
-39992
9609
-19683
13422
-29246
15169
12191
50298
-23128
-31651
-5729
-31124
-9266
30546
-3627
13497
1387
-17780
-2973
3166
13226
27533
-36262
-21468
23068
4894
-24747
3086
18835
-28096
-1679
32404
231
-36960
-2695
-34935
-416
-8948
43100
-1698
-10717
-45485
1474
-29443
-31334
5767
-4964
52622
25880
-18308
1746
-1072
7905
-12881
-10235
-11356
47198
-14594
1778
-43644
-21744
-2450
34748
-21924
-13845
-22492
-7520
855
21420
20347
-22364
5158
22603
5674
-26694
19718
-30702
-35321
7144
6683
-7960
17264
-9966
-1343
12065
36430
16614
-50340
-17898
-16816
-19294
-49026
788
-1510
-54044
5329
-23630
-11817
-21429
-18674
-21792
14444
-54417
-3667
-50095
-6604
-27473
-39994
3998
11450
30748
8118
11101
17992
28718
-23653
10254
-11756
-18873
-11240
-6288
-8453
-32243
20777
-24917
-17927
30862
-21550
17507
-4472
40647
-25273
9189
35700
-6227
-51249
8817
-35388
-24719
36497
34806
16322
8051
-6949
31579
15755
-16513
8971
-27299
15416
-9369
2613
20705
3638
18662
17816
1212
-23910
-40470
-18034
-11849
8743
39821
-17257
-34145
-23656
-38509
6562
15436
24739
-9095
-46543
-517
-1400
4014
-21381
-23195
18798
22516
32788
-15356
1538
33553
-3947
-5439
22826
10824
16434
-18399
11014
32926
36203
4677
-21800
-31980
3663
-10374
-24850
-5134
13435
16860
-34604
44604
-12108
-27617
16756
-50968
-5473
9626
8738
-15920
-30556
-46032
-16963
-763
-6785
-12581
13822
8865
-27132
-26070
-6415
-19327
16776
-35161
-4118
-7303
3577
-1769
-30454
-1724
-35284
-9334
16420
-23616
-26772
8742
15218
30077
42440
-7329
9854
-17564
5625
38180
2390
-35774
1433
-1207
-16769
7417
-32670
-8089
4191
2642
-28067
-36732
22547
-24899
5437
24551
7108
-3066
-17140
8591
117
-30575
-9406
13758
5190
12667
1743
23036
4838
-6594
-3716
-3775
22211
-24527
-51166
-448
46592
407
18440
-10134
3013
11362
-22032
-28405
14571
-2528
-24345
3631
14790
-34965
17558
-29198
-4769
20876
-28428
40299
-15541
6319
-16383
21390
-21275
-50425
13038
-18744
6597
18839
4422
-10340
-9582
45846
18153
-2785
-1636
-18717
33158
-1797
32597
-18381
-885
-7148
13525
32428
2803
4897
16737
44832
-785
18986
-9549
1411
-16411
-10362
-32375
-6566
-11123
13529
-43510
35929
-7269
-13636
-15056
-15652
-2706
19252
10268
5144
-22269
-1452
-28848
37804
8998
23956
-13374
-29712
3978
-36179
36578
-10656
-5855
25491
-22931
14927
-9326
2110
35107
-16539
-2624
-16300
-8853
-784
4571
-41213
-1193
-4288
-30753
29111
9514
3011
-2732
-43828
-23829
-17734
4394
18032
-7948
-28182
42742
-628
19536
-28387
-2870
-13601
-16193
-15679
-12871
31638
-20619
33182
37793
-5000
18783
3554
12137
-32023
34969
3591
26778
7734
-11864
38086
-34934
41607
-39872
-27864
16734
38908
-28997
2942
3997
10919
-9186
15682
-12530
-31232
22384
617
-7916
34160
21789
-31142
-4136
30066
8944
20988
35946
3032
-26108
11099
8340
2584
-1257
-23025
13041
-24737
16858
7560
-6258
38922
17981
11446
718
39941
-11484
1570
-9210
-5684
-24164
-7704
4568
-29820
-18850
41175
-28223
-44827
6371
-14423
7779
13249
-3218
-14364
2470
33693
-17216
-9554
1998
-12739
-21155
-33067
-10960
-20631
38136
41220
-25807
-27873
-22785
24276
15668
26812
-16451
25479
8567
-34303
-7860
-2874
-9967
-25980
-28592
-34725
13100
-2547
14138
39161
14221
-5689
9487
-27936
-27644
-43647
56641
-46586
-10180
-29056
-13126
-8024
-16185
23686
-13987
7986
-15478
12188
-3111
45422
5259
-4574
30080
15132
-527
47656
-4465
6509
-20146
-1799
-35445
14526
-11276
34784
-21727
-2966
-8810
3299
10446
-50963
53215
-5882
29950
-10903
1030
-8077
2362
-32929
-21871
-25622
682
32994
36756
-21270
-23145
8189
-2232
4650
-16372
-25347
-16016
5270
1568
-38461
-38240
38949
8797
-5925
21370
-1639
-8945
20889
27390
-38479
13256
-5947
-37302
-16861
-6536
26606
50674
-15554
1712
-26622
-29820
18828
6598
27661
37415
-44874
10420
21627
-37607
399
5317
47084
29795
-788
-23221
17236
-3664
-8575
-33360
24470
37694
-5022
-46584
3768
1530
-7602
12499
23562
-40484
-1153
-13619
-2331
12852
10235
39501
17333
12118
5838
11952
28299
-1681
-659
-13186
16121
-28481
-14328
-4463
-11106
-11354
-22800
326
-9884
-7185
-54136
4688
-3457
3174
6082
16757
-12230
-41900
16906
-15450
7710
-5345
-247
-5659
-1843
-49236
-1425
4264
2352
-26609
-27031
28543
-6220
13632
-31
28280
11181
-5867
21286
-15648
-17279
22394
4867
41791
14489
9498
-31333
-11751
-16560
-2587
-29617
-28336
-24719
-20586
-14231
-9948
9035
-18361
-9689
15974
-23588
33794
-6481
4446
7024
-47938
9308
-61878
-24490
1175
-9940
7528
-43698
22059
-6125
15175
21167
-8803
-9872
-20960
23486
-12209
18080
28492
-21886
22763
1216
11483
4014
9722
-39265
8947
-15664
-30180
10364
-24580
-12610
-5384
-4097
-17625
2834
-8540
-15961
1169
7866
20559
8174
-25734
-14523
7211
-23820
-4016
3491
-6357
31850
-23425
-12892
5239
16693
-33583
44962
-12635
-13875
-38619
-18479
-32273
19475
37546
55480
21897
32833
30648
-20754
24007
-42991
-35457
-10042
14678
50912
33350
-6324
36083
33378
-4293
-3931
-461
-21365
-29734
5162
-127
15010
-22831
36527
33118
-14651
-19442
33695
-4324
-38588
-12776
20569
-6945
-14041
18415
22394
24239
-23871
2814
21567
-45135
-17214
7708
-15647
9360
39024
12364
-59907
24746
3121
-20988
-12528
-35349
1861
-5715
-310
-28645
-1482
5113
-14948
-16144
-22364
-21602
770
-29043
-29806
-4070
-17129
6843
-23318
15166
19885
896
13043
14137
-8606
6483
10498
13602
-5750
-3519
-3020
-26695
1183
-23909
-24088
-2086
-5801
-29810
7316
-10780
9270
-105
635
-19744
-27772
-41196
-24356
-17616
-35155
12912
4698
20464
21348
-29398
-8540
12181
-25954
-43212
41271
-9114
21594
-31494
-2652
-5038
-10044
-20025
13625
-6606
-8903
35371
14174
29553
23877
-13062
13029
31479
30232
-22883
-13116
-16811
20895
-5921
29686
10144
23317
-40570
35706
7747
32338
-27477
-11182
-32534
-9272
-531
-20145
10531
-7588
36406
-2812
-23666
-10915
2279
-13180
44159
4588
22984
11987
4848
23769
-4364
-19977
-33436
-8124
-7182
260
26477
-28381
18307
-26403
-51669
10306
11304
-5271
17032
-962
5631
15235
3132
52249
28254
9972
33745
