125
38
17
109
90
3
44
50
61
0
49
121
107
97
0
64
62
5
9
106
59
123
30
101
86
56
56
23
64
1
75
29
80
44
96
87
56
23
34
40
41
97
30
26
99
1
71
66
4
84
37
3
99
105
103
120
110
115
8
56
82
30
50
40
80
117
0
0
16
71
75
40
16
88
111
99
32
96
60
24
57
71
5
31
61
73
3
126
73
110
107
49
53
41
67
88
105
21
15
0
1
124
19
38
90
107
57
105
84
19
48
108
93
49
125
60
34
117
64
37
64
5
59
65
20
71
14
71
72
36
46
116
103
57
115
125
19
122
117
31
115
17
107
108
7
90
16
11
37
73
26
8
54
53
66
44
81
59
38
85
79
121
120
11
104
62
96
76
37
81
113
79
33
17
100
118
100
13
36
115
64
94
47
86
24
67
11
32
8
45
121
17
125
56
108
76
108
59
104
71
8
65
48
27
108
71
77
112
86
53
54
107
109
80
54
64
22
45
74
23
65
107
10
44
13
78
95
16
105
69
121
34
100
24
81
105
90
90
7
115
45
17
29
72
86
73
7
79
102
10
112
92
21
111
81
71
10
43
113
51
108
9
5
37
86
51
1
70
47
17
41
107
117
66
60
112
108
117
84
53
43
47
92
10
119
101
1
35
89
126
68
63
49
47
30
38
6
89
116
23
97
35
35
120
95
34
25
57
90
48
82
21
7
71
13
121
83
13
87
114
2
27
94
42
57
2
126
104
50
126
122
114
76
47
69
37
119
41
4
49
85
42
103
12
57
2
71
83
49
11
105
28
109
116
52
91
26
12
54
19
70
10
18
87
113
95
35
31
48
42
93
36
80
80
109
104
110
43
116
101
58
15
58
15
44
73
34
76
13
22
68
91
126
11
94
99
42
43
90
16
71
40
1
29
27
40
127
92
112
108
43
38
47
101
56
26
61
43
34
86
34
109
13
109
61
63
5
79
96
73
113
74
65
100
46
30
18
114
0
104
4
53
1
36
105
16
82
80
29
98
106
7
111
31
107
36
63
63
97
44
112
16
8
104
5
31
84
97
62
18
85
9
70
0
115
4
61
58
110
6
75
16
41
74
3
94
122
16
116
96
57
58
39
48
96
99
29
107
86
77
37
53
96
22
79
31
109
71
28
29
32
17
61
87
103
77
42
94
67
18
84
33
65
43
39
68
6
36
52
120
70
94
32
66
50
35
117
44
12
15
44
86
123
65
54
56
107
73
76
5
18
118
48
70
0
100
122
55
48
94
94
67
124
102
92
19
59
100
34
81
64
99
99
38
114
74
122
104
79
127
15
122
65
43
21
1
8
74
17
54
52
43
79
126
44
106
77
60
53
110
55
3
71
37
70
46
51
86
106
17
109
60
56
57
57
40
103
65
102
20
68
17
99
113
9
65
80
32
108
22
20
125
96
74
15
39
50
121
26
66
34
32
10
63
34
90
109
48
114
18
74
111
29
118
13
111
16
42
119
47
2
44
42
37
11
125
3
123
67
57
55
69
91
118
26
5
62
75
125
105
39
23
120
29
23
31
114
91
3
63
91
66
7
126
1
53
77
66
119
54
125
14
127
10
30
82
105
12
16
35
98
79
69
2
106
123
24
12
74
33
86
59
21
22
56
0
91
91
101
102
28
126
28
91
108
0
12
119
62
39
124
13
74
125
52
87
99
85
101
116
67
87
96
63
91
66
44
44
11
13
45
88
99
60
86
108
122
92
122
45
82
95
82
100
73
31
29
70
77
38
18
92
127
126
13
77
109
72
72
30
16
94
45
45
126
60
14
94
46
105
28
26
103
120
90
40
63
107
67
17
67
8
126
61
70
75
48
11
46
87
78
103
98
60
57
100
32
13
123
6
76
15
73
86
74
107
25
96
59
93
127
2
114
3
61
46
49
102
50
118
88
121
29
78
63
127
63
97
95
88
58
42
33
122
122
27
110
29
62
110
91
110
14
84
26
92
108
11
16
74
20
91
27
112
92
56
9
109
94
112
17
16
16
38
108
86
26
59
54
5
46
65
59
35
79
98
6
39
87
31
55
39
103
18
4
40
5
85
76
120
70
56
32
8
74
91
5
18
12
120
71
21
7
19
105
90
77
82
37
45
65
65
56
25
9
54
58
13
48
0
85
11
31
56
100
107
127
123
94
105
109
21
3
45
79
66
47
84
55
24
122
0
91
108
77
66
30
43
112
83
24
73
29
61
6
83
97
34
6
41
40
71
33
105
67
72
42
122
76
33
8
9
3
43
2
101
73
36
83
71
40
71
75
86
74
116
123
60
115
124
25
36
46
