35
65
73
111
2
52
49
41
27
110
58
94
10
3
108
54
87
95
108
54
29
73
31
82
96
42
43
97
21
96
40
23
91
69
89
110
114
108
43
57
106
53
92
71
6
90
5
45
69
42
42
111
101
51
77
81
39
69
110
6
56
30
66
7
51
16
87
46
37
69
9
32
40
64
63
44
54
99
112
67
127
26
112
114
127
20
100
69
109
42
61
78
116
99
46
3
61
92
122
80
80
57
11
94
121
57
40
94
67
57
101
43
41
63
20
83
56
109
55
18
28
59
116
115
88
89
59
44
93
65
4
18
22
114
30
18
70
124
101
40
40
113
16
70
97
38
17
106
113
125
107
21
123
114
52
91
110
113
91
117
109
118
48
98
118
20
119
102
72
125
43
21
44
59
122
33
27
76
31
21
100
85
10
101
15
88
127
92
108
93
45
100
114
72
77
36
50
70
49
5
28
46
48
73
66
83
124
116
35
67
93
23
98
64
31
86
73
19
121
12
122
58
47
123
71
84
1
120
61
46
67
112
55
32
46
65
0
82
65
112
34
48
3
83
72
109
14
20
91
12
117
118
97
51
91
123
18
28
39
72
50
121
126
12
53
80
30
70
2
18
71
94
42
126
66
19
21
16
72
15
0
6
29
84
119
83
77
58
37
18
104
14
116
73
124
5
53
120
7
82
45
59
82
93
89
4
90
72
99
80
5
100
77
3
30
86
64
74
40
18
25
97
99
57
99
111
56
73
70
92
120
95
34
48
109
125
43
68
104
10
26
13
0
19
55
27
25
8
125
106
86
22
63
51
101
77
84
111
9
122
62
1
117
119
31
1
35
81
127
103
25
5
79
42
0
76
127
10
83
125
104
106
45
47
66
86
30
106
78
56
51
57
75
37
15
95
96
104
53
101
30
33
61
61
60
127
122
65
58
124
64
40
23
54
52
123
52
43
106
98
63
84
110
31
60
63
69
80
113
48
120
13
59
115
17
27
117
83
101
107
93
44
52
66
73
56
56
98
11
110
92
10
29
50
75
34
13
21
41
77
93
77
48
21
91
111
108
89
5
16
119
52
25
17
75
113
94
18
124
50
7
39
78
85
123
89
91
10
23
17
19
117
62
85
65
44
3
92
17
21
22
108
123
50
0
18
39
4
49
20
44
42
119
122
50
106
73
124
124
5
11
62
41
31
13
44
93
92
20
63
96
42
42
68
124
103
23
54
78
36
48
2
95
93
108
14
12
105
78
99
14
127
45
100
97
107
64
1
60
44
101
44
34
125
27
28
80
22
34
72
50
44
77
14
111
18
47
65
15
95
68
93
59
41
109
2
54
94
70
28
68
122
34
29
66
56
47
98
11
37
115
56
114
73
32
59
91
9
94
35
90
96
100
13
51
12
44
11
26
11
10
22
96
62
34
83
47
81
22
40
81
98
103
27
82
94
17
119
48
35
40
102
56
83
79
64
3
120
19
50
127
45
94
106
99
2
55
73
105
81
50
83
58
2
12
10
62
56
82
72
45
101
74
105
112
92
110
111
62
119
0
93
48
65
64
115
73
68
14
1
85
51
93
83
45
63
96
59
75
114
126
72
127
109
51
36
22
29
22
69
65
113
10
12
95
75
85
81
0
84
29
25
119
118
120
3
27
42
83
78
118
0
16
49
127
7
76
39
48
119
2
32
86
36
56
0
77
70
35
12
91
2
109
58
43
84
85
125
23
69
120
91
6
17
58
36
73
45
41
69
28
14
1
15
105
80
65
124
75
30
53
58
38
101
9
113
91
126
1
53
103
46
34
82
28
6
51
11
113
45
2
93
62
86
113
69
64
104
75
52
23
72
56
45
47
35
43
93
86
37
61
94
38
74
113
23
47
108
8
95
70
92
121
84
55
44
54
87
4
7
53
52
66
26
108
74
57
21
122
6
65
12
98
18
71
113
127
116
80
24
49
45
44
114
69
86
40
116
61
111
1
78
69
93
113
115
37
92
90
92
40
85
94
95
92
86
109
114
0
49
64
34
116
90
122
55
28
82
43
80
7
12
98
125
71
107
126
67
12
117
68
26
118
72
32
114
111
104
55
59
58
55
12
87
103
43
113
51
3
98
27
29
46
0
80
81
43
84
71
62
100
28
60
115
108
100
3
24
91
67
66
51
97
68
110
72
110
56
56
111
89
82
77
115
24
26
70
56
122
31
119
103
24
93
51
104
41
117
64
20
46
33
103
3
29
44
54
51
40
84
58
67
114
15
26
0
42
51
35
18
17
106
19
12
92
13
94
108
117
31
61
115
113
111
59
37
103
77
117
122
23
63
33
