30
107
32
44
87
79
1
3
113
113
86
28
9
92
27
2
68
44
76
36
100
101
22
92
78
21
32
110
70
27
120
43
94
107
125
100
73
44
74
36
91
48
81
37
118
79
25
88
6
5
67
62
70
71
92
48
92
80
43
47
50
96
77
7
85
39
103
62
14
57
68
51
112
56
114
90
14
8
26
115
113
1
77
84
100
120
13
92
23
83
14
35
81
113
109
9
2
22
110
87
48
97
14
54
16
90
23
58
68
44
48
16
126
104
12
57
121
47
39
72
109
44
125
70
90
121
74
102
34
103
123
61
22
55
78
84
102
84
102
24
33
6
16
8
97
51
120
27
16
51
66
93
32
65
40
89
34
70
90
79
52
43
105
14
109
104
39
123
40
91
114
7
36
57
12
70
9
76
44
102
23
81
35
43
14
18
43
47
16
115
27
99
29
8
121
9
21
56
42
23
66
113
51
3
75
115
0
41
111
77
39
39
121
59
112
107
24
29
11
118
96
93
25
57
27
46
118
116
37
21
4
111
58
16
59
45
93
47
2
0
65
44
24
86
76
25
84
105
73
87
29
90
117
12
71
112
23
114
44
52
41
75
24
13
59
127
54
17
107
69
38
24
33
49
6
95
61
110
42
72
74
119
47
60
39
34
19
29
100
2
19
81
81
69
101
15
50
38
115
67
3
64
69
102
39
85
44
35
18
26
2
74
62
99
49
127
51
94
110
8
32
108
7
88
10
124
28
81
23
27
96
96
39
77
51
96
64
54
92
57
35
25
110
93
54
96
2
15
58
56
23
24
88
101
52
19
63
116
26
71
68
76
92
101
8
115
93
106
115
112
17
89
44
117
78
66
110
119
114
18
57
72
24
18
111
36
80
104
0
10
79
17
17
23
11
116
41
85
92
86
97
48
116
63
35
46
81
126
61
78
121
21
3
83
124
122
84
8
51
18
40
54
99
84
99
4
56
116
56
103
68
33
77
57
87
37
31
31
22
82
18
29
49
61
96
62
46
123
52
95
105
61
42
59
117
29
96
22
80
55
105
43
28
78
110
78
92
109
40
94
98
105
94
64
88
11
57
67
94
78
89
116
90
65
118
91
106
3
75
91
37
20
20
30
61
118
59
83
35
23
118
61
4
101
106
31
70
29
67
11
81
10
112
23
48
103
90
122
76
102
9
12
46
87
74
108
9
16
62
31
9
70
81
11
95
34
19
106
5
41
44
97
123
36
55
125
69
94
76
122
66
18
20
104
29
4
75
87
62
113
125
111
67
27
108
44
32
51
50
11
124
94
43
64
28
31
86
54
49
112
55
81
105
106
27
36
84
46
34
0
127
93
88
122
99
97
75
17
33
81
35
37
126
104
58
28
6
6
33
61
48
46
75
79
40
41
81
109
115
20
77
13
50
34
32
42
102
94
34
23
14
1
120
43
26
7
116
97
37
38
11
107
83
108
91
30
95
59
72
46
0
46
118
126
49
63
124
92
46
113
86
58
91
71
107
101
82
64
71
80
78
69
72
69
120
99
17
98
54
100
16
27
60
100
1
21
91
39
91
58
84
112
119
127
63
27
48
16
108
126
51
27
53
124
108
115
34
33
110
53
43
69
86
23
65
124
14
77
120
120
116
7
58
99
24
16
59
57
19
87
62
0
78
102
7
100
14
23
99
77
22
112
112
33
26
85
125
7
71
42
18
69
1
99
120
78
15
44
123
125
38
95
11
68
1
58
5
103
81
49
110
77
107
82
81
55
62
104
106
109
64
113
77
56
118
31
87
65
57
94
17
23
11
37
124
41
96
78
48
100
13
53
31
77
71
89
1
2
39
27
114
101
118
52
87
100
3
37
73
68
80
59
77
109
92
85
16
83
107
99
123
117
52
118
82
34
75
29
75
66
13
72
89
95
49
56
5
14
29
84
112
108
120
18
37
104
33
46
82
74
114
12
88
52
29
47
61
78
105
58
89
29
103
70
8
100
115
103
84
0
112
70
109
62
54
20
3
91
114
62
117
57
54
44
118
26
37
45
91
83
11
121
91
1
20
36
47
123
48
81
110
94
28
11
67
7
14
100
99
98
36
15
79
51
118
64
107
71
19
50
59
59
34
52
29
8
97
32
54
39
42
3
70
74
42
103
80
48
32
93
111
41
24
65
115
33
78
46
44
45
119
39
93
76
17
65
105
79
64
100
60
14
41
35
119
23
36
68
78
83
73
18
96
42
50
49
82
1
121
36
34
124
60
114
57
11
105
45
121
95
85
24
13
47
56
108
104
75
80
87
40
81
121
14
44
36
50
107
68
116
105
43
1
