116
57
39
29
24
81
95
22
87
38
31
46
73
72
12
88
92
118
10
122
81
25
24
116
103
32
16
51
105
126
38
58
63
119
78
126
5
99
114
51
16
95
88
11
73
6
27
94
36
99
62
46
28
86
66
82
6
117
78
2
79
106
19
17
22
64
82
76
78
107
123
22
63
38
111
38
49
126
16
121
43
78
120
102
39
40
120
30
17
10
92
114
115
121
49
41
53
101
19
35
66
8
78
95
100
127
101
120
58
13
38
22
54
111
1
121
91
10
114
82
92
30
34
80
4
1
32
43
96
36
67
103
12
68
40
117
63
127
109
46
112
31
94
51
45
60
93
61
127
46
121
15
58
58
5
20
124
122
104
90
29
71
43
20
103
39
127
33
14
113
119
114
75
100
64
110
82
22
92
111
51
3
126
82
59
38
85
26
23
76
31
97
29
103
97
35
95
54
111
28
121
117
41
66
57
4
7
41
118
82
23
75
39
46
54
121
44
56
86
47
115
96
31
33
25
69
124
74
39
44
40
15
104
72
25
62
23
51
34
104
6
103
34
107
55
103
3
51
55
94
91
12
63
11
20
100
44
17
75
112
24
112
33
89
81
52
50
28
123
36
94
71
17
70
38
74
58
13
65
46
88
126
61
53
115
77
115
100
46
49
80
90
45
53
80
72
69
10
100
0
1
54
27
110
121
50
56
111
28
14
107
67
77
68
9
112
120
124
45
127
75
118
72
127
66
122
8
7
16
120
126
74
20
44
9
16
97
70
43
118
18
2
21
98
56
90
83
28
41
78
51
107
121
26
94
72
12
33
27
45
117
48
123
2
35
76
82
14
12
122
44
69
87
48
42
47
54
16
66
117
107
92
10
3
102
19
2
8
127
44
12
127
1
115
25
38
62
125
124
54
94
46
26
90
90
41
33
102
0
66
71
68
24
93
124
61
41
81
8
73
76
45
37
95
43
82
2
35
81
59
52
97
81
81
5
112
5
13
65
61
56
33
100
82
77
48
3
91
98
12
21
76
88
61
47
13
61
68
74
59
112
105
88
57
127
16
108
37
10
122
25
30
106
57
108
93
90
15
44
35
113
72
56
114
90
38
96
90
81
17
48
6
33
102
109
69
10
76
119
8
26
86
75
34
29
48
42
111
19
57
63
111
88
108
32
21
65
2
107
126
1
126
60
51
103
122
118
36
83
117
126
87
13
27
114
2
122
20
113
15
67
14
19
23
33
112
1
66
21
17
14
100
10
59
42
62
62
118
8
19
69
123
11
84
99
89
70
92
45
18
86
7
77
71
87
86
29
22
61
11
4
113
57
87
4
58
53
112
15
74
24
49
61
113
74
13
46
70
15
116
97
9
51
12
19
14
41
49
105
17
42
104
19
120
113
54
35
93
111
17
115
85
54
48
98
118
86
110
119
3
83
112
101
27
87
113
77
18
2
97
22
23
127
85
8
35
83
27
48
64
7
127
20
126
53
50
103
47
79
34
27
118
22
104
2
96
72
2
14
81
60
86
121
63
13
92
80
101
88
76
84
34
68
101
83
72
111
72
79
118
96
92
42
62
127
96
101
29
24
122
47
64
0
72
98
25
86
87
88
76
22
93
31
68
43
50
78
34
112
66
53
28
107
73
47
91
73
118
110
61
19
98
0
125
3
68
39
84
46
84
62
95
49
11
42
37
32
98
70
95
100
67
38
126
13
4
113
124
115
76
124
99
115
68
41
13
32
105
91
56
51
38
58
60
70
82
39
52
11
4
2
96
42
82
59
58
15
39
28
77
33
24
113
21
96
40
64
8
112
110
83
98
5
37
24
77
77
105
124
84
105
29
53
92
17
99
98
20
64
53
22
5
4
103
30
122
101
124
78
119
124
35
112
83
20
98
29
29
49
27
91
38
10
126
100
109
8
113
71
21
92
78
75
44
66
94
101
28
4
84
60
69
113
106
24
14
25
69
7
58
39
104
93
108
1
117
122
1
8
82
21
91
7
90
125
24
28
28
4
18
53
63
38
112
55
46
67
79
26
78
75
53
39
90
84
22
109
73
96
77
29
111
19
83
107
102
37
67
53
48
79
84
123
8
50
22
35
31
68
36
10
100
81
88
100
6
64
90
4
119
117
15
112
19
54
42
70
1
71
92
104
92
18
70
126
45
22
37
4
63
94
86
30
36
125
20
18
29
42
96
77
64
27
62
13
91
108
21
33
38
14
19
127
35
17
83
0
123
125
89
110
51
53
71
54
28
80
61
74
35
100
71
44
99
29
68
29
96
10
101
93
120
30
4
78
121
6
118
18
48
115
86
13
