450
9072
2592
10602
1984
1564
300
2808
3000
1271
5076
1148
6612
1128
10974
1638
2496
1403
6664
280
6958
4180
6655
2185
9570
6175
7168
2703
1836
7332
3149
10584
1551
630
6048
10556
5673
4290
2604
1794
4232
5340
2852
1050
8760
434
9306
7052
3944
588
7614
726
5332
6240
3705
889
2340
10465
6256
3528
8640
1560
0
1935
3026
9856
3074
6380
6800
5100
2346
11877
3956
7227
10580
1679
7938
3920
1023
486
408
1560
11160
1479
0
7200
1515
1104
432
464
1712
2825
765
6372
10353
2310
4080
2814
2116
9398
9266
9086
4800
13335
13335
6223
9408
3404
2222
10260
4293
10647
3212
3640
1460
3808
1768
5166
343
1892
5328
3485
400
1404
2225
9328
5760
2088
3290
2784
1525
11270
1044
7280
4392
10450
5264
114
10176
2880
6525
10
4551
4860
4160
4797
5925
198
6860
4318
1250
51
882
1188
14478
4234
1515
3876
9409
5247
867
781
8249
11590
0
8961
480
530
185
4785
5500
2576
9492
8375
516
3672
992
12096
124
4816
2112
2340
6272
1008
0
912
4284
9272
2880
2432
5696
600
8034
693
2163
4400
2886
3395
2014
1333
7686
4488
1890
128
7747
210
2144
5166
10282
5130
3038
2130
1242
3936
3306
3630
3900
1360
3818
6860
4836
7084
111
12760
9990
4370
2232
4806
273
238
3825
5244
1980
7614
1200
8446
1508
7738
2369
4802
8436
624
9632
6996
4891
1856
10248
2592
2162
4947
2678
2242
4064
11875
2398
3876
3283
7811
418
6670
5208
8858
1200
7412
2916
7553
2832
5670
824
14157
13144
1819
1887
912
7128
1825
10296
6916
9030
4556
4455
3500
532
6254
8400
13516
1372
1330
3432
4209
6273
1127
5459
12726
5929
1512
630
120
600
13440
108
3363
2900
285
1560
40
5336
1862
8892
4800
1155
2744
1008
5168
1080
2701
994
2408
10
2520
5025
9072
80
162
2337
10980
4879
0
265
4232
3589
3999
2964
141
497
4428
11024
840
12540
9492
5712
2150
6004
3762
7584
620
2625
11186
2021
7705
8938
1700
472
1536
11904
9375
2100
2938
3404
2525
5777
7345
6426
400
2025
40
8400
663
861
3723
4176
9040
6468
4214
6480
6138
369
5341
1014
3900
55
11330
5200
13081
2640
6222
1012
6188
272
555
9660
2730
12544
4266
664
2814
0
2340
663
408
4998
372
4554
2550
5390
4536
684
1633
1830
3729
4984
1134
81
6649
3399
186
2793
1922
20
6241
980
6726
2226
8856
3712
10672
10640
504
7371
2760
4674
2989
700
12
3844
7081
4128
3740
3016
392
6003
5978
8064
240
2808
1598
11466
1368
670
4371
7236
9592
4620
9760
2592
6992
1464
3960
127
2331
3306
2960
5369
0
2090
7686
177
1760
4080
5084
2486
52
1860
2450
5537
630
5928
270
7332
646
8556
5280
3584
2632
50
5500
2054
1224
1250
9810
1001
4048
2240
4025
1853
5700
2825
4752
3713
10668
1470
7300
5427
455
5029
7475
8547
201
329
4704
3800
1780
6500
702
7811
2279
5040
4920
6364
5346
684
8700
1798
8383
1200
5643
11448
855
975
858
7992
4428
399
740
1054
10500
1264
12870
3250
11700
450
4218
2842
10900
10600
0
5589
5350
9768
4485
1980
6351
11280
3360
2662
5986
5658
65
1666
570
1136
9462
5976
5208
1260
1856
8075
832
957
4930
112
146
6240
2560
840
6313
5478
635
336
2262
9630
2142
12720
2964
6164
11760
504
464
7227
1752
6076
2760
594
1121
324
3402
2760
4268
4050
368
13334
14145
860
2068
7455
5400
1040
1188
1210
2914
4004
4500
3480
2520
13899
2340
11858
288
918
6750
264
104
138
8265
9717
8325
9184
640
4300
6804
8374
3400
3465
3149
13542
1904
8811
6300
576
9430
3052
138
1134
4089
5929
53
4464
3380
3955
5915
4182
1568
8364
1012
1484
270
261
68
6764
9588
605
3224
14986
2548
5104
5252
11136
6820
6750
68
5559
7332
11466
10947
5768
1333
4104
7875
10815
1292
1166
11286
11664
0
3936
8446
5635
2668
12096
160
4940
120
177
11235
7839
5400
3762
1302
1274
12420
9225
6441
608
3600
3483
624
308
1980
112
9776
602
6720
2208
6270
528
1551
1517
464
70
11385
6992
10486
350
2626
2825
14042
4698
10922
4232
4558
10120
8611
7437
3744
7979
1120
2556
1034
3852
481
2500
284
560
1908
585
3102
2880
3740
4080
10400
4140
3410
2618
663
1515
1610
5200
5880
2232
288
2187
3332
6499
11253
1998
2405
6240
1564
2124
2808
1653
2184
1122
1800
369
3000
8436
4770
1353
5781
1125
4554
4399
1344
1751
3120
2898
2240
10980
1080
2914
784
2460
1890
3834
12600
8484
522
6903
360
8662
4032
1824
8585
775
1620
1219
6642
273
3451
3198
4095
6715
1300
3772
608
3000
1008
242
3525
1740
629
684
4355
976
11128
4032
8370
6438
7968
3663
4080
7015
1944
24
4455
1410
3534
8658
4949
4029
9266
1650
1128
5618
1435
0
12947
1140
3445
117
5183
1694
3906
3800
5236
1728
2145
3000
12376
480
2915
50
5350
2080
7659
9600
3131
9701
6240
13284
1518
2736
3504
2340
5336
6992
114
392
468
2184
5830
8748
1848
6930
8170
6834
4275
266
3472
1666
8084
6102
69
7722
528
774
10648
576
9880
63
20
3240
7085
4655
5148
2405
6534
3510
1098
3626
66
3078
5940
9435
1200
6636
6499
3471
670
2014
12584
572
7584
702
4466
3132
9078
6240
7047
128
132
7992
774
1287
11557
348
4300
732
0
1767
6164
4212
1026
1705
2928
3654
7986
140
432
44
2268
1352
7752
12626
946
1829
624
288
3213
2912
6278
10370
1339
1440
11639
3000
7638
1830
1800
219
9152
96
3956
84
860
10370
364
4387
6765
156
4329
7168
2208
820
1290
12688
2992
378
3655
5304
625
9200
3337
2520
8050
315
3182
301
9906
160
7040
645
10890
793
9875
4543
4508
493
8991
1452
86
14042
440
2394
76
1430
12019
8712
75
2380
12285
840
246
7119
6048
7052
4480
2773
1638
3596
10120
186
5328
1284
3021
456
850
0
4692
14875
1170
228
4662
4550
819
6612
2112
2262
798
1800
4841
2500
171
219
134
880
8162
4080
132
10918
13843
3115
7035
588
3048
195
1876
825
3034
14280
6960
11700
8295
4365
9374
2755
2562
1850
4340
7272
650
2583
1485
6500
13104
8712
2812
14868
3300
3240
924
2225
847
51
3813
3696
2054
1794
2541
1935
1118
9100
12528
6996
2128
3060
3416
4134
10710
610
7470
13516
6480
9435
376
4029
7178
7280
3245
900
1035
7519
7560
5130
418
1300
220
5080
9021
8640
3952
1160
2106
4590
18
12519
3927
576
2140
731
5336
1406
9796
3510
1695
1551
5428
4130
2121
12177
350
7722
400
3648
3810
8436
434
2940
2214
357
1767
60
7776
3255
300
1128
5700
11433
384
748
1440
9968
5673
464
1178
494
132
992
5082
8892
42
414
6642
5307
2184
7320
1404
8346
6048
833
1800
5180
5100
114
24
127
3060
7040
576
4687
5916
5280
1548
957
4950
240
13888
7688
4928
675
5530
1575
276
882
1404
972
5124
564
4902
2465
2600
8880
900
3399
8505
11088
8370
0
412
1320
7638
1660
1200
248
102
4095
4320
1188
1782
0
1235
6820
6100
8260
4216
1633
7954
6210
6624
1664
7644
540
2812
4214
5609
2720
154
8165
968
5402
7410
9548
5360
8025
2760
1632
3990
8820
5664
3300
1098
196
306
2400
2970
364
2769
1500
4375
3572
5088
861
368
1608
520
5684
3657
2968
2652
9256
5376
6660
189
105
1596
5246
1188
12566
8550
1360
6076
4563
1426
950
468
132
1656
11934
1872
2415
2323
918
2500
7272
380
902
2208
8103
4620
3741
5265
352
1020
6549
667
7600
9963
1665
450
2728
8232
4982
1056
3125
576
4248
12
4446
576
13688
6970
6210
12423
8640
620
2624
6035
3403
2950
5934
1248
340
2262
1260
3400
2300
1971
1100
104
1254
1166
4851
8382
12992
2716
156
684
3498
216
15750
11155
714
7700
7387
102
1591
675
5467
2136
1290
1581
245
224
2444
2840
168
6150
6174
2214
1749
2254
32
8091
5512
672
3078
1638
84
2220
10086
12200
864
3410
1935
6018
6318
5031
2244
5088
10148
3536
13455
3498
3182
10488
1207
726
9438
13908
2800
6901
1860
8510
342
1608
3784
3520
1273
8740
3042
5141
6633
3277
7378
817
2703
1984
1260
10509
273
14883
4032
10578
4860
7128
2394
117
9196
2912
464
3808
2688
87
7140
950
10682
13560
840
9282
320
11286
3663
8906
2352
144
234
234
5175
2116
540
792
6552
3588
4425
108
612
600
10918
6798
10374
663
666
11413
4180
4606
2958
2312
2976
3648
153
9156
4554
312
650
2180
1344
1014
6136
70
11590
3055
6231
1764
3325
2494
952
4600
6490
1955
12390
4508
702
540
2021
4485
924
3652
0
624
1232
188
285
2508
5394
6840
2622
7296
2646
396
5824
300
3267
6912
3648
8526
3096
6720
6240
1125
7304
340
6035
10300
66
12444
4543
5600
1830
7020
2120
9600
3276
5246
44
2725
13338
6800
520
10160
1898
3984
2943
2146
7068
12096
3200
2366
3526
5544
364
595
1098
11880
2134
1248
2408
992
4324
904
819
8099
4200
7008
779
308
432
10795
12430
254
3723
3696
4949
5757
3344
2295
6160
4551
405
4747
2553
7540
3654
2628
7700
592
2150
780
600
7566
1196
930
1702
6375
3048
903
5984
5203
3168
4131
67
4032
10285
1932
6699
1407
42
1071
5829
4320
5396
4692
1953
8840
3072
816
14391
4187
9288
104
8944
7665
5696
8700
3666
11780
14097
5152
4428
196
851
11252
3420
4029
4536
8001
5564
4230
6897
2765
6000
714
1806
4514
5292
10716
0
792
8640
11430
7200
1200
620
658
2346
6642
1395
1920
9072
360
7918
5640
138
4453
72
6700
1554
1121
5950
4633
3612
2948
12600
672
1854
7070
1320
183
10492
750
2146
1140
2350
308
300
504
0
276
0
3713
1540
1380
1421
1848
2970
7760
4410
620
2071
3885
2425
2288
1008
3429
10914
7760
2695
7081
5589
798
1281
4944
7488
975
13340
4288
5778
4209
2405
464
78
132
1848
5220
1540
3760
6666
350
62
9434
497
116
666
4928
2376
711
342
2996
948
7140
2652
535
4980
1406
5175
296
11385
5610
166
5184
10614
3840
1728
1100
14136
7380
7488
3526
595
4332
1547
8025
2318
234
2646
6902
15120
4914
630
196
8466
2912
4745
2520
8850
3885
3840
4646
1582
3335
252
3397
2006
2940
1248
306
7198
2769
108
1344
1500
1680
9450
7686
1840
7308
4664
4368
5767
350
11124
348
780
5264
3990
1406
4140
18
225
708
3348
2592
0
840
833
3584
2209
396
3666
4180
880
9000
730
10094
3827
1748
2016
9024
495
1560
2250
11716
10200
13110
4796
1953
1440
196
265
9860
1722
112
30
2632
1926
1032
3268
341
176
667
8378
3294
737
136
3828
280
11328
4094
4160
94
1008
1239
5618
6750
423
6120
12654
6
7378
1888
0
7623
4224
2736
2046
318
2714
2184
6612
5015
217
1770
264
11466
8928
5002
3003
4224
4806
2268
6438
969
0
3696
200
10434
2208
124
1292
3003
144
78
7345
1624
1505
1517
2400
264
1014
300
11520
14986
56
234
9000
1380
6834
2520
6396
4320
8280
12210
14490
2070
2322
7920
1188
4860
1071
5609
216
6762
1817
3666
3584
9243
910
184
13664
2788
4757
1890
2156
2755
6764
136
5184
2366
6969
3880
8316
10810
392
1368
1311
1815
6800
7475
0
868
14000
1353
8470
1540
762
1605
12348
3230
1288
392
240
684
10290
1972
3286
800
605
5225
5535
8520
828
1800
240
2304
4664
2914
1440
3589
135
219
7728
420
11286
7992
8556
2200
11132
1680
1508
8112
6650
162
728
2312
1792
1386
6885
1068
9234
2755
890
8624
3198
266
9744
255
3569
630
5928
8904
496
1860
2720
6206
540
3616
1140
