244
1240
6875
126
11662
5184
13189
612
890
2016
1530
430
11844
88
3968
264
5424
1566
13161
2580
4141
1920
6804
12753
5293
684
198
6897
1755
9100
3696
1470
2379
12257
2204
3283
11844
138
780
5183
5246
7030
470
3515
1748
11918
9360
6860
4774
14868
110
3800
3161
14994
1008
1064
588
6784
3321
3564
2125
1720
2320
9512
4300
4692
6048
3666
4025
504
3150
535
5415
11224
13268
5280
6528
1892
4275
3375
1088
8645
4788
8658
6758
8024
95
11984
4950
1100
8360
4950
14400
1320
1404
12412
4305
5658
7040
2625
5246
7772
72
5124
6820
1638
1920
3367
6148
714
2597
4731
472
1254
5355
10032
1430
14478
496
5885
12540
5124
104
270
33
5207
2794
11662
9483
1624
6396
1786
152
7790
4536
0
4675
3456
5751
13673
1079
7332
4248
2204
60
9744
11872
6272
1566
7777
10812
650
5031
726
408
768
14500
8470
1530
48
9072
3808
3120
3552
954
1976
583
4320
11934
3675
10148
7280
7686
540
721
60
10285
1824
570
864
6624
8687
3332
1558
7452
2808
1443
4680
2109
1276
11413
240
3060
11036
9064
90
570
4968
10573
4140
8640
225
8216
1134
8190
0
1908
1404
4370
4200
6256
2464
6250
1792
4550
5782
5217
3016
496
3175
7910
6664
1520
4182
2652
9480
5100
3818
4592
119
11817
192
78
0
1050
0
12954
522
8636
3950
3465
4140
6000
2163
774
992
3828
3608
6882
6960
48
497
7875
721
7056
2905
5133
7553
5986
8295
1326
2200
1960
574
806
10323
198
6264
990
2100
580
203
420
2340
234
3630
9424
11088
1800
3484
8282
1643
4465
2356
3800
444
4004
90
750
1862
140
636
2020
1512
276
2040
5043
2530
9840
8008
9435
266
8600
632
6955
256
6450
1287
7182
3400
200
5372
1573
7722
2190
3024
840
238
208
0
1827
4
8550
288
12648
2009
2520
5244
2496
5329
603
5940
2880
855
1024
561
5037
5670
384
8040
3813
420
0
4264
2805
6160
315
5073
11877
3478
2982
9028
375
869
7888
8400
8030
3096
4080
1452
1440
1856
2340
1100
6460
3774
8748
1243
714
6210
805
4572
1188
1176
8755
440
6716
2584
3360
376
420
1911
7800
3168
840
5015
0
2442
7820
3348
2030
4560
3744
7250
1363
168
90
372
4048
11811
666
7062
10030
1092
6477
8330
1480
246
44
1586
360
2541
4173
6144
6104
4375
9990
1368
8349
4425
7770
324
357
11445
4305
2128
5830
5040
7360
8256
10332
2924
11118
480
168
2322
672
4560
10750
10370
10622
1798
7035
594
9660
5750
1120
364
4345
6264
148
2992
4343
935
1508
5859
1817
1144
567
12705
4403
7242
5300
1015
1122
15
1302
10918
890
6390
7313
2231
6438
2500
0
7084
6720
9828
4788
1616
2340
2
570
6042
992
1254
1078
1230
2268
4750
2112
6084
8900
65
1620
637
3240
7344
5292
504
435
3290
648
3850
3344
5335
9435
3920
1000
8624
10509
9120
2924
700
1653
690
0
7480
5402
2057
5074
4200
6448
2912
920
4092
3762
7470
11625
2432
10088
920
1281
945
9085
1566
2278
2100
7552
1044
976
2300
342
7350
5016
0
12065
11984
464
6426
2850
6141
8162
6480
832
5643
1813
3496
0
9765
11931
1972
1035
11102
2392
4080
0
6254
4380
9000
2706
3132
4453
2352
13640
5940
714
1296
1452
520
856
10584
13298
4056
3960
4914
0
1150
8460
1526
11200
196
2332
4042
7590
3128
6325
2160
7102
1375
1311
1023
400
1394
6372
2070
1156
11536
3864
582
6875
160
1150
3132
7252
2604
96
330
2730
4387
3379
11000
5160
2275
280
6498
1840
1876
5472
6336
4116
1248
3854
2337
1320
150
1826
5040
5278
360
2688
770
7425
1155
2703
1512
1701
468
840
4692
5035
2160
432
3072
1280
1496
2574
5328
10769
4080
50
5704
1488
2923
1972
182
9520
222
4087
340
1617
3192
3783
4293
700
98
5238
3300
1380
1656
910
57
7904
162
3927
620
1645
4275
1372
4644
8614
15367
2542
6440
12826
3952
765
5300
1344
780
1768
9898
9750
4704
2662
3978
352
428
5208
968
207
3984
585
1440
5830
11875
2300
2970
6069
3402
8736
528
1881
9520
12826
9858
2340
6
6600
1056
980
6097
2070
8004
180
11009
3744
1012
10692
9720
11214
864
1242
3952
850
252
3239
12064
7749
4828
4524
5244
7659
61
4266
8464
12412
6348
3968
11128
7747
2583
2673
5664
9471
5300
11186
1056
344
3710
2794
7194
5916
0
48
5883
6660
4420
368
1938
7760
7560
2268
6174
1856
493
2542
2576
1620
4700
7800
6205
11712
2516
3536
7800
1050
108
1508
2640
3942
9090
1350
3354
9630
4680
8906
12954
1648
11752
8466
3078
7128
2400
11115
1652
10914
5226
5928
8652
3320
728
3927
365
3666
1408
11856
4140
676
3135
693
3096
408
696
1740
13786
1375
4464
1080
1989
7168
10092
688
376
343
2580
7920
5184
1023
9198
2266
9790
5060
7695
5336
1599
11187
119
3750
14375
1275
7797
6560
4556
897
5085
702
1512
1824
1632
8424
5332
2714
1353
6500
8855
2914
5607
90
1027
5424
3417
5022
13734
190
759
6160
6230
11780
3480
128
976
13915
350
9438
252
1568
4560
2829
3904
1235
40
828
10920
5168
1134
3388
387
1475
9804
3024
5418
2492
6760
136
1742
309
2106
6360
2800
280
9646
2331
7636
6324
6160
525
1386
2911
1914
656
2450
6048
60
5832
2232
3913
54
603
7540
8052
1134
1764
8856
5670
4697
4225
2842
4988
4452
5035
900
0
528
1508
1512
1265
5400
9328
5382
4753
420
4524
2046
12257
1276
11400
742
2592
28
9072
2345
1302
7493
430
1704
1927
946
1131
1460
2059
966
980
11187
15498
3000
5300
2835
3051
1030
840
3120
276
10836
1166
10791
10192
900
9720
1600
1539
5621
4648
945
5676
1809
780
2100
9202
2261
7344
7705
8265
6640
1860
4505
6435
2100
1584
6960
1128
5060
6901
10584
3822
510
240
7728
10465
777
2790
644
2970
650
4356
1170
1768
6572
236
9025
5820
5964
9398
160
2400
3451
8084
1625
3840
324
1656
3276
1848
553
528
4120
6588
1080
5050
4158
570
1972
4576
0
1488
1314
1740
6790
765
81
9506
4080
4263
18
3025
242
2040
793
2178
4029
7440
5664
3120
256
2584
3937
1199
10716
2240
528
12154
4550
2100
4977
6954
1260
1612
6993
376
240
4602
640
119
3000
1881
4655
702
4284
13038
7592
320
2016
3552
4104
7015
3248
6500
7524
42
1825
1190
0
5978
4920
2537
455
1078
606
6480
3640
2052
1776
8256
11760
3654
7475
663
4872
205
2280
3588
896
6798
3240
8640
2160
12285
44
483
12322
1508
6853
8645
73
2370
11662
2550
5916
2808
1080
12650
0
11984
6930
5074
2184
294
12000
819
2680
4116
500
1755
1150
1872
3551
9810
4128
9504
1547
5616
1551
0
6710
7178
1120
2808
836
2970
1344
2450
12360
1904
56
1617
2052
2415
8742
1710
10176
1512
1040
950
1508
6716
5989
8265
4773
5980
3782
2136
738
4602
13625
8928
2914
8856
2574
196
2576
10206
5612
5187
6486
390
8568
10185
4920
6480
11583
4875
1184
3120
5166
6825
4823
1547
3480
384
759
202
7154
2465
4558
5368
5428
2209
7480
4565
4558
10070
2030
9875
11330
8008
1122
11286
79
10980
5117
5376
6499
6630
6889
13268
9652
4150
3999
2268
4410
57
1365
1148
752
190
770
264
1488
1122
156
1357
762
11136
3660
1643
5432
970
3886
6279
2825
0
9785
10100
3795
7372
3390
78
1564
3977
710
14762
2196
2100
36
4270
4719
5664
1104
1900
75
6887
3528
4680
13688
7597
1896
5785
4687
164
1802
129
6820
7276
10126
2652
3270
2128
900
3248
3216
606
1800
9660
4095
10355
4941
2000
9144
518
360
1196
2645
791
10584
4588
2185
1460
6993
10058
3900
1625
11556
3600
1023
968
2695
1364
3048
1638
551
2376
2208
245
5687
9975
1456
8343
1813
30
714
184
4446
225
330
264
12051
110
642
1180
2268
6745
9009
2226
3024
3772
567
1612
4480
3090
2520
9309
8979
6161
3025
8424
2240
3724
1568
8906
8658
1189
3888
7912
7490
3360
8610
165
13908
455
2686
1785
6205
4180
2624
3304
84
384
1456
3250
9072
5328
2905
3168
608
3575
2310
2170
460
387
4730
3712
36
5544
4264
702
2159
50
1287
660
3168
5063
1400
212
7565
13161
1120
0
490
1620
8505
4128
7626
374
3311
912
9180
6985
728
3392
530
4674
261
2996
768
276
297
6675
637
1022
900
4469
840
767
616
2336
4582
4370
2695
4650
1980
11346
9152
7735
1344
4536
1674
5096
819
768
7300
35
504
1896
8700
8190
5723
2496
3066
4914
50
60
6077
2888
138
12753
2016
342
2555
6097
5885
6902
5950
2419
10197
5967
3705
8085
6100
1197
234
3600
7503
8134
4700
11583
5600
4888
3424
5548
2117
14125
4218
11340
5760
561
180
1323
3726
2340
690
5246
3025
444
3978
520
7800
5625
7150
1364
3276
4251
117
10682
1725
345
749
4004
4107
2550
27
427
1620
400
99
481
5350
2080
6732
522
0
2480
3488
6786
8463
792
572
3871
8362
1904
1504
2553
344
391
2226
5450
147
0
3770
7790
590
630
5400
4484
4350
2048
4320
3762
2241
1728
1620
7620
4284
1020
952
4950
12915
2080
5782
1340
3240
9504
5508
1625
14
2448
7968
5192
1330
9877
13566
1755
6192
162
1656
11214
118
9600
10292
1554
1690
408
8510
4898
8927
132
2652
50
768
9555
1104
4692
5876
2990
7084
780
416
13923
7800
800
354
528
4104
2442
8814
7052
954
1980
8214
3328
3198
5085
1926
9435
5994
3813
5700
2208
2900
5022
7696
1026
944
11040
8
2350
812
3100
1044
172
2142
3811
7644
2760
3818
1952
5313
14508
2706
2905
1166
4988
13653
1440
1560
2236
10890
60
156
2772
7259
2944
1596
1998
2280
9768
4620
5334
10670
2132
3040
8208
762
4524
3698
5106
7885
10920
3965
15
2268
11562
4680
6840
4794
7875
3978
1176
369
5060
9912
539
8556
5325
378
4000
3744
570
2072
612
1054
10706
2376
13688
1680
3390
1350
8829
10209
11088
693
8050
1105
784
2407
6944
968
10080
6603
244
3920
2060
7800
3102
0
182
952
2006
6402
972
0
6020
1680
1290
13090
10209
795
4104
7700
1410
624
64
11286
6174
1770
138
121
13716
1785
9660
8
4650
115
584
595
6552
2940
10807
3843
1104
9200
206
2200
8360
13098
5724
6399
1872
8064
1647
920
10716
1449
3317
7548
3680
243
98
4095
360
7370
4488
2736
330
3654
0
2201
11433
1440
5888
195
36
1596
3720
8580
858
792
3444
1189
4230
3100
8954
360
266
4500
0
4620
2700
1333
2964
12650
392
5304
6324
4182
2535
4428
8148
7125
125
11562
450
11000
10340
588
1320
4945
2052
2058
1820
3944
5092
4050
4380
558
11210
4920
777
9976
11413
3655
6027
2288
3240
4118
2176
385
8352
130
798
816
2185
2812
7680
10506
6534
10070
164
1377
296
68
402
280
1089
3876
1245
3404
5530
11712
2886
208
5124
5499
3960
11250
1288
6048
11844
4260
9373
3002
555
8395
444
6996
2923
3306
4042
6180
6625
88
3675
780
60
374
3021
8136
9345
608
4704
3081
986
6650
10875
3944
3906
11011
8190
1411
2852
2581
531
5782
1886
4752
1980
3906
17
7812
3565
0
10486
600
5530
8670
2288
9486
4662
10506
6300
5740
10300
2263
6314
2322
3572
9028
9020
1369
1435
3424
6600
6298
2328
704
2700
2232
3596
14400
12614
6630
6608
3648
884
8120
4875
0
2464
559
3007
10209
1625
1184
222
2225
3034
5226
711
5828
8050
4361
6272
5236
63
8436
75
7488
1725
11118
127
1716
297
7986
2150
1960
336
7375
7938
2989
13320
360
5565
1919
4002
9198
13608
6254
715
11375
3900
9375
627
300
960
1422
6283
348
3224
