7230457867389979259
8541267491998437650
4072026037384715253
7360495577559335686
3374746663522959594
7363199376007889043
9007224427052267616
8165355463119674580
33029044855186069
8101648270540152999
7923658798093986698
1495337494801583086
6280412621604526791
779243037355682916
1269440183685725106
608559194503371312
2563460224380461309
3124138872277175413
6569040424345999312
6426108309021388549
7669284604849858706
7790339571147167192
6878732631278263949
4791927867070916211
1807780909908874716
4237080782348513068
4363421633248237060
854813673197968585
1391027250447984360
1821687098467015634
9208352940553195449
8610222507316205728
2551624325544155641
2780891032003240110
7272789466479505965
6614515637633782210
3535730647550256743
2587030873311942082
6443034805003617847
3537882120698989497
2245590978048068476
529877094962443648
4488324164203147687
4524184883439277976
872697538941381056
3319248697921527904
4021090824258849315
807835182704011792
8910962701774972848
3410567964329257891
2790975577794416133
847257621405636059
5437389344890200811
4951934696665816952
4002851113145262492
345731248287151769
8326358041678051667
6000898782257333539
6371289163894372138
7858267845222420598
6162373254479346473
4685294358864241556
3214164619984353651
2849916318711036061
6431434262793569992
2332575128922457430
7767337306329325131
7728743846251459369
5800142723853844662
86845897626528712
2832163185865476939
2697573953204404972
4202303380388488105
4981801036974152692
8476672607578202662
8341135059543687691
810143802750164179
6635309801383243440
5626068658086600705
5568084337394890174
136431552178531090
5334100972308648327
4540017114983252461
4994624790134847865
4483405278352942037
5439768456261868475
1708148694540345867
2816049828304898926
6119287989335473397
4637554929400868560
8401458948375913557
2362695310266855067
1184502195290530349
6072809116889663567
4731119921757197775
6025276228596469249
4658952676234135170
5866837761195548893
1069872357371108845
6398076612044583237
5516587184011542126
6335583818736894792
4691088335149508974
5572322141948106197
770456976407163088
5610186502258246713
622673165858781851
882575119428460439
1480672753902080047
5932159308777814630
8395642911441201869
2634568910584915205
70673342987321836
2962702329496578754
8249762489963841325
3325104323737067554
373326531580333539
7616157836607507387
2911945880481258440
822813117548866471
7432875945975547427
408966558491333752
2332301436861065622
7267090469457694607
705573999086809146
8410076360434858431
2393326520080468474
8944826038791895257
5097143916016322402
5017036805491678812
2282710278150082292
2229820736961628807
1359101739720349291
6605708238331934246
3985573878897216718
3707005332374153109
5754419479571166436
1701758945655100736
6796292141506926903
9155820503372599035
325481887967496815
6520432146783507245
8335494280287460585
3783890705515464759
9105786913454499961
1349961046166632995
1591900037756341867
4680072379378956915
2457790008195591226
4283466577434643605
3356012477267396189
2995745369241188587
1485511425422631880
5625880279912844577
5890533083747778827
5664314170898086085
4941610263327514462
5141351638926720752
5111171401683432898
7877757902426473183
5162977971387625809
7678417976395699266
7554854484695036897
2085856564366835384
2986079966756357011
7799969488133358656
4673731730391662611
1702809293540731626
6436440969679032406
750930836143441784
1298924421462198439
5776622498155684181
4329218274135659901
3230182484177872231
7194269832596248072
2189847422326997993
6520570569261466903
5629421820000839540
1294500515525906682
1622099344852598541
5693552856657124078
1725745927631914383
4948549002413589850
7058088894492748394
6320496249407349082
960505268366476752
6648631032962564873
5219996512694213183
4686372483500139332
8494700163627494286
5066960948904393101
5273064878652001309
3668974073310579879
12316329338292033
6085493364195266766
7851601140418270747
5590362507016177529
6753957580094650191
8645240215112108535
3557113410362116137
93307371183527640
5169490174210487481
5189081982859349296
7996833852220691846
3258275587369251202
5519096354444856263
5745857229398957517
2933102805261188631
7756936819168555271
778080281394507670
3679931388605231612
2741976772422793714
5040223313906579154
7387649719075269027
3204367298431663107
2080026766673291619
7869246684036354663
2536217209911344470
1599144510057953675
4536821315593781416
2616444224342702964
2365615445478700640
2077019537000762285
3236344634202284664
519739197210851305
7535040538510135931
5302720982581438796
8611701043246032319
5438615168387622517
1922306944490720466
7244422270330002156
1807079321561955136
5179144609578175153
5470993589569622605
7962337647457394163
321774469453635655
6979864239822685257
4735446536773716761
149782411509838344
1263479471327352948
596623192858956503
5611215515840441244
5829877795744062840
1067529663428187700
5482286637770623143
3148911918607146428
7351005902468620606
3677631510074987106
84491498962809202
6697065543454772180
646364825243313587
7470275764575923578
3582459131538579074
3979008928896402852
4905392900531487798
3431593551831592896
395211315069127933
4951817597867144653
4144955839700140808
7758921037040202819
62090438218244145
202904033831991585
641280453008637513
7608702095481958132
6137849884768806510
4408106912027491370
1024815519159303836
1265564387953112141
9068758532081659011
665774291968618758
967061002787662694
4761184669016385312
3263879062725832898
2926621703923686779
390804230578611584
3037050045029707888
2754823254745984101
2651015126836963285
5566159784083484248
178196790550867858
7068703506276276306
771889849755040863
3788206313067700607
1777193124746632439
6427105378090709892
2445658594289849629
2606431982929466402
263748465811942852
2697030794670036640
7374145161244015827
8593868933799170946
716246144504326249
1538822002920351722
5940484538655590903
9203648561347128906
1829952515947376109
1425206254937144448
3966177336258582100
2751768058519399323
4654361218495933538
5026373071563807720
3688487165509256490
7832090221127371473
1107292067330269883
3357463142484107941
3663333559268200883
8033842193073513317
9142286002820305498
4869744509606950531
6553175943994842858
1814633961003744203
8925372873749043929
2238871421901639271
1494821876229597907
7670543809977221032
3449215265644324393
5157095661456583750
8723712250690452190
4657016123060080284
3489053518440018241
3286489971354468357
314354199004267168
1541534695034809650
566397798814074689
7372729342343875211
4462025371863568639
3348784446414769497
2849003516128341322
4081322723188533300
6385989442299877527
5082435632893475344
8743867593465272152
3675695955491516325
6047480123450536052
5784080771696411381
6956865807863950526
5808680775299215068
5849733366978018585
8829812047310452009
6115614820156058460
7261960525338876480
4125934478980157000
613193845672583645
8748341441292297045
1194649309369561814
1081024274741777200
1776910339364041775
2041175725115805368
4650838148536307437
5098634469166960798
1301041259427581505
833828297691599200
540129348507390578
7418211745929074177
518483781890924538
5237268769117929757
2190588701622255996
5382284971317205054
1945847973054650841
6275433418143793872
3650700081081847641
1479715354517418459
8786063809221783760
7900391249596700002
2651385449558822778
3361181550626076547
3404177463693639251
5413811244354789125
7510472835363429726
1738404526239925421
5091304393609715234
1933394412279020653
4696729037049456020
8841562037859212415
6948542170292880943
5376320696115500613
4302693427525479838
5970892124714695139
5613401780735116170
854141243297543958
9147447555257963743
908883286449063374
3023409768812327446
3904932263393075138
5446858069643959808
1457332590715636612
4982296852594715408
3011810330571583646
1167206466347983767
5885528215344152513
3881519965537904158
4740816017637301500
8023125575543459379
1629053870716314657
1797327539406485811
6252529551931321284
3213815138540538737
6431235644066624314
2918805345359314450
1393829944476108476
1409941316941109740
4326905687160019010
4985690784203582879
3311506792905919725
15402266724700775
5288275853371665908
6391230555092394177
3535405836456948981
6792916692042699590
1571168385565528172
8855446943328426146
4979756711740486069
5297379506607663553
2091474928549619369
9059056934191273289
63871069053914533
4997812097055965578
1059155745654836136
4629869425859510954
2941453395144996326
1522187856494028734
1315719148476407757
6582578109511091132
6648724910140772051
2903696679551233162
3174206410652126498
694859480706186105
4464603716020649850
8420323918506815425
7916401266262580702
31838363077094057
7868619141634926497
698125549462279284
4539630137709390172
5988729514103689396
6498093833703453676
2876416894860601623
8626180062017127816
429532875377540886
3439675494989883445
309760449500194730
4861308032803590852
3944507710060671552
4908526720210408780
55032427530079129
1935295692071284832
4824741640845763297
7891454587402697405
8232175914338347239
9211879480416179126
3970287517828515380
6834569748498936509
5237886321899815977
8570831119507753295
6314050978673604911
4537542062651466870
7831451890889616632
7801228775115144122
8570490139947156837
2207769174084960339
4716400159041724310
3262215273379074845
3793256020390256006
5923961750201724826
4170208835881775922
4988314228821675052
7606542468346033152
1981838710943709430
525904095673432616
9087354667987927453
7144035227193908421
1707062799257595633
2118680111942519640
1878871441439020215
4459121049648100984
8267838388831297997
7410852001951236331
5514985507012412390
1402421523092045479
3046205801391992850
8063582250782913359
2339091433504812352
3494900830850824056
5345000141384534491
6334678373112136826
2274949785431580971
7341384371476241958
3966665411020263994
1986690181042591075
6362809354825185638
3090610804975573165
8495710576246163041
6489875911981067818
753337402264962007
5129677186770712481
5160928445030776435
2721255963578349537
7648606052664232628
7600225173648597719
2316514838971373609
1147046770373948184
3601705711002612290
5324653677000024886
4849186147397347121
2593416155417037640
6005647629942437593
817256495099239222
4028833955198161915
6722555681491003205
8744458010274817542
8187350744231096777
