7644911412632503073
7889899900099228925
3782675507360873459
1716126474994535255
6311279532403291134
1551208260499466368
4675014929906350679
1231536383913631038
2376413527219062581
6027932072097425441
3624609341201783736
78008437815483775
4457104497010961894
6538837430077331699
8824090289284716348
1033637883764985858
3737138553519206023
1897243193360839500
927252781616776470
8471772453645573437
8204659632566465847
1213038481875349527
600734655639809017
3166352130487304454
1611004262014584501
4012351775011615298
5833781036252046612
4171024710156497940
2732625292164843129
7984145876071608831
4386754457409895803
5897995841750128453
8422370998706939483
3178954098139636897
1719635117261422506
3900283132373861802
4691791029634870772
3419963289208669881
333456855886680712
2112012905444282624
5032492605495595286
5111540441963032856
6581488541590574975
879695970483025180
125438731122883985
2832665938570677219
176837580549480449
8302746290866499675
6125195998351475457
6610101961106009605
445057684065100093
2604588744454945861
873405803290267089
7922997613424197452
7761924389058070705
8253868477670914676
4003298945678261308
881319273385030666
9134109699401322003
4709173130885394414
1029031181711328115
4051732859437300417
8830561860061588954
802609763547028554
8406103048469319942
7894345775860915796
8940577986700061686
6166333061841364211
9194511805414488366
2085140364190730989
222876239965301889
2309237037889869074
1053700688543007540
438090912074851504
8954076689311210709
3515043490208426349
1137951973140042049
4543625973130292346
173789719729385602
577506978694241318
4138519258752627568
631218485563021970
1719331625985008619
4244659983658211787
2387027621015069175
8683531095327506901
1569830138538113851
2842444259361344848
9164435116074267395
401699934391492124
717199852119030374
5162567931031827825
2889968262047662643
5863977389077633443
3675910109908001881
6390186596507343993
5666334499571392598
7955581351869369776
7175489379110310837
4073117075160651330
5960775152329768328
906920140003546302
258125681028909599
8247099485266100992
2366493568216574583
3729338345689942841
5688000890963565931
3938011676943980765
7819723500360879704
4405421525824487364
1411397036078529779
6621329099938922402
6882177965906806980
4108231835459158737
3669068152321775234
5477452311101346491
6867130838863516330
1003807229067945355
6979711236460354052
6930784833387535983
2286258533573925187
4023886898769588975
4354724963750221812
1903498289592499780
6796930853283530734
5208593902418705521
5100444537733565226
1181833239991583102
7568236148844688457
2839151223219231262
918340712545475276
9143797136637347620
5808982703719288405
4824581538605649061
4464213013925168987
7886823835651276138
4490297852596697453
937938186399638493
9055459265756715169
6277643311592114063
2846275519937479983
7277001683433472302
1124276217517552610
5880171261352538999
9100828165766420775
8530314930844417979
7074392484395186883
285877575298979132
1403306814787432529
6538948359208960651
5515570075330161065
2561503332407457908
6502886761841157192
225557713844461182
3504144154066761592
2325971023943513728
8238949200792754846
3191409424136829695
5699851626804768200
988336697448767021
3325780069215515462
8170242456245939272
2517534830889828753
5211726817456292404
976950471717748114
1837802175629048890
6566559728517790804
7104028772473318813
8680928870729971712
378634462154308465
834819240130663397
52510833824175113
5791243487842552321
2773215799772837742
3118952216000061766
748490415085393896
7692019880643579290
663646803496884084
5119377615662174106
7154253886002155494
6821627636580278033
8701937104485942769
5352876194828124868
889060487332649886
3955003162223457616
185948388400842107
8694688066481100170
7721269851439171391
6951274872169434593
4020142478539267902
2158858377882716606
4645299336310746819
7963770047643063818
2363155982184039704
6688661250036938105
357419489972593827
7584259835186323005
5602548097138113184
1545164972668235602
2650484474000236635
3598762168358583934
3062445400208518838
1483780727157332557
6322243221763829928
226358777153387462
4709227161486217867
5902671879363307718
8669137624762047277
1760351146949478503
7746427665760574184
7176987430689233930
5855506544099902995
2402480599390073221
2612828699837531462
7010611735672073176
3977966186701485274
3147229027296052325
6739246247559162970
775207674288454781
1535911359848011704
4572839562754328142
2628855590256837241
4463774898824049465
8527029345034458306
1132661382156101559
3886408229294417222
1170229416787712181
4568136424612927307
2098772643208950111
1485843848562215580
3885801488018563577
3441707003264233737
97487621280710986
1597915458605163776
8823019510104990832
7597662484915568357
6131394938644953797
4881594146607621680
1246399636732515582
9154059861770841762
1852133701565763720
3060043647736229770
8624558049010908755
7957277691184133945
5270909010413428543
2603723817676022219
1743355313468438938
1840259005580576539
1638553541352826946
2345125491200244835
3339741256787902269
2964820970969749290
9056591041997561280
581334295088582083
5739907254912111268
3573665950219009917
6212019860910386000
8970484106290276631
5419339342894617612
1805225821917778358
6082097866613964659
971111000612921937
7828170648823430684
8324328649295375941
5473410472598928170
165646644966004729
3771442652292129469
5433517246491371825
3657768838039520839
8115303295101950978
3970746009060420457
2132606492364568335
1150608282384876422
2034908559129134166
7280093863965911280
751822930146911013
3818407709586426276
6023167239026380049
6363079237857931912
5166327176871731676
7399826270763693126
3413843322729872059
2374115206789575882
7755856307576170109
5016081509582976335
4387249685412278934
3265221606229168682
1369488343702601278
4127481207947383997
1583002123274056881
7629905976692353416
8425741658246572986
1006968157945843509
1561704029493051432
3081838564736246110
1173553723661156747
5981729633718491688
917809536094706730
1081356754430676748
851617003186830591
2106976363796618672
3617097168973221340
4261229065127311569
6048633583239252122
5715792952402552860
1118230803445579887
5524401318784463073
9002262977694640790
4914495554631493197
4189981911691474806
3626815994825182493
2283978559608633840
186470558979190296
2737908120509851182
7372882444193786889
1205480760000412673
5300571520287197863
3030991332094785292
5816818613425416088
7176155087240313867
4647409341547753962
2450886238294070509
7922598541998504759
7330702463794376588
6450989626355317939
6952535932507275251
7131371564994274577
7794063674878074229
3995078852020908948
8864328898207393575
3858764029737572076
6796847912920222906
8435769671876522606
3783664959518922255
4201033435064898447
6280595605887320881
8690858597389633048
2702196693142468707
9179628134198919236
49171950918252714
397645132149578325
1890248166175380216
1525876072515674677
8761682449082010367
1629658264354360366
7181257413840354609
3677810564725288550
3250433212812598170
7197659232437528617
6599388606706868163
3277305204850270817
2185835528745513816
5181731421856588244
7567672469518775638
1700087595995590054
1625029512954594454
5564163796328410597
1310881362982435115
8232363753301198084
4405701961594820517
3897799165022141989
2722462943552220289
6935948899403552498
978379904336585836
2526126255600742061
2018258545824830885
2248943812357666308
2397183238108148359
6144765938358078602
1838478183442329519
5618478963436471556
6219391258857277999
8065594982957324834
4045071526873237664
5597203901102007569
5416240930730801413
8495093994274739486
8665543517145923998
8928607905702537250
6675204751864553369
741879695796201597
3809660600646296709
4251444632851392020
1357514772687888674
3718673072976259387
5779890224316380270
2739707713669256567
6790707769969945137
4596996650687768864
3253933656191242886
515954896162043200
8849674979409412519
4899008971038094555
6442317381920136150
8090584912205022166
6949017918134730040
6174673351599812159
4428697174294978231
3438002112700326828
1456604855054027101
4989620256632137609
8244849695518047479
4874593899071391127
5625761952552986128
4304266217705772468
8369528556882164129
2497289074318666307
8695528193979439204
9122914145900009661
3613089428202601249
4548811026464129536
2937665383389710371
5097493207231844157
1764220156838607688
688257826424477216
3067911985608605414
7145290314552675724
2353308151041544866
4176026221375902847
6197045984390164878
8762520353055622769
5405795939282675556
5787672276955496226
1154813660545540821
4118533410902190013
1528186128009828567
6936983577072248436
24505345748019786
2932914508808904349
4346308694105109141
9219692560459385967
6304424503845376019
2580016096657905324
1034273774007781086
1193109576249846122
4165562798534835947
5936015536296861943
6964389405187862208
2466818782698828528
5090309111254518869
1671884446151825682
563426943128475619
8948974113621249872
7514282958084879374
8974469914993972887
230193480702867628
9190986450360111657
4092396586013363734
8630191174704252550
4768054906144656750
5385923397227768954
2542804770285097902
7727112415688629327
3085813968493538472
2743854297410398751
8673067014823412566
1474994293281688208
5048650113241056020
8749170153636325868
3264109904837695448
6262541083701651379
7294504326621926476
3174197037743094144
5236013390979687288
4461204149500071201
1931448623842797496
7641247598182454927
2714489342479675856
3242095481034244955
8994118822003840084
3842286718988900029
8705855910859905266
8929880723736300662
2241751056896106173
5936470188805205131
2876334411752801748
6748953709471538756
6287397368224539376
7156705989940314243
8581193140499015212
1432761498076434771
7402897749969000179
290213195450405747
2597312278495102344
8905120122825400291
1053440013868252981
3669848933202129359
3370520273030335532
7923256773232855544
4093369467359568183
2322894863471199921
4633055516754933859
9186215806697671960
1401575874826202119
1262629251419391916
355850793070441676
6078819808147479772
4555154947464615062
4188183699108040456
7473223588741716136
6801120547212603314
4893079080496082279
702538482500471521
431319584712275252
4076481599587527053
453903029777513110
6965887105460965890
8490580485956370079
2921812335941785176
6259776010425642030
7524555417355608090
