4677586767562071791
4007977224208061378
1502676730209920982
422365845913874618
5387757201580637192
9030145389340040341
2166638050816236439
6544395826188528950
8134514077315690688
4145362979993108021
7365072997718209952
2901687774414508276
2070812870096496672
3512029809019364113
7677186631340090677
7016004508405968726
6207311029239118732
7120474073254943693
1517879080756323233
7146755921466133449
9209054810852145239
2831081856222123942
5882777600782350413
1015005122061396673
6399184197729630153
2076826307072781584
5272961498302153628
7431197624294424591
5422041706348880373
2491853335333303670
486959701592651395
5792751556171938942
2098759891020447658
1410532252714793312
4354863690369034873
4395718723084516958
2804628007025129325
8151701159394007465
9116782365115158479
473296598213688924
1041038454029318342
1670838465876135944
8803996520308677719
4013493162227792495
908017522833005135
9032935574584052095
580938576100657749
3465234525943708343
3833176016052269078
8188364014000902538
4616796676669714018
3146296800909808118
37658792445447309
2166620071681269138
420737872710072545
5276067953154488266
2718694162945362630
6110877875252764495
5386438133056275183
549921435300259465
465234700781205969
6589199329991407863
3151819463526115190
8826308658657657519
4456269013830723844
5607830328431036039
7165826300554981626
2590092676699532763
1750477064319666813
1024966698867939888
8825768393729051156
5655446330427674399
3957972958668292273
98129567358807511
5904646114867191646
2215775609597054343
7949732521381032521
3971518683149374009
7475117706934265298
1289656099055849996
6532663981856923628
7288405721907878364
7021350752245475283
8319374616379020021
2020140361419594016
4997276530689835906
5992792320549141531
2067641446655854145
6453546706194610375
8692219831604228756
6763757954223354054
6773483970491130964
1635983076611700131
1754930651665439672
8845329185391151550
4793545907508701410
8930863172202074912
3938972954918560617
6534775156822611416
1396122988466210849
2597952936960306097
6716525811148747769
8501159987252725995
104943711450157401
9001487469044358780
7132909962646406441
4574138695237853417
1545993545292449675
8449169354154352915
5130166797376999663
707510255746767664
5160970806480910750
4686216909810099932
2267552470663571875
2508646692225932042
2632435621749275188
3316497308800009832
3583105560390946264
2630009143172738967
1860661939673024811
7504548052783384662
643265256566624964
3692286540592104389
1484554218497884348
3296385460639372737
5578479512963693824
3776506604439803685
5930037939878769312
2948455594652112960
2705953991177501002
7584542410287531694
4064854467337167150
2257612116143157077
5958927373218265880
2891064616248313643
6067454454081317311
2229404663305943662
6230939437042226060
2620271328597511929
4671007340770354669
6677125315574552795
303447389426494538
2751266788197116819
1717984098660510429
6321564202527368048
2811736870549386681
1221192279598396786
2889387406581806482
7567196339456809034
4988421220581845676
996576491582304030
7119348023607825628
5647489222417994884
2122632197397923782
1257050356377882487
7883744911373684557
3037295663367738213
8417889492968457865
3653976604192779745
8065313411639878542
8839789289864406918
6548591463551037787
4637996410907822756
797094983824237456
7784731963940410124
2831146431330642182
5120087153279395755
5151286866023505081
1972736334596125677
3996555272004517907
4397830918611091565
3587681092794409858
2682182563381518631
8668582025986545614
4457366682808908229
238061497446644252
2466934621883620527
1820653684159433503
6386168169692129662
7310279976636358977
5906616191919157946
4367134498342969615
3455131379445184747
2407480728037169537
7662423411295692832
2448223647077689416
4436173458282395149
4477891380540193746
8139821239287064462
6449666332476508400
2237705955968758095
2221757300275187745
4048074132900788823
3324054399410509136
20316710478329775
7681196127851525375
913786952866081539
7979139771787323677
1437891431451570096
5920285979338543103
4125926276511875930
2856871674221385874
1179438104129471584
1388960770753058784
4882933600804914069
3348088225676256035
6416898885700827995
3786509121867483460
5803611775788764469
2132060951146525631
1704478627870312763
1048820707762405767
542827651280612149
2015499392725054644
5438038940303603256
1479430791308649825
1604913222545294074
3322429871647896837
2890662852695239481
2202818849406095698
5072959104663034239
1316129460165242015
8000986699206015366
5217625156615748058
5639006780871921352
6327944423281624309
5770020868774014831
1743876528796868656
1990448874775577894
680099859642392308
4678644231240363409
8943725665989808755
2823893462059774447
9160974031379119179
5446649134721882606
1359411873508211228
5472746392298062623
1091878836816839279
2358168553461413413
1309628631430766183
5945345881539512283
8113716024200434817
5675954438401719695
5120351910550882240
4908102218807790259
3093761068230704211
6738376125358142428
145513642143836838
7439434140452244412
38243294211388488
8831257170154412839
2214926435287748837
6794240217329835296
3798219697008980116
4569595217387657139
7043666711205741224
7932353710262457404
8160353259895570432
1072648352056288185
7718655592167712374
27757968091800157
7480917380987219957
3527736817595991571
889087926315070811
8415626919852397532
2614624502932989300
8007602113189838057
4701213855354816712
1509053688759327953
6292122462397796770
1133806018238009690
4812467691324406665
2855979392558377383
247039978399538749
588705659116658526
2496139101521462058
4025568594897992603
20494954696039685
3911867588593715331
6731002864864199938
5979197058683922507
9168925234312269493
6622451148172886031
1560938810431434131
848709908806803020
8112802769560264649
1665618015732747323
2831668485418530901
6169324696770336833
7532633539200652849
8773811271850428383
4337880530892043457
8728419306866975937
5000651916353493012
7291198624254400849
4973368080677854664
6138686558892766194
688507048407162179
4607181887433284514
305230384263986673
985560344877452461
7917178759357770257
277507712441454671
7021824406552936634
4284918537391182636
7195725392349070256
198207373654501449
5406921347243231437
5829789405703425195
2915800541061862886
1759166085107324223
2336443181418892055
2261021757146873958
4781688220701026663
4839469205181773112
3518120743514346007
622420151751293591
1616424229260453680
2847811435564501718
5169904095869443380
5756167091396934894
3922362857718826471
7316998171926671828
3050789737378176839
4739007769489589702
3865695612064409978
4851933880514992084
7762925102234298883
3649601964056564469
8773464087257544895
3680562353834126418
284765094725109151
7163377380871285098
8605053703268021098
7178818821085386720
2134150640373839747
2139371733890698619
4586498626272069799
9014322057750599057
6186620097484951342
5485656347876022271
7364248556625453594
1665119104666496512
2905481537458975423
7495059865096689736
1570035888753186897
5339954889782251998
7329168262050564214
8623723132136729909
8616375084331244206
3583387948965445020
1943021667200491420
2355267974373932550
9138103640605837561
6696721062412615215
332327478331435666
7491498863229922711
288674879790499482
1803096874681509076
7292410066049492494
4298826722776671439
5202486852618560142
3155795923928660034
8757556643388127804
4719839471573607952
7762819115189179741
3818728162811732236
2637887034564832836
6921629122516754158
7788823508333224858
2031828552960394790
5793892266433109979
8713692120076857590
7385054834686955487
2006155401980864084
3700538602811126567
1101426474842388190
5552503635797364555
78871439642459391
3954037192587576801
2136123353516579247
622828986271028992
4500240578896778190
141942547066448903
1142408349983740653
8353695650008104895
5803312206053597761
1408288509654765778
4126049052556617561
7856033109926320951
863978493727556710
9084239134241038091
6171769246320419686
71466960970389393
3967122080422472658
6726402070245542828
5746304880512634656
5870295474996255733
7884684344146432701
2674731737378393142
1654940414054314186
7428495887296314300
1228490701401928571
5103183957182103971
4216746073300258822
6161738557007307223
76527524234721047
1655121236145960499
49090061488362424
5178173806794935525
1071315113405524351
968841651642982021
7794175340970005173
2666564577334058229
7237392762989370760
3937381598366320363
6723674503239220951
6087512982065497126
6719107904186068889
3854377585367272461
795376286998901189
1139683196446291147
3139275439267736876
1006276308253085464
2625120290054845295
7505568592484539458
2386939791314005870
3033322672747237742
1844006671905488525
7608955223447845998
752988796967559699
876272818363486516
252774324572992141
7509442389316995526
985291548372719418
8637615819940031376
43639109254635679
4023887389334209031
2332279103508296624
177934995986236251
8505584605905682007
4682838592815181262
5152832104871515551
8937085379441520823
1306009565739653818
3923336141114358527
5587568789243741393
6738857147364583140
1288079718847452593
744830064218256497
217738781230478437
4729415356655073977
6432594704622587116
1016929316165642817
2496917634051904051
4994869438722730074
2064208818709413769
785854326373662707
8959365645728750194
4164892871843301119
5465580589243389048
4530553674502225931
3743795965383315616
6597733847670890318
2507928963223735426
4516142970198888103
2132530163226099898
2270185400877709553
7342647785076929597
6250144014858057050
8826577035178417242
1728380736380512158
2983287444183579740
2239034461706351905
3821500823122033519
6275958941020931120
8657097786149952489
4821181932367254981
875557577603782307
8533250646117948441
4069806449247623181
4275465836687651746
338716253739380080
170560245647903960
4309992371066473459
2704758046537510471
6193154134353036755
7214107316267343073
2305975818859728278
6412665421428209945
3391619380760985450
4125934556933627697
8278216265788278330
5114906922706802215
6353796075629746194
4248904188424349853
6701294426490560586
6139487279425873178
5437906361557205953
655781443048106383
1710337467694652199
2807946209029825487
8571674828836061369
2502461477596531342
5663107948509818106
3395504555759047678
5220653164217546575
1304048619157811443
8797136771026357771
1383679358694315259
1246618945915707321
