4027015472094139824
8018914572447908335
7909784558654084905
6269809732033284559
8554009734457427951
7011054789059484095
3848088076820827608
8879540259852701185
5959355871613838074
2246798361208512928
4889650811835252779
437177474275638129
4830768355158090856
8356911088893570069
374946945554553080
3683950673164246261
6537019339666004790
5066792103280094048
5020496168159121785
637972600385705534
2638314910250615430
5855668077353569928
1880127584959345579
2152256885966904503
5487722755177290248
3323426620378915235
7438913016877310626
6823866632803322480
5295693361814541300
7641440459620601583
931189629369750329
1212199894622018771
1633950707070201831
5004096728728177626
3734286495339787575
7556534894646813734
6487041509241807675
8137855685278107685
1149120940456275793
880642871410133303
7898496649650933925
4169822546489708167
5910883293312804241
1433478047930791091
1325800098968671860
6605513432752532479
5920989645529108324
1456988785071524296
4853263245112345286
7475188216034727924
1706721042666853510
6351148594917103880
27698267266781874
517294621824064361
8115966905061955560
1656841093830884380
7484833148488383174
5385853922772657041
1496280068923180681
4335589210219623892
3309426058002247532
4609786178952219076
9082442521833680560
1034165674839341447
1743191552765610084
1151292631433439400
8186518453017010897
6681658482683719135
7016658607578406244
7099342479142737000
8547738581776758861
4656944126839289888
3078630669719722109
4908786163381700288
5506246158377439545
7451438313028669303
8562166472456355178
6518227424636026908
1630339045940266765
6189412171061458133
3321340506796559131
8897502705664301843
386859337245434610
6394277181319593901
8327694459173967082
7859462638103624826
5483030555672839691
178087471723321629
902836142413635322
5054968894773584713
7783020619914679079
4583109306006984736
2888634457592371058
8937768033695012937
8347280523593869156
2473532743143215363
2460123021253583601
5476831120426230102
315620035025842897
92356472825757869
4848743381133840682
685697344121635588
5049711152475678317
130947484679569122
4697058928794480938
7360268121643368963
1866397282201262326
8113870621504138740
4549162942656448910
3377462265353503343
8867016855723546141
3457201898035378131
121876005252985737
4680029879134204817
4998219119825222201
6232294211753660629
5140392620651659291
5007040496447065780
5211612599698856334
180812936418034161
732673087987593292
5422784366386665678
8735308251540745253
310214540567282500
4370295878217512591
5857943386474265897
6601214523377747522
3668466921627209982
8034821582322117354
5513222061561099331
7407596184061697510
3023227146209342198
6807934894410994178
936205851792786086
4813134663837208239
7277338902725241731
4585534370923544385
2862089247715334850
6705955399208049905
2328233803876802664
8318330591473165018
8525469807287959681
1988351012092861766
8486067261220294971
7779928712520777229
3682247836275869510
548810879847486166
9008541979019060602
3532666914119496479
5763169666604575445
2385596724060561785
1876797460745941831
5475948038261419557
3329557834250470901
6013131795289588181
5269801623219438228
8981873228859781096
1603016736745285999
7060896100184115765
2137157010953423118
5456425192787445736
2124765412032813764
8406074572822083873
3921638498028459677
8743787403465005010
7757770691561323620
7100300250839379016
1256312301670485292
8346253217674534736
7087972180651961434
1973402912337152710
7067290571786059210
6561215192110158111
710947250441653929
5956623181946836666
8163929129731306752
8433670538452248082
6330478885285623019
8480860809966517191
7494715043821006137
513132895554424028
4519405275405037480
4187482835817211208
642862334288900627
3424468505381100540
1331858868210911318
6989262690514987483
975201833198002109
8612191104088399316
7555105508365713894
7345729603063633099
1548636654039220553
708668039830176950
6609202452466010544
9178613556405411392
6137096897660271
7022808401024650950
8027379477859590726
8244033670940733755
3337837280214292310
8051544059566069286
2527060053579802964
4801466845396162624
2421209777891313808
5672353311040104024
4855460300471237608
3087373275221149077
1152779504118419584
7289283349207319039
3711563565355506667
5208922920170193644
3673907614595729013
586735547400581795
4912771570048033433
6145548415606915312
2484588232792148989
3130329064504971658
2628397584515206547
3348867145169897038
4095111873337160260
3357015086660184053
955143213090839532
224163689470215890
8134340181119355654
5132944486452139617
1462937838042554912
8210364188470723115
2406382602538602830
709307552766754332
7442421288061999907
5949207460122870924
8447165774502658362
472768407258358932
5127050378414789466
2353415391801008856
2226566418838712910
848515517331467407
2704944677892881224
8419169743950523145
5397590632995098296
8601568952819778416
8767739674149782621
2462067210550157356
991174035272998047
8714192864805733612
135595191832116360
4915574803121598386
3955021245351953742
6442863790709982681
201093177364176063
4879385231858839162
7811650649439632959
6503023762800830240
2578189517058919986
6154842254397546875
3506301371288253455
4067667200281846684
7017770401220807300
8409558697944424466
6773114257389972252
297440528907238799
5619126686812837089
7277971311666474988
5654528042280079331
6490723833412159661
6346678321483189367
6677374147955548946
5672002882843645971
66987309306018956
3278179519815509486
2456292140113215202
8205791231493433437
3736258836660153102
6499368145613540872
8439112400184025044
4918514391542574337
6690052508494728319
6480186639066890734
5433292142383316350
7078582569221427245
5603577038197245956
7090272163834092888
7985900263665991979
1149480782883871522
3325420185992919838
8943534012055705740
6315785837885018749
2934181249746679107
2767333497675438481
4583763816448606038
2511685769026930607
2896962798521742631
362039413638784237
3221493824894560803
5548064509007626353
4847736984884973511
3226717849960125895
2304083423000107938
4502905821006657034
5143071997440877850
7092482527547862521
6341317356916536669
1610281185938474115
1580365310844027164
8429130864234356251
5178703270152113018
3620157509534359487
6216334397383215552
4025219726134299299
6539649972842176268
6734674068994812833
2351429276389422934
6438452679242806013
8610433607554444073
6536278464466301477
4068982915223742210
5017694141408073576
1872394222235219904
8319749420603847651
3626696848892025539
8320339219750161489
503634036790356028
2409583884519247261
8546399462843430723
7363961303943734664
3283039976918911400
4571552978098534345
1616215005032364123
6909488404462713080
4475844381223635505
645519591834809673
8604571304878014106
7130531593385307605
7944611597028974524
4959613325071912150
4641536102435315487
1810711628130905926
4726634872153794776
3709259670733875194
8933409306312083903
2985327850109028497
5706070957376932216
8397425252008411786
2814223330099769393
6430108035059748469
333349469280340444
4986696322109037666
861090263183296423
1803627271841514245
6919635484894361705
4813063169734425837
5119764020833203914
7588900802380607813
6308660604914536190
8699266637998355932
6637256897852397108
3349602292180285900
4844422775881850490
1696276606817875136
3971902224790019494
5678480802158846504
6975867301979353876
4252040023888882851
4912142674035895989
7985600463357726341
7418769119607723111
7140639734086185564
3567940868917946875
1242506571182345748
4651998225806896541
5834198061619309261
2944405789852227567
3838391875972525145
2042255348323054214
7732273950100770668
5770129889984035745
1536759800426987152
6036075249775193119
7949740234600259240
6310322718039997863
8155262059525347611
4022094664822876963
512554293997689436
8074002465613452278
2239732520389752600
7849113582612783243
6579627570425574022
4954301213289320069
519023024563507322
62922847152025469
4720663982714594764
1198475724257287640
7590189727841728939
1934577953031585373
1883847142745607635
6044542781816266985
8059527171649753473
2899073786918554623
8840318945242870143
4589313514183099471
28967592864109560
6340847498792731557
4791363139837849303
7145496835226498116
7409297833116226171
699849687650723635
760449831305462389
1342761919288260223
4263522948859992294
1389791468844113251
6244053487348834030
7226356261012933712
7559259756131421016
123537087487869115
855848707804416205
6758110167606712850
3831595830267097947
1536564454638915428
8797772452431246212
4713283053552281103
7485279334144706920
8041594384494520498
4224577624275339673
212045700736573928
3059326986394284018
3265315044267214603
5368508273066829455
2886303308661311115
7091782603140076949
5989935869249493671
8683650615940540669
6725078627672494227
6927110077111802799
9073630394753466482
6162912810930163307
4993725692800298239
9096324078125273638
1423294670847181373
407418144813382098
911177042221183864
7081601103276770631
1088235510634593865
608426901151978085
4672513921504735042
701907487769968180
8150421663241232375
7893477779819377811
7178878043584908756
4222831784792344493
8908001755741428244
7140287848928657011
7559504698479027671
7265437692706647177
6268460433519236496
6415221148644979475
6044134681722188801
823188013200295224
471533525646769603
1039290406738540646
5362459976171972892
7581155572595728766
4826390642413160309
7016465144690072361
2542252265979773379
6981264727692989315
2374891926759225588
5322188640646110348
7886281819934949710
7218979433089004991
5758122032497059909
3300618925759084716
8741486214337702714
7337570555057806849
1150255398372275234
7950288085712129407
1988094811007162139
3223715046378570904
6684198328851085519
5471457618908599048
7428436568692153551
4769538046426019604
8789450978768218058
3586602352705713663
2703067153422542749
501572326900845958
1481303320220079838
2201174854891742673
2134236210748567916
2007016458125600380
1152153784996281620
7298386168074029168
1992858937713262269
8595893746173206249
1032932132446343801
8760574660693665227
3456789990969012319
7002807612677454896
2982063221901662442
8812990089699364365
6479689110634873792
5336562757276058779
214973470945569653
3016956012107493637
1042052293627490371
3541245321444348218
6919586674461941884
3329810043954731036
7333595390565464983
2232033873606836292
7837734930923937401
3204388632316867782
