8364403513052332830
11475445050635363590
6934079780163660777
8612340012361388742
10691432991193317090
12121758788375653393
12522350367666415530
10341642616839987751
1855435383685764214
17069591450088569482
8016955020207658920
7705329252773810666
15393968458988993291
5621000458208260722
1280209935604208724
3582287857119462655
10657876596449189558
8284601915153045264
13765025883175778006
10851592365235886219
13062527097804740739
8356933961372346912
12001088588285762495
7434208506057569599
3505444255408891567
6832564348592801217
10582746549004703468
9902832311340352429
5030868820753490567
4055347192087312923
15564425038848498552
16723327715329228437
3868381270125409784
4331332476854867057
12900335675988332057
14169084955539440045
5094449173831926929
6329202618528955544
13320780119113057382
11394722628489601173
5740707559967889082
8612893689112165740
6244263347072690376
8349696872915263145
3861278753910272771
5659019291049616277
10549798252069307608
5076796808197063371
13793706486332214752
5534360925423129724
10955941170521324774
4557087110626140971
11120871456474360528
11597068717405773336
12014064966418901958
7975397987540037163
15006927732310101805
6748594353501618100
7833519729105603656
10151338544714407797
14093946676879896613
10965377816265713796
7488028870633648794
4148386643691302210
8515295655500966479
3484982694559532086
9181264566786064640
13448696530166722831
14666760742817188441
2473018979355141989
5504938493259888412
10443554222479779722
5855692041270661413
11649525997414382106
17385752071050680011
10488271768285118614
1741844756741972993
12463678935825453622
12048915190211384749
7407970685117407056
8107901271321087590
10536073634820868428
11549884552553766002
7662014330009961773
11958843970291960267
9956016938947954716
2168997002360149549
8958684754268749964
7574634956228472444
8804149491577583841
13203427899042685515
9034083577557925816
5859092161607137923
11138384012312834801
7249078788783084226
10237888698979232263
12746880032726732009
8613129214377599163
5604670745172136031
9657905315692642388
13614578260012981648
12401083283433530322
13706905987899981929
10159340952578935887
5410282913669371440
13348569428900077900
7766128836110761003
1450883381513223894
2038540428429775137
11200009537070002492
8932681381440500981
10636810563364233261
7463274894816772312
11566223876299006991
10438395346955769900
11495891300174054291
7541317519033367859
12075459430197399587
3353639966784405877
8036848625246277604
8562869570634423864
6860981284613691337
11229358719960617378
14422732942086671794
6279861856441978358
13628719844457059699
11124726544391178971
18148662598349462380
9556558279499231510
12232014912672080373
3432790406363197433
9533013928960815230
3290124525456149261
13257456841334025989
11971359450605169276
9122990994910785250
9479811952688426055
6318977851359015581
12028868364758990619
10341964017265791722
4653902456822483437
8401904240148691295
9349854531716844093
6396653686168522092
17853206498662823964
7367544846195571012
9679859218107487914
7211425440323568600
2698566839457536136
8392906600406320025
9287567341918068495
11639984024206426180
10181972947384771464
7421306850188722571
10699902868480608565
8438011314294902018
9656284911705766655
9224854319504469560
13485980552079500907
7978857303297891223
10633913018511767029
7976914736972566327
13591609590370963368
8033823205764945645
7341464016824233417
16068946167492466290
5581082538626662158
10702345420965995239
7396314729718792917
3108123913063971596
5234167035247877583
11346543483277056673
8061884963894127580
7029130960412192146
7273510860956464931
6491040571021260829
10338592239657203272
13689656099332634543
7184936996707342493
6219192174799790161
13639864570929362809
1920729869308609643
10963490345027724008
15739046220398580362
14030328661855210885
1901869614179255899
11327308867882028445
7906443212602787362
8508864125862355089
15716006696078277111
10882133439243083780
6548080382710843532
10370087878486259262
5151388777332893447
9795864162484892873
9288543975950807565
9177971063388746620
9535107307436035294
8838303623954277317
8155979297069715800
4068436608811400933
8952112814492268248
13601549110065598642
15174209252127289665
7799296753346285095
8102549798977211592
8239379507574980376
9326034626245659739
9654462917844310435
1649600241276575435
6496468712835936153
11829302106360675457
7536980552241738032
11403114664444746931
8703885722827597902
7802056062616777733
11198824704643697495
8647235081449706763
2914161402987321512
12424931843506702061
3173253375334562296
5122452440125746049
4297427195792634373
9223743658221065636
8380886376780348474
12688992337185476360
8197381623328872802
14372946141891974021
13943291107161335330
9161977727417085371
8295305022625723763
2142722464054808878
11021980950759943808
12865314235256426042
14682108938896873986
8470244321950699589
8660994786334197750
13409900479556904306
8656604401084916346
4544721728529006204
9641878111777137612
11545510230885084307
9693481741779164868
7040450656131334312
6502278565811429047
9365686210276050122
15370516563969217791
5157537180773299138
3278093115165472859
14971526448506784888
1250678915688702586
14146005442530907117
4473074169698059988
6506674045833888111
8464370733558732098
8541265471508817348
5535334812117591681
9948467438622046078
6470529816468453342
12693687063186625426
8464537285872533754
3972787330620129944
3297535534004062498
15466075016947368415
11714154372690954728
12321680842339769219
8375513748744915694
6656792003741332053
11411224956135046657
8197737047895433050
8558125039589565175
10791444149404966498
4704058269177602497
10242773887939548768
6920500538282037951
12089600707231943956
10449978162448222618
4809871318298699922
9931142628428441106
3214921365435755817
12790176613622662475
9160025999768393131
9203574969952595724
10944891053169572761
6766717234231405571
11087572782234127556
8372320239600179137
1767040768144009169
6613165002038970744
16227412837732066775
12985022717276695088
2384792543510510052
4946327372977948313
9802405705563975184
17663672398980342732
7672991672191215034
6693370305205199449
5244347718584309458
7485996348018216395
9180905241445645883
7823538488843307991
11486175883471695344
16661369126835778061
5262302843725610607
10574136259476129939
9584454883133297120
10472198771501118311
16027559458884089958
11197334618529743577
8158432216959254733
9891428675214915776
12619105966738326409
4226741418429679896
7369865869478632780
8316669483955932974
9666455477026637420
12142230713313073805
16413351933538162290
8870361474540710045
8398303260049113639
9334707251967963931
976678935311076802
8176718063082116140
3283845385459688879
16536151257622166722
5905622603731304007
5144680454664178510
4351467152617757657
9043845292573867939
13552177116287015178
8612282786499013268
14642136963140792982
11294105043532478619
8157842906077039656
9201631327307242309
15911328083121607488
7969362998790342463
7102937371678067506
17006850910110765202
13379128813996527815
14127793568624173222
5972683518370471025
1343040583627810589
10838331279105612034
9034943798168350928
1659663582861313026
4741802069260641493
4215655258632258149
10350197904504836666
6045879084912935331
4344921019188875576
6021829682139160950
1397449237186923119
10243868378864809631
8253898257874541012
6286903349537435046
8525936005088382499
10367103617687070489
10244141706811254585
14953587612424503022
5511038344572219739
9061197848002489142
13951335067476694268
13755680601084033481
10841902519903661520
5722012953350574898
5367322097657903280
13319668483006670882
9644787824297150638
3212982564273216240
14052048424967073481
5213814028264538713
10742249695009978997
12693353676460263266
11628115847107679048
6180659670830834612
11744918205695521829
14932991300604698216
6259418932943660514
7591351278424275241
14730262608422699161
2949491306582366217
5516242791828056942
8634550281149047514
14488924035876777660
3788897083481956025
12203770567881027605
9244502125124309444
8317022535643605203
6097651802285225526
7632534524628895309
6270347853470196497
12452860079763465968
5404071293266827544
10928272045468736314
9756861212160151956
11074876452639140541
14903619538359148772
9975002170779637738
3112542468246112044
6752467495170902014
4749264611661970867
8662924475934084835
10727384980796802706
5694353822590828583
7254733012345856869
7312493845317774070
12654657781638087588
11867225281093674886
6195780908160493642
13152584098842420966
12576495433726100557
12649775743345723245
2806829652359462165
14631661576881947070
4361030148670061461
13961276450174206702
2252811174058612272
11454739533025279198
11649094561996201829
10348932992804915857
7765109298238391680
10013177653483817830
15431211748446674009
11687653292767015694
11117171704397557259
7823519424144724453
11995004480065031829
14825263755078055192
10358770636517953964
2662408376197313065
11685793920355588597
1624685535930334339
7761260810601383128
10665819874106644202
11346516984876936010
7535274435460555660
10958364027206771508
9600526387801554987
8765073543697821637
1542214598008598524
11366257934800144481
5660242342968092649
9241437205675299670
6274858493082506275
6845513217374289491
7280245151571557377
9575680911681106893
9169236347260513279
12980263401302810056
7863340873150150854
10083975693554916058
9779296406854018612
13194807872088708442
11579530661528373654
9495177059902210598
15073990125772022107
16093806583637374613
9305311878327111097
7025694340531065293
6608663107479496202
10577028790401316213
5037318199878409240
14858814184452152199
10888809373990324359
14069420964464181757
8112634853384274556
4371509800003781839
2970217868170557393
11529769172328290444
9041192909438564287
7279530953477641155
10939276084853986825
5011989201415061967
7125887941566560634
14675440135339008540
11277718709737140817
6480508859616097016
2590841377719004734
8306429584909900502
13031629236225188717
3243543320909004327
6831200283259372097
8085164883093572044
6895003501948588945
6521250380804675932
14938522955853419765
12295911363771850351
5020162355924618142
11751976202115676919
4581714152344770167
15909463085685835510
13890252080115377276
6586935293762404112
7408562144898325998
9778610201754254344
9803690572142243810
10224502988366626104
9524171548247230444
8066862968454098495
8869522416719463588
10099910289415289813
12472297138072052233
13479207120361568116
10612721653052846497
7385648616615453785
4311781853198145798
7162295583141951847
10344565600049542571
12779536055349455832
8437512423517087344
