9012109529650376282
8691127623984885654
9319989606351886524
9456808658807998833
16943357464691621868
10446960521546907832
5379439568426299627
14878613214625661326
12020129607107653300
2970660057853500072
5875540918890176668
9335937360763359091
9661464801556689935
13767822835873492733
9224386568310328762
7959147971866596569
8035445313627636002
6411937128552810094
12924878898912198506
8163224619907150622
9612630474888310985
10151617375956149101
3891803987688943532
6735964697386202833
13326215493489408837
10936030582314170483
16222539618610154725
8577670831643782394
8835784954546132719
10853208589345499190
4760719924408491027
5418362992354033137
4939238736924121006
9268880906054018183
5248196688068983057
14577056903775632082
9671980469419469963
9678149717392011451
5780928691999341580
9381678290543453063
8784469533418207354
5845431852231845476
11079280243905272110
6577821093885448985
5191729785789565789
11944911972213455080
7373867075312176880
4278352555392800359
8373278885885188053
12379964989388874633
5028735561914403800
11493219169162373945
7619323023845648484
1042846206172001646
16612828167839466499
4132698175094321145
9943558653070552215
12105442441034430711
4044972370840958020
6108473871286151016
8037363582936931849
7509715008814431426
12848901402491925872
7522956066556023043
1956260611336531213
8222281846779079079
9829053000414320500
11142488868744758761
8990661578388193826
9098858593118691832
10077750930386247613
11062391105558214902
5771626938421362598
6701070403600488989
10237328651221742566
15064613246668598871
13509041880516940888
11982833401023635095
5051656117443584557
11482808198137862253
7267634073691543180
11572483420606215639
8119309028709639189
11772100188755744978
12010161384309100966
10600666302368298626
7765745975806673901
2596732511649881376
8976127744311795810
7770815760249550878
15894369009808124671
9831657212424248798
3641123825658050416
10258569005268133174
11911823405666941616
9866576353518347122
7992648400618957911
8352036520022703655
9450830866217355648
4365060586926981800
6785515508018866723
3611781506821102560
8230811615798598475
6707419692407168956
7029558756191324652
10664258093592411464
2114632876426954722
10376503238619551396
7253467012559334502
7289235815348520666
9763087517352921481
7705041412274999650
2322768588406775848
10775404445712376709
12364390246340583104
14962236462530281091
12518782761915801161
5691315391776925632
11060246427643680417
5602747539321820791
3725895373594583279
9553386900670285345
14474632608903041218
2499654213174276670
8368679741570661605
6946491608539152002
14740146060947751774
9784945030526681619
8478714169361568562
10503116300298869750
8248729134286147008
12059308758405266232
11797683910553796555
3449380936244937016
11448900870668729832
13654557156823576357
10179270875768521964
8120400487300855323
7000991656285355307
3369676355982929825
12689506481767553100
11203271538820391303
5827438091382762590
17490630615058042291
15660250144146743469
12389871977853036775
1959361867793973772
9555223514214082448
6930119132510727945
8473359488205170500
2739574927877020737
6236619168139005249
6209240162823938926
9260137199103130858
8194899555082376196
7254826039700728308
15421255089385135178
5450603227037794702
13629509485760726766
8469430343621078381
13527713738704596642
7839028979257029976
17246570398322274924
4381029551091750758
12039083982877247522
7902335956883473032
15861405802190890835
3447988753332602474
10172204486250652204
7522828255294948144
6316904538878603076
12299839866325433552
12635897582457311310
9162166788105781108
9671630358993299204
12214976556119007391
16728816636141290226
11839819577545632982
15820124112863864396
13713830936176902992
1181432903816885479
4780429478366701064
8020587102013759469
3231070758842401587
10342571627065436596
6497047268886685700
13789203155932594235
7360992025187268423
13561058659583391584
8469333152854190811
8537658888714809844
8589461552046279098
9153469368830208869
7827516003547620687
15753120148333186893
7220679138112623741
15429798378753423431
9168572778789674862
17074752521594250290
11319491307781293060
9082988314882651008
4972577609508765240
6478342183478987546
4317891009035201320
12359972371385605261
5949664870633259369
4967648180728272507
9084585947373724876
7424667976897828813
9447429416004557524
5717869589871502109
5556918703095894420
1681860530393747342
12993884234898937230
11948581352443721471
5373787837435053658
11949026334805288982
6581618838805722977
4194671452165842817
4244181536757266869
11901809379187065798
5523361268759868752
4565703757204287201
13985951936873283715
9084196580266617296
2026453745040828725
12670861410676243808
9888759758873618909
1020755643542630679
11301841594923320795
11538955771474414147
16975538719857912420
2344722889464997255
14244484645844392835
4170396753392766649
5799126963355215572
2738495195910167834
9711262382724539001
9032403911103161537
5716332112851747909
16762568991676320318
9081908449877163202
4535876348293709526
6953040848341032782
10418511077273935262
7161376063492834026
13923010360161163060
7331747496166822624
12648345760088984908
2738428141116369789
6825197802455329103
16692374590120993775
12753274518026314500
9844466389321552849
8810324685069843739
6984652684372548971
6931265331181211161
14465792407073805374
12440374011003020092
11724381168831956249
8247021894856897228
10251455402223271883
8812008558789677715
13599005301886234579
15327520127326004760
6923728472446228020
8904612888712510905
13714245068684047263
7643621998930501215
5903627086694159597
9413926376884877838
14580504178926083632
12167837044422059239
13339756550545845890
15432339488607004331
9144028668847470191
10382900122301048289
13074452224923726494
11288117641071211622
15041228208421360687
6658747284736682078
8087171642083364897
16555583879859189652
6923503675755406075
6867958477500256877
11009146089570313997
15501214811266328237
4530618069406323813
3537528640997504645
13320354100289655249
9313630077723552487
5555817601866944565
2825197753322616012
8015025361737962665
13061365810383179909
9848604078095328586
4471524938042033184
7194416080042460958
5109698274365138876
10973807227148692491
13407129268678016330
14443061493113481072
8077683900116553563
2953290031557772739
9565201269869327970
10489018908897331250
11409694210431963994
9811604370031715408
9581425346774711251
9415844532837512488
10704204354297076926
2475350239697107393
10470835348798305831
17012385651014497866
11765172313573012265
12061123574730656706
11559762152247736265
4184492324216053604
13777229829896393847
11258856181758279262
12945558941002674880
2419824660289675934
10853807868958086416
15711515288082594853
15371752362264300167
5685536257550974744
9562815175829126325
7729482235554190462
10152014934183192214
10077881410271626784
2311071641461361660
13086364673857733801
14268044532248167323
12487196628516123559
12425106154141078078
7019478606261631835
10933346114837199440
10434405620513028483
12578470369240921059
13002575594436015139
3793946343773623903
13652939243058230407
8428682201987865320
9400275852081450423
12872011061355600371
1090337200935018432
8633758607703424275
7798165292195791127
5058777872121828444
12022439697559881115
10967225961413202480
9617534651828558310
10042509406334453995
9318831509027887370
8729105513101467249
15295862474889290029
4681753984217029615
10697337728268919168
3271671190016805086
10858568917412123510
14707854752499600390
8315585932669354633
12600371698748866790
9241960379575111165
16977706904939160093
11161565265648536597
7330215686737422412
6303418285949202086
6393929910857861502
12219010384795383004
10078769496572519300
10019170987498780300
6641560494121020627
8199645542826240137
11151610535143507814
7041245135443948809
7258486551307417115
8343069394435834322
11979195798081722582
6699251853891366209
16073054637694702170
5527597219971384031
8910677158644342744
12332240839666006213
7488175435487392379
12983694121958305385
13614953382248051932
9618680703578311643
4121260536045523522
6300461688396022483
6043684663649721733
6736849767678081306
16002872285926584141
6638781356796482830
5534135606927778621
12810607810008055080
11173072082452617812
5666341610725476179
10604593202966569109
13785983790183145653
4439064840081232791
10287865902983471709
12524072773276400063
10711447347770164519
8943371013124166190
7757048022084505071
4459530858715298563
9673421795186090601
7300195183356917706
8596045417398327717
13452895822740144732
16262313816640952754
9288115955857178479
7535745469737136156
3391757909739383298
14431302881397045243
4077386083398070145
8577865313685466336
15480106957918734418
8942275931439653014
16445555814035430045
14971804763315643252
8274185983202086406
1058870242704256483
10342219263061419010
6534707025330407151
9536444242977321091
4997498206733075343
14744306442682031902
8668368577032117340
11009759593961715905
12369627013858196132
11664556565458348153
13839124896706636943
9816008240923739644
8539789740069793977
12136996434206601084
6795187230707339558
6427431920296356630
4060433360763370882
7120364828354191910
2072557626733676770
2749666074157819546
5210338917060739080
4265459307073719648
9387987581895870962
8370947525459428958
11918025281542687109
5290026978639146774
14488406781756737385
14639723833931644087
13163913537438080457
13521567158962397772
7774422954043774937
15444406176549058939
13851917126589523171
6540966362043695766
2792476370070921767
2780045101772662018
11069025236068431687
10122583154464785405
7670617292826599386
9854467762900409737
6512018099130991307
13208671980193521928
10458363171710043001
7462467628597934827
13532505204090966684
13548475626996870796
13999603074572676391
7366708959860953665
16224524844971901058
14651075302214922858
7789825671967747214
9415178109479526714
10554535961823935272
9206730727664925661
10254577111760687953
14056945990746643576
16641250134739945864
12279736156465598423
12634345928618822879
5947204500612665671
5953294334578157803
8203186366815353758
2656950880921035749
3221397305845029299
5086910773918616006
10334979708738763198
6172145826888946654
7381856156230639296
6903590432073531695
10262547569560604518
6559649539357342596
14091199571093018473
3694860149281595606
8870001690687886283
6607778054661923960
17175026683714979981
12973557548067556677
9528606366654960624
7456605521986860423
3513627411357245785
1258654883966718663
10845511727814419479
12193773719026945321
3685062243998676024
12887304082791571324
3166232814111897457
14400025350759946177
6127055419736314617
