15967224556178353689
16668612040765796326
3898356810956996498
9411877699640495331
14331613256922796333
2403492936041517699
10516409421017339070
1406519862179509693
2636087894840776681
11761794882658799205
9197511925540285018
6047134125716636701
10855727460345624274
9715606308967667620
12444041959947265538
8424840289586559539
5685314326540130317
8893270158813223922
6424985472818013203
8686110020815037520
8333003548341841338
7744437503195461103
2335161552767181908
9931490976212665224
8341067396866137785
5238152165063133598
12406126764138920293
10905447359173796102
3867430113551841657
8081349636077521091
7683819812780077244
14578443182458350942
17219696993147030482
4692301286387823573
2191885978506500690
7508114865432856123
8793328372189082498
5843311695444229688
7226826533471172403
8410028368357372914
6083045792528155014
5472970520018063277
10637907772637456677
2313398555124860405
6895471617729928398
2910798869004914415
6771877915543783088
13908261037246420860
14469445553003826930
11049292874752651410
7089104530819824879
6956759620096237542
9470380618351551842
14386913990276786745
7854691266448631815
12942665683438545415
4816670146140489178
9963898443048359252
18131180792474037806
12670852464117082133
5928853559795708820
6803476352439346550
10682817397975465767
2786445353029786922
17564015604158392581
12533055956184729444
12414577075252544611
10920748930456727948
9795779252007043545
9370394333710900257
5757696179675278441
8140027606827068835
2990191609010482761
866229101691997063
15390077595774355997
10912517240938227738
6672616931700228651
6604166723478414810
2585903234425608522
1778827069939020071
5495533229713826321
921409443395769875
10636828261200593644
10706869182776282212
5183689068834785860
17439864922188500723
8132033618671207726
9083097274772169495
9869982897072359407
9050546322498063340
7067425861631463102
11816815572745570811
3329769832266381494
12926562098727933992
12181570824996279923
8446756669413651250
8196959251958391204
10054002618040114156
8105454543740561957
12482436937897001321
8720874646775273788
3312564597194232323
866123105151113383
15433439201911795949
2373021966499959012
3774767084502475453
14750930709590499887
8564635379676579952
13561020369184767694
9793727324150302454
10547969149540497443
13056655003220721327
11202694466305297079
10052274532877599110
9191440613973499040
10653042681253084914
9348944179383764104
5091193370563601373
10019323528135278893
15622165261146332461
9301790120941978446
8629112736037152084
6584451451137756078
8989181809499893087
7925304585912973245
10705349493783664265
8775243078974201061
3478878657625120342
13942395870489002112
9535743262189805848
5869203105638146163
17002678183594127569
9996789394699668506
7875159950610737141
6171381123410489231
16417385866744446078
6306506837926723141
9907405225148955804
18211419062702138918
10342368873425039840
3581716279921160475
12149809969141198486
2766571007729384009
14215013279583951055
12532669667359392724
12823541005999744551
12773740118174257242
8646621542010168615
6426927802835547964
10701398536513709201
6847489462731893736
5976626347503327509
11187073278078388064
8002883541357302422
8943721943309640096
9534256029676713189
12330573406896588311
9083976872807688300
7185619088311247962
5049363836169799208
8937203235177775569
11278895587964615876
11704216290522653269
6667240482546753583
1873882187994608835
6343450412153612996
10748643213448202330
13510501272686160690
11821220146374651048
3901306893960868703
7623899464874297779
4838574521175346269
6729191297651537439
5450954494536779975
11796045659744084978
7054961727344313395
11163910824595168640
5442801587695004678
9858474343134271120
9494010828805605889
9518886377753190932
12994046236976195831
5768918673172458835
9812608924334542627
12231382409866087827
1569969473571913513
12859672992436534460
13264308997665750754
10601174679195860546
6817243889818890702
11355886466760469263
11543657878319171579
14899563548072558459
8057307158797316294
14364059072184634113
9142022916666464646
13180333025782303002
9861676340691871806
9579002266013430857
4863285238252821989
9087052732446806522
3648678689101823609
6684722121304213610
10256576454035205487
6475812084521452653
8625830049896513243
14174076428610171937
9445585066564695204
8712644277302216239
8422070985380233365
7587789109223279090
9623186720881242625
2947711843952043996
7933846880681706836
14807262436418722401
5021411132720799516
6323115109942705503
14259522017972252608
1800318921815154526
9317405885915091682
6152563259188403507
8968344999586234741
12751107973094239082
13120677960893033870
9933006855672035299
7085748147183318609
4149401282164673165
8008550634942382688
3330795745535187394
10612271867602946593
10950150554757844605
8063388877038134742
8527950709244034003
5749980248283329026
9719943375357393577
12173450478661927393
9108053022763162948
11736483022092186036
9467594469188659860
15569195546046776572
10132734013173250991
7228267814299619804
9725780423484751872
8135286915597188352
7624488573135125250
7648733193648109597
5725695046737045829
7182852232642148344
6319935973675878902
5816054648682510702
6849327126133306883
6800524299869778399
16007710455030285756
1711069886971029231
8069076472149012943
4566800342217417062
10157308094141819630
11259324867318307632
10297176111415286546
8987622378500627268
11675336591895503289
9656265203672159990
15185842223228451086
12953694275851283808
6309027959558271093
2813071306085327344
11697046130813362560
10845004103156967691
8290633693143329336
16473200301082113201
6953204684453110205
5364232838585094564
5079268171046572079
7196382992431559296
16046688719683082221
4783187776570689443
6665725590917244552
14837255534613965418
7955958040349581184
13333946798957696991
10050713566201950119
7189375107391845038
6103642763711681954
11158261329809270043
8693273653150379896
6148020031269975790
9952364304892668371
7306324054720416019
5592461395331282458
5510977842290470507
12155605845296153729
15545979146150963842
2953024236805617839
6330267304586048030
12222894134360704888
3038498090223534081
6554023737187150307
4461173775601412394
2306266488381221305
1655587994036394463
9919051546750777699
9343210538831689917
8773868764797416885
11241753294769843468
10997888075482284724
4735741925095154203
12988229965787356774
11229657445943226393
8834724572010512484
9621607724439118170
9931278484113200847
9909248375308647021
821934331485501533
9827041853664913295
11226371670018659442
2999546018006503136
10415191982532909247
10581701045288979135
11920500221474291458
10000785087360819537
11437077786612040749
4103074681773368695
15618412249553571151
8102622784854358201
12289821485151538602
7053847503145539705
14629138896070647073
12300902762193356021
10693271482135240824
12450883734789707264
7828350866286153854
9808041241562792094
14334783904513938629
10286870265085627809
7789584203588833996
7902774408091598641
15192725164200444102
4284414953946401772
16023809689676685683
521706924762707925
8610382491602774977
10459244019757222031
2505634012228688872
10166183793347968663
6298214453986809840
8349551468849522248
7978506057557246103
5437446886487581523
9667556862992349959
10901803295866768401
12392891310250365798
7512858298952074068
14314629629031816138
12512051526058052951
8182500995289249722
4340157725078385384
7651991266252180726
4718729583046572978
15439431864313608746
9902627841656195547
10015821706447470056
5362392077851610463
16038642219238599207
8775916564359973012
4423927343661841217
6487200438560409096
8589378225439353228
10640379199019919390
8359674004766018924
3996664767477134940
9369526451401100883
11010994287031268026
15238876328827765008
8028366972690085237
10659164721594580055
9660097181876923181
9085990181685168752
15228394968159295753
11287352265663726362
10177401435116097499
966088305761776635
6857343026675478345
10003706708428549519
5644017766923656527
6446329398124263641
14684718781509683059
7591676838696150314
13318036306582582283
13444609580084357539
11667405441126125277
1621266253063205868
12854855349941873622
9876993583861147997
15372922276599347268
15929554585485982334
10360993334231597054
8453532686075276320
13052771874640131622
10261353812504965424
9978484594129789980
8715703794981641763
13454977779280381263
13948994718805031479
9540925424605224971
11732670982600115734
11125683985310014077
5337176979965566713
17123907853004532019
15551168578361118800
9233569578420473310
6808885231480397323
3592076465627975096
12403420271901071860
5367753162886403355
1430160467287078020
12014349731263648812
13951237088060520209
2382937473474535113
6628909167317502499
9981018568299435321
17363294184013148795
6607127260088792627
12169200757773091608
5646439265714611557
10780151554719408069
3052712352381625528
12871934640614917344
8237005496351129948
4975940541040821994
6876859217661554486
12154193762497842062
14393245129097965614
6215249328329693400
6864084992317409798
6126092789219652587
10243530322411844510
14821435045618867831
9964036294593710930
3202352692363871263
12911687966995883322
5247728699281271705
6325043831223807568
14861823697314951852
9734653623008882847
17323388219709702275
9391986378481549472
11950220137739207623
6452805940944352293
10631722027982486980
6816088690314396257
7513798143322518852
8401124601424097923
8726707208243574606
11966524573291800194
5603451277578401954
15055088083907366724
9834648906870820684
6639192668280936981
16077915067368569207
6541597670119666734
7257276257314161638
14779257379596743970
7779579042725630618
5633398475995807796
5110507837265028644
3274808090838908172
16244878241702147519
3340758248121463730
7911124445481077546
17604524984666070272
4516667293568825586
9770313053615875140
15852006614920099419
2348779702468945505
14774406201999786328
8172083807879127499
14651809228168109871
9042440005279568172
12537803344911766639
12577552308797149469
6970349965317702294
11991963370393973063
2804696959885324805
6480089669013324118
12855629494787845147
4624281003629221642
9289430989041570727
5687800356829577153
12588604834559794484
10315177620723472104
3627704194789231112
12922095858651599638
10283787467317945952
8726411181165929279
9678219787579526102
3715591461941052703
9728970150785400266
9754834983887574357
11028596172819230391
13726314124545310794
9536246932251994144
11106037864525214245
9679646950142846048
5198262767046625445
6230223584463149275
8270967018101056061
13157228763710481507
8687699575647763384
8786168382084419368
12027353795757608541
14740509560727468143
