1070353533
905237492
391054708
51320055
885489533
219534672
201332019
264265021
876625759
125030429
32632911
222416849
805696535
21808147
202176323
267502863
939331599
1008547015
288428337
1024395076
926416323
325050204
58049532
6160128
1062548229
813159892
67458141
1070947331
1008667903
271963203
402112515
326358465
120704001
269866492
264721495
829801501
828232519
1020489920
50680693
122667891
1070871493
930170691
56479197
209482065
892416780
811337084
74712415
888193332
340809200
319800335
324222768
206356848
56430557
386921488
282555660
822543297
491078708
1027469760
1026675471
13448496
332658172
521352001
25023987
209536961
1037832285
364993607
72691989
1030844428
923754356
826736861
64479093
365252432
292582592
532730641
487869696
54284045
1061361479
252124532
285244467
821249136
897331421
533994719
81606132
90113856
69005393
890355957
868317015
97845119
928322675
231690501
281146309
12598387
923748160
365382736
29824048
299201348
208736519
255787249
819017203
816607
288641997
343198980
1039627511
285540573
1069616241
292836660
350041420
355860300
860714961
202628183
342999856
828227852
70578631
901778752
1072895231
1061360071
222304093
1062145344
51125584
893632880
536049484
499978097
533151735
51385811
836205573
357856727
1011955189
492599244
340000243
810309468
1057485269
356794116
64996564
894195711
887062005
1036849623
218449153
1028609489
1019687155
29490515
341295360
1062584659
130288965
809242448
252923888
809571101
532766517
1056986373
1028640197
66279175
863057168
89988340
863309644
335827984
1070535504
256997200
525423425
33505623
872641589
334985047
876825604
490951424
471138581
320328500
87093584
368317399
32568643
268662045
893244532
868696309
835777853
53761840
31392515
827707248
255131933
391068789
24921904
234188855
343084371
364990413
100654588
1008015124
203234757
255132788
351350991
1012757725
811009845
357364947
873853428
265027959
823922751
133198835
67065855
1027666893
927187261
72598596
16872951
259333940
298262284
1072772565
1061974867
901844160
533549399
323273972
322007516
80813892
273670001
1024787443
70376756
356795853
52198705
1064551701
12914437
284243767
355545171
888200477
528473340
130925692
470668608
1072701201
892454175
1036089215
924005124
14631249
337105020
928073552
7848784
939382237
391069516
265311316
923845633
821517363
521999680
886013761
520163637
859817749
99882837
282344797
339800880
1031733488
231938013
386930455
897547732
74833101
892428277
1007640052
255133553
353325136
338707540
253083860
218971924
525157628
863850716
234189888
869364053
341777875
386915523
339162188
125173187
923078996
214204272
357399552
356775900
856540101
893453772
290735411
474085184
1019510229
536163447
1011992435
893404944
1901692
21810435
223559157
859113287
492141636
938810847
231176135
289879028
12679159
20313599
487847792
937293084
1118236
1070057335
1012096497
1022849297
272679685
119494599
282030864
1010913591
399311181
222041040
273763825
854004
50532359
79756407
810613777
391240963
876823344
482368704
1014005751
389103088
70342001
872631488
471626176
17790028
217060117
482832861
353169911
389481340
1014092080
1073549783
484307036
896867655
533745108
18334940
923735101
868512065
29365215
91585749
282051644
72555741
17887740
1008586039
349646897
7861617
926168269
520148801
1063044151
502362124
892589261
231995251
811594224
66130253
1014051901
488075264
938807751
17944061
1020612991
205980431
1036322573
5033732
1037091060
927936707
252645588
222302277
938935040
533741941
487835461
88043536
225538867
394204623
130075952
256899059
50410707
300941404
67055620
256733635
254860481
821317719
334765504
92102004
204719479
477348163
133971317
521654327
485952775
122959616
813449296
902247436
1070888052
487404596
860034325
924807373
269551040
253752375
535911792
299113933
527457789
24904476
208885104
8145943
810503540
521354307
1023393820
1012882652
83216133
100430295
202588948
57933084
256703959
289889484
219100957
336392268
1065350915
1070021751
257897983
331350464
290476229
340985164
1064320255
265641025
16203591
84346069
319779155
231592287
1020785885
810384644
72826967
825345821
1037324401
523242611
75257712
1031599927
22233463
936718643
24146288
255788353
264337183
1022678995
1000917
331873285
492248319
207606084
68160893
215773495
873460541
256930295
299841347
51446591
286314689
806354956
202757363
256979989
24973813
886127863
393593681
352539717
877950279
476038109
1023210709
288703555
1014353679
204699121
131096533
928827228
70632512
878015504
208883743
286509021
282186836
87160007
391060815
835982423
287294211
21250899
869470476
84352375
214040397
491484
13635796
869603269
91309527
393678865
91494192
471090039
492163140
69195132
319078751
523251715
289693133
821515287
536098164
399499076
75444721
821285079
91495924
1019236567
528220620
281855761
356798301
1028921103
469841173
218953684
322699728
871462397
528274644
503068613
927793392
878133489
56620224
7632223
3391955
1058488327
32593088
91293132
285494367
215088975
24909616
281310039
71791095
282543324
353459999
318967552
386207600
257376029
222303601
125268989
473428349
268649523
87372879
823198725
281023575
342982143
122633716
319287747
1025247180
348242128
206959965
885355516
905909363
67989840
366269712
331865280
935840775
13877597
1038044621
336384325
1020118387
206687573
870059791
54461397
810767619
97632381
18679025
823148639
206884913
1010945111
259330173
84761629
486863700
1031764993
521340749
892616021
271780981
475820509
826137671
269749555
208670591
264459380
332140743
471154711
63982928
298078512
356283469
201527059
276258099
209129812
343916656
8130551
98372977
352276956
215037765
536287036
533927747
331727872
251708732
341636365
890204181
17773052
500252959
53836816
1057047827
389366896
5189919
343274444
536032020
341688799
265372753
206798287
341784385
857589105
896921980
123552981
885093463
835653943
393229379
7688448
389825841
905166900
281891085
282317269
861368817
82965255
894488796
535919940
1057309053
860622787
326943967
71627135
301941852
1073022221
268271440
473973581
125653264
938941949
1012085788
886375671
923792581
87233728
259326279
349133845
474756111
130486388
527660087
54842333
838079687
1069613855
1037856769
482638903
298632020
208696645
1012074300
67158484
1036108668
283106509
50542037
889224668
269684993
122682704
131124284
91540480
121652029
894651441
1039418589
868425213
22005052
827416343
120975600
1027045215
252004336
68178256
358445119
1019575605
257719772
286224444
863190033
806359505
400541517
889570637
58471229
67306956
877491972
282379039
482407168
939377439
390028289
368381747
856950640
331732432
810009804
1073504255
473758927
525425740
903299317
64242887
885787999
122765621
275995653
399461492
218485235
390190275
206435103
223354141
470941043
872544245
85728268
365821943
1031655428
868287572
477185859
939266835
1058916181
5468167
68124637
1027562973
477590325
1167156
272633799
225563965
829701503
391444436
534573383
810489165
5590879
281218261
131274691
286314500
365892045
14473031
889018199
7536991
860995964
3395635
826349004
930300231
359943172
1027621236
67492928
902689245
217150660
131986940
221503312
385946996
56446301
4316480
1058914623
97990476
319577937
268795676
230718477
813463039
225934577
1072698679
23033684
483904529
1063007312
520565085
331365500
869555463
487528433
282449680
357652341
265362764
486561788
483520980
366789503
74767629
872445379
96564221
936325889
337082117
88044357
525194445
29573137
120795607
870140995
68639936
1011306335
527549904
323761601
891113476
20217201
807203024
12809228
217435381
818232591
83095564
886521037
268293119
1024209364
1026776851
290768147
875675924
125694207
252131143
287276304
857551923
8175937
341589885
469889085
521419797
871880451
326177087
1058107732
71638367
483651612
259358476
524112115
21762292
922996807
892588528
121910580
1061369076
870141121
204559605
100652996
859915472
806116804
298893680
51643733
876420417
402419793
12702845
822888311
1027947853
201602527
1027721156
1556947
520363079
217120828
902156147
880112657
123534551
359783680
87833671
928333901
130373463
523296016
1058214853
1020522944
356863859
301453652
524076147
1406975
72143857
255857756
891231504
1008532991
368899347
50665460
66073861
491650356
340210736
811356541
1014329617
478138865
4022101
209540435
57990396
68170076
805770252
475397247
215225628
860192595
870260701
255182031
202588244
1037111375
84991861
343084285
332266577
473813313
1060461652
320632085
1062067253
523498335
359927665
290844688
905960653
255164413
122762739
927778125
320134483
471813187
224201815
476041213
533185333
872793155
357386004
1060394436
492650557
349003597
499151300
286054215
335295949
836046645
826217472
1011627253
71254300
63114565
84200503
119362868
273730755
491738368
125161237
3366676
893663169
88298243
930430295
89472455
924186436
471299396
66326867
323815223
483487967
359862641
25123911
356995092
879779164
353121591
889015539
80740180
857487107
276288991
218435389
256889180
487536637
923847708
336409556
474861651
534541820
3228688
922754871
257717297
904950784
324064020
524222468
390924119
811405168
828198687
356382528
499172821
484394324
390349079
926684467
863223925
336975859
63919169
1008201923
523259933
470889552
68943965
930955223
234126460
215429909
31761
218565651
68640583
32572404
120812880
837833716
499473907
351650579
869358813
894776157
888156208
1039989812
340775413
290701372
281411021
282056644
1073700223
202491761
871387907
502625285
837874675
533542781
121926876
493942099
255081716
1028715571
320668429
130814167
922797313
895301425
391189619
1070018781
528221308
1061412703
1020212060
92210236
1028945359
91559293
863782237
84082992
931090625
340839765
483905799
877621716
14467123
828167199
1027458108
523271184
1036262672
13451524
856937777
357514572
936320076
902906877
1012690959
491983924
1027412980
134043484
224331773
4553939
1012232477
22339023
30660547
4529948
890703733
876938335
251991347
357904641
74536316
401994780
389530396
320623740
352651020
892618111
282066689
83345488
873546544
491641937
806867264
341302285
336577281
336349168
333438772
880002317
352638321
20738109
286291219
1020351684
337114609
1061158769
534115537
902828349
1059051457
1011102519
483333329
337457233
343897348
485742583
131584080
133680897
5508291
21443520
1026913631
275777500
859042163
826031427
273101903
360021812
492133749
55598128
337083505
24923989
926020085
1028512892
808940596
810300180
523465159
257938503
1037032820
32568580
222646087
1061145684
922760193
400315477
4423645
806375281
275832789
486593852
272388549
901870896
860708109
204587468
365691908
525534303
886310391
888608068
265147447
85247228
21970940
297885680
859898355
3366353
1022707473
1062671413
475480380
873939025
125795413
829736019
357580556
1007121372
489976901
218566140
299745556
365975493
209127168
267437532
1023171859
818376948
319147340
935382476
223468596
123024724
477950735
856491079
353685968
524811281
286265396
502383101
889392471
486657917
324219252
872207360
273512387
133218565
390860545
474968515
1031035997
878497984
79951133
935719365
1020228929
352673788
339156317
72351100
214824433
215317773
282400207
825477087
471126324
51627895
523263757
289870017
880544797
856104433
252448781
298595604
856112597
91443221
324809783
889271055
400351175
320128000
1028656628
477889567
355743088
901778908
231475025
490790673
281822023
477182983
267465044
492138501
222130551
351556369
355946688
231808273
923012348
368889603
123015501
477383903
880072560
7364567
264581135
1009859663
1058223351
273880053
319869969
489884927
860998727
805619005
829699575
876593344
87126391
226303828
939344083
333386515
63787220
339555379
290815487
902266677
273990911
936902429
215011085
268190071
521991172
257770269
872512721
202835712
494204685
880594943
1020016581
51770176
490721264
490999293
894715651
322244545
57789644
335484165
365974748
118502160
202495308
88083679
281346548
1012674805
926937299
268382268
289210579
922762524
215438613
477958215
218613196
219108341
366171991
503315799
89447616
13567793
487930928
930316145
97353565
830437151
1019493457
855687184
207573843
124869644
823980919
272833807
893746301
903183680
22484032
1031127117
323966780
332402556
217072847
1010638019
520307568
13925407
5582928
928510236
859118668
355538176
222774524
54837617
1014189263
207058189
92078848
291336433
68104979
359678924
494099927
70307613
809488468
12796173
401823196
892861469
887050620
71053683
400298868
201413700
269284367
1057801541
215481404
823330615
274526260
64309107
834978611
215314909
71128147
1040123005
891100997
835718337
521403473
487789777
33410293
534762503
6062032
232723581
1010054195
74793279
232011596
805361420
873954355
500456917
53825407
318886916
267703059
893206484
385905649
888225732
124898525
524088791
83915781
125116372
18743285
355472339
358571008
55366609
1020088592
868485063
399840509
474010381
274664897
349387829
893321565
206784268
218959309
252925184
819201011
398750145
387774417
348410325
532680773
1028782047
301414209
1039471421
482594048
825247037
1023242547
394215473
232768775
341302524
117652604
894914887
89331185
1062519037
30606704
13751095
1020327877
1028410565
1028653263
492662989
473380637
55363383
819286143
825739063
360142047
268176764
896538397
834941749
284413425
806582101
265385181
231802199
393314124
30683996
322957559
805588209
88096591
386350327
533159763
386686416
24380887
5522813
806182687
1011156017
66074103
1019593665
319762547
827708689
474993607
485620855
923087956
331627535
876630087
810759948
835522580
360174367
24408135
298262391
64451696
29447153
890516445
828144721
352522323
289616851
82923587
222526716
501206364
222524404
326234580
864592
473751389
293355836
835715089
253216572
859823455
391070716
132077533
301037505
340778288
332494175
3998480
399766288
470275324
902067653
267853168
1014170399
20238396
334714643
222545744
289206289
205635895
875878157
527769393
343740764
927023168
818105549
256691708
502269779
368317748
297799923
355931392
276099164
130899412
856633715
64281717
927026645
857685237
17043709
827609364
67060727
1036803152
23066567
812863797
398586829
209523996
285466399
335610109
500650835
400495679
500420037
937236428
365760451
289686396
924177279
22269937
818153267
290211093
326911441
482620703
89146677
336654339
486788301
90140735
520174684
337462577
5042263
822902108
51578355
826364893
208688067
88409296
1059016449
886243340
341659612
836534087
321983501
348329055
66257213
834941748
819320135
872774661
876349388
119391556
838289180
525545591
1020490076
1070690311
1010914051
336577740
925971908
223731676
1024226637
877952240
893203780
348454927
386384721
118701567
927253809
81558800
1069761349
500126524
324138240
68472844
267481596
500986197
938816333
301741141
835514700
924180253
81026929
365236575
486279167
256053340
281268501
524026333
100462711
863465797
81777408
474285380
272367921
343375823
253218821
889214965
487785541
356841233
7852863
31322884
66550876
343720821
334516081
282137396
1011306865
332668247
121720819
1020219763
835831775
205459248
812647455
927293204
251991349
390061429
3228533
478138333
876414431
341790589
333240285
877883652
255800388
525124661
268251613
930332692
97801520
859665233
224217076
339074097
903827471
391382221
876353473
859882499
880090228
79901892
826020112
939324628
52395215
1037562684
1019312092
487409429
1061281217
525390867
335629685
231682129
926749517
231159644
806358031
923880725
860304211
386915831
891099121
470748432
257750095
398487868
897433845
97850573
97514359
927160065
876876595
84723487
55332300
15823951
324357123
51646256
1061617859
255677552
259278195
886124784
394206525
17286341
69010417
892338628
887030851
366834644
1062335740
63034877
823457088
1058096979
876921119
290780247
224149327
88589597
826655940
477905232
122949909
856899061
341070612
118239505
68470211
22304572
807239447
1007113439
366742769
264356656
534564095
834761791
90004749
63429980
806616516
300953868
301257732
886557900
365370380
387044099
63436629
821547029
1025268805
131187015
935789393
349181168
492830476
876050292
217121613
493885427
536113477
1020281712
823121727
868685111
1006894929
276296981
67952076
24122573
894508341
477562652
96476429
475991053
1036800211
334765172
342955313
271828788
3399645
276291335
499130304
133397875
18613119
29581123
1061491663
30618704
84201564
1024675012
888165853
525807732
319045696
72421392
84177905
357027088
1061502428
1011711280
84891587
836515667
85196631
536697972
81740823
339562320
812847933
871570484
928854332
270323148
877662451
366277469
1011119900
492653909
55931255
288488725
322245936
368062549
323181585
927322064
808471751
532993229
391381107
55915280
222526580
205377281
483411056
387958004
471680881
203361543
324222925
232071105
55336212
473748943
319823637
474076183
268451955
876662068
339742005
51433221
902954244
926119219
202585405
32513476
524670832
808808671
939472703
68187983
1025295408
520434037
1022837068
897532980
876399884
386759680
923749700
87250253
827716687
5600001
520097844
122646591
1028928861
4194613
488623952
1029133685
1027677647
482729853
66065247
893603776
251905331
335412417
130930132
84086532
484183861
218942783
252693620
1071070429
806699479
827331583
324088948
400356597
386339613
809622848
53731093
877400145
1037159796
54878207
319604605
353306396
281358669
1057313043
896599508
221534036
1060632023
836039679
478115697
233914389
88207857
477452285
931100111
1031079423
1057840433
83309823
214908948
275873661
21790465
807157004
936135937
219366735
214267743
265354444
391319316
860144756
291459395
324517983
3476941
332600607
885338579
482865971
340540529
202575311
293012295
494880637
861762384
256332821
474972103
827145309
18730828
873749839
84275653
861205463
219137236
886307957
888161303
1065291996
269776129
499998532
488063091
54754397
288408013
870063152
349970205
357843935
85448692
99664159
888422349
928062533
822599477
527562736
15809844
812698652
1070431436
1061425139
885487389
1022693828
880096083
387053565
503282957
130314560
202378352
1070718149
368063452
81642271
353685809
471027011
320128961
51580220
21317087
1007443153
869518609
821511411
298927197
491213905
32840772
54989249
474158204
525679933
821828627
922826513
268747537
903200835
805683983
888491348
875855060
873845111
1056966085
97850743
20925567
927070000
360050908
856896260
225756124
393232496
256122308
387923780
870270023
869537596
231560188
67420931
1061359639
131944401
890522629
1019245436
857719156
349257813
860648195
273774357
203211263
83873584
880542723
301265731
284651789
922992657
484210549
894467539
1009849357
924585991
1062587477
1028082959
1010685760
52249599
67982396
97644999
859928433
208748853
286064435
125764977
22025469
890106817
324064093
298124528
364977501
252129589
487030087
66286599
1012891123
483868112
293422353
285045853
335885377
859774733
856018963
402066480
85201877
256101697
888405492
860688193
834732913
475213884
320730176
290413587
491209047
208983060
924058111
885330765
878540228
1028398172
923257923
273141071
356578309
365230039
401685809
1070939415
889451551
483448668
524567639
234714565
1071437072
1020523347
233848049
836582851
252694849
860631895
386384095
320622839
339677459
1007688973
494683511
270499795
19989260
234049523
90132436
290845937
893770783
826245056
875775303
1851329
879975429
892861744
889652416
63911900
291306560
927734992
859272983
1057805588
527502641
259117917
223549255
856637917
387957535
67572557
486789191
71163735
474993684
391184724
1014071056
484266096
79715679
332666237
366958556
524615551
1008031100
259325908
474038284
825360195
21957885
99667724
813679696
360045815
500650836
1010300176
91311604
255086845
50680772
818116560
524044052
352605441
817918259
85423873
55932692
267456883
875824209
352321916
1014052175
357368156
487834644
319828229
203414796
476037971
389504081
521232131
91540541
893386548
873582719
123552977
16597329
301056017
118292311
63820864
289240903
218494172
1071119857
819032444
821163127
1061444703
1073044672
483357712
299881843
125030869
85788535
477379891
20240140
819214275
230748245
56039189
520162304
334822860
818353473
873485780
52233457
267416895
53726428
1065092307
63969052
255815735
118246673
838694197
1027076188
927039284
857495551
348193616
1014449409
893583360
923010111
902106332
275829823
1062565828
57736444
253228157
1060369233
876824063
830231361
527564052
1036897375
939512835
209654559
494090063
819025271
399966460
1057283925
926179095
393555985
526238476
366006229
96947276
939343956
