856686663
13464372
356282737
131940116
269603920
1027032268
1060986820
894433104
282146653
1036244273
936902405
809702367
360152900
817893313
1024393297
386366493
806344159
257279183
486362435
292749775
1071436817
1059028348
894449119
20918391
21311564
1010943988
52229087
1062993981
340739061
1029698512
471090012
1058338564
938554115
130364176
1028395213
1070855361
812926785
807219472
822034500
298974400
71532407
355945756
534060805
269964496
828128757
71499888
889402629
206952319
282459505
270284273
1040123713
826281411
474795853
869756976
97342221
7606080
340088149
214417756
1011900285
206853124
1031599428
896995525
13897175
324025429
807263504
500646204
269278452
323274188
343134005
469879932
1006850524
485842268
860143633
348980423
500237123
935801861
938941717
535822659
905969493
251999479
122146879
527894327
826561792
64451903
394253573
876623071
924601552
484180021
1008162068
66307191
868351839
880227791
131323149
1069833712
868302159
808525636
894901535
320287997
336351181
206901717
332529613
386990901
485814615
923876435
88137677
204936961
903831037
223610173
223696711
474992388
1030751447
385998196
827539267
492096787
276038527
810614644
285724887
53736660
88561527
1014877212
253500437
351763797
809817283
1023423860
1010881917
1069878467
856030324
352843764
269421791
1064636703
353845599
926170204
935722353
807165713
256639299
231850332
24184285
208934685
58152177
859653936
253063984
1060429779
1888599
475861829
808812400
810562007
501173493
487540165
822955036
902054663
272592919
130369020
202142172
930157055
486539460
360694101
903214403
218100861
4324477
872505153
341171264
500561779
339017940
71124052
872695613
118538692
255024397
856101695
502273341
80072897
222575639
58662147
806745072
89603140
938476656
123559228
54582607
3403869
490175728
293041972
1037516852
285700865
84374477
806681649
51380545
214135092
1036010704
89473039
340723527
1061149943
256071509
91479116
22020599
123720957
927464516
475386675
863849980
484379997
338952019
492105989
66277827
266131452
1037164497
125066435
29687095
16976901
368051972
368401783
355815260
809551093
202380615
523436879
298905680
201645391
335836531
7468048
286086359
254874433
118314100
812961265
336811011
120615955
68947165
482374983
805688188
342974256
209188849
400553744
525320560
16792780
935818515
927039261
474336308
398581201
14487381
334831052
826482687
927976711
265110751
338769356
525797205
121655551
270367869
29433284
352277873
205731276
353401937
334499852
1037848381
81035061
890458481
122799559
82858193
527652221
491246592
97549587
56448772
131943728
50811391
133693437
301061132
389378244
492262613
928903475
360669040
334886239
85807175
225642444
272420336
490491388
528281684
922956239
903827536
88412423
21826628
50676485
70304816
253548405
217543964
926205239
320303447
99909069
861673303
897369139
336794455
221270800
486281245
391401949
356644209
873532477
275792703
500224245
83950896
335335489
860882165
251875347
332665151
355976400
1023227860
819846492
936722928
492033139
353128275
827399989
880082372
266170621
12942341
892728439
500437043
332483799
863785996
813167728
868546044
489967863
525129164
938504253
902657503
327023860
806423884
332780993
822202751
399525060
922945009
332674039
1011875091
265601107
500437331
474218579
253546353
121965767
1855233
1398047
324259060
834678999
3363095
292886485
523321439
63787261
217332851
5053813
486790083
21093885
1060577237
880264195
810489036
872498999
335613823
350209095
234291525
13448051
14538077
132104256
276577621
16088189
1060979575
368177421
323966173
485515088
285461711
869270464
285045185
1011812100
322205564
859817921
1037354061
5243965
888196892
214118463
87381011
894500179
208929267
927324145
133226260
894235123
231952340
1025372608
366806277
488455540
822200304
892814192
63165632
868562263
333251548
24953073
84014591
528421647
13438991
341689301
471855375
1024458753
326169549
217174020
1028939228
130307101
818355285
809976060
273929715
1057168752
524632849
71777663
1039611184
873780272
829701137
66417695
276003853
297858547
66127095
290280259
274484432
927759679
30408013
324132855
96731120
359748548
819950805
88293501
863199175
68433088
869138295
871632135
301801296
1039941633
339606608
489905501
269866495
830262387
836748628
1057870193
133493971
484377588
253054965
1069882429
1040177101
905190860
21041649
470020887
1061499185
823596227
202846452
490598461
810303356
205456860
259245916
96751569
13651965
885321925
885800209
825689460
1071385792
25023575
259259715
68443587
207078172
97572100
268662548
520353604
271613892
902676748
272094676
21976316
1062228929
87506125
331707701
119398175
58184764
386913757
939316733
535901692
487339460
349139283
402080780
889519181
902954015
29738032
1028472925
885216448
73256223
32706627
885342989
871583761
836598837
876683068
214029264
863033335
859819268
265507324
868515148
499383313
331693311
475796511
871493701
827801425
269840848
387790675
131138611
1023430916
259069405
281330740
1070011508
82935025
8324467
214963025
225833751
868515596
55890117
21781727
471683088
67420541
322784333
400378963
523567184
214256711
32984540
80155647
872283261
349535568
121714035
100123924
217120625
268924237
808505088
221476213
51605708
483786609
1007767927
873468225
1024400629
66130429
937379280
895303999
255182087
357595125
55433171
57888527
286117648
1063075916
231757583
268813597
351328213
536638423
470906199
1014242687
489757905
827381524
82932084
536834557
222762301
812922119
1026907199
877715293
125240068
322040784
214238460
533004637
1022709952
477306655
5295555
357908479
285528957
88886640
1062327324
53989443
71503359
323338621
223157564
819139523
269484829
268555533
270486788
487572481
206888720
125686768
215990525
24578035
1057047309
1028862785
319909917
290979655
219158471
1010064833
273102083
1036792860
487326737
219614980
50540992
215226325
282542871
1007735891
268388144
873684289
886078559
5454973
829804867
521010293
366283857
810365788
823080959
1073567564
215992084
528301559
1058271428
861091828
97764476
273020400
13496640
819257285
1061945613
275829527
475267315
896878449
85163999
936187072
81018103
1027874759
935710079
490149236
487966684
875806796
892539075
118494423
885874436
284651605
873255939
16568524
821052211
1012883212
486345796
500026640
217930836
873939447
813562951
356732415
825245503
283104369
525127135
286480327
288556351
96945159
837897681
1073546743
222584191
826085405
267656273
1031009789
905311424
880788819
324997585
938542431
806602556
355537683
351539548
348257535
473239356
501157712
356349203
1010056688
4277700
292751159
869730111
1006980604
1069880135
64427201
133173747
894899221
819818996
873496573
1010844672
922956851
206950485
473156631
391631923
324023628
284955844
390099249
1073207103
96546877
523467841
521227505
476042564
201638935
485805059
923731397
492257395
1028996949
809522179
390549616
868486449
880627668
259095888
89141583
492581955
924634485
471600135
520359697
292683260
356778271
1036833873
489714961
120867932
473175889
343228471
807190871
489813055
218436413
877681677
886948636
222496576
939294013
493950147
357908563
871837959
1027682581
233852943
22347840
827079949
85735391
534626324
880670541
222118707
257020935
536826972
1008468935
338817991
826098805
494263315
257688324
223694092
880071664
885983216
1012127511
878574687
1039930640
364966263
871452627
863490391
134153025
810538317
1030959941
20181955
206832657
1024771396
80485844
85317492
1057870899
885257495
485584948
502383669
1026870748
486001936
871841104
287248721
886035959
206909701
89075989
808770771
321930268
270333951
67992592
835984591
272091124
299159605
1027923292
473109827
1020280068
15926259
1064501708
215154741
494686527
269341719
205746995
860998931
331838579
130892741
98431820
209516493
71614785
534107420
524312000
810288947
322191437
813506421
818696439
207434044
1024790540
879810047
1071464444
818695477
335528308
485819476
366296180
341135308
471020639
53556495
903824653
285724468
876949748
17830867
928334836
491196789
863765520
902135667
50841396
130929111
336867837
349129795
822592775
255294704
319017985
896881613
274678237
16064468
1070871
1007672775
334853389
938767159
1012137293
68158272
924124023
269272528
66900020
1071117511
859124033
17642708
29445895
68246896
17583312
18173955
25100484
1058922355
398922691
256185415
526350287
234741508
356857655
226285312
1058328389
471156087
324401095
534565199
356572439
813006093
4185917
499217395
1010595788
885060405
92013855
823390460
488592637
64180172
66068277
271810559
355796432
205848605
1006683156
206788412
1025299277
1036896255
253691199
483229644
533974911
133487617
856915157
365952455
499482432
222527296
331866048
202621299
63259441
807194436
522014033
230806003
80572421
131943795
353390607
14548028
360467655
359745484
338972627
818370316
386204031
83063665
902115357
53723157
288574804
1058342771
1069601919
868291863
208752081
298056764
935548020
80954229
930897715
534189836
810645316
100468487
259378513
838813125
880592849
50331732
818004431
1058866500
927023607
500003313
874319181
29421845
338752513
265624829
390971767
1058361280
282129365
8189261
805373775
533549123
805683969
268521551
902120223
501084400
5455619
332789041
335529844
1022655553
520413012
326204884
926993664
324275313
830410691
15746064
16600573
340082005
1062008599
401856256
264295889
1060140487
265280853
901856332
323471153
875823877
67965749
16207679
924598615
83981121
490030275
301451085
359944004
215155504
80048332
1070887116
922800511
63986997
885521863
230998876
1011663188
936326173
892542835
64769328
822414384
324918604
391985140
925955955
1058004752
348331987
285724620
217085904
274482125
875852876
8182832
286274901
1006685207
259126335
1023431989
905207037
69033247
402460101
276809559
876598607
99620659
332463324
366793167
223282007
285033503
272056140
286082500
259798469
474283277
17879135
215440881
473125187
391959365
14139889
1024446705
299648204
122147325
223097845
331628316
1026948420
923816245
928071165
293409732
265318685
21811667
890031437
284292375
1006751695
352652380
390127421
332649468
525665532
222156284
1070027103
4027664
356863759
470621251
51168711
217073532
470671297
357594383
71615952
1023606845
333312967
822168693
1060329267
526373119
477913053
487833685
89063747
219231425
885461005
822213713
838800467
903143389
356516063
1029134148
368119629
1007799665
1011178708
91561284
856737591
337383235
251707453
257225476
264320308
272694468
886886739
284384471
256982032
96747632
812846103
827376496
930288599
1007771647
202572148
29480220
930944373
290734913
319560716
533017813
368123159
358371157
293014593
266171151
255659477
808809923
343687999
124869699
4262991
1019237831
335402447
221515773
1031796055
255804433
1065209951
827447092
335863629
477968209
886852813
259854081
829709316
1031796724
1012732157
877993152
1061016797
486929213
269500428
494683228
118244467
3374916
490484701
80481395
471070047
336418165
340641021
359685197
24626451
532745265
285005693
290469876
352257079
219087629
357827831
473223376
83889989
386154557
1070055767
118718404
343197521
835735548
1008140531
387183825
488501300
286620757
821282048
935709748
524601309
81581069
223461428
893861941
826268864
893850963
84932417
823596807
521633039
523616512
938865409
21460087
876893376
207475827
319026452
269974551
838845937
808733909
935657471
390025997
89423315
1031654661
332479825
855695221
290405455
214236444
87159860
80547009
264525644
271587140
1367057
928972865
1062523332
923759437
353752385
289723381
902132944
343881556
402649175
339168327
323244092
1024969743
873264979
81588540
326431056
3431628
1022440515
255808308
890034032
18702081
885851601
252123101
483726448
525463636
528342028
90129744
885846208
870272828
1061494772
74662343
24953679
927995201
298601717
483455247
1072723228
393508672
131390517
201546773
896823744
861011248
863231317
1027411441
6041873
4419796
72352849
391378175
810669127
268449140
1011683636
1061542973
936462156
1061215293
535919696
483784063
75288005
386986308
274685300
1024579332
348486679
1021118224
1072713493
1014431815
291313532
324892097
873794653
217061172
288358608
5453779
488592627
276249692
836760925
13046548
857035903
204522451
351663153
473894916
834994963
286325971
20958677
1031098463
231149639
83948533
527552519
84095247
268190684
386210897
320174071
890360924
326235197
1024717763
818237696
872485853
856116431
402488517
926276959
826798551
871658355
354173232
470111709
272899440
288437747
98316669
523588853
902811072
360664147
131011889
273904607
536281588
859577795
85447744
502592963
298668124
819033045
1036476279
1069551695
16004949
1061515599
475480063
834949895
88461107
207368703
399754247
822435836
4224048
232574928
335398901
808579445
340538141
5030397
890371965
288608051
55333660
215155527
924008565
894944252
276618355
131925331
267596864
81024053
1026912333
282451921
57963543
525074880
81530653
817893644
893337348
350078773
810488132
890207476
21235524
485973455
482377156
18288451
930954252
1023496983
1029461840
494748885
252760908
79945207
822934596
886361149
807256180
486636801
936578300
1073546099
291369285
812716049
368840449
873946383
290411377
838127636
520568180
97779953
928857584
85852124
823997917
869260357
351749488
335927040
470883664
1070646272
806376765
225771724
62992445
1020556273
30167041
533004304
387446031
1024588879
473789456
1024773500
326161488
893400913
339079231
322110788
54840663
902918516
66078544
1012363604
1007670209
87248959
1011817745
475099477
285503952
122487620
213911360
1037254460
256361461
209531676
1061623645
215244639
290455623
905921552
923096113
31248592
471814172
205326109
282031199
67454076
87514176
821951823
51167437
872771667
1901516
334808515
257700657
252823372
16110876
477318431
930092381
355946739
938822748
297914864
1023882547
332625204
893378003
201555279
57724989
806687856
89151
215824211
292633843
7467100
870057219
860180416
486636551
812961756
1314560
319828029
323965709
535852853
357431068
202361856
805571904
202625085
270323137
903676753
806582133
402605132
494867540
1020576516
19972599
536089660
341049213
97481935
301451231
878457215
29607196
939463807
928790333
1070976452
206822400
886529853
819290069
822169413
923077875
926998492
398783425
491637812
30414333
402083917
54990204
4011325
1028666141
827096839
855856243
120938263
52385621
876737799
1027343479
354180412
334721473
835781085
1070973121
87907395
260031793
50666951
255131084
50460145
17896471
524383444
806646528
1073681727
873481203
876639068
349992911
1020772471
253052161
935796481
486605877
520555583
292878084
826627447
835731520
478086609
268713012
394206557
24205148
830259551
1011711281
56426525
218354493
17857588
838063044
203234615
536106481
902247747
222298373
1019333701
221467133
880750876
33348932
1019547956
352262111
1029035008
51705809
301782033
863440084
18642372
3260885
343400305
477953293
394009968
931131725
825245452
902264660
862979079
1073173444
341070288
14644676
215479345
221249985
1020747120
861754207
893853123
67325812
336852831
351276819
91348349
875777485
872904563
357352732
399512689
1061474545
85794061
1023430613
1024417757
131019901
55574655
323961907
878517727
939285519
834892740
877974481
1027363324
282917953
69022801
401610560
338915344
232247325
20959559
17629377
88065239
4256223
324998516
523575261
92098385
131931988
938990621
876736705
284627069
897402193
130535220
131125533
256726301
55952851
1006880589
75357468
829495133
390124597
133447989
835973363
1024675136
2048829
822991955
835924471
835999040
473701876
1010835287
71073233
893197527
292556063
824129347
252039183
475075780
885086044
823490380
368112848
1037513972
483908627
502365201
130499676
897011472
1019485232
474222620
1006638193
827192144
1020596036
348930288
863884573
857033927
1061147412
321970012
885080839
52367583
524309251
836001751
232017165
12973937
125631573
1064328208
923749405
523288657
475477884
20182855
812766199
890002496
493966612
892394967
474283895
923218140
81729473
53854492
84758343
130305805
12910419
71570693
500486596
7408880
225447940
888472949
1057047567
327152695
335625551
276239311
890459613
323948017
828191092
922972368
484201244
483643159
805591005
336597057
332485696
400379911
871723983
339005267
331354947
299184220
1039352945
256996097
97582543
342939461
221606927
482868231
55514192
91239927
359924503
118742339
492060929
122019664
269877020
290442611
290409525
483663196
66865148
121437488
494223583
819267013
400323580
202334036
335549267
358604016
353354076
885027285
276247309
1026629059
860682068
206029569
333247477
270472192
339792068
905793329
886558533
320681744
477970519
924676101
334512903
491738428
283062525
470863221
872931153
834867441
206361857
868695501
356580444
298960351
341102340
130499700
13967348
202375516
904945093
525135921
391496787
64247124
860960605
72287485
489961328
923065361
524033296
813023444
204534221
284494863
821919052
281494797
22283540
1061117045
1028587824
54581187
525458755
1073706487
64053191
903300867
822398273
1028458320
31457088
470873044
298678100
349041500
490555164
825357661
895235332
939283921
391466192
290837809
253055025
902910292
83821763
938491932
324998399
84802900
810865733
1024677367
18616789
322788676
858996999
835772240
885050397
209702209
533925940
489782740
1060618573
202438620
331599189
73339676
223172052
474284021
201344977
484183237
528481523
340005364
53530941
1014845271
823088961
1036383359
22895621
1009876160
267407735
286358908
289486669
936580412
334780369
1060441911
1061977088
394252337
391384065
125162997
809456719
352144407
892861948
905138207
477363981
391061296
366212148
120868807
872763185
352329584
319058948
264533267
873267415
890255164
83882435
232077079
342966351
1057036061
885871619
274533389
343176387
291245299
226244
855716223
1069618188
8208335
341253500
502616055
1058258992
64869747
1029117391
209179925
523253053
838096180
870080309
503083059
935330636
87904012
24954739
1022579663
810374012
274142212
503076817
204684624
471170077
252447948
534525901
1379359
63143229
208994071
24382773
928470367
821838069
402472147
283100445
810579904
809309964
285692369
274531391
268717123
117686769
359750751
206897935
50679895
520295487
527484733
502533169
66113999
7592973
222068080
343007216
54346764
217576404
326422860
1037336321
871483203
335361495
938554688
1073564759
223835004
22091543
338953713
232127749
1070846192
818398659
1380161
214118412
332337475
1062687699
1024786492
18681871
290463743
1039987024
221596753
234321235
219611584
1073741168
133199823
871685183
21223196
490765645
855987521
74733040
83826644
1060904957
823925779
892797969
534083533
1061422927
51369921
860893491
66129215
500505933
55374133
97344577
473775373
523616576
812762061
290967581
825562113
54328389
131007315
289502288
265090247
357036229
1019703495
525696335
1020326097
276676803
470815953
875902835
936313092
1007760405
886845533
354239568
526179571
234033527
359714884
860044663
1039400284
1069811700
886920503
349181823
301274133
30869277
1058493205
122428885
66404551
819794005
337475455
822985567
55964529
202707159
67925233
265420117
828175825
482865628
1007672644
74911564
79893365
130890959
53478415
524145469
886112380
1061639473
83887057
1037882675
527946580
356611933
349647117
273701968
1060454661
7700471
205649919
356839927
83740481
85749967
877970436
360039219
290803836
274527
301744453
528315249
273990109
805815376
828196720
67056757
121705804
288674900
32584668
525333781
83308913
901904341
391172215
877708304
1061101525
861757376
357303600
837939440
1064504389
1024316417
400314736
1070609875
1027612669
297817404
860883985
209473015
471102223
892406797
272909173
1057258557
394033143
827793395
284375024
490067287
484241788
339835916
1062011920
209540101
389219136
863441276
80937264
1037518031
97599564
254922716
533796156
99817428
1026757584
368295967
1063080284
1022590419
925896704
214126972
282877043
1008590839
84410227
1027824924
863046876
863055935
474865140
14119228
886834653
1012364532
859599088
282135901
322817856
221720903
353370483
877934533
335494999
821543895
118748627
482835907
57898052
301210645
54730501
252002372
927749404
256860125
893222748
486356220
1021301008
24592148
1029001491
1028509713
1012266996
218046420
275829187
856429439
267472327
354354172
223359317
889257037
276584400
858799607
319750963
1065095217
805575996
870124751
84162548
335611095
502730100
499454404
1007736580
284507376
1010061508
1010037829
271667700
876376333
1058996685
341167957
903618515
259871956
863194611
91569409
12600592
931131711
130077447
