805769207
55362845
1011668464
1036322685
1014241041
17059059
524603644
203247665
1072694020
268176753
13960205
299045939
888427473
877118709
810865777
1057243597
289624517
1024446527
1021170751
501006355
343756047
264623923
219283223
292816141
209514588
281817328
826017149
257752396
868736453
338785756
201328079
80821745
57754460
469876853
472920901
399589696
55428884
825345141
202130500
13660164
823182277
215774477
835997519
852759
1010581443
822874055
225919189
207421265
393271092
66392000
817959703
293585020
255020119
520384717
482368639
359682064
1019556304
340594127
470908224
1026874627
1023735601
483458396
471682396
203371741
269308788
822592287
217055551
834863436
473288159
16979068
487453749
475527109
343101205
217275653
876614081
806416755
474423092
868610823
889222227
366740556
334972371
293436916
320279839
1024515351
343082224
353382516
809768413
348963024
133395708
323474383
926728513
856027456
80703503
67443825
354385681
1057774877
120655693
222302480
100425669
1071498512
70383600
892597332
838014423
1036110915
1072743408
821417072
1036464372
55964948
64027888
134173708
215997811
64032012
24124532
818888753
325046477
89994320
298663805
483750748
272965461
351539060
878673137
818958141
489881923
222615421
826789187
873450869
13440065
1024803965
72632065
333186295
393432844
121701692
366758997
289524748
356795860
937248212
1070823413
527630607
872271868
267768015
353845361
894762239
938817485
288688076
1007541521
890183619
836698332
53747165
386716752
895340573
812719991
82890513
838146039
265228095
809241877
252448053
386225271
56483648
268513360
885341393
297890800
72679516
502552016
54546236
282281729
16634165
926926845
89607508
501022975
130882929
83084767
903100272
132084485
257242909
68165119
205552976
87314701
273143156
83120508
231732597
290927708
492097539
29643085
51205363
83105104
336975839
889572373
894763133
32212
829932031
89112688
501009733
868487157
85935552
354207169
206034743
818675925
1069862359
121853712
892663057
500385036
204799792
868611027
523269491
83719120
858787155
830287951
99972884
1951573
502465613
527519069
56377328
938857936
81121395
217533815
527954947
826363089
939513343
1954039
267874547
71300083
75494768
234865693
281239489
334888051
298829765
234030543
525157873
926352605
319616833
819053527
32525313
485584979
73338051
399491548
357822933
20791616
335892277
2051859
225493251
88098612
928264447
335611347
487936244
520934423
869072959
301731917
487619711
485573891
100089172
218614844
808505844
20955343
1037431123
368309300
487528253
894457164
226426960
332861685
1037384975
812970303
1036859380
274518999
234831156
287274353
231683020
355750707
72351695
892408001
1039408191
368565461
63226864
525366033
209571827
1057324368
1028407167
352588036
810301439
230737783
82915407
265093443
901791949
829554125
485821773
2088207
876039491
521622467
520099292
826569935
30392599
87249919
500447039
20042836
871825604
231790463
326900940
930300228
215044189
352063439
1070027719
859910607
12603596
222317885
1036109276
336420147
837827923
333271924
203363135
936460356
324369789
859293660
71582723
202573620
821108548
30899677
326386000
536089932
253037629
1071056205
119394244
299890544
835990869
937414860
23031869
225824029
838320901
53763149
32848945
87945311
62919895
1027882367
131330525
271928391
7730192
813106375
85147120
290550643
901778711
859901940
272744655
32506647
500957952
56614365
1057834111
893634549
56392912
30766097
806437971
1070694197
930315523
348243056
813679053
826078167
125095697
877854844
533731132
1006637253
1011633373
525144880
399720724
922813632
1014979601
20300545
284433868
285179216
121715805
340025152
400015621
400347251
331379027
827323639
331439604
533711885
274580292
521932564
130892125
70720828
98389212
209532787
895438640
1022576079
223572945
340647253
366812533
527816149
1039450487
209580288
66258004
810818687
938952561
486854480
122548547
927219521
528309571
232523761
889535797
928071492
50613584
4280396
861080909
885788659
97844999
205331663
936902097
475202807
896848644
872630208
97270980
66847549
1024251252
402399197
834932189
218068817
873946567
272880387
83746677
398938492
893440821
810555201
272920791
1010859333
98421879
289879167
525534659
491091025
97269061
16208980
477564177
343683932
66082752
923255620
936431936
1039615184
331608860
485706769
402420757
930550851
876806195
234223095
808718641
1022832852
332255693
284522305
861240583
483671519
823948303
886031175
350089477
133972304
837898260
122684927
1058804829
879826245
473391071
809833932
892846917
525612816
1061179260
389235799
12652544
269304848
87822199
1008063557
527636273
356610909
232638263
1069617925
892662092
54791669
353703109
1015119
298701889
461943
895309148
318795847
251986225
891051329
1027673296
267865287
527635265
1020276981
321913299
331615601
1037434817
202314063
339819807
55344975
830271709
281526556
936493069
488620279
338690869
494099669
51895324
471825788
285412684
334753807
7849232
863964212
349041661
1071412468
875642687
53482743
1026834301
860620276
1027676144
818148108
487902980
811554611
818804547
499921789
490947932
822889751
1020655068
29625681
810941823
53989620
494882821
535953236
877952883
231994452
360543500
1007965235
343932359
524275580
320622879
234221635
1024791615
870137821
838851804
326448151
386200885
1060623319
352703569
928203855
500684657
872698097
318976453
1020646452
24138513
863237380
353305669
937252695
1027620316
489899856
360575053
1026683989
251678981
827293468
469766917
118953428
477348673
859000085
20382992
321998623
838616525
206034003
812859669
15750399
1070006780
893197649
256856028
805593084
257374001
398751223
83643420
837895519
73257468
475100511
99671348
332397843
902053717
534006804
907120
324269073
55312721
276158455
118830132
477968340
473190595
875762883
399774684
298042163
873465043
132070653
859773972
872734545
99677379
356455708
87409651
202857751
24206396
51204940
281826756
272956765
827793232
823088579
1019492124
331367484
87872579
358352660
889394189
902639936
475910471
521356407
819059740
285265143
268456048
894767999
471071820
474954815
877090161
837828055
1007104241
273745684
863291379
926372340
536674588
823149588
92228929
80868151
869470477
67487549
1025274645
82891089
1012866397
281234741
805819329
1031560645
323837151
18169795
123000821
63194179
351747271
1070058756
1061172565
470237565
1007686992
926766589
1062673779
402650333
1025372947
340790387
207484724
73391296
903626817
119371761
96812244
289391377
122883120
885510997
14618895
903167747
1026683072
520160271
878167815
133977437
1063208287
1031652853
398848343
12917887
366461703
120839363
202667069
256113748
1061541232
858996092
54579203
298802196
99684223
206511345
1039484739
475385213
220020549
299203957
520443764
222093068
886361461
494196176
868448245
117733151
1020466164
96728321
5109012
521145725
1020380467
222813279
923851829
366428028
879964220
905441541
387142908
393279429
204955088
4030291
1023659203
52416964
826241284
293023747
834668021
319127309
888462359
838012237
402408695
265033492
265506675
349160405
877073857
522059527
343720316
824040543
88146964
473241043
66543375
924112659
82869711
494390512
808786948
131404108
886097405
301322033
71156996
54391108
359940112
1070068988
356897759
492095425
125263092
252708113
55655473
97637879
810665971
487011423
809569591
206897365
55787840
16239665
838599541
217264133
872274957
364957469
273108285
809813109
835149072
21447109
224392476
858983795
120929564
324353268
1069577671
124897217
91230332
489951569
524665844
335301825
1266887
471616627
281236700
826291575
483472371
117441809
482612189
1024744816
91440436
276681999
217861573
834744372
1027637020
205505649
123532503
532875039
1071644468
209458375
389219637
522144967
4440387
825300943
319885589
927453553
838194496
30916629
489969616
387793228
469767249
24596677
482817292
287063093
365786892
273994204
930569724
79761533
352076813
357875715
70258933
16831479
32771152
470285783
7359761
204751088
1020297076
386994463
483873040
524301116
17290621
297873532
894529601
121095152
67309780
812993857
834683773
219993395
826230768
482546480
118504448
1036312021
856113357
17850335
524042304
826395895
289489405
1036055495
1039208272
64214335
1062162247
477379601
88305985
80016581
876938099
928055164
215762256
483858195
1012912496
253696
876425492
269995891
895423511
1058534385
936116732
1028964721
265760785
339020913
334812224
353498577
399472405
1015009276
1010288404
809628935
817976412
118443229
87830981
264254933
58539463
221737053
494154689
3621839
352804848
70267376
890716116
117454284
474756883
401987569
818893901
365821271
257154385
97255893
84083487
1014043655
269471184
859575421
477950279
356479024
264357327
98008159
1057765201
875853296
902562639
130544704
811586812
349130961
477369151
1038057421
99742769
1039152141
85197887
255264067
902950943
930577740
214373332
470667075
202341873
822166295
1022394195
525368373
1061650239
1036861255
365954883
818102556
335831007
494159061
905207053
926176124
121468865
74957911
893507580
926282781
818205173
399588559
201327059
225707076
826278720
288380356
20977140
99668304
71385348
64241996
835128644
202716252
204934195
206394695
256176156
290242645
394121045
358417748
224138304
1019557840
392114631
387019056
225795900
503258453
284980480
500191556
72122323
219674399
894438851
1025297693
809580401
868341005
523583583
365230065
1020199987
391315967
390909011
231174208
259322637
21361725
398930948
1006760944
324223031
80957424
474435777
118846663
1026835412
16110612
8375559
83705631
368858317
57995580
805426384
255942608
836108103
813450055
297858035
937365973
125572381
291292948
818692119
486596435
264504780
360516823
18731252
5322180
214701313
355942645
81097484
252517663
225907459
300944711
500421701
1011158512
301039363
365033264
343392309
809977605
20017428
399987788
273681457
1011040340
1035997207
17887684
360469711
251922417
492115005
877475637
806166293
90118097
889541632
1028783191
20971341
124901185
474042436
835128384
483209676
2045907
90005255
1070887292
1065293021
825520128
221301779
225836033
322728181
53485567
527912279
1020737356
474956767
12681031
331431381
901890897
926964756
269567984
386777171
880100687
322985983
399330399
331826396
282084561
809816401
20139989
71269724
366297591
856814547
835778371
822411537
219971583
332711687
930443605
385905869
536338397
291270917
1009799007
15809859
297993239
131167540
97475703
271601487
208667457
880246736
234869569
257766607
299726095
872354639
100421376
368934869
22304065
1027604821
267598903
57722180
486350669
286258164
251719876
206851120
859243383
826618317
488572924
88130319
218955071
17583111
8256720
470056183
1028871285
1070009589
63704308
836038783
224136455
100421591
349164485
500417332
285295839
98506693
503116800
488628164
494394589
271925204
71138335
1031795764
1014759632
118608205
485883005
466803
368336092
889410941
1031091281
1008587971
1027551237
80498519
874499152
252120129
523571524
489895109
264600583
232251379
256332085
121915184
502658880
118953333
386990401
64305100
72185107
810635313
386073073
286377924
265031488
232611021
856440000
202194769
12583372
353762805
12832080
84362701
4391219
255325649
335343808
50528704
214746116
74794179
333305073
354243700
399978975
1010955285
202575133
72744207
84693237
232771840
493994967
1072943349
301732959
1070646101
896786255
855700557
487640560
903148565
810485215
327146961
322721029
474173559
871483187
386219228
813036764
536204535
99743183
927158272
125694293
3471197
231494851
1037110769
300990797
3462915
100464499
491212016
125263220
474824791
70384949
1073705284
289474516
938788080
1039155281
267466565
326976336
13094933
349255443
17686335
230903805
353616085
62981975
1020597597
349640189
1064583280
1062472772
340841473
875651036
121951699
889663839
393245823
855850324
340530197
1431372
97645436
500456497
63140663
264593236
32773436
856749520
532743420
398939184
807358531
1039974460
903868612
533945852
274584851
389492855
385973756
273142528
471692563
880232307
354416500
117917680
63043328
254807537
490800415
806166279
1026557297
486603837
877903941
1069613071
1020015901
399970383
1028902156
822046800
859141439
67460413
120665884
875875591
214910199
923088643
494755317
489946997
52245300
873846775
879841751
82842903
387911921
234818765
926796996
1011810307
120593868
809441047
219501651
12836175
885995484
389381455
471332305
92263252
273504215
870306880
492066807
365368432
223822595
253089651
341103604
809595331
389366076
525663428
402650492
96728381
123681876
527638285
70336500
219165760
1059045388
265029619
223179007
1060337424
218488117
15938608
121712988
1030802493
286748784
891093188
14647248
401929283
89611760
391590231
20807123
54526003
856445199
1027394621
55440181
284217684
99685335
877976693
926880196
14153152
131396049
348454196
926139331
223350064
16833845
281067799
202145597
292762615
928043860
880083955
1036190679
525466628
869269765
22542277
4704213
215801117
1060913244
1060979935
1012341776
938544240
810753029
206034176
336649284
485512563
341603548
469840732
17593615
339746132
870105875
232783637
352812101
118734851
861008140
939318615
267663169
834732495
830420053
925959669
131363637
387268609
337075276
257261364
270496961
931123268
470106996
1007931405
225723333
863843521
878656772
1006957903
217068895
488588365
886538099
120638791
810774611
874333041
393233523
326124356
67386561
500432733
69170653
234172764
830308317
836617664
390405363
133984332
83194867
349404663
215159773
321967125
70341663
890271603
810926960
837907213
888413376
471712192
262448
21264197
401684348
67452887
500290511
351388736
859948277
535835984
272908548
366964991
928318671
365722893
67355445
21361020
226358768
863860055
805356789
336646927
521997636
1070973783
255264064
270488371
5226993
857166300
1006701840
222256989
206685379
823918787
222500821
1061994996
486299615
1031664627
1019737136
13619441
51451079
352125247
528447356
1064620017
225671124
8373237
1062272991
890510579
351753280
902234453
930399027
1025324415
69143772
32799839
16531761
533811159
360462335
901787952
826629407
890061889
336383252
253042547
54342677
494673149
264261836
217923071
863850300
66371669
836224851
1027429719
1064325619
63918035
132075725
323425613
66129713
222065756
488469709
385955069
83154004
822557951
1037055061
17921907
1021279344
253170903
68681679
99958532
525594645
366337239
889467091
499991631
92239629
298959876
64091075
1020386567
201668401
130248784
491736269
1012356309
809260375
805783411
877862145
253494239
332862227
828241220
74911551
259011861
805570497
387240915
1057087245
64968471
1019272657
99998788
331559039
230767695
206834944
201527797
218350428
812930333
825477085
830426436
218090876
336846033
222564436
252920591
18215943
281067551
886525215
286487767
477431747
387202291
939377943
287265857
534056145
33379663
1061174736
272450931
300997745
83838193
533710644
284685684
928831308
471127501
877924631
895245521
348479424
84734076
121720128
1061360839
877708127
1019468885
255800695
901861199
471060496
523582719
890515664
341053893
117796895
80960816
806556916
500397121
96539460
81255501
398586999
225916413
1037054429
827670549
289787343
87380061
255315228
120655811
24366581
301269844
232199197
827835653
368104524
22895879
201378940
1072940865
226358076
66257405
32604149
272717297
524353308
75354109
825490752
888405072
903613504
523301889
99908880
863108447
500159552
475281207
323760335
928269261
286477372
1020613568
360043601
494884049
202325372
224228103
72470396
1027962327
473708531
319893873
218579159
201399509
64078036
358040012
1062408263
29671519
486999244
72404979
67968321
394071509
927854853
343166805
80022988
340554864
888426556
6049868
860124096
298587072
877518071
874253404
1014037712
269350741
352603444
1027079959
30274572
290935287
18169089
16192565
365286657
1057042628
89120592
896662749
808930420
927039252
268301060
72352117
894819793
224189509
323188484
5358684
30410204
332911485
473747712
131862515
492635093
90001223
272921679
100499248
288421061
324295695
365371185
217133567
1062018396
356467583
25107761
533681153
4134659
521083999
20764609
1026938119
7396629
812963023
359910751
1029689427
903049412
936857809
351744883
343684164
322975541
13579604
880751871
1007997188
1069905247
301223764
471647004
922803204
827605956
813528065
355753437
534528307
477230044
225924125
873450817
381300
285168469
1027919645
57688887
326381781
859061616
1037094733
335541261
999799
265352397
536825629
524115763
359726559
524678081
32822743
340610547
342979423
822166839
253031180
253019092
290787797
491521092
98366721
22138135
1007451597
1027605276
1060336949
838144967
1524980
72290684
269766739
301141269
81558980
823229516
892669908
532706068
221764913
341771548
31282380
119529436
897023485
357879109
71570256
491011860
84745493
835468789
532874047
819426116
893130012
270497085
323867967
70598972
68242625
524616016
875590103
50385351
469834812
500511827
331685711
878002291
525333587
492785684
872175424
1031078269
286115792
54349075
133550332
489767693
1026887735
527766580
206688316
877952820
272915484
838664191
878171637
1006962432
221713168
222103488
477120380
475811777
335337232
88896592
931082719
886518815
901898207
822116223
470225175
533142591
470867836
826524433
117649429
876858703
269481087
486362391
66261308
51594497
821249101
829507015
880269139
924087253
892670157
926892895
860951301
22032720
219155535
234868565
1064585043
206532733
835580111
1065145799
470745393
12637141
487931991
252137549
368837628
835009984
536162565
234181685
868564336
202380592
88920437
860036151
264625485
1028676940
58524885
492625276
3364145
202200439
836092893
16733455
219466877
269745223
91690871
118231125
223162433
19938509
521127168
393727815
272889807
123520784
471626039
521473041
67978293
1060111159
838082036
1031041792
827088709
856475596
291503559
1070398967
1028519745
74713024
1072772176
1039648124
70594820
24171461
1061667153
1023694652
1020204400
1010103281
285504513
896545791
894287991
92225520
1060439095
892604477
62967559
117562675
282875231
855969741
69190095
861147405
332649217
282067907
386094864
22856689
1024837108
251662417
935665600
858852687
299693937
838145359
821298189
825434097
286085073
267417407
902610996
473223133
319554305
16594431
869095251
1063240945
930088211
386864604
323338433
16794397
252919831
1058402625
1039997952
289914893
1062499391
63983583
353433405
251867207
387122117
259067891
478008387
222302704
283101151
17858519
319683647
198415
360136448
935539983
66437581
487026741
71783709
8193105
885339391
66563
877950259
821233415
1073071380
266285303
1037923199
532746700
809616724
520107079
341801991
270488391
284390215
386155779
492663804
827610199
825454927
13636381
121958420
1064530161
821826561
477388285
21069695
21787635
368168436
16528848
293408017
827266111
817901941
88096881
274552780
66343036
486610391
204824012
483859712
821366787
286119184
273665397
936362817
925963060
121982224
349638972
217067888
121378049
533710800
71633980
826556748
5440511
334961783
134039413
234738449
487939379
91255644
218120388
123540756
869348592
885054480
890576197
55637021
810503508
487790340
257890101
84963455
331350367
366432339
838661429
935447799
341669188
524239121
1070454084
22820700
215211261
895339644
903077367
134157325
808711255
489935709
873823696
402422832
893384477
353841477
225472828
494683121
366034803
1027867087
1062213
386150775
889996145
1920311
218952797
873754895
805368845
57966035
829504863
341641175
1063243777
365108529
12809725
1010053973
18042195
893613333
806209367
92018161
924012927
89637939
55857372
4309777
72565717
87326195
490598643
353179472
805385173
889275261
18679623
299880533
19992847
821088029
474209661
15856755
265670477
922861632
208942407
863993715
501160961
218356828
1060500604
389297373
474759439
73266513
326234588
32838768
97343283
521467341
349685108
68998399
297800052
350212545
259998992
58585357
387712465
269697101
282131916
806214725
352540469
119522127
269827267
818682933
487641203
807256084
282006787
323820828
253024007
889421572
81056575
339746131
855981248
226234628
365788231
1069928453
891109324
1020280143
809557060
252474199
124858821
276109308
72813940
856704271
4459613
822443268
286537043
271781653
1021082624
356988149
7811076
29676496
1061363484
536728639
471663647
21838901
366440519
494781939
861172533
861731893
490765520
1026650369
391136373
1024523389
398508303
96547927
58531271
535940116
