499391996
31310640
71766256
1019724224
67129280
502660213
807400439
234049740
393430077
827641207
299692529
936590800
856699983
284291920
877428052
53755349
98562052
870309235
896911169
16571895
217171935
323023217
490568981
487863391
298648053
502479884
18117747
55836879
8211469
233856067
926241596
930550735
892673807
13685872
1010827328
825247701
333397783
125121564
122487565
387956860
856776051
826296085
71111104
391105905
863781332
930596035
1070461757
1012889364
386256668
889458959
394131207
863491869
217858420
257691123
930567633
223730956
336064845
482608451
222295053
3936496
51736628
1011309596
1072895261
326943607
7811933
289785840
322391383
357695292
357784848
501154935
12973108
30504775
87044419
902778868
872280373
390122753
1065106679
892362007
819786829
63042940
393565009
355955725
1060460340
339201535
885011316
1061439263
336709619
863093836
1020491231
1070693404
85774580
825302332
1012340164
828165629
122642192
818771724
6045959
890443712
256922653
474204029
489952067
4160885
231675391
218428236
80164176
268177661
863312951
823202768
208670548
252120400
282981759
870075853
234214908
285032285
5592016
276580316
855949772
205374964
807360304
281269440
482810895
528277327
861139269
209016020
835044215
287112541
487420916
872485757
231538508
1340503
938950908
269239748
368133940
215204881
265638257
812698831
824119389
220157405
810667863
823000324
927424508
80037116
18679025
485825615
6112336
33506640
520296213
274465085
536042508
889540599
219988823
256065631
926937553
937242963
217854005
864014643
256210256
29711415
64831751
1006860277
353375503
326896
252516113
215155679
53674268
85791052
24313859
857552833
863097293
889246784
1057049812
206902551
50462515
225690373
322257988
892433692
535952716
54906365
492303581
100088959
324798261
359946204
214965573
30215447
826365903
339599199
320721205
79712125
474280769
290446352
927219649
51400531
869617973
206566849
1012784325
385925317
863846477
521605399
130370685
902563199
281039168
813494339
869232927
83694404
863065373
826142773
268815479
99959647
225669141
487003972
826749200
322945103
483450140
503076861
268514371
131289044
1070646720
389501425
31261556
860224980
255941680
886506307
218357077
473977628
822149212
276627219
319243292
365173980
68635861
829682773
16830273
482606871
386232565
521097279
935850188
923079996
67190773
319553908
218893516
257229109
5321684
401657628
1019694133
233833745
253611345
225652796
70742320
810680080
475796723
269841425
267476019
520146205
534732785
1009987841
835731677
1020347479
292584787
272583765
876680691
51385281
838284108
928055135
234680660
822556660
1061025265
251860447
390389200
520313969
16843852
72401395
251876099
290505011
96720205
1024425040
1062060245
3223644
823514055
826560455
348615967
521981300
284194132
122963252
131912711
872673599
322195907
202312915
487708492
118228741
359878912
808719828
51450708
125162447
1057435953
492623059
499440883
223376467
888489073
3374279
822172692
470757712
863293748
1007762892
500489297
298598644
501072663
293028693
131412224
471104565
224260348
73352960
536101639
525367057
79971788
894947548
536212300
62927117
1011146228
868512847
894532885
1006974837
826266576
326365424
271909751
877680119
332354673
1037881549
357782535
485690644
123669813
72601651
81222929
896556229
281072076
893173825
365233981
474039408
224379679
826786869
92263173
119342141
1064501297
874380529
475335964
75317269
1024261457
252785791
885087232
809768211
1056981244
834753844
521342771
889483524
902253779
84940125
398799155
79711297
341143812
99729687
343110461
56383239
520307508
1010905564
339834704
1020071153
399799057
125137695
65008692
490478917
202362901
122019279
494259663
471713091
68419389
255676723
332608817
121442557
825245132
281923599
67420996
81219645
1027997141
255972435
289867763
75313364
520573187
399471421
338903925
288677212
880547651
17026821
255153968
836059217
1008000817
359677299
1065152844
64818449
118718229
1007023168
30150407
2053059
886437712
272977735
257130333
214369501
500504369
478135325
838201552
288705596
1011212047
323227677
273694149
338691152
130859212
1011286261
89134927
252785628
1012253683
335741137
863793975
470611029
1036268480
1030978637
903089631
336581756
338775091
521081680
274159409
1036202768
1023497695
813028355
821367041
1011110337
272684365
863460848
119287925
118424845
55890012
359955697
525291391
923731788
33507285
1073028607
861353436
85062751
1073156032
1029502033
359715264
74532672
274007549
335902559
70335859
255938575
859095349
521467380
284218421
71693056
1071395783
826098973
257803639
342913116
1060174967
927450572
893860893
891155509
54837564
878673911
351618117
85749879
1008555008
336944247
218436356
926109463
903730229
265254348
494722109
32578653
257234036
322385908
133432565
875773941
231817520
209187799
214777873
490946428
1071431872
68442061
886407121
936329215
391249884
1023401079
855692631
13703120
80155843
201609548
483906429
861696272
523702141
521105749
873757907
215440895
487456029
827292915
1062145869
85261372
322950453
471331089
928980752
387281991
493884243
320165695
353848524
523369532
5586708
87126228
326910033
905827095
67387615
829501493
838336260
827706647
876922684
272829693
869324053
284443871
1012858993
75432829
533926199
299119740
133550528
926806805
477479251
256209677
118521615
1007539456
4226320
234626373
252661519
3427569
257129553
483660748
360464757
18177087
1063016245
930413693
860902468
389338896
276631887
1072697597
873464781
1006845
829896563
819779455
402092871
20782549
827393220
205272119
1062467541
365937904
810830964
223090509
819015747
29703244
861746956
825512055
219615709
298020947
122471365
349138961
278861
73335612
876074051
1014354911
99946547
1009841471
265254151
1024579069
70611265
1073077552
928191324
811341684
474840133
66326911
360006495
332464896
364971831
83673424
1011086833
3458240
8377567
223687940
17777751
253579313
876614517
809570815
273695004
485776580
205348701
219370740
85032183
1037311871
936709597
402075901
7852289
877609935
202724557
478097409
274550036
319618364
1006719055
100130621
18838852
877712397
71566092
1037513791
499925973
222676419
335004419
256065311
924272092
3473623
365286595
16546883
836570352
88880069
218624885
257949151
856150367
817910556
83825413
117458931
51134532
1058894028
927944055
886043075
352452572
492246004
29738000
1008586879
96683988
209010928
483360529
286203332
64175199
282087629
7829375
821827345
828316723
272717068
389280213
1007618037
892400663
1023479553
119305296
221762767
525127536
332747605
522155261
286544197
806363132
4256561
891228383
923607031
938492684
58539847
219493312
274583029
315487
251688140
935391235
829444871
1028854545
1031601937
233930003
835837907
89354556
73181
393284879
1025463564
272063988
89150768
122098004
120783988
524055383
17593811
81264624
354186061
1057060061
525391164
217183089
33420279
299185277
51593543
807214864
222499677
131125457
482410817
87834060
879821852
30463036
286082103
55375100
222150749
324472143
1057444183
319803860
525407101
91558723
876074820
905301812
30149748
1028672964
477217861
1036328711
903135425
359880177
875680816
391070799
902885457
290211191
202686737
859165972
324224967
1019219932
1024581575
903070943
331693841
118699280
284233788
889144669
29742397
924307201
525421568
336689011
534582591
33363316
64479181
292811024
826613020
817903613
901828928
271598675
484184924
834983792
1039987165
860309332
265810375
222381557
339072273
230953841
16191751
490565983
823460951
808963452
876704979
357587989
870137668
119276815
22139004
215434509
863093621
869283020
289611603
1027362065
322716885
535873297
401699100
323432797
829898833
828360132
85776151
922833940
4244733
838291652
202190911
15806749
1021260627
857176007
1037530453
268517623
121688380
365223173
348998660
1060163412
125121596
807144451
1060385009
268488049
23010503
122143728
807257365
903812957
256848247
838823955
1027693808
17069839
834686195
938603741
266127357
84151365
923615452
221770813
391630289
319625079
500125135
806999
74702716
491058384
322991932
255670081
1070928991
939284447
473166083
20213831
320206644
349118460
1179075
1020288455
387937599
390346000
903733215
340217143
4448093
291451380
1062670111
810288960
335541325
925895680
217566229
264336655
81614192
398935235
251971415
358415409
473759553
56482837
257757489
268916023
24118033
12911567
807261509
808844372
861258227
1011645503
1006760799
938688588
299226173
892682567
1012207984
22500679
271634239
1023399728
100135132
202183543
89094109
348467411
888238149
861740369
80164860
823426941
905395996
215314647
293555277
273696531
937391228
1057355536
869647668
521370993
84107075
18337221
323339763
1010581968
130407757
812962071
80697300
121106556
272483599
336550989
54511476
490077648
855835471
4996167
322993927
357580548
119489907
351521861
218308383
1060926231
286198848
133493516
72119644
355582303
64867661
357422351
821892359
1039259603
256761683
276656924
21811071
838087167
16858207
829436739
473155520
1058813888
30217008
478089671
349434317
532894160
389239555
928839156
903706061
91256785
902774845
809490268
290965493
477971319
205274188
268398807
938988756
273532023
100616003
55530815
812898252
534585169
264490005
1064318783
822559700
4289484
826801219
926205936
1024489223
895301116
856479189
281836861
335837041
354218033
54588533
855952705
301987137
215965527
131167024
927847635
7632845
926798145
251911628
536675663
51410884
66941143
17236851
268566288
890194997
208917557
272384080
1029653877
399716636
871582837
54788160
889582965
343671836
276771891
1949955
234148720
387052355
19923743
97644668
222294805
389334036
365965589
281331063
927408116
335830076
1120005
1039992637
230716692
51757072
935411767
272578371
353832816
483869053
888606723
289922836
901993740
217308407
391331709
861876469
877516119
876688833
357883343
270292177
326488052
282381363
1061674053
821245252
828310652
284366805
872745985
13944317
1072955719
121459456
486806981
366835188
55834396
488398140
524230143
5193200
925947215
256707959
202457360
264253565
1070812628
252117360
51693535
68486157
322425100
287053052
368139729
84008135
339988944
897320141
281100741
489700572
251974080
1028659015
1069841728
389356817
877736255
925916412
520441669
22038349
96935175
282018783
204801807
1022852213
889261511
1008484613
260031493
298971971
15975472
875853148
400293980
252448961
23057757
905130864
98030672
29675847
327008725
1037328196
399471871
297924565
81211857
130138451
119489653
389334876
927269120
477123587
83690588
322228343
56488399
819156167
298927380
3658063
477221717
281484559
813634755
1036191007
889421005
818966607
50560965
890336240
494399839
1024455493
121696624
85405953
56415357
494732407
121763137
218952013
806342919
870057205
82886733
877950013
81544063
223084639
286590461
336528192
1022678485
131871493
219641085
360565765
131534016
1064795165
275903548
859823409
257901919
400491847
122017631
491606276
1040142167
483684381
17645884
1006749680
826146652
473239879
492663677
536171831
289152468
232222783
1019433231
892547136
29618675
52282688
331628764
823920476
209180485
320851412
390952223
353394439
534564349
536629119
926744848
266286397
299832149
876429377
266089749
83326796
1012397919
827849999
901894485
817959747
894554381
856716659
809452337
1057308659
483915539
805568981
808672732
288693296
1007961373
878147536
267456375
131338736
98324544
273469380
209155524
1036865020
118607700
74513461
936702287
83171137
875893187
301004252
836581331
63242036
475856159
474758157
206835011
219477331
336334275
1009907677
273707124
257769247
91717569
1007142144
1061286231
256201729
273467223
66915393
83189589
324916673
875574292
13991792
386756828
290312496
289672980
1019728948
369057629
118703105
822960125
827161680
927210573
888959829
230932931
1023729103
208948240
475004211
319868796
886928476
1010630687
1057046800
1022430455
301424631
323817229
88540613
838619228
284245885
830430407
491533645
18086979
276776759
876594245
808783311
368247292
85802947
483676503
834999389
273735164
366009815
393540420
353394135
282357872
18289873
527758836
253219779
869319623
87086919
63225876
88356669
1057313023
298865143
1014432711
482473853
1010123076
386151440
1022588172
71762736
223825668
922811729
215467972
889703473
268763647
66080197
268533585
856022323
811552964
333385940
863776973
389285684
863059220
856671543
860623936
499511541
886362452
337494028
827524988
827683264
1006845043
402070581
335310929
1062523121
222575860
391934997
888226768
339809109
893213764
125813588
494270225
268693751
390197249
894388220
929034453
821043184
490959188
1024667895
492073779
282066193
120946516
1063044159
15811799
930403601
527697269
1008157135
214921343
828143373
52285276
118960591
74921968
1071451397
869537748
3997505
888370548
125107523
893410525
17579511
18682099
291324231
252563268
485716081
202633427
68485424
89130957
902035283
1057447219
275860676
353448991
1062324039
257421569
124994781
889454896
890467319
356334800
118821204
32883671
922817348
214896583
351400004
499123156
265248116
204948828
838014303
53856020
122434368
1031010068
819289180
521108829
269944257
502584597
74571004
365954431
70471628
528420849
323050997
1060918257
364959184
520477745
301776980
366032213
17627075
1006690071
85065712
339809728
1028707791
320614647
356785221
324367837
527905555
936592193
492035568
835781645
473697329
903823857
80207812
8386385
806122561
1008532743
1012872387
366743028
70279104
1009786679
286248704
5299443
871429953
471077939
325014356
482398015
120832223
134051196
499449165
327091459
491255157
889409631
33539525
206766101
522018076
472972767
266289941
335659487
223149325
18341648
349969412
130025424
123548977
30899407
365413397
1058066637
387733363
66342721
298900511
1019492208
491113716
819000337
829932341
87151068
838323655
275826044
20806661
21233743
809569340
285671921
66092803
1060974940
257750355
333279501
265507859
821838929
499348767
256955665
1037434109
98562844
930118720
298272244
879824191
489997335
222059731
471284823
22921281
886119687
868285699
270496965
894895367
81064051
1073205745
1006973823
878134285
214380737
340260125
273744989
888356628
523710719
873727756
1020251908
877129999
936656957
811409165
855643165
1058069824
387964227
826066191
835155415
473289524
1070973139
324883724
51599181
536346461
829632961
354369487
1851223
826078977
491601948
354275152
73388092
473760580
1028969943
320851972
54554689
204554180
1023416287
336532684
85192973
17890527
522187828
339483855
319085761
326454645
216005973
118490160
490986960
206838877
56037711
286376244
215291708
525407249
208920543
336344415
221517063
819938580
1020023775
889998431
202311431
821558737
819951565
886079236
487534640
87053063
324853505
282885903
272374909
117699837
336643092
533512269
890714100
232636436
534737167
939281527
269828404
469849460
1060377460
897546108
873979888
809719283
20385555
340999261
1036309872
872370519
1058288067
485716229
474045820
320149373
391642560
892617551
252959837
273006707
117780804
82717
223466772
401879056
818135365
292619760
4289477
351339540
904978207
56579316
224195521
131121524
524647631
83837973
474010589
327141327
268226384
273731056
523698449
98361095
204861889
936129875
485850229
83052359
80725841
923922813
880276767
30658583
878523712
878171120
485953395
13726165
879959123
281809728
251928335
100599039
133463821
348377172
524222549
889460495
886119425
87228732
289264989
1026838327
387183436
1039402063
15942420
389143793
272680415
202194231
332402627
936770577
390888959
340783601
326317893
339041527
930299219
219534461
1010619857
821232752
1010647932
364910461
1020075264
57722673
892357824
827313169
291328063
526251261
385905095
475993935
273138500
1026883871
819731712
805527376
872206135
96666741
51655124
1070060309
391059263
20132212
231503111
320012487
207405301
487652819
474760275
267679191
219172127
935528387
896879956
54775052
206962517
224360244
275973168
51451092
30791491
123143229
885343511
805370956
281100401
352146431
72413297
477387799
339595333
485950660
205381583
292623383
265760965
877736403
284282108
230690647
1039425521
203363653
74478807
860671317
868292561
85311965
219172688
1014330335
1070059597
836619584
88982845
359792596
255022855
319254533
863894768
284554708
87097679
836551431
482431984
366755703
535903351
355583484
888429780
96566524
336605459
68147015
837815667
4060993
477352820
818679553
334574796
880628511
1848689
1008480719
387397493
923733981
117734867
936138612
70582720
807400245
836177232
221269244
20444436
930106736
24925555
271659037
893452764
291441948
273473328
219110644
83825524
528301845
888946951
332732228
486759728
494126855
276132951
401624563
893386816
234094461
533724928
485564240
821284615
924079927
892663799
282948668
233885685
386080253
335921245
21197875
52231263
1020347376
368342211
502338519
902135748
870150963
366802708
1010892241
204796868
218908465
125631815
70632900
222658524
1058848832
473431900
527561076
340544855
855717077
477384957
1010071316
121374065
359954180
276115476
475061503
470142736
838129661
1835509
281285983
281301239
121050125
66926463
1007909940
1040142413
368529503
265032768
91735107
3263939
67106061
886537676
58556180
17581315
1057192973
254877636
30891889
22037328
808705887
89119953
120681684
50671839
520221684
502545868
894729676
259028945
130504563
872183644
1064556028
320290896
80575735
286552372
1023636849
1065095676
936854836
70466928
892423505
1060902151
298784709
491009295
118452237
74790869
368849949
8127509
491601681
15930356
223465665
876600643
487571511
924185652
298594420
368868685
286769940
134038989
64869236
217544151
19992381
930419472
343749587
527515468
341693261
133299973
54771728
905215860
133632021
357844284
889019760
269833500
234870535
348397021
333304013
89984240
905384719
1006882897
121622723
534532164
268769087
68115541
366279987
905146608
937375517
892388165
835485137
1058227325
524619583
348254272
343347015
1024800068
1036017411
856670237
1007809500
895240129
522142583
252509424
122769221
123690957
859583472
521995505
252507077
894177341
533528595
494207237
222631388
905763855
292871181
1020032257
810484532
89993472
53695283
473108480
520417591
18286404
73398077
487814231
836181277
360658716
1024937969
268779856
928255807
97304695
91226956
122098741
1008682495
809631191
54269380
489813440
251708625
343201148
483652720
339985485
835580932
72369268
936860689
223805760
897439219
289403716
72101964
889683793
360576205
394032508
87295827
54467908
1019331863
391992141
265147719
1058210143
67048268
3493959
1060585716
131535872
871650131
285229279
265616384
22221949
876694867
890228757
1064793333
1071434769
471680012
812912077
1036860913
18837507
281068916
827186960
811581469
1061490516
872174599
324321475
97341424
273417479
1069565744
1008721375
62968853
225572221
520556575
22533492
125099507
1023924080
286650480
805771251
321993985
353718021
855929793
63724864
255856460
281350387
54793303
533558397
24589571
1008684061
292779249
131544396
837813751
927285719
387211223
827183221
483488625
924152901
1037434817
29375552
13423487
903114781
1058017245
470605251
471078099
230687821
1900799
98565199
855706935
133433299
856971031
830227472
1010126717
84743639
360018036
863458268
217872183
292820165
55956431
219399028
1031749959
1027982577
67916285
97475863
1060947965
202636544
32574813
32519133
266207053
353307891
66537461
897347952
889290549
343798545
348991743
838075644
214783951
928321589
130236284
252003607
271930563
835663732
265031935
340622647
806827088
827347927
928117829
521129156
269292752
535842621
856640704
1019600705
348474448
340217909
89445748
287051773
297852884
51199487
273143619
1057230133
896991325
810336541
68623436
926405068
812651345
357389811
290517059
130936908
83301660
273677556
473978236
535842103
1008537940
826494259
1013993804
265384956
299118963
859888960
824046596
15995207
474811861
389414901
876412277
527652033
520555536
120704448
527561588
320632796
79744309
808546428
22036547
490987345
257416961
83964381
23018973
500223313
807211999
928777599
206034768
325046612
1062995395
1026880273
489735191
22889969
935649221
118866125
492777972
4264780
289605623
526324035
1020330359
348373012
486284656
386342195
64773437
273666421
903041792
117904380
893849024
1019465972
826299463
341788485
357766215
1030845692
835678493
84137799
888979772
6058439
323951616
818155888
1012208661
830457100
133251325
332263489
118251287
13047025
232550865
80072727
806606653
903740656
