8362
-35941
-32386
-19910
-18194
-23470
849
-6636
-16958
-4825
-15321
-8395
-49402
32956
750
-23444
10010
-9058
-3066
9395
7358
16862
39227
-8817
-14303
8502
-19352
2980
-42086
-11031
-11717
-6360
19768
9541
3147
30211
-24727
-2767
14585
12216
44645
2123
-15520
27219
2793
27588
10322
-27524
-21804
-4998
-9872
3547
-9258
-18624
-17586
15765
-13858
-18511
223
51452
-29214
-33135
10326
-18691
12445
12452
-10580
3926
16756
40548
-21247
-6278
503
40352
-17406
-8778
-17238
13189
10415
-21543
-27361
16165
-15552
37180
5461
-27987
6461
-1068
22921
-14428
-25406
-41717
-23338
-24544
-34900
-16744
20205
14912
1641
790
-19026
4594
-47688
-31643
3638
-16945
-13790
38422
20645
23113
11981
-9662
31595
-3923
20693
-20442
-23954
24317
13685
23750
9461
11451
30902
-22522
31442
-17184
44924
-8113
28560
-21681
-5439
-9501
14981
20354
-2678
50656
-45057
-5508
27803
14030
-19113
9085
-20709
13144
-4034
-39117
-32682
-19969
40600
29977
39759
46560
-21260
-13179
11746
4832
3806
-30993
22707
-39609
-12538
-50019
-5103
-53472
-24136
9222
52612
17943
21531
9960
-1512
-40635
2772
30472
-3038
-4218
-44424
-8576
15959
-21094
-10178
-1066
7207
-39408
-21940
13190
-11596
11618
10556
5137
-20297
4196
23000
34206
-27836
-1146
4800
3861
53964
8324
-11434
16958
-6675
19122
-50866
-7353
-17866
937
13636
-29262
-49975
-6697
-30464
3916
-28090
-28367
-12421
14422
21482
37822
206
39049
27670
51744
-29050
4792
32454
-14738
18938
7964
-7776
-13169
26064
-21261
-8096
-9886
5055
9597
5052
25758
349
12975
20920
-34799
26726
20101
-19300
-3067
1453
7303
-567
-24186
3170
-37249
-1582
-31419
-7551
9762
16664
10177
21842
31924
4797
9635
-11058
18721
30686
-21080
12283
33078
1502
9421
-36651
-9164
35378
307
-35594
15086
47429
-4584
18484
-2887
2100
23612
-28983
20882
35782
18606
21923
-12442
16550
1314
-19332
-34311
-35951
8310
-14148
48323
-11131
-21254
-15170
21548
-4735
-10347
11807
13439
-5239
8450
37970
35807
6937
12268
-541
-44275
-12291
-4513
-26669
6513
-31716
15210
28243
-43399
-17738
-30642
27838
6095
17582
-19470
-12235
11989
25187
25797
-9399
17810
17836
-10129
-44178
-413
-13001
-4373
27906
-25057
-8175
-34524
33463
6673
21675
17433
-40886
3960
15053
16573
15779
42732
-27319
-3184
-20684
39639
8918
-18444
-38788
-36913
-7597
-9170
-27757
7242
41909
7990
6126
-9732
-941
-20062
9782
5728
15200
-18442
-1632
21621
18571
-2714
12896
45510
5666
-29359
-9106
-18876
10488
15128
-9815
35255
-11900
-20034
51782
-27731
17252
13025
-11930
-7741
-349
-9406
2774
-11334
-24575
17142
1960
31536
7101
-19638
-31056
22997
-4126
-49917
24780
-10029
491
-37674
14028
-2233
6755
15810
6041
6161
12460
-10342
-31659
32016
-2336
-1166
-9142
980
-7222
-1875
6014
21774
246
25168
37160
-10890
879
-12776
20104
-18672
-16223
4114
-17466
-27698
33261
12830
25940
-1936
17336
-2983
-8008
-11579
20776
4470
-27038
-14870
6128
-15791
8007
32716
13835
29142
672
-11522
28920
-12674
11192
44984
1830
-8897
18502
-13731
-40708
-15834
30559
-25151
4660
-10273
-19384
6126
-859
2753
5400
31350
10890
-8018
16830
13535
29476
-6982
-17314
13064
3945
-40945
-36833
-27018
4479
926
2649
19784
19315
-11516
21961
16470
41441
3449
9255
-1591
-1443
21431
7900
15043
2393
-4422
17227
7479
-8728
5482
-18290
-12648
2954
-16862
43660
9437
-12493
630
16979
1041
-15891
39557
-11097
9770
-2583
10252
-17196
5319
17923
-26179
32433
-13338
-47647
-12597
-108
-8305
6265
-28708
2017
-12181
8756
-55806
36718
23155
1005
12893
21593
16101
-6408
-7474
-31590
20269
-34052
37995
5620
-6626
-9429
-7129
41572
-25444
-8369
35142
-2926
33300
-5884
17563
7702
22125
-20142
-41186
2838
22506
687
-2155
-25801
-39328
-15969
33076
9791
16975
-2272
6512
24286
-10659
15765
-8075
-4604
-33222
46700
-4809
-16638
30469
14045
33172
-8905
27603
-39322
-12511
-8085
-15123
-30865
60565
34561
-12766
-42612
27940
-771
-14006
28739
-1293
1000
-9737
17625
-17102
12825
17722
3369
40
-4308
6364
11646
23066
-18751
4261
-3761
-31500
7910
21381
-4347
6051
4406
-22184
18340
17473
-20968
17258
-8494
11732
6721
-10498
-35677
32293
-11576
-29542
4312
5153
-16629
-7758
-19843
-22275
-7200
-4582
-2391
-20742
7372
20228
2947
25598
469
19922
-1526
-8179
-5819
-2989
-15131
-25355
-12243
24736
4051
-34752
7679
-45236
-544
8475
29565
24427
36341
32116
-33141
-26460
-12742
26562
26326
-8372
-5190
-2922
-9708
-12135
28046
-7849
31484
-35956
-38536
33388
-48874
6694
-18237
-3580
6809
-16898
43618
-8380
-3584
-40384
12749
11157
-37778
9285
-7428
-20165
35360
-20752
-9962
-17990
-41342
9818
-16336
1194
-5426
-14136
23032
45978
-3318
14903
18610
-22237
-3848
35102
6773
20031
31517
3764
29358
24620
-16029
-14215
56335
-36120
-28034
-21805
34114
-2364
-38045
9287
18771
-21630
-32060
48131
96
-17602
22746
-28181
-17242
-39895
-32738
802
-3019
8257
-5411
12230
33543
-2459
-4607
-1210
36444
-13247
17299
-7126
13933
3886
13386
1183
19908
-15424
12957
-2405
3806
43984
11970
-33538
-19437
39560
21193
22203
4660
10952
-2500
-14238
7817
25260
-22856
25873
-1025
-25551
7147
358
27106
-1040
1594
17002
15415
5204
3705
-25528
-11326
8712
3115
29705
-292
-11416
-23548
16278
-28530
20735
15002
11820
189
-34548
-28099
42913
18586
-24707
22118
-15218
-33445
11018
12380
-14042
22475
12941
49074
-1821
-26435
-19811
-484
-24694
3537
43196
14163
18931
24874
-22443
-346
-2805
-11300
-12307
-11282
-55424
-51986
37819
-26402
15672
20007
-9835
50157
-25891
21351
13977
16140
-6576
1600
-39765
-20257
-18029
-8702
-28850
5552
1910
-3847
27699
-9886
10662
63110
-188
22698
22216
9483
30692
9631
-3942
10721
-4460
-25315
10312
13274
-824
19328
8710
4590
-39876
39799
1681
11868
-15233
23044
33671
9005
-6395
-23810
-25526
-58403
-11803
17144
-6046
-33146
-7860
-12117
16151
-23146
-7159
21385
-23090
5897
-9224
-20172
-24316
13087
-36217
27664
-13729
25453
-3601
-33834
-23252
-37386
-23126
-14206
2714
-24419
21561
13323
-4855
37767
12036
11945
-32550
12083
23770
-489
-25212
-21454
21217
-2625
17238
-12431
15684
10569
18540
-235
12775
10407
-10865
13896
-31992
-18227
12796
-6363
-20564
-21261
15058
323
-29314
-32154
2673
-34099
5240
6188
12708
-28061
-1888
33635
14807
4080
4291
-840
-3734
-6083
29014
-29934
-5553
9322
-28878
-4882
-6724
-31707
-22767
-6123
29470
8312
22041
-7301
-10529
-916
6629
9969
-17804
10669
-9793
30548
-2587
19423
-6374
-3482
26164
29080
31469
-43383
3170
-1398
-32149
11170
-24742
23471
743
12939
-5014
-21377
10357
-29055
-372
28139
-1834
-32148
-1407
4807
35280
-17152
10395
16607
17231
11602
724
5069
-22875
-37422
23148
-13347
18545
41808
-9523
-3702
-13339
22697
-28589
17798
23735
-41949
49879
-13900
5477
-2699
6680
-34737
-25663
5214
-4903
3874
-3834
-20783
13961
-29774
-21040
-20017
-49236
12141
-9413
-12792
19194
16813
12406
-9367
-32010
12018
-33607
48568
-20712
-32651
-5464
-17015
33002
21155
34973
-24330
21733
-8694
-10386
18842
-7678
12966
4389
7328
-4315
-18242
-14698
5212
1644
-3052
-8752
-18407
31970
12594
-18035
-21400
-34350
-162
-2867
-18502
-1497
25724
25162
-16073
-32874
-10452
-19802
-321
14418
6464
-17036
36688
1701
12315
-21072
9980
-26027
13492
9004
-32758
38405
22950
-17363
-13182
22047
24322
-15913
50388
10551
-15707
14773
16269
-29208
33532
26792
-43492
2212
24620
-4598
6874
-18566
-37756
-19773
-5297
50722
-3537
19320
-34999
4042
13078
30280
-697
28565
-5278
382
-3611
25566
-20756
-39470
23770
40903
10062
20802
-13267
26642
2108
10688
29753
15381
-14003
-8385
-14630
-10618
39314
-13579
-17480
-39721
4090
27106
8716
1283
-13253
29867
-7902
-12998
-14750
-16932
18447
-41786
-18103
-37398
15061
-11514
-1765
12642
-33796
34908
15980
-8592
-6486
-17491
31703
21356
2961
23986
-8985
-31280
24476
-2130
35778
-14056
10565
11402
-4735
16928
-32648
28171
-4712
2452
-10207
-8929
-6382
-15366
-3485
12174
-13078
13552
31398
2227
26370
8198
9312
547
-24826
-2112
127
-7687
9252
-27436
36867
-3568
-11951
-48239
7294
36977
-31032
2648
6010
-18223
10980
11756
-38350
16938
3168
34286
-15262
-33975
11719
-41463
-9334
23298
17069
-433
33484
-36601
2176
27121
6481
-6737
-18331
25702
47914
10680
-17226
-9438
-11713
22925
8451
9167
20426
-29248
14600
17867
-33590
10843
-45361
14680
-3132
6896
20542
7100
-25262
-32727
1895
28347
1095
-19108
-6693
-38989
-27592
1963
-1515
-27629
22849
14520
-9967
-8907
33980
15887
10496
-3021
-29141
30436
24448
-25777
-14374
-12715
-12496
17619
-3447
-4836
37954
842
16303
15938
-2010
7407
-19257
21774
-26090
46321
-25927
-30884
13232
66
-2326
-18647
-13852
509
4986
-20209
18875
18465
1606
-9447
17776
-38610
-11316
4000
-11728
-2360
-10527
-28204
-11952
28549
-5281
4045
-3239
-7959
-15523
40601
10339
16505
-40383
924
-7976
14466
29819
15485
19187
-27547
5022
-22265
-43135
-15228
16953
12438
-26048
-15412
4556
24497
-5528
-55220
-5064
-17597
-2252
-9739
26994
-22963
-18697
21097
43047
25764
11989
4072
7391
21036
38
-17093
-8146
16533
-3105
33532
9706
26460
-21882
59787
-9582
-18260
-34328
-40861
-6687
-9087
-38124
-22078
41572
13017
39742
24530
16015
2715
18025
13584
13285
-21170
14247
4057
-14954
7848
33059
1954
38054
38429
-8841
37564
27071
-7626
-28162
28841
45466
-7607
-20124
10768
2506
-29074
10585
-14126
17352
3060
26550
-44752
-5156
-13795
40566
7874
-8001
-25055
-21142
-10228
37076
-16136
-26726
29715
-3856
-1431
23184
11594
-14053
89
-288
58617
16204
-27392
-23685
-960
16460
-13852
16198
22633
23696
2246
-34437
-31916
26256
2198
8078
668
26366
7301
9313
-10108
-553
-4822
-34530
-22231
35094
-21691
2418
4937
-11702
24315
-17747
-7681
-13065
-37722
-23780
3102
-1553
-20117
23484
26121
11516
-15998
848
-24417
42602
14628
18234
6481
-28098
-9874
8920
25277
39628
44176
19703
-450
2204
-4650
-31136
10497
-21273
-5095
-9496
18553
19808
19680
-990
33892
-9974
-1510
17081
30922
27533
2185
21621
-3151
23488
-19595
7882
29610
303
2654
-33398
23478
-4065
-15908
771
-2819
4901
30933
13055
15750
28456
-20780
-18167
-35256
2328
9860
15167
17126
-10780
39854
-20693
46311
-16985
-13376
3201
-9423
1216
-9225
-17632
7702
-7546
38229
18171
32498
-18735
51952
-31868
-485
11528
2507
12668
19218
-11540
4889
-29159
-8134
-8453
9076
26454
257
-13318
-35350
-26638
-2938
28213
15426
13080
27311
11300
24436
47787
-8542
6791
-11750
23370
-618
522
-28089
27941
3294
10020
18378
11942
-16712
-25942
-37350
32154
-5134
55293
-7428
-7025
1382
-17552
-8933
3369
-7980
22764
749
-12243
-16805
-4892
-38736
15855
-24560
-20079
9498
-9754
1945
24770
8881
24283
-33435
-3000
-18201
-7696
-10855
-5842
-15281
-28273
-45830
35427
-24270
-17049
-9375
-6642
-7361
-5015
-33701
14782
14547
-31082
4011
1176
5640
-12386
-15904
-16679
-24420
-21828
-2144
29066
2472
-23050
26339
-1643
-8976
-8713
-22118
36624
-13810
-25730
-21366
-5721
476
-16737
-1338
41651
33070
-2492
3460
-1340
18972
22200
16394
-1842
12709
28254
507
-12326
21289
6082
275
5743
5854
-30367
-15125
-5556
11688
-2963
5010
-15408
43658
42736
20906
-4234
-14354
11319
-8056
10829
-51980
-721
-49478
19907
-9964
-6801
25781
30908
-39340
-7016
20723
5351
-11103
27833
-18458
8374
-45087
26975
34432
36190
-10270
-43708
-22469
9214
15397
-14792
4279
-18440
-14699
21766
13747
6668
-7668
557
34065
12272
-3321
10951
16376
7093
-20795
-4348
-10047
21745
9673
36339
-6159
-15838
-8517
-16313
-30421
28656
337
21883
-16261
-34888
-15056
2086
-22239
17109
23028
-49972
-38432
4219
9235
41523
46435
11496
41575
-27814
-6928
-20589
-17023
32520
-15001
-30247
17288
-19707
6013
10676
-2720
29243
-15491
-12049
-17668
-2123
14473
-23012
2693
11418
-200
25982
-29056
-1178
-19332
-9547
12520
7211
7868
-40522
-42453
9172
-1638
19725
2292
599
-1979
10224
24000
29665
5648
-6151
39360
-43468
-24439
-28661
2860
17007
25987
16085
9830
13182
-6290
-1705
19237
11367
24346
-5851
-1226
-4380
-24778
40759
2847
-41312
-35973
17044
-47091
36801
-2570
6968
-5003
24175
-4917
-43894
12122
9186
50007
-7875
43854
-8206
-8936
16099
-27916
3339
50505
-42266
-10688
28048
-34919
-31258
48768
4134
-27074
1969
25191
-3594
-36631
3588
1636
3273
10558
2129
6491
-30266
-7160
2675
-40475
11809
-18350
-37422
9789
-17059
-19460
-11848
16377
17004
-20924
19692
13726
-14251
26490
-24317
-21306
24172
43393
-16811
-32842
-46023
-10816
21088
14965
-34336
-60214
45724
-16155
-28045
-20221
-11859
-28362
5347
-25474
-2827
24200
-29372
51953
-2561
1116
15142
-29779
15590
52636
-17059
25341
47679
27963
-2032
5766
9350
-21487
-16902
28568
-22371
-4241
10754
-32647
15987
23093
34894
-34145
-31279
10624
-39566
15394
11008
10628
-21016
-2219
-1686
-27009
-2524
28696
-31411
-2047
-19974
13083
29685
33300
30630
2291
523
18642
-16121
12701
53069
378
13094
24535
-33710
-17579
-18850
-28302
45468
10707
26726
-33719
-15696
-16777
44496
43209
-3232
-11265
2314
-17222
-12593
-8214
34894
6198
2811
-9634
-22666
-6756
-34949
6642
-20756
-45607
-22819
-17524
-16790
