4044361472
488379456
50338845
3494659268
3276800068
877097741
1899252801
818956032
3430210577
266195149
67384436
493999888
3427233869
3557872385
3309502724
3276135632
17630208
66428
4228083741
70529472
1103430512
3273084208
17288449
1946636500
3318203856
318977217
231593408
3245355024
4029684736
1372443073
3241414849
1074791168
1998402608
1879311556
54604048
1276187457
835772228
3547611140
13662032
3241413904
269241361
3453813012
3430167748
885076237
3547452228
3338686256
121921
1170448
852752
868535760
3715379228
355472144
3288716109
5299665
1892942908
338965725
3721672512
1355859917
1897148721
3235058509
4030742644
829883677
2110784564
8326465
477430029
3273421940
3411020
3238318528
1036455997
3614458352
282074132
1073939281
1086589981
31311684
829705536
18023728
1903545348
4030942272
50594820
50339133
53760116
32820241
872481985
3556770908
269290497
1144479197
3306176721
1304891469
1996804148
286264780
502337616
3226334237
1295791104
5058637
1170423044
4094702033
3490765937
288620544
319108109
3473749828
502746180
3494052189
3703594352
215859420
3543204608
809976836
4094693597
218305537
273417012
204947920
124993732
3222324445
1975857165
3234858816
1886592308
339857629
298007604
16844097
1077955908
1279378689
24498397
3507293188
1073943005
877481409
877396273
51318784
50336013
3226796036
80825652
1326530588
1547137025
1288705053
1373439236
1968034685
336609617
268898321
3276561620
872535924
3301965853
928075056
1947062324
3493904384
487808196
205538500
3288338688
349188289
3346823025
17581940
1954307357
3489691456
121946112
1078053956
886054084
3274900224
32572416
3251830993
1195394076
872444189
1573942276
4403408
1573188801
269579741
5052237
218301185
117513284
477180932
259248964
902828496
1194553345
805568976
331431996
4673613
1328837700
3309765936
3569628108
387051844
1951203777
1950548228
121750784
55510276
1078788477
6095325
319242692
886066225
282071361
268751728
3494318292
83939789
489996365
4101296192
17678644
122488273
4027632720
299701005
292753424
3288402944
500286545
4030136588
3707793408
270387008
477484877
807142160
1536013
231755008
12848193
1102877
3522446528
269802525
3291693328
19946756
205784529
889192561
3473936413
121654528
805311504
2093994781
80793693
3237172016
282947597
855638464
489806897
822285789
3539992692
1304758020
835718641
1305283584
3274768413
202494173
470863936
55365684
3222286621
120898000
16830788
29475121
1892679796
1081594896
3339718084
338984192
489947252
67162305
1077171021
3288347084
1279525889
1196504832
1931283533
68733
3235072
4578752
1295258737
121836660
269271492
927758109
3548123341
3494643568
1125075968
1886863428
3288352029
30213233
50332864
4026597404
4107011120
202640576
1951215684
334526212
275896093
486765328
273682228
3490476252
3721670672
3691869956
51605569
855716685
74911744
885198657
3691102481
4097258692
1091400781
3709600973
282932240
1136705565
50807857
3610710212
3707961536
1879077149
3708670157
3288338653
5255616
70518529
896797708
3289321500
486612160
1090977853
3545239665
822873165
7405681
1275068429
3233821764
3430236416
1275379724
51212301
218105820
205615120
490151408
3721399757
1460928525
12857600
1930429505
1024274508
805573085
5359092
54738993
221577245
823211025
3227285316
54587844
1950626893
321994829
4273924
4227858884
16834525
348324148
876613696
53692273
8242385
3506508612
53530893
323289284
3703894324
1086637360
221725504
218170876
3263821
1192345905
68164724
3250877556
323188493
893388544
122437936
822574929
1897084893
885077252
818090180
20382785
203227404
3520935892
1960017181
118751236
67122244
805424336
234211072
1131889485
30609601
3261516
55574736
3307065613
1996557533
4040176641
822205456
1078216497
252511057
219152397
4040282564
3342925844
470929616
3526720
876048640
282938737
521929169
122438400
521208285
3490672704
1280119053
118276145
390557953
812761101
57941297
1276969073
67231040
71778381
289411185
808716252
83963920
1372013888
1342227476
886067229
3291746781
51642589
251661597
85799964
54621252
80753757
16777520
3318857821
1291927808
223178944
80760064
3694397277
288478068
3490795725
4031001600
3234937908
1060977
3721448765
3444366596
806165788
3289203776
269484804
50643153
50343937
3273462029
485966592
3709027092
3552587892
3226321948
1908478833
1278423057
1593853377
16872464
67329492
872890432
4094022868
16989660
1097877260
4211920
5358608
322231552
810307840
1086587972
1124188481
470630449
3698525969
4473677
3233821709
2009133133
1091375376
12636244
5001220
1262412
3289433116
4043428061
4147121476
213914384
500387280
21040192
4683521
70259137
3489859344
1076887604
256758068
473252929
875823921
1028473924
3503047988
1006924993
3561441025
324256848
812957968
818988301
1929445377
81605633
1396785360
1086374001
3226486036
1022582260
118763584
3497086833
4244914292
3494315201
893415441
1140874509
286114868
1086394484
386979021
79974657
79958129
1010831364
80741684
29651213
215037760
231801104
806571012
469832561
202192064
3222389508
3708630208
288621645
3519085885
3276555472
30622720
3691306240
1948217357
1346373376
1077166340
3494920192
491635713
326321216
1203963724
3490922561
4096792321
1104412673
3346465549
50541760
469880924
3561190420
208879825
3292536001
7798992
1891792
3508280436
3272017680
470225780
335610113
3276652608
4057205773
2001588480
874263628
3502251089
70370356
520958285
880070772
322375937
1103366013
3222369357
12808497
58461197
125263117
54723804
3545452992
4095591632
3699313777
1142374413
221271248
3223073820
1343504653
67116301
1297882228
3427636
1093678864
3440399117
1077179457
3221704781
1562185796
3446747469
3292528644
1891897664
348917213
3293366109
1010106388
4107284593
2084832064
471650589
927141917
205784896
282918989
805568564
482624276
81526833
117706000
470143472
3222213377
83117316
3443327053
3238004557
3243181853
54739728
318768177
67990980
335547889
1296373004
485556240
12845069
323041104
1077366033
3541523485
805981
71357440
1959808260
3422016
281133121
1011686877
54530305
1327301745
268440372
70582320
1950092753
3221306688
3238228340
63817500
20725809
3540243392
3473408
1104150605
886046941
80823249
1073821137
4115464465
3319553136
3285188657
1074886513
16187441
1076918081
3715436596
3720349517
3163136
487391500
117453104
268950620
825492596
3506503933
2104803780
825492724
3226681600
125050164
835931344
486808653
3691073472
203243597
234108368
3238057805
1087190225
203163469
222303428
54611156
3234870532
1287848413
218181904
1088279297
271593949
886522125
1896107060
352390172
18027380
51450308
489701388
3692085713
4108125504
1091581236
55383873
520114177
4047574212
1275871284
3587257460
1355924252
54530845
335544516
221319188
4673296
118781773
1124532292
17874993
221540624
1880949885
3222470876
3276065869
269552640
3494321629
923013121
3446882356
3289189393
2001143104
1883309940
1195456320
1275265101
3242660608
67163344
3222275185
4151631325
3633629
130285597
13045808
83914765
3238002801
1095778564
122543169
477376961
1900286173
3176257
3544978292
17648989
857490193
1131791424
3444327220
3493273028
13058385
1886704832
3221242624
3557820272
18707665
1141837901
298583856
3609052992
1081147853
69058768
822177841
230961473
3229024452
8126465
202396493
281495296
12845505
13943556
318832652
201596353
1326256240
1014235969
3477078236
276611857
326111440
70266896
319639005
3707991089
16830833
806568960
863240385
274467841
470078320
1892417988
4250893
282067997
474172417
1193135901
3494662145
80593937
323174513
3422604785
1144308596
16872452
214813901
822935645
4392820
1073969092
275249
21188864
3308732672
3292648260
20239172
1958744068
3237076180
474221585
936378832
499434964
1896887069
822089537
124850205
1966412560
350032337
3502510128
55329245
873581645
3423605620
319255348
30465524
1996493124
205643741
1127530704
24122160
1087586612
12915521
281040092
21169920
835731725
67960836
809594884
339022609
79758156
3722254096
219362308
4101299325
3425765185
489697308
214385116
259059712
3520074096
1103302660
16796976
873405889
3271836724
1141928961
825442304
3490141021
207582273
273481844
297825280
16846864
268508180
202396417
24590084
275794993
1347241073
835729345
282090756
1576275012
1140900144
1103118400
3541856733
52196417
122094404
13747668
118585165
3238129921
231014876
1949648141
204747981
55509236
282329201
3510646068
121860288
1077149760
80793856
63402176
124785524
3341816768
29481985
3544255556
805310464
3711030080
67424116
500171825
3224833281
74715904
936575196
3698602253
862982336
4123001628
80944461
335859997
1292648708
3558031556
3491500481
1024524637
68964416
809701492
872497153
926156048
1909509376
72090640
4044215245
805582785
4047585744
22216733
269763408
1065268
1155299149
1546727425
12810000
3222012945
3715380224
3507756292
13636049
3540190020
3436237648
885277725
930100224
834870737
68157645
1141641012
13062989
80936989
1131431901
268504140
1879053252
3221246068
332448861
3229030212
218172672
70257997
3221504080
1896815729
876615428
58459213
288375665
520312604
220066112
3696087297
3222325021
214221060
1276314737
3343716401
318845188
84150076
3346123776
323158481
16043025
488493517
3276616704
122739997
3439448525
5046285
16895280
31196125
1956928
3708039540
218968128
825244784
3346058268
338955740
70275917
2000751644
1949371652
286065412
322961712
500285636
67895297
88297245
470667265
3446931732
201339725
3541254160
3491565940
54805760
322977885
71517184
67227997
384320
251858944
205718592
218370333
122124100
3288662285
219153265
67159361
1276981568
275841028
218911005
3227323613
1148192577
1291911937
68251648
57935105
1278526529
1310772
218396417
823066748
282145648
4098743744
122424628
3289137409
1006965772
55654352
823932736
1565316301
269271153
50345757
31311728
3507950337
807389
3442933956
822086685
3493294897
222383121
486825229
3229043997
117453108
281067584
275853776
1141707229
201485
3708645645
487702785
314736
30213168
14474461
923600641
4199428
20197380
3275765581
72720
808779837
1372897548
930565389
269485876
3490714432
118240272
286277680
201667660
3503043588
282974045
1124089933
78685
1141911857
5033216
285262925
88088388
7603664
486880477
1081540608
3288399873
3423650125
927138893
12590385
3547821824
5456692
16974929
3497029636
289223504
380957
3292737564
253392
3519284228
1897152529
3541943069
282853681
3241198593
268766208
206622912
20143552
80809437
68994268
3222487872
218153796
318784308
836617552
4043309264
902067260
3339841805
1879510081
3272017172
3234926656
121664285
1950626125
230965248
1292894404
1595225164
806359933
74924368
3229041105
331012
209048797
1146408972
822591600
219006209
71304260
81204172
475869260
3453015104
1074126081
523727104
1362151232
3238053148
459889
1396719884
4215885
131086108
221525005
3343060992
282188877
3493019700
218580028
1198792132
12599516
1087442753
1205096273
17830144
3634257
3547385281
885904717
51239940
269431040
51499012
3277113089
928898049
268632541
1078726448
117453069
835131185
386145564
323862605
930349837
4108076049
859835649
79810769
3712184588
7340509
471662861
1574924317
321943409
272633857
322962177
322179345
338690061
1075580160
390126672
1295370061
81593357
872428609
17642948
17830676
3251753844
323301632
3720675777
80740468
4047508340
4046483537
872467776
3711123933
1021101069
1037160461
818679824
1164124
928201972
56374276
4206596
1275085661
54739997
71356532
269750029
386941812
3443869517
232541376
318580
1057030173
268777232
3494763537
13844749
886097741
269946064
272041220
272634052
884998145
3343061773
1136675917
1951188740
30217268
122948657
70471901
271867357
1275068468
3607576836
282071044
3712234704
68174804
3707764813
1953808400
4080496836
470618432
4077912532
3569665076
3427602884
836502528
3697020176
3338944817
100520781
326373389
70583552
63385712
51381069
873464065
1329004592
499439389
3221242993
1294992208
471597889
3221491761
4050965264
319256020
822886684
334610740
1953776577
281018833
121897997
318779421
3435447325
231813188
3271676097
3226275092
251976916
30438465
3710923088
285760
30412660
3241266180
1141362765
806433808
805585972
322983105
3544568577
3441171777
286331076
1142989
1075646465
121639376
273119025
203161920
1103954004
218108208
289407025
20185092
53768308
3439358993
471031293
4055895117
855641089
1547125569
72156624
3572505677
930936785
860647537
1976778868
1325404365
1561445341
1977474353
872534464
3506441457
1131493136
2001542257
18042125
3698643165
876875069
902836529
3544649748
258064
494154769
3221487616
4158456077
1565525188
891105537
3422582045
806356784
121717504
1896300849
474012748
500171968
3544976496
231736068
930284356
326596381
3439332381
79691792
1855552
2003842240
332598272
4195329
805621837
483475456
50545676
3506766148
221254685
3507242817
205522397
5030916
12611649
285688640
809254925
73221964
1342461773
3305112880
483872004
1146949584
823151876
268751105
1883242561
319279345
50225
208695604
80068868
1075608833
225904388
3711121168
1023439041
875875389
3234139396
5905
922803213
68361536
901976848
889992669
3489714653
117968
1594690929
355748877
282280192
3491028020
205549597
3343146241
886882304
17264660
469963057
1195638861
1114564
269341469
218103873
13632349
470811472
12846288
18285645
1856
1543557121
3222352081
1077365980
3234087940
3490710284
3425747968
487537
926948369
1892164
270299408
55316481
3426799889
4033890125
4045163828
252784909
79966272
3442933809
20983924
2110803969
1342245892
806556016
1292115261
67911696
4044108913
2081040
1345638464
471653853
3221226609
523243584
3742486784
3698591488
3505675520
3271774209
1880961040
1895838160
487342529
873516097
1093742672
3372109
1946271809
3569841156
97574721
4039116660
3509850420
808506381
870121485
2001548752
3276013760
3489874944
3295679536
221329245
1305280560
121647376
14496577
268647728
12783828
3607377153
4098044928
3491497009
1880584668
215436561
1280361216
1545453572
469774528
2003829777
30479216
29691185
3275820480
3707891968
64031809
54739761
3494068301
287162384
1125175297
272632948
1153709900
1543586257
823188496
50333041
1094726769
1364013261
3695447040
1412481473
288361488
20235572
3520336644
3338720284
3234271504
1090547716
67125553
3222762525
125108340
1292107997
71157568
4031824897
3251949892
3690987568
3223061440
7352797
96750596
14486785
1893155276
4043620545
1007882241
3519235956
4407581
201445681
17631053
3221343424
922748125
886244161
3228598065
890056925
1292751041
3544400964
3491509021
3489665232
30224461
55001345
3540208640
1078202417
268912577
323016449
3507554125
3489730624
1306317636
861107201
1899237632
881105
204735681
218568508
3250701389
810750324
3446672669
4093657412
834680820
3504079644
201657460
1090733252
936594496
3291681793
281022464
470834192
202391901
3490448128
3279376404
3708666052
3443377348
3222035713
291311364
281296349
1276906817
1547964688
3503295600
29652080
902037504
67362049
857476172
810369244
3426754304
117817345
902896669
4997380
3698331916
54621232
3497266241
125071645
55391424
3502440720
3489675120
822900020
927813440
218918924
927740097
58151748
213975104
1075082241
1306313776
3340174080
3344135028
326123729
7606528
3293593649
218592052
3346122205
818680064
477378372
3411981
21002108
352325681
1898975428
3707765872
276040973
230953840
474431565
922763264
275992653
474445572
13713676
819838980
201343025
1207029200
1290813469
1007885428
1276170704
3251653937
1073746113
22830336
3506490701
487857245
281039044
1950732497
4248050736
3251859920
490768
473747456
120860880
7340496
320607100
4681796
67110656
72205517
1305482292
4148448525
71425300
3503306560
1092383773
477614348
835916592
3490119693
18088797
1141359041
2002023424
5293168
469811968
297849668
221627472
326369648
3225634576
130027997
71778417
501072717
204501069
70307277
868225984
1128584132
1291911168
282870225
284643264
271827313
51581968
886833997
221267060
50795332
58131460
275775489
1953759425
1946278941
928202868
16781312
822362333
365364237
1086411584
822542836
223200564
281506829
3339830336
1127510045
54985172
13
3234860112
809508189
1197211700
4043388017
1953764404
326585648
1849136
390070336
1077269265
3691459792
1153700112
54990788
1949373188
206599984
281034813
3493904605
288475101
269498128
121861172
3234331956
1078730001
1950429469
3221287181
3540898561
68174669
272678976
270340928
1090736192
4107734093
1091502337
29872196
121684753
12962832
232206813
1970752768
91492573
355470592
20186192
1947259905
1128534813
122488576
1103314973
3544239297
1903165700
3573551117
393594700
269687857
272632900
68170509
14535709
471614672
204853696
1392509952
872415248
30170381
50615108
1931284528
51384065
818152460
3305898000
3541834812
1411174861
896627824
3557634097
218909968
1355039792
321913101
1304906817
812847120
12795916
3288364865
58049649
473289540
298009037
927168336
1061745
3346121741
299070212
259064832
121691441
3722202433
269685773
1896941428
230903040
3224830785
3520135232
1960643844
3225878977
3288383540
869207069
877462976
3346010321
53558545
1124335664
1142763968
1883729985
51409933
336712512
1291907196
121896960
4982528
3222012173
1161035840
1975586077
339591232
3309313296
886048528
3229041725
4097049604
3301972996
1128534465
1153450864
81932
67126097
885077968
1061069
3227284301
1014247681
3547411664
1946948800
875650244
1129122817
336397124
1398617360
222317681
1896890385
1142387792
4151316497
2081359728
219182132
3607190592
271602433
232587533
1128297716
1305788676
875823473
3506488400
71368716
1892954161
4198400
875851900
335544784
1909211200
1081098317
858865969
4123070685
1305686045
3233857564
62987325
232005396
3493876557
79712337
17243405
22088772
1075052656
3554538432
54743824
3439386433
55312477
3489739633
2110804209
876666113
1086354445
1142214705
3694255420
3279098116
67317884
872727744
1898987613
487600589
67895501
31195408
1934573585
3308454656
470602188
859247644
4337
7344973
923222036
3221241868
486743360
218103873
54545664
82886708
3251897396
16977268
3493859804
868290564
822399244
3720352960
3541946573
202593308
298647552
197633
475137
17907716
272629876
3276655729
2134953040
318785296
3301979136
207440989
1153450013
4097061636
268465169
889418945
834933504
72102352
16897805
3296056528
205840192
1275872256
70516788
1949353229
1947156688
201540672
903040285
926958337
1996490192
269271052
1086523140
3712024577
17679220
16784669
1295074112
3221429324
872418368
1097841
3486720
7352397
289264640
1056966429
3494052916
273096144
3302244445
3223130573
487903441
1086812945
3288596829
822087104
4107092445
811335940
72204368
348394436
500200924
3490661197
3436462300
72616973
501074972
322978589
231031069
3490139248
226260176
3293380804
1194347520
1141112881
1078001741
3611541568
3239932941
3423666189
3340025873
3695563008
3149828
52236292
3502314244
80490765
12894468
3346486077
3509661789
2003909965
1933778385
469979184
4027650100
3222225361
20205761
1279263940
877723968
350040077
17106189
873517332
3338694925
335748400
4081057869
118715149
80937457
525271089
24386769
3250877488
326372609
3305178052
221709116
84360260
875836188
67911876
1074643741
7655616
488494852
74527952
338760916
351342864
202591357
323768324
55575796
3541254144
3251896385
3699115889
3228881740
268655633
3318969409
1976644621
70305613
487800844
472986636
471286557
1090979597
3494121500
3540320461
1903439984
54987856
3442793920
3694134084
1306332173
80741181
84199284
332862285
1276921693
74740800
298081280
805785028
271908864
1081427152
231161908
202375232
3691315393
1291916340
810811392
268911924
1077948416
3271806996
30408973
823513553
1094743041
266737
201331920
53940036
18051521
91304961
3305926781
1279293300
1086397700
58146820
823136368
30606337
125059280
1946964224
3223179460
3229044176
278592
71513552
3305165825
323080244
7815168
298895152
204853297
17042736
499912896
857551708
1342558209
255869789
3221439953
1966194688
3494838285
29365053
12666676
62934484
29570049
876019716
218106945
1194788685
15778881
1090523201
276051760
818011213
1464275780
4108179408
201168
1087376848
3548184833
3708040972
3503296513
73217052
822205889
872493324
3491611661
1093984028
822085469
500200272
288620564
56439824
1077006340
3305915601
125246720
17344
230706624
88293824
7631921
2001476701
486555677
122884148
873976001
318783537
3296161857
3489989069
281613
1946632452
69011316
221306116
1891697968
3490500624
3238052305
3692049408
859849741
3541072896
836571968
872706416
4027335709
469791793
1958818868
5001296
1896022237
3708830464
3431680
206574337
1104941056
288834308
1154483268
31212660
8196381
3317895168
473779668
71422404
1884177
3544304916
1422999761
1073770765
269959428
3451965456
1953789132
486998864
1104216080
1880116484
3319596828
364920093
3489942724
1087848705
822547421
3241201780
1142014977
4282659857
13648640
4143972404
3292598272
230961408
473367552
1896095684
926954704
4046523660
55432192
876724317
487806236
1276169233
4057427997
1142690240
3519025217
1124336717
4046835725
218120196
1154496380
83950672
286114060
338903924
3238117460
1294544
85848321
4026549712
1074070996
3444323380
1949381744
118751281
67924992
859885825
