1879116849
1949351937
872640561
3289610205
1279751364
117555204
3276538692
3288350737
214030196
3242394844
70767360
3745775873
80770096
1279460657
3707965748
1998340100
271584273
119348480
268442932
3691843024
20386560
1900856333
1125320512
2000700476
68633552
271609968
3611577793
889505652
284278804
131084592
257229569
3503050032
3288608829
3225633805
3239527709
3234861908
1075633476
270294093
902040692
1198723844
3342939252
3489878289
926958020
1544344013
117506077
71356493
4081332701
876612864
2002632781
322978868
1077940048
3305131460
31261773
829804752
3439415360
3225699537
1465848004
1892906288
318823873
1051712
806474512
4027794640
3250605313
29848784
3545170205
268705585
1168461
1144320029
359973073
125259008
30475485
1291850512
1293108272
54592273
3741564944
276289296
3452698637
3711189248
4029677776
822874893
213976128
281234884
3225750720
79741888
3541857296
3510635632
67948592
3691066561
3222090781
222563805
29675536
268485489
822362881
3514569476
201683969
822139921
326422541
16780740
21241092
825545153
31211636
927059968
875642932
3622001
13652225
808530116
3422818765
3708895233
3439791361
473957440
18026545
50595661
3708834752
2000100416
1074023645
1091388161
3221493504
218318592
812649549
1086390289
1880109948
218120204
872677661
890245136
3221344704
1550893265
4463632
3222290672
52481
3493921037
205802993
1124454401
1947009088
54529309
1010844893
16833536
3489690688
7406596
3490479440
3339175168
54541505
1883508800
3492886285
201552925
3489665293
82854365
12865360
67114816
923235521
122799325
293355789
835731572
79709252
805575936
3609360
4044096732
3238264896
323345485
232210444
3223080912
4673612
81645581
30494785
3346083868
50597889
1078739165
4505968
876874765
3541108593
3504095684
4034141520
16448
1896041520
1011985
50352913
273536221
1275527441
3491180992
273144900
54800637
1900874964
30475325
3712185364
471127068
3221517316
297995741
269698049
201395265
829901853
1960776925
491599056
873267572
3272886033
3502294212
3222274052
1081197568
3293431248
205528140
118705408
50348109
18088013
99614832
3503046848
271609885
118609008
12842196
202379456
1125500017
268442896
272633053
902823937
1892693248
121753601
1089819584
1141751809
326110301
4057157645
4224861
201441757
18036497
3288335108
3221501760
3228619780
12874033
3506508049
97267740
19988765
1128496432
17563969
3221422144
1078408209
875837261
1094927104
1933590541
3227327965
873272372
474225876
806671169
319245504
3252113412
1074820865
331369588
203278096
3610509392
268645440
17564097
208745501
3311154292
487590961
85249297
1006718220
873463828
1293684701
1023869981
290816
4057324912
271695984
15729472
381169
822986525
3544973777
3707882780
3552605185
270275345
875567044
119345933
1091309661
7681860
3564586177
927744052
3490792269
71619057
55382493
79917069
4027796753
201326912
3222352653
3490136925
319819980
2138100765
4200285
286095121
1278489808
3502519492
206636913
75313264
1897660416
50547988
269293389
51462401
1949615361
1852209
3694140432
97279452
807263424
3491564801
3506504132
29490180
3275821060
117756237
3720364865
17580237
1884030004
298851537
299632093
1077215553
1896903876
122733393
3577154765
1145849601
1287659340
806158800
219206864
80741584
2080896465
53954368
3228832512
3224436957
290534516
3288364036
3615424513
1288554269
206587136
268440625
1076891869
226246964
1291929412
1899027712
269226768
1950552896
491587421
7233
1287963649
3615233808
323031808
282329860
3559931917
5456068
52286272
231756573
836508701
3302014996
806551821
1124401156
3233838080
16795468
1064205
487392256
3222302912
3339001293
208977972
3497383696
292674884
364969985
483655744
51385204
1359332381
1137561856
1355137793
486633776
3407952
4150002765
1195429965
3436251089
74564416
3708040413
17564685
125043764
3722182660
4196108
1091883212
1899037748
335594244
3338892401
57742580
319626253
3225896129
202851356
206589044
1292176404
49937
55312668
1093890240
118965277
1998389277
487375924
1191657540
270341137
3234676852
3614495188
856969025
21233728
3507225364
365179917
1036049713
51125504
122548317
809813005
470044529
17658653
3708814449
1292108080
218903809
3224580
68227293
83099905
3557232692
1079050352
3494710720
825507841
490160909
1304744269
1936996317
3442492173
327709
3227321153
928841744
326370048
3288647424
16981268
3544194845
4109497348
121651249
275846941
1192281152
930576205
1079843844
4029678592
3503292684
3490123972
935609364
4245749773
1087397172
927011585
206325521
1998392576
826740996
366007117
486607872
3343700032
67126016
3226590464
3238466365
121688432
1058917469
3243003204
1145507280
83128592
1292899185
326373428
1996948528
813030656
3741441104
1883358260
1548492241
219349105
3497069569
3541316801
17039364
852237
4026651100
268452049
18693444
3508352004
3490775040
3513829121
118817857
1074988033
808737869
1090598672
71353565
877098013
3694133265
1007423940
1978742529
3540255760
84741377
927208413
2004090945
885113668
336600132
386741341
3506707725
1086455101
4228914432
54804752
290524945
3285387068
1560333632
856424733
836572273
1900239885
268914737
3235119217
17685968
3443526733
1057083440
252706880
12288
223089100
17237044
3721399348
886063120
31310653
51134544
1883559796
276676673
470143092
877481076
1933837068
339853773
806481969
3490739213
387043357
1086522628
318849308
474811852
3493269581
3271818449
3494318156
3494708276
7456576
3221488640
1895845168
3513778628
268502212
2138362113
319033344
1279329088
12651524
924057905
311300
1299512576
4081862464
3302444109
125637908
3422564545
1883558672
3238793284
323815281
1103172820
1951663884
3439594564
1102321
3238268977
29623325
1131696253
3272426241
20235072
1879314932
889474077
3229368368
1574778700
3556783124
891035101
3276556144
4028384004
1090638109
3507536961
29688068
3225732097
3489665309
3309568893
55574748
3291796337
1075576833
3509794772
1896153408
1074033936
3507486724
3301704816
3302176624
3489731009
4084469953
3720413261
3490119684
1884143668
214370052
3308519645
856272
67426116
1130556
1966346365
1073860804
1343701004
281216029
822872017
55005489
3541835069
890505025
1947039025
67378180
14484509
930356337
1081426765
272707841
17657904
272650436
336592896
822140220
222786304
471813184
67125520
3558683709
3221310464
57689088
1946236161
219004976
3308588292
1138510900
326226961
225919281
273728717
3490569676
299109469
386993156
1882310429
68207664
3440579377
3520082189
1192496156
130496260
486612017
118505552
823080768
286127152
872431629
927010049
78289
1329650880
923796496
49348
3493019649
231683072
270400625
872677389
50339149
1030754316
3519356177
3222281245
117702660
1104950017
926954548
286088669
3250586420
208949261
5031680
118506957
1074738960
4056960285
220416
3427553104
222151748
51400156
809288129
1896154129
1886456944
70582605
4097838129
494192388
3291820288
3338956829
83103517
1946367452
68956161
3605444
202601488
197057
3426159988
3556770865
3224662324
79806580
331730992
212080
1091423693
84689713
1158103821
3222097969
1125937360
30475076
218316868
818365648
1930484992
288621568
220000452
1081344256
3430203396
20724
3342909556
3552800976
68358336
813121904
70467648
3557568768
486821197
2010133508
1125125328
885382449
289430640
477371420
298310896
3540304973
5034253
4081913921
1148981264
827376640
287113216
3222488541
386974720
1276973517
30872529
1901569
3338784605
3340570065
1144078644
3692499712
299703581
13878592
1192297729
289430848
4032237876
57683980
3541240881
54538356
3561226692
56393012
201806865
31261757
3228631296
349651392
222327261
16779085
225759280
880084797
54592525
1002708
284415041
285215857
3711225037
3224847169
205535040
474808577
3695402061
3506232433
876728321
928827200
3544252868
118571024
67186804
14483728
875937792
872690688
3495769537
876609649
88350017
3745988608
17420
21762241
207475920
4046944000
4148625421
7651440
3497115968
924667201
214962228
1959791937
1896808756
71356468
877613060
18632704
3696232260
3504132928
51186756
3225632884
3707974912
3497214324
3288335104
4081255684
55002893
71320577
1090533184
1191445313
4099673361
67427776
96523008
1006682176
19923409
3493610304
2060301
4056154384
486553457
1025249373
50453789
3490759133
219267072
57953536
3692261425
124980420
337499200
3494075405
855638068
1883468916
1959788573
1883468544
16830797
500368688
1088162884
500485197
803073
4232328460
134021120
2001142592
3288646864
55014212
1359859137
17875760
54621405
74499072
1292751732
3229053773
1091371853
1949502929
343361332
808911308
122499405
922866436
256709444
118800
3427651805
1296123149
1282675533
3437039681
276612916
270285892
1900822608
893440845
1128387632
270299200
1950692096
877515780
3292738816
877075917
3223177085
4057141552
3237282673
55792397
118554688
3225683441
3288338700
1148268797
3149569
387907697
30487748
365022529
1547711492
3423827152
3235132701
1946357533
3235180801
3720412429
3695497308
1392775620
1094982720
3489775693
3221429517
4027598032
1895828928
1977380980
272941268
3608576
806568144
3541305152
884998157
51476240
320623437
459228
298582032
1068112
318767156
30459196
67108880
809712705
354237517
527501133
57684996
880017869
3473785088
394228020
1275184128
117519424
1075656156
3222524160
1091585232
923800604
4145499188
3709025612
1103180081
3507244285
3277665280
268488973
67170560
471036017
808471860
923223040
284194640
221498676
806177796
1124335645
24334545
487638212
3502563137
3492835584
838271089
288443588
1958740996
233912141
252035332
255934465
1959802161
281346100
3300921373
3222041793
4209985
868430852
3300941296
3612152689
81593309
74910992
922759617
3507762228
3708243008
3301380160
230717252
1144308957
1976005648
822136848
3423458304
1997276176
3695183108
926953524
3423826292
81227972
57885716
3221321585
1930285085
1966538833
482722048
3504304244
1960034369
3569687824
29445377
1195841396
4110900532
1325617997
860143693
877461876
3545236673
1356689665
79957440
1903630157
3352512260
1946355164
885862400
877855937
3510399233
1356009732
320605252
7460033
219004928
326370173
67109696
3271773633
1052941
4673549
3755266316
499342384
67223581
1125974209
231764045
72187149
3540276301
923065373
1148204528
18034753
124851569
3711960064
67121932
1975783796
29848321
822199117
4235396308
3691042000
4113580912
230972672
3440582096
3245608964
868709453
523575069
1951465492
389497601
879804429
1160785933
1283260621
872434804
3234862272
87051533
3512540416
231932164
4033884176
887046593
3343986804
223613716
1124549056
3214448
473242653
68635660
1304428544
29838800
1280332608
1086439425
20185153
3715193933
3238065168
121965888
68272972
475218129
470080724
71622084
68157552
822136848
3289859264
4044099840
54531100
121902144
810491136
49412
51594256
70781
1087189361
856900353
276582593
332350941
67321908
385877297
1077152884
3510923521
1076944176
1090772033
490749953
483590401
3493123908
1398604093
54739776
1086410032
12586240
326173761
17039389
486542452
1048605
3238010112
268648720
1880883264
3304538560
3222080796
3556835632
930550556
57946388
68280065
786496
3223121936
270390493
1079185485
1953763572
349458432
286003668
326108624
4028436752
3439395664
490000644
3221295888
476976
70369585
272629837
125056116
3233875776
499977473
5097408
270273793
494367185
3428696384
1947405760
3497029840
1036046620
1124292417
1900043548
12846925
3237859329
490946865
3296006257
4229120820
3494375744
860094528
1947268288
201589964
1946186829
3221274637
4043326237
3343676625
3504079664
1065792
1295455088
14120241
3302768640
1908879617
487641101
365167436
1898987716
221711808
3429908740
1027392512
3146004
118807824
7344208
469811457
4095525888
85724637
131076368
3251637712
3497489616
3228832820
204477248
889212352
4211524
17908545
122451837
320032000
3490566452
3558605069
214227980
2001731636
16385
79694913
17567857
1167408
85180493
348243732
3427221580
282071828
3709681712
275795409
3275967937
50363456
12783872
877511453
71615516
17616896
500023745
3721469044
83887105
872627468
3569382340
807260189
3225617501
3238020176
930205812
855638324
202404176
1897074957
3503490128
222678084
29625652
348444493
6095873
4027334737
1406940612
326435037
3228905489
278580
3503304961
3275027729
331560816
3443727837
390336720
74650480
1946471921
50659584
3452031245
3442802881
3709714544
386216704
80743444
24137793
3555803136
470037553
74763268
298058960
487801117
1141129409
3497226509
3695198220
335745793
3489693553
218170628
3426763844
68973761
55379741
201535556
286537549
1074230349
3576958228
1909510928
3494081392
71790860
57934657
826491345
298851376
3288596797
55395520
4095688924
51119168
3545290512
123147293
3271612276
1074819073
322965713
494339165
3507429233
3319534404
1075006940
524300612
1291894992
3302453252
3510370577
1903952193
3295789120
322985805
3293315549
55513200
3452819268
1997586432
20992221
1091766045
3502562752
85199876
117502988
213926724
1275118813
3276214477
3506638032
1949504340
230912269
1343227713
3279162653
201330960
30474305
927796288
1103617296
364908788
70306896
3698593540
67122241
874266637
83898417
49984
231857473
823988992
477393168
836518736
1024464132
3447014352
3241410829
3520118849
298307597
324206592
122422209
3440837700
3426746384
499909888
487015232
221312049
3503293296
923857664
3302192900
289475844
3694383376
67129344
3497215812
3494071360
894197200
3272046017
3427221616
69013760
1142800845
18038797
500369181
470027328
886535965
299752448
385879348
17040397
470859804
3704888653
118644
1137128449
810352721
121639953
3491565568
3492872525
282070493
218591245
4109832209
3494721393
12596240
1900286737
857092
1959790545
1093669341
390386432
2004683997
326451200
4227941124
1193019201
231935453
1155347569
1349996612
903033796
4096805965
324828609
1896092637
3225485517
1140852556
1128284212
1145164608
31251764
3742369600
892338945
3290235357
1896138500
926109149
1836877
3519860756
923996212
3442594884
3250589124
318981120
318796557
3222390604
125095220
21066973
56400
487656452
7816221
232637296
3502445388
1307840961
1949762816
2000736708
1896075460
298962944
884998157
268709969
275841332
53985660
74649616
1090522188
97568628
272891981
1396769552
1128472321
810288180
117441328
69000516
3221487617
1895832625
314384
1946956660
3225534941
809570497
875566912
13566420
3557055796
3251843136
67900621
2003841092
16778241
3541359632
1078203344
3489987652
204751153
3225617521
1929498929
3694466048
486544413
1125172285
868468
810745908
276287552
834895325
319820637
3276133245
55312461
3301406576
873525297
17826640
3276616733
117502401
834732865
286017356
18731201
3221233108
3289396464
3511423041
3547345920
286217245
1158749441
3544386628
1131886352
822938845
922946880
887043548
220017092
4048384016
74517764
4110500148
1896613233
872469248
4151791616
1292061904
4107286348
1292963904
3694474448
251874561
3519510349
1148669245
268901440
117496909
902837517
1426375985
1090733297
1275146241
3289399628
1880884301
1879167261
3343064064
3343146876
1356677172
1074729985
340574477
880751729
1275071489
1074594077
1129382148
206553156
1963210561
1074540660
4506884
826344193
273141965
225706753
268819920
3241149488
1104367629
268522548
3545056333
3214337
282926337
29635697
3339501569
3423416784
205832461
1897689348
1106576497
1074607117
68023501
469766596
17039553
1090588765
1074220496
787213
269685008
2082276352
472975220
69853
1074022161
834931793
268436272
324861965
79709425
55586865
1073742129
3339736909
3228572993
3225885697
807145937
875836429
71319744
1900856180
1078589
927940724
1075302641
1950811421
3708030260
3490727005
54543181
885486848
1103122433
3288347393
1192444932
319647856
477956048
67896336
1896137744
1073754992
472921940
114704
1127435264
120833297
1091359537
1062067456
3545051249
17876752
3698802800
809762836
3522645248
1959555344
3238315200
13881404
3712745805
67113329
3294376433
822083825
475006801
351388932
805388573
823360960
389886013
1880296644
298254353
125571332
3293577280
3489989440
1148269568
205593869
3339714561
524502237
3223155712
3436637
281246772
67960880
822097693
1886876432
323081024
499390220
1392755933
74453057
1073814797
4404224
3221701108
3253998340
927944960
54530512
1292894452
30408897
208760832
487588292
3490563088
67454832
221710292
1347471181
1953591552
91276288
3293775732
218199812
202443853
821506049
326372829
3691189297
860900432
20405249
1131693341
859260112
1078746416
290315716
809962500
219168988
1061422877
3225433309
3698803761
263181
98383053
799057
3513834561
51187136
121688384
3608166412
5260100
4538624
30420996
1895826244
1355091005
822200144
18039104
272056528
1104162909
17632269
97534428
205736973
67584048
1192345821
62995828
12288
3221243713
50532464
3443380544
3301990160
352637236
3212557
4095541360
3440313092
12829124
298060817
298266624
3442737373
1195495748
4101000692
512833
268816701
50557197
263104
271581377
1333211441
73208029
3504151632
13896909
18052401
283069812
3342286913
16790545
1893669901
3720814032
1892700381
834932784
1131676672
3241227276
471023828
477152020
30537520
524292353
3503572017
4101457728
3340726592
1523953
3520906317
3509850112
53809153
1292305473
17630324
271634445
1074018113
3547673037
2010132945
885473552
3552916544
1075069261
29438145
285212788
499401036
13711172
3288450512
67309572
835662669
29740337
3252622192
268791812
282070080
487392449
281068404
1276916736
1976644660
3478301
231863664
819839181
1355238448
469779200
3493972992
3493131505
486595917
3441164573
5255377
124784413
231981904
1511680
3507354653
225522996
56610164
1998340365
17678812
886948308
319839424
3225537613
230752260
1975783233
1091764532
391912461
6083441
3238809345
834982676
67126388
120933824
3493073117
252923340
4093758464
4091360257
1140936048
1057833821
57947213
1908618032
53478513
17117965
97525005
20185456
3235647965
1020031952
72091409
20251904
57935728
873251152
886096721
3742370865
4391185
1930625037
88557325
31312973
3748742145
15732785
3489677569
17945409
3634176
68358989
3222324445
3301724209
3713079104
50382669
71304512
3692090140
1073749108
336360461
118240452
81002704
1392627825
97992708
335806493
17777437
21757981
3691869184
1193018141
207084804
1124549085
70530500
1097974029
20189261
825689284
809616464
81604800
3221441549
1142361089
56360989
67390928
806093636
3698331652
125099217
3721610064
1347449904
7668593
122684529
12586205
1560506820
124800464
17633309
3503060848
231739405
285177025
829441024
20975740
394084608
1197228080
3541832641
3359601
118508801
1100893
259462353
201638708
1145261313
218891076
3288531969
3222539568
3709849908
3293775665
335573057
262620
205570269
491795828
122486784
3492819716
1077166132
4243508
3289449332
1884033028
80757044
18043649
57886465
366753613
3504158148
922775553
390382644
3720364081
53543121
2082325533
1079893312
1293090820
1900924992
3612308676
32507073
3696283405
13897757
16895281
1288441868
1074545857
823132948
58577665
3493268496
859113281
872617841
1014251792
390923729
50336241
1960631553
52166749
1095005297
474811664
335561037
3519044612
319615245
486592989
873529601
70732868
204947457
3503309057
3695981825
4077065053
1547026641
251728241
809517313
70468429
1997567089
1007486928
1883324624
3234971648
336600112
206337220
3308472064
3711238452
118539265
835125316
3422761216
12653341
889245697
3720807188
3510043508
17567952
3557819393
3507713328
4099674141
3744731136
1141314416
390923265
97584973
53964801
3222040588
1996767261
3721401540
1007698224
67310609
487607409
879955408
72597725
3296157124
17563725
323338240
3239527172
486610180
70569409
1900085260
822165760
79806768
889995268
4248097245
1073741825
1280053709
333267201
268501108
282342401
4928
1883714625
84939601
3721904128
81527860
203227613
3497276609
3426012225
1996492996
1079050304
3694462004
3292819904
29618369
4093903300
3541858064
3422867712
3300986893
806470912
1074794781
121926708
3251663985
232046608
54582292
3288549341
4243549
4059037708
4044426449
1292138292
1153814541
3271626560
283054109
271847680
318983168
3477549520
1074053616
855864141
3564225777
3544236864
1073942993
1573178416
4148429764
16793793
4456733
281493565
201396493
1960071985
31262157
856759296
486817804
71306560
3228909788
286457872
8138752
1104171789
2094006273
4093973249
3712811008
17043524
1161036801
3511439629
96930817
52251729
872619468
1947160769
3742580740
291892
3224493316
271598017
2048973
930414864
1349785456
1104987344
12583169
3519028592
1124860381
486822337
4506625
3241627713
7799884
4044161293
3489776832
122109968
275457
3221239569
262156
1949517584
214118464
3720350980
2001551732
201527565
469963613
818401473
1279266064
1086640324
3720810704
336004893
1077951745
31423505
29623296
55088
813134144
3251663732
16897232
2036593
269701149
218582129
50806813
1073811520
875918580
1118017
890255312
75259329
1074008529
1573915868
13399068
20238412
474955805
1891857693
52172620
3543217165
1305481233
326595345
3494645617
3224683741
3224371229
3308608784
1093681236
271598604
7718656
12584196
121835777
3720352832
19922945
1882247233
822203636
3510911440
3590066381
3747417152
1075252484
3708645681
1291845853
79811405
269950209
87495536
3291791376
