-14659
8392
-16739
7141
12514
900
-7268
-35556
39020
-10392
-19148
15568
-3663
-9181
1549
-21009
-5566
-18382
27949
2149
-7718
-12300
59254
-28724
29379
7096
-7639
39544
-30122
-43731
19738
-2223
-3041
10255
24378
5569
20827
7751
20958
3329
3492
-17737
35478
14427
-17327
-15424
-5474
46610
-6381
43498
-22639
-22717
694
-1517
-24541
9763
10145
818
10902
-7810
12865
31989
2725
-32121
-12283
7792
-413
4260
20003
5533
24580
13605
337
13545
4444
28380
8797
8394
55982
-19801
-14881
-25645
31069
18252
-10660
-9979
3706
-42568
-32822
22866
30030
43220
27958
-14034
5931
-19960
15743
6094
-28176
-37502
-2552
-1126
16488
39768
9709
-618
-793
33784
18918
-25203
-34537
-16843
-17519
2838
-2162
-11292
40090
-12315
6070
-34685
-2067
-38248
-17898
6768
-1258
-3352
-5761
10351
-15457
268
19602
8884
-15305
-19045
20507
10081
5557
-10232
18444
-19445
-11989
-3876
25495
-21956
-25073
1443
-11389
-4737
-4658
3730
1478
-23329
-47999
-22648
-24340
-15266
3526
33171
28160
-14539
-21054
-38135
11160
7562
33704
8991
-18149
-10118
-7887
13925
-19285
17882
-13657
-1135
9773
-5660
22121
29945
-12214
-4483
31327
21227
-5483
12735
20014
-7040
1288
-29328
-22099
-4942
-16569
7705
17652
-23463
14412
-23107
36631
33998
28041
2422
-12464
22243
-3791
33506
-26144
-3271
-54017
-20580
30849
-9114
8319
4681
18342
-18303
32980
-33505
-4217
20164
-8534
51830
14231
7348
-25611
14672
-9593
8854
55741
-2092
-126
8101
-15
-22143
42475
-29789
-16783
-7471
6944
-25254
-6578
-14651
2969
-15943
-6174
4236
2410
-11710
-17522
6918
7544
-48334
16544
34326
-21465
26
20318
27362
-13984
28366
-19119
11709
-6900
3551
-14173
16398
21409
12771
38451
40341
39732
9242
-3043
-40596
-26291
-8752
-7706
17657
27540
-32825
-25468
-16924
-32956
22615
-1775
6856
-1170
18382
-46897
-13873
8429
-34218
2240
1409
9968
4783
55794
-28832
-40066
18968
14657
24543
-53221
-23221
26543
30120
-26431
3314
15130
27614
-17711
27212
10464
-10426
-29474
1480
18757
-2065
27136
694
-4727
4795
13671
-12854
-33772
14152
-760
-4894
-4294
-34961
-891
-16507
19437
9740
7964
-4729
662
-9148
18051
-30998
-24545
33792
3788
-12826
-26557
28825
674
-29046
-11226
-6046
14300
10752
20968
-7570
11711
32038
-12814
-25676
-18892
-39441
17303
14175
-44503
-5326
10850
-33840
-18150
-20216
13584
-31484
-7358
-27681
-11264
-21244
5728
14778
28625
-5910
-33595
9198
-20496
416
-36361
3939
17772
-11914
44160
30378
-9651
-28875
-17598
8580
-26728
-4042
-11735
-37810
-22752
6502
-16490
14263
5782
-8279
-2881
7946
-6133
-9568
4599
-25208
17747
-3687
-40143
-35954
18943
6092
-6091
-14740
21892
-34133
-57039
8390
-7807
-15448
-26593
-34598
-650
-42495
14191
16404
-8130
-15887
1641
11000
-37831
13433
30323
13936
2119
15317
-9258
-24142
17274
-23306
10892
19238
-17034
37454
-11445
38450
35974
-20634
-2460
4752
-710
-26403
-9091
40972
-1733
-21592
29808
-2941
23740
9049
-14499
1723
20830
-23940
-29531
-11426
-8454
6993
12237
22217
31274
37491
-34977
-16572
787
-28212
-38978
-22131
-11927
-4842
30331
-20524
1976
11677
27125
5316
17695
13696
-19602
-28306
-30034
1068
35846
25450
27146
-21127
-12388
-25156
-5979
32328
4151
-24353
-36706
-22696
-16344
-25569
50798
14029
-5219
-15419
-10878
11743
12172
-3493
4890
18766
-17269
18807
-44882
-23144
13170
1292
23178
20510
20418
9752
13935
-10425
30523
-18188
22925
-32562
-18409
30096
-23705
42455
-32626
-860
-17554
-53260
28971
2534
-19891
38424
-15301
-23802
37371
-36514
-5015
12955
49447
-15288
-21086
-4236
-10088
28898
19727
-12512
14605
-29851
-28194
-23862
-15875
-4387
-6182
3189
1424
-29836
12977
-33133
-12927
-14753
-9651
-19796
11520
-11764
23834
-21089
-19876
5420
21624
-27380
-11278
-6862
-12242
-18194
-11866
-33873
27546
10573
6220
-5824
56854
-8664
-25384
42033
-21274
23052
39236
11594
-36055
23946
26860
3510
-26836
-38521
-2036
9408
-16054
9560
22238
19504
-18630
-24159
-8450
2132
23753
-22279
-189
33023
-28481
20611
4438
7992
13441
-13559
7944
11854
3559
-1046
2965
16791
-21873
3260
5327
-16347
-26633
-3603
-16028
-40
25267
17106
-4161
-18367
-15106
-48799
-7722
2330
2985
-12745
-18792
-6691
-16068
28314
-22836
3302
-44342
16617
-26005
-5180
7502
-38720
-39361
-27234
16566
17015
-38242
-10219
8373
-30309
7621
-22405
-16653
16915
-1296
7674
-27768
-216
2166
10606
9880
14739
-32035
8508
244
16624
39194
12855
-21483
21624
-8110
-24063
8679
11621
18587
20562
8207
-5777
36440
-16701
-14775
17990
-5982
-9563
21038
20316
19860
6338
-23879
15101
1677
37179
19129
13268
-20016
8164
-5518
-12787
-4514
28598
3758
44315
-19454
3439
21320
-13082
-44626
-8285
-10986
16134
-6436
-3446
-25129
23792
2033
351
31515
-14937
-39802
-8643
-9112
8686
-284
-24005
2580
-37117
-20524
-9866
46520
-24722
54210
-1172
24263
-2942
34857
-17654
23034
-19208
15512
-18574
29293
-4646
-5964
10889
-11105
-19100
-29832
-8537
18341
3410
19188
30932
-40697
-9983
-8888
-6797
-5588
-30283
-18343
-18026
-4666
-31904
5728
37968
-14917
-35946
-11318
-36879
-25800
23661
-26263
-1328
-15780
-12437
33111
-1562
-26445
5137
-24188
19208
20062
21866
-15963
-13226
-35355
16635
30765
24711
-18655
21268
37212
12517
-15969
39084
-34707
9438
17464
-8718
-36532
-8925
-4517
13327
20941
-19462
-12408
-26764
12786
25966
29704
-39206
13651
23247
7718
-20888
11607
36481
18373
26444
-24660
-1820
-34643
17177
46179
36386
-14260
-17496
6584
23571
-23601
-3796
-21252
-17493
-4557
-31322
19471
-17579
11655
10341
21170
-2647
-6960
24124
-7843
7679
24892
-10968
46199
-12072
-19932
20136
-8603
18542
-3081
15672
41890
-3667
-19807
-20276
-4986
-36916
-33800
-56120
-8694
-12173
6024
5368
20762
-1930
-5499
-5388
-13943
-4750
1300
10093
-38989
8013
38084
-10155
9965
-4607
777
6465
-17760
22135
-27948
-6160
9723
13360
-11706
30160
-12063
3546
-14022
-31695
-1661
29307
9771
7426
4940
-26524
-20519
-29345
-15601
16272
-17502
2024
-2608
-13699
-29371
-18350
10882
-918
916
-61953
-1400
-28569
18563
3526
-12717
-922
35306
24777
-5053
-21012
4502
-20818
16062
11342
18236
-27821
-31405
1011
-16180
-35054
51075
29636
250
-7068
12959
9872
4328
9790
-40865
-23394
7587
26365
11040
37923
-16112
7896
17089
-36915
-29895
46831
16839
14023
16669
-41086
20310
3005
-21716
-11296
-3180
9113
-8750
-31018
31131
-7772
-13833
-15510
-19354
445
-40169
24481
-2921
-44240
7883
25183
23890
-1937
16434
-5352
-48613
15727
34966
-15612
-29153
35408
4606
-1875
25957
22496
24783
-26953
2520
-43828
14178
-5776
-33923
-15957
21033
9040
-6359
7112
-4574
-10765
-3092
31984
28380
19030
-6342
1893
9189
17259
-18515
6698
-6756
4928
20231
32711
20012
-47028
272
20356
-11185
11820
7193
-446
-21593
15533
9044
28279
-35764
-6016
-7906
7174
14122
-21060
15453
49074
32119
-7210
17142
22235
2411
20199
14252
-37422
14771
10574
-17265
7993
-19372
-54950
5857
-6863
28252
10865
-23224
-10668
22055
22080
465
-4472
-25840
5969
24350
-2874
31838
-15753
41055
1652
-6392
44217
8510
-31329
-20193
-7349
17638
-21843
-2379
-20838
-50063
-7248
-7068
-22639
-4389
18215
2628
-21559
-10578
740
-40145
29945
-35568
48792
-33532
31508
-17546
-28868
50378
-7893
-4590
-26997
-14123
3142
21141
21208
-3279
-42251
-24781
5078
-24556
-8503
-8708
-5388
16493
-1063
-7170
-9100
-6239
34307
-24008
39987
13831
-2364
7650
11124
11026
-18611
11448
-18547
-140
16004
-2127
-18298
26264
-15838
3381
-25648
2033
21994
23051
-22275
-39153
-264
-42613
3250
9263
23390
15106
-15032
-6309
-5308
-27748
-12328
26265
3851
27737
9808
-23085
8630
16922
-8517
-42398
-6848
45404
-19750
-36347
18951
188
1848
37102
23639
23734
7697
-2458
-14385
-43788
22732
5896
-2208
-24700
19259
10548
-47897
8208
-4257
-13831
-937
37491
42724
-24376
-1069
-36681
37094
39302
37949
-20516
27076
-7942
-9255
17163
-2648
2572
11152
3338
-25726
8979
-12547
-5915
-28286
27005
8829
8619
-3921
-10316
-22766
-29589
-15700
1716
18152
-13680
-22642
14908
-941
-23739
-37232
-21518
-36884
-27480
-8398
-10860
5810
11115
19826
-14048
-7897
-9145
-44973
-10533
28431
18573
9137
-1001
-20508
22972
4934
-4192
26243
-4605
19564
-38182
-18126
-32748
-25625
-1971
-47779
-5401
6539
13436
-2002
16726
5425
12214
-7579
-23757
-20026
-33281
-15333
16684
48555
10677
-13471
-2629
8096
-9444
-48619
-9009
19032
-6027
-16079
15852
5200
-14757
4457
-35066
22774
-42994
39227
-34374
-1954
-19330
15959
-7517
-7698
-7998
3688
-26385
8836
-42575
193
23381
-26786
32600
-1825
712
-9767
14954
-2576
10312
-11070
-31858
2317
27472
12704
-6205
-34642
34975
-18088
-15317
47642
2420
7936
-31972
-1277
-15094
7125
-27701
28554
5311
-12426
13798
-11488
3576
914
26104
4149
-22060
17504
-20316
12151
26444
9742
21028
20274
-6209
-11231
-15292
1566
-44854
-3338
60746
21072
3424
-29760
1014
-18710
58645
-29755
7711
-50226
22796
-6590
12956
7885
-2326
25870
-13946
-1074
-7291
29231
-29641
-27728
-11507
17222
16797
22009
27858
38676
5962
10718
-24833
-23201
9388
17390
-1613
23932
13147
7030
25684
18030
-29665
1191
25585
-10551
-24565
-1876
-40161
22328
-33000
-30931
-3820
5528
-14549
31973
1432
13754
-1668
-25816
27491
16134
21514
-21687
-392
7961
-7944
-2146
5508
-8857
-3441
-1593
-41451
-16796
-31960
-24993
-35823
639
10357
13456
19756
-35876
33856
14896
49574
1876
-26109
8672
7553
-24900
22987
3777
-7804
-3995
-20736
-14176
9784
-6808
14172
21870
-6125
9956
-14839
-15602
-57460
12782
-1557
-3045
21442
-16316
25620
10549
-36309
-22685
31272
-22777
31795
-39316
-17492
-34431
6654
37552
14632
30844
-5078
-44225
-14288
29890
20528
-9772
-3573
53364
-42497
119
8119
-27230
14084
25168
-39322
-49199
28597
-4943
5896
-2057
40554
12326
292
-21448
-1704
1650
813
34478
8653
25530
6489
16778
3362
-24318
12142
13705
3985
18199
-24246
-33571
-1960
-6686
-4112
383
-28069
-24065
12588
-20753
-15910
-46105
27318
4212
-14230
18968
-7971
-8496
19765
4841
-21580
771
2397
25047
23347
12718
4855
36955
-26921
-2165
-6259
24340
9652
-18138
8179
-9954
7439
42119
-1063
23986
-26830
-29518
50513
-14370
-748
10995
2615
-1485
-1256
37162
28828
3027
-12090
-35400
26812
20314
-26506
-11158
-15534
25446
7992
-2514
11729
-12660
-12975
-3063
20741
-3995
-40485
5683
-18052
25315
20726
13352
-14459
-33384
26981
5661
43094
-15989
-11653
24182
12965
31996
3729
-37063
295
-24091
12994
-38427
59314
13343
-19166
632
268
22367
54034
31336
-16613
25011
-22879
-6006
-26227
-22626
1111
10850
24579
-37243
32876
-23158
-18850
-31438
29779
-9987
19624
7039
-32461
-20566
27519
31324
15931
21275
-138
31956
-2088
13961
-8352
-33102
-32468
9648
-3244
-32743
1494
12456
20298
10301
25134
35196
-3270
18860
-5143
1124
-30482
-34218
34552
13853
-28726
18484
24806
-34751
-13124
-12875
-23909
21725
11567
4545
6078
5196
11820
-5132
8806
-7452
18305
-16612
-12459
12210
5782
-21305
-18535
-26024
5731
-948
-23174
-2409
18601
8487
-13287
33169
-41239
15752
-21233
24172
-5971
13477
14976
15283
26239
2392
-14040
29541
-26033
-27294
25603
438
1617
-45330
17343
-1031
1054
-17286
-43966
19720
-16776
-21256
-19912
11794
-39889
-3398
-22074
-16716
4322
8251
-46902
-16144
1295
-21396
27622
10688
2236
-31610
-24628
26560
-3562
-12741
7176
20142
7304
17869
8622
12872
14318
5623
43142
-46735
-25790
-22442
10167
-18994
26521
-34835
-18794
-24336
-37661
-2395
-13136
-12825
-17110
-55929
-26304
-33855
15320
-37381
-3872
-18904
4706
21463
103
24134
19743
-20064
50651
-15650
-30398
-7365
3763
-19815
21303
-4555
-23781
-39246
34120
6916
29879
43115
-2535
2491
-15955
-19572
-8542
-33221
18462
-8680
-5491
-9303
-5328
-22617
-3817
11272
21620
-15668
5822
-6989
-25205
25090
-7347
3433
-25639
-20468
-7657
-8062
-32225
-3009
-11143
872
-29396
5797
-849
4347
-3071
-53412
30758
21104
-13280
-13300
1164
3365
14909
-4525
29305
30890
6986
9601
3181
-32941
-13738
5788
-20206
-26071
-1096
37360
26403
33841
-21269
8402
8708
-8222
-34297
16702
19468
1744
28074
26249
-2935
-4256
-37687
28530
-6030
27071
-6319
2143
-19131
-26690
9906
-11421
-5264
-13472
9896
28878
15509
899
-14758
3643
-33781
-50147
-35190
4490
51204
-24862
-29866
18632
-13315
13738
11182
29224
-18618
-29853
-27363
-34702
18695
8367
-402
-11007
-29020
-30354
-33210
10271
-28663
28127
-39497
-43015
45226
20905
-18397
12598
-35923
-36312
3883
-42981
6769
-2441
-33584
22043
-22629
-10438
20980
-34188
-31736
22967
-3741
-33581
121
24292
12974
21352
1536
42700
-15752
5032
-7561
-26240
19482
-14146
2535
-16600
18595
-37224
16109
-34801
19749
-17317
8000
-9208
-31783
18498
11929
-31321
-14737
37626
24466
2553
13816
14096
-30330
-16878
24998
34493
18339
15701
-8135
33422
-18795
16237
-50348
-21518
25200
35559
9071
-27162
36322
-3114
-42049
-444
-44108
-5053
-2119
-17934
-11700
21294
-18053
-25546
-32465
-14471
11613
30137
29468
-23372
-47394
23652
-16812
14507
14548
-8653
-1551
5825
8799
-17866
7153
4561
-24781
-23724
6380
20472
8123
31797
12040
7039
-4649
-19141
1167
22838
-9620
-38758
-13475
-10942
4831
31895
-55686
-36566
20666
5532
-20944
-1259
1801
-21446
-16807
