44271782155309073473322749648787949034854174639737
260237149125495025973469389742340109865017082179877
2711769247607914880575224463788449126201654683707201
592834198895322733121073500098118417215711399616596
4622736672917867717578672096865216488847420347295601
5168052866292618258136435009298226536018176345763931
1864004192758927246311911201508407932611714569493726
4534950362353099449877555337744569943070659581644793
1062892303201241041453983483637750121130108101112930
338579115532925373915849082835510618142518437172699
214367214657537696258230014951152770130096253662302
5400667531976181803614184931834229352545474070758818
5219004214710498362844869755739436697533310668922966
349196750761091767652620011612509358645904830066417
1521858844504602611255399548507626827355961857934122
5276319810425548246057223002938891544614098593518321
4424001094719051808756304640252080993876560863555594
3697874350793296817602988101891475234359810726875737
5682610772873063026299202136532786754705250820242655
4547975089822629034968769340124750940737307553224000
2389610136943299801114271294795493222577044399656554
892766950293775104451174487012117365154199998955452
4416530506915005644293185949867527610469935972707806
1802639936309246383022378819514283318501660314709617
1418807910364238404297827755806168532264359572626849
2976321216745396374896875440867232633870840996806669
3596410908206739206663052864643955289598432291991239
4838995434105094377895942619378044070459521577938609
4641377488692354149316403057395998263052305007649201
2095768652901357531248261546623475523443012203052521
3967121310695099573475298453343938370847138253303978
10789617152335655335449685354884544330199287077924
1129374753213145195429521400104248590001467316054857
1434885392907044602771324341199136742285358917342050
2520888100962317444981524783483994082926135534569027
3516559620180244570278357679388317877698028256008595
4101506699762773998416750320958939509616142276250140
1030973762203908677124286653569062368662096251908041
4336472029133045924151767107397597803069244036275661
2337621080502682025006585106103470316788708838387317
1071530014650666731226808796134713888100338663237239
4558997331641368434599792891693044400660710230969623
2731998881622158916538143359975466872025287585715562
1533406074556801185131449146260708051250243421280579
2651438823114620028721421786795537689615243384566001
1856660428297432977328521879257152096385609554454979
1760652130408761592949124883748266622028721396337610
2682554818541960390492442027455115622483349841387264
1153773887960158054797375774195092005517942053926694
1582725030487603796349056098162527695950135272484027
4574643881096557682978060259352083028025904033504631
3764478432545416299456875338336404067852343005854322
4792702967779694576175901651594648784744901554365244
3729521897465792404429596714217009923436344218195174
5499305771284703223102777079991652382668113398100551
470421681621995162129401994628745400676409049221701
80276064035748533835797111784211846329309402534453
5342042531222033665856695139003875439958846486809329
2430898627559836336862381682120131158056309788994082
70356524676622240516684673331232402172953629391198
1163123522305327033721030841167942429552939125170437
4807138303724424277359524251059973608171574173530619
1048025830355074511069794214575013120768194137338806
1398816705668785587875431753670806799370998724911271
5085008690931275554317312239708636664145536785103504
4297236187740654379034665662565506588926783423709466
2473258213213922036647781356976801298226736846284452
1541437192255224186406483262804000699316032734983443
5019420813462116154718572922448961722632798826288471
4610278588049340901768197333740380089849251809700206
3606689951727335323622318395877674403422116656925170
5256272286351121647784214505546434797173687512420372
1514943312832213848615942372942163597587105932990884
4836167518873805369535177639952710483116013047330550
3699515326912211828366779724801482611163338718803632
5771845211635182229424655993105180165689352305922196
889030148462662965514800214654279376130787759179568
3729419345536145478946459161685782106040311830273191
1942333846217487466857598370863170268251968082295959
267359272879044522213967084934114029184760093212460
5744528973020463052534014988078123860644247472555951
3651762315221484358512599705600632992342003981381969
835169219878667016788214405304801670596492076875077
2278022487983527935349938216684946767212877602696137
2882661293779894195112035168015412133194382545460335
2628052518041056875648674238357856519992268467723950
4637351121813832445979994121180275091631666875127478
3652583328500234003912513226418627950989614016834881
1108458780438979784256511997228434321094217171679739
4046301246467368651336329919389781704509739281372522
4945264708889712272271880087440214532370353470072794
5778677952711532365723487819343380890552127571575123
802303668703270917862658620344331474420322742255523
1427146062502763325318904836684499286653158377569757
5093477879927175513253449302934026490385826925421972
3374271493696342512771158145515824282055354266268449
5851325441562954541467958349669833271299735486201179
3371431286456426379506578886577063821462115012489911
5415588245426850537974553336031004668626666248689959
5957102296604665684630333046855406666198126379688649
4428418364561274119314617975556277080573130640905066
1049920435855370231814030861769913732323859408108410
5937708454320236052859094380794884087589035519312889
3508867131324921716790084279808942117825472482684171
5339431706865225908921226765290680467414767957701639
3538376584432778975389700746023782762903212001664305
5900567528500044667340487558583614400870324694806967
3746715126114486507077255010313857955095590707719291
372379440055769930670196454794083074211741054040320
5261881341276160954865891624457353651661043904895962
4031248752315926695247438439736450590211811378598014
4891965399856359284692189617391079767192230966238974
5253735318899399849048101795841675130621269129664457
3857125838934430573131636028852039691812127541256935
133531872921400575052519778882501195354414134928093
4906670148001351253101181700080900625402268403107177
4664475151506307083543341926547970462526334988141065
279361967625746842225568822038809378603380803552767
3636125245551730082938275380849086691121893164126996
5758083510708202494752966866353378889412617519818231
5326956266826857237031506663227720345855299556733956
5114364268307131393904214600287572540627796207253290
5699536566652752779709823079728017036520519605926956
5471979737893975030299475690775910738457888782393929
535557282461933834615292155500272554090716678192669
624744432881691498617917277630452784423750746370162
2196534811330370047905452349949641371216469171696935
155574661125980787180567475055844221929620185524701
2292888860536846992332279581041683622972503203719939
2353744035104054121876159416279126982623063418071894
2764231831006495403085133062199657353609463641613921
5013828535185694918379526047545695469386081336121724
4579982945524736172534623872266508405445444951109605
2412362136850065023666042574002861924318622052851905
5610795281940058417048674076186674305839581286404964
2337880616693200278965184831414249379407799803458737
545107095926980970990683813898675541237932111868270
4586259080762425619904935615646018192555746665825655
2357096450804428760394341924050456997979581559364692
4672132805298709776823072316173499697929216101126610
4022693808837178914419278923404120734945624693526050
4502999163096814769996209082488153047353238942862097
1288702502953880073482365835503453314329683808267069
4094507017091046227691261455631653920314078601634628
805763845215104661127821851237079651856843561749981
2264079837415276015026730265550151072866995322696930
50580696824696256591782470596077627515861832291562
4005540415177229021490830696550392884089098560647664
5712705430664503451484249456435689985209659180104503
2194093494663180997297630356470834807429733055075843
4995166763837498990336694099377010274834204586777364
5168278394060695047406312778629556622179944743555354
1219276644945467532497844103658529926805505766141015
2723717388874431974902174018108557320262238921490435
4441392029851976029807719615680010141511074579863519
4745867000743273898197485837357228976281543123915851
2464214127286273161276841444604563905814764728466375
816889943932550594041572757056401760529376770854687
5515326243310272548221585651395551762772579187823713
4424594401836163297397262239821215774508711232924654
4148662279313488046919730261671926534329896012241638
5612445174085510569745096257371072425531096964252451
3624137323927645651118051535718345677208071892112339
3544163356829601090708988238610116916937382242672766
1896081326928777357030850489806013621180686510563703
2258726437547514628206090753471588868082850221617454
2510487075781449249354553784108218662623125663464187
1782449785541665141339342232915081083837637917071737
2519014421428533951537753566020251602820803440407670
4522974759498590157505023676617955045221586114928742
5470034555843302498282069874318763977305886233314449
2763849681967065316259970193189965391206622139519771
2980078764775255194220215997854382366388928676867728
4239388024594926716076088960644660253946472593203104
3928012039945969031869441759590023716342590259539514
986890772594605185716483935375596305862013183706334
1652155590264731291173294463664514607246918208794354
2928445705209615463901060180930983704577993870818544
2502738173867540602519528705359258476947795021128240
280612834155070645049604009574772764319745923207522
4039698698979817950271928807823682943414976021860243
2513407853142487257388329445175305233418365114053714
4815304865214841715684449849098979255161325927900090
2323795188052724704707833897895645498111095006363694
5717362554134170340127826273983439722403920545779692
2926933761557738796027519860096768160471604044096487
1967525375640423661931190939953514449704005042624070
1502272179990995031250186952119217791751412962830129
491354007768182864056684724390553169669174314127461
3842442742829114045377359813290846350826790702591151
46363699990948529071554581322628844190838043799491
1357306536773208370422657639967273205002033453956063
976091134061358248463312440131905605382569822451265
4489152840366085615562534326602605658217139240786716
5340184279957109908194016397248807930599090575836741
4299264907601041528595454943499939944857970813301491
5522642086965310144956914136231124515580978377339261
1424403901940222416178908797726354336690486251832566
1045293058628628903021084271694822974354808829662732
665089572308851120208008372380542706327731613637899
521145947178281795015682382193450344567260528328786
450780218608165859516568601114820892499549022448315
1484777064220239245244091346011317515994636848119040
4406287206687367222711053076399715573851863790344058
2237350355332330271371933778053912619653779263775344
5653209895449790209538625975188354188679513512003852
5983674127598152266516816383123517393882484971550058
2683587082612669450541457475468383973259419397616934
2715486802734554712459097433818581628439224876076624
2461058835015539319703158213202595044414294533210954
2743508190272171677133808120048114096216192950519463
3814444228675305600245067322837720377582211488078867
3954774236285276922184493146812865714624322610295350
1824971960023949085650570843545368979380425304495226
4425696820924028135194179571074811252866323015890301
4116979951744875042832053599200726799461834626333703
1002603499108262903879980274695069615067042429987754
1077692909936027580144803423681291675182064871297223
5474778800500507506688632952094394346098919000669806
2460550841124205383826818425703709718102764473983891
4564025529453083623445038602385457841938089763437539
5463378680266206185575017965624984565319305543327709
4569659775680997137802442179998569610670180550898163
4613084058372913327629939262030118242949875678234333
5899790403707669309852057840074584452069131152288762
671044011595690465566467806456926058550563162708239
1162755654335865916809522696983230202960362220963492
5827455608410267002087975656725293610621629864006813
1492797358524220230118556539340982432998798558195143
1667237645934199441211453309185577758800175680594961
1634608170392264678757916027431913362312889859578124
2580800173910357940200792590208900875998877898124180
5927057257283346830885651903981381192090600056700454
32556763334693779504339205806843124976594073414083
528321438211521144858804093039602112505728101820355
2309255239136739215301155029511756717098782641331722
156471886091297911961077352114360305515924160735170
749385733532356748698763143160081999570337124699851
5701134373613279128650784744320544697442155487723311
4557050133674788926065941552293428270805419014100339
4890635652382149246055799929578877165520503739426553
5345026972777499557674320742498846513458473134404686
2153500242249662715756577057282392848420633209089998
4630056733262309443423120870425489237821096978272847
3926932592980874396077393678397248547084833503590899
5282786491601650047604369607793653688030949923872921
2109525505215457462751274014367248317318622646885440
2559919045838545553196246300803616534663138934355247
1032537905714071358812865037828590679037654671754386
4399406233845988781123883523010436027317848145649957
1913319287036669274279135020433649183565047554258682
822340051418321256500927075980270479930478027700943
1581386779342302633808279610117897353547299759199026
1477847611706363159417816156921202950396450010542369
5706691416042629873730481421552937243417165927670259
