5910566063280802870579204169942758879552048531614463
712357721746665976488630293338084823069550867099871
2206437370739198473970098827820211448163389038177577
687509137619042135015130690075642271419566813977914
4663280600722812243782781870168265540468487880922864
849053304077751589605231281313309884360030744187637
3690470005039106674503539800958976026808304521186842
4128864736425254898198797882605058420169351054752304
1733901269798537069791603256296313200527607692725210
1335650169676352690124490543863085008592405921831620
1058077140273916952457858516008753472953099635957662
3489323393299546259853215445209172832195305186242135
5500490224961206438242127777004076277998346774286390
2493001581362411704410488064423339936256189894426850
2469485633472782703023816143124456249530286878602721
4777717971352023446139958656405176306224032570885723
4142556737181003056522736966907451245412966939258063
32759176133462642788903904114430183432367818578645
3731758291605987388702447411971242093740788674055870
3671463419304363746220526236272585341886755805663949
1276795440703046319906464208149765425544102260137206
1163839637283728716392489606273178871745546123151334
3499123723636693497221872679326456553440671735288082
1841701719907587932991464813222760554995891109273376
739578790391846982531392610984747678704565557040207
1426306935560783451339707157969563233605139759580915
628864089218592228560946666465250425931202943000609
2247217097167235711784758184873898587515398839349805
4287194396993712295936635449053884958538933964186599
2762384762151346695890887787369205710907604574404356
3715231754945344952770724319869691926134046903094142
1058386618208829001648856674216821433743324879165766
3750611645077547582386552846777377263652709655448352
533536504035415014290626122284514269051857090240757
2009093162982349285265538762916911021361928003055787
2143513327704148685160481215490744479490162321188466
1780664585396800998547012925804248047627492438300357
4192532933535360116164806056947982969568341228771034
2880410954029660231568394457185281461359593137464247
2831179564475487436490666197435730583787961598836556
1733430598908253676340371165020013764469923885854064
5756510592147624669159357723231335462678778983013747
427176800515578102847916910661192457959036350198195
2907401459633257785321421831695150174035354354668374
5357601426971618690280559391198148497490583792041372
273069462231975434278307402200915819956194132534777
3550980633306650952346820697830669376365133947469124
5483092789724429939632200497286840571670888048222900
4775824001603039627864526632090658028543586507855701
2227653909112087981414474576372013342116297471050691
1737656818985327448240081689574826134964614770153932
2414379539671543312793297283342673040217046811559536
2702859398800496973266358156432754987066977402995818
3686246072309995762351475687818082699842259327075921
1510228557807572287981222742933806497101862356889350
999999755748353575723354689329862060650949406627634
1061259287192771924391915817357162510147324534350059
2868802259073332601096356429727721305002842137425577
2877495830550258418902866309164223984787518936499554
1888611025079032958186960539826060256455590954385717
4362920021929853510093614959698711633137358786513956
5236656607475998859001162762326594860548017722660831
5371674759382015095796442633485160548009317767249925
5576233615787204717191540148435495125525304646745489
4261628124006607153065356403367632285866075330225306
4144077559931785187137134730153219847817260165656295
1736463073783749113169880058345660349825326919005962
710360501922029991043391002192803745475951273120116
1643677165235610933665489213871841065484215681373363
1810618504588526233266280117072904507704081757083141
2277457432456474854339289149097696232671348594586910
3794180147548682485256029863447046387548990783812253
5249575181725746790748922702567063445272685953899748
3436996296787374316900081588788867574108277267095935
1417504863739713889402554316591545461489426867340401
5111208770154119937768761568848002302401441106481479
1005867428718550860386764801447724488464805083411725
5673409194601031151750419618919377389057761538911749
2907110413016632748335879493968996919951387747692142
5760307752362673762043991578066427898501477926419872
5516978055024518658620460312347175392669229423128671
1941180839477670363390294170119002414378471591756597
4859446056217695945257340208784995232402332277581001
5736165006890468403564152432005254549811123777563953
4372299301436033969863449260469144385575786834105955
1058505437094094315093617110102390076723602616403215
3913278096596630246570887506747473756171942822622430
2510013760462873788293460554225782943569122349588170
4708650939990570858564644639346492996527060231044929
4166762867103738849090682732328775798614316579370814
966550285632945625328366765091849555674723872998832
392960476546782526842509942688523694160836414553309
3463959523624832405111124000237412118369137527997500
2863322837285535681920744135324621891060349457988805
4343453354194506722694454304787725444856935642118891
534923592568806270563477121312935655353535765628355
5758477155650763692121470106944237279738816000060396
121679551867344046495987505626627323988652322618391
902584459259235755634621297338808108395202158728213
4440772515851058375370481543327017096347081214761261
142620133898636134857004520821598422385771414885559
2005234331632336526966491722887035518189752482677001
4402339242659941526546721761819018954704500804305399
2830970135918735097167319959581664954107023378419477
2565016307699859307791131895739869495700704477573981
4222608924653488497332433807521780958162683840772989
2242100193675216591295793083336477959724669865099187
1998080774648560656329167821140393643872379485878894
3710795391916674674532139559499951820744466791070585
1904713931015025759792065070348592957945047561750475
3912440224975548672148893226189379740735442119259743
1381224371506299324505868290298696004792146850013010
2657536607173809378091036430007636228117153355994174
2219719296821028821388413025701405535844709494007161
4444356457437073482061847884927238488787497673101473
2744324143397057337325872321081329075148427230092813
5915794445398994156856460550913819380391815144270941
2104360187123826431835035944652359138553323792844389
4203941026699880128342429495212500843996649588794078
1674881971502833854635724904605532572463551639892163
544811821044007075225833005768203748080777602364022
640996796234233869685983518534475257099984726974308
1187389219086911243692697264072244263179409169777678
4008634989995329498685019577135704665626899393058143
1762705091795994928843590732408999177400613825937305
5920661262353555702228505903734870361501677468145943
4896740417769883491599938362631896467073864438598292
774648218180696743312729380623677781552231397067434
3922345436561402479729029365870336075915833496034576
3534178360630687951282762958717244096634800616254209
4382053989944097983945027050561755541629235560342612
5798018807740758946396263158379135313221696586105504
4877920003463874994438215884731721752228545371120071
2782634027667373105597225586644356745923382744958564
4173621578137324456883292813522419003718436207922881
3582521533917373122932399753664626116809116044053593
5049969438524482197238285929485809388635619699404015
4097801151864895540212763592117261061858274578550372
628207970395282614114744474058163864774474012374974
3740908124823925386712326187911411646743582785410899
2265683167951448894821483836848735688244586983291463
673640746462482856817598927567246675801882405756895
5232278405438542992988637508560774062584145884439583
5946723470845908176812855408236369401498954427235003
4003503294474330002644975987553470986708590788536738
5933709480739280482215328279156614413756532905955045
1306019982454898097444569614426857771177774556762778
2494444973638882737005083479659746235667533071245070
5077528552056319084826218244024940509297745612367680
5360463111452691034421481797253605336683239360899825
2962394945773112567858758759877460731196479019284113
5588187181906258196229191806854747312407667202352929
2412760489671156216825054789472699583216967136515116
4384211966647421528545560842953930044610935512674421
1067200772411705691546616279314327258934804594885397
4425113213132609164671502878250742555111527572552505
4629052363074856843681434923067715098788514687996976
5678205672191736235820917610350001685054499534612053
1355672851369607600758299046343321762188765286492605
1786161145135933159988035512707096769391838490936294
588920905282088256586279954366885143726590380551875
2463791431990283962835158756156128180406242446883531
2001058627251220764245946727356459549139952139199246
4937342408486869373259665271047837210773353533677945
302406870830933075102694903212838034428215203271130
2699332783829749792542981037317440055208161012018201
5118665543531165824706158447797280693127455447014098
2261841601162743517590756607973173703697294360298794
4867477698562036092538557640208361512308466831568410
2728627029989725613370085861344303482502213781677132
134637897171372361403788689762212774998258808464438
2683167300939042879677021133479983527285364910685909
5337946019076157032896205310849321578197273568490990
5548527212751965391497873273565926602410497593284162
5831995010189418650550221258319358669618005165925459
653169457215873295180243410110567772252501065114615
5837523921382490464706864212142336985015055402399556
2211761661155271187139278745316681274707476236510390
4531855538844370613003182599249236020038649650609429
538009629950605668886591878216767183572556275909377
4136663798885019907513372354142737214937125380132941
2107383961960702368478587283486386730354708313623498
2184516850785484286171374949069386735772037444605494
1147203780037622982781679010480864014126111649814447
2005754762435812990466324863366769449439461213471732
1786388563805286801388218771600646397792997492204556
1710931809866688237365350640017759865485443885036388
3826872788485937339426493204000599343197667895884551
3650340940006181873632921485472916338896861551076797
1128228651401335273404287427512626872390316718185166
2577291333889909376795668116311089090554597843782004
3720587055060835903600540870275780905128861438635322
1477027860271276932317883134001742982253100357827055
1595350816938048244507259277003063017106614824391394
5167067400947706732189246191667839987548309371330353
4650451859457776642794738594380240398703295493194210
2550977511825301456962434358785844952085848669159391
3444924682829298203654903493922423236140464908971802
101905009016138961207316648209146332295296350064
2332686743791355145239185190631866950732625562923629
4043580811670427274525813291039990077148964256702960
1656045883631979163876982151242824578264686937526701
5612012549158972252807352149847922773864248626277966
660202481843391693371262586813020325601052665645437
3526872177250218310630914323997050050515126706818487
3886059232248423559102155625310368980010318292863893
294890479770328904985214886862090387604221744605638
4938022961718579180479713035406248513824750815207986
3970373644106149996359357798169373623694698371164533
4984201433627073606024667378415998836078168975813874
1465142186377106966280586850940762283925858316177197
5626581759298642837926396267661866933230309651971917
1804905239858881135577274236684681543258858542476958
1156966263906320527168885932238995537423468132951117
2929120217051407497182938106690788289797251284285284
1009517432955366793806183525800324023506052431712474
4566296863025585734216226247571589165969688868921168
4799637851186442290127733349007269185806368305367371
2946189346864890338409538941128019675259166286177572
2563387757157654943251185112041788490148335252342222
158808537486010647793613227467690978921817976916829
3909888932013714644937240228436450492669183209330438
4798264351089058663986383827587905275209978299697530
262823287622396875053978922590466766877608910261041
5982244909029614471456545299465244368496227916551889
13773874155731929353403671828068152981809266155847
5177830356395535080015333835371789522977582712742341
1671598134707054611524388926806463793946623148687013
2270434026868305114366194308165133897414096641072301
4650832143682800124797518249530269556996107985656647
2130256052612257258252814547871743715666473187406746
4610750594266074342396761967600309910883293403722439
4483431449841801960991777662781388201600693362184799
4542574898142440598854630555438395253991519451914988
977208897990273542592422711491332304804729725214269
1543172275297074618559198112187253457005091021767316
3992864672826042398763490064023078424301287947640002
5653383753809510911465972082076199261566605417961923
233952311103245400986769171317668745458451061529930
256473491529024513556006253097026188966092104487389
5619199077208467202866706641007781614173284102862270
2774362740862413143851234650693422599850085885676867
391848633688407345793504344620813971920751497180580
2591592032936834827475328049882938397298416516017841
3383711979248594955850182061311310357372766146219825
706008320533214149925803519623911726346209139981690
3513482609333803595942134922992697876531163406032447
4905147045981497670351998002075003503172152506447605
1354363785639695872780310555855581264713869603783497
2048682672928701802698854959790338188722113778586256
5667814585561512258068348064745197914267164675215689
3815168039470825379739876923156561513948691496095500
304363856918621351215177808472858184530814538419989
1755443993793094961675769860639641363033854784054301
380640280286892901891841653404733947582507703692596
