5615169545657186204643182887230041326921495734317410
1753914712843127632691732770982777575789096655445491
2843237112499448716937787859739765085458654594145076
1137159569432460618594848257115145609803044371395658
2122810844457228821978596931718511119119476355228473
3771866624898830428229986694372958359582263977024069
1522264083073755544453832829764726180670184704942566
1006916257756114262089966079273835691514222995683875
5266329616272047066961112084074267077751099570833402
2666264487602594886833421036441174483880169625287655
1563574529820981581394613191347425265472697072921420
2475379620808480126404714624907201273795396635686093
39531133024322400883932334462315096159571551232787
3872611045061262547829004043175609003810509026508128
69577762909629906203150907961819334558711888749119
2235548064689470805170599537712825287606605033004725
4300204577019075664041715092458581968195227385400000
5828480833337476662397787878693866165889809574261918
1938974756053332478016155287415183498563918801145458
1524586975154369870310540873463688949293347848099623
1048349722121589916102842262536205476168499009670877
186217089565837137527270438857162717683475196318211
5683725303123820133214711090679213033335280619213822
2198699229070251587597754972404658648674892367752358
1515915429369316508311799964534233378490348362621330
4249672768571833801530334369755454840355730471661059
4053764755682163050444681015203481768284595943353356
4940333724776039943761927034553682013025362655818334
2423593065697366212855596770867854483228816461748951
1815315219315833168017001976871512739087583867971173
5509071811364855418127594004273226210918207303260682
815616844479800697491627301022383058462738476924894
2051583361746399913926984898599748291468073650887133
4583544564571392518809656610692448729577224413798806
4861952343203791618155047824382688123863637517266974
4286549371147882820830527362439471230476761929358147
1548287639774361592471482962264410313909913187015184
622344886165410560885718658048219682395821035270446
4215869466080299106944668825096483694607231257694822
535878907300871554445887451175989229673228664026908
4017798723425564654500737142183903621204516300582811
4722610238549922740737079255143984574013771279544943
1954183550743408786125007339073488329292681211009750
1175749660779602437700604051985256668338756470092623
4998503362466924328909988766510702024234010888941890
785654557983926698462538472114425926794714141678538
1206930708776642070601390936744432198055199115285967
4927791680429782890134531159107056708847644319043526
2307835961611215005621999836370851382796104467642005
2503822555451676322290631067282686935794022524953977
247403847260307651805684709315291765011262553015157
1098701102458358045096599711792547433014825417615217
4916899558897283002843094051707362624109512091084723
16965313198345110114975418475054005629516468342708
1603821464757300468136701032911084911023256299811893
3487121475550353268142367136981442683945225266482846
2889760037100557796893148493148410986568310524616786
4821945970842350614223393571711498694373729634490116
5543259786049810700544951212361244091065761404316953
841024031241728760205017155508745665802798339887939
4154921986865767351383647114054437812223107093396413
3418576473299647536319127798134678127807513746656244
5424125442333661027602654570048375786759654638600499
761835120882898727868150037110297197472051024164145
2707654400022346750499752815757702628501434786618557
451933328654734348321579774148026445553899272415120
3414720851165887462666438865447162445566650749741425
2417507555668688404454290684807815340364189823838203
604477463859254423623080118579698170942046080816871
3897197204284923283807223173314226906575741166017041
746639314651571616232028999254471346834129739783840
2886092624601588477230504337735520408311947436444109
4023328996564255229950505293134393787515416715797046
4086570752255654421977617859740427540410114396670217
1263361130623051709461299935940589833513678450850123
757576984393987527825907483612878472597504349289564
2538863327375358432109891224782536518229334903605661
5886659212511143876835033442918971470115279806326121
1963230656632459685793359410226338159444425239140734
1811650563229671291154430670482651278838389787964704
370612339566751416302210662674480431765368663191628
3690512852503260651139688264625165412719551195235906
1736270003970459323895586250822662415479499153653297
528556006723542193650830102433913757393253694577145
430072009041134911446734557626309104222931524900372
1038289939255915223257542162048760507193330360192684
3420249289224415012469115965358152845686214650884393
4452460658507481420113042212328217720434430794000241
691788688138216113956193825339578555789564122581351
3415827602746846909060313643675587931052794644116222
1674940424602094680766982670531211836958463396363734
4960941773001946289567776024592822598828789980242950
4434897581023181960999337755955023829156027883673254
1093056744832173716551208712260512993806594627949151
4936474886937840356723394315860654194821093928336638
4260716093231363398338499068715106541613715862517020
5590836063542795176407297602805928184033092545229823
755867150437944239866940363492407692852314683593490
4061297641912548467642996066908878681494884197756089
5984215232320792882260271891480086109542941169309660
2853856366589506729477203852962671152437802414969621
2711813146051805402509144012947381699335301146937239
5540769920025230113506459037989312523606577874220720
1008171336645184493241870058903581847332615427376889
967369328889330879951890820830194688072664387235690
1876370698136001687878951515959929730808397304364974
5028260842310108770990162010120639368490969789944006
4210550140445508208323742047469352554073853924861735
536184349230635896964598750451191033787949067940087
2373478275564842141738713499062037990141990565581875
4075873590713043036596570359024282372340879542088121
1544863856579293574408260367081317856230197074781772
5364895512094373870942161467686042545881756514825798
4616046555413842371886886264116180733687710391475990
5653156394052743873739726212938312402738006729313033
2976068080871557272826825058218108999070093489062606
2121720489989920280130629183458758032581948655994321
311149652984080614704531037212223341303398539042787
2422568177290280387115928342740917962396938861048113
3434013309292283159969735558668149791568329500257087
670750964429985028202328749642489106662567965791782
1679309751145185502133050935099235879405568027445659
5021342371513788099970835743100245392231344198520339
846380877828695693545540248090725921309042450062315
2978815060622268743992160448548024512413328808813820
2048180817788699491395147183373956542031325398265621
282499558296455223538686625773905253035641991173367
996362405553386954450604839113292529142097144886057
5098028209531841292289124591376693627378075063772577
505081206691109703005666598069768584257814562988907
5164561249887059769197936487707976680151116683353883
1885218342654883816344583104571940106206823427404397
1806753911580230264127490809847263255358695448883952
2719962720087831207212308451728109233617864366374239
5246160829903321689717555194167353580105144653828972
1767649788501709528905276677997594346103052343452738
1846342958633077051962061836487662188030269041866502
5335376010301739302598920191270822634088699283205035
3456611942770667372503573426965948551149628315992592
1244439471421491106824778090986986177780046329864788
3497541589079146495000194042743105168479940402731761
1061565497074220146615712234767863897619252313484239
312414551349438571269020373782843949153746604990059
4542934608349323662978718479881870366174657182350963
5502273517997009461976469293761649059950511928194890
2135636961051690326745421615454011099050491962954923
2235622010171752119889845561337496510999575715870625
440201260432502721902581681791162747653635829060163
334766457019570199453959302162170255063800038668198
5146644412918431625661033568206165444493141553337861
2699909713037403273942940416254106147057713419853079
4162696961320701843700818142268106925073801626453763
730970062535507746340983778877536707003230296854845
1232645550713289329865428635062559807411568438748773
2867821019999346401519512316744897134190570408115911
640308893575732486009131455935740012526936653701886
4350730811121024339726539808322973247328687211441735
5703054720785807579297495160923427662133010937037149
2316788864590348231188441699359427248425236125404764
4630561953532202164946498224907759217135495771647591
3916017744838324252297730402493213294795974083713490
1358951668548336247050605369537603165643740413216327
1917567647748784059204493049610689442309303165503328
612789539579841425573129799086343067910978698647476
4874576869923007480822142898636415159723049026846940
4724895373452682594225590392249021495345614185893945
3376749653097108587283733519590742348808703903612365
1189632742476010019419027434363671305737355351501850
4278998064090126792719375388210816018596675949056034
3437943868740448323279400271577794782147033798165521
1831977209825428505114735480968930533419564644228685
1527587447636239390138207878712204873297547897322003
2403350138136340299182757092835591952301527661219254
3914267947573344326243258386435971633803532398019762
4711267925486866274413017988853350409815431783294870
5675129283011440508078523740858733981742541838099003
437475428442318779874992923161919043638427262162469
5027149371512506678816127765191386695374620568907724
2343666599647594208678467952955948366393611698021059
1963396450764924694828748012147939111798067318503412
2497283714596067977623858973343780026534493174050583
228993148421922139437032255488161142674797085400215
1933732810496545583575331700531461588154670530811203
2738847713266534059355004133689021559454844273857729
4423144935513649033859149357159130175618899643077381
2227270820946991233356879474830836579186295533514756
5598069652612340663776350892963138785068651584780122
984624983076801230351680793938568476154024364362083
2892876731713914489866991759576284950571632079608559
5902668934644109722848523384846296060699090766159402
4204757597368528211505547506304920382905729793371606
5361098163791028079497645295489652497779459491319116
885905418522183641330698411888649220849144343210922
1834154273758977912694297564353241843620278837076293
818651059420020824276200855557911024490371369575891
5393507762164929671997631929266956124564640536376625
5542406801856992758751037404563109602440678458504639
3639232256238263090300628523427576206357888952387901
2085531206959366361871876946573365058048892682100597
5488328736560765710683425426216146912368340187214710
5422901243146275362020564082544334889693087813816937
1888488380274267051380305773939284491423009141762331
38964419971764909564409635982842228962786245935194
3501925055456530036436268245310235362098237681232748
5876385651643835219137581932061368444382391533624905
5307832771290952812231101469759449139830688438779423
2320574615285021824750666288109425882856027141533412
5781736514073312828454839742555901701743963527422724
1547892114848032458124155015399918746450626339597610
1366738625847027371675947084025910135725102184095683
2497990117502317108628461284506977751163188939267181
5101086839897266556008803564155892446134303991230871
2688006405722220152623526169258471172712967408896560
986354229189383059675100741877736052590509143022802
5911635185688063732434425241312686492927967607087003
603949625120741968408102501579078935336084364451420
5728987448174228253208613064356014576609910969235122
1989616967595943662859908013593922314330793238783615
4191850629618077387980670260381030011128601200434256
46601997364475050416699004158775796011377020991280
2014172577622513595234595511467690886611845250824633
4843892352294035393367958072472133025130326352096988
2788115316297374660298444995847477558550539844081978
507676715787096887471016948058972360323109402115541
1142541475434853760261351295751259003150017367074419
608473863554659918193309778125330795704578963490662
1143612960755926163811683952189639130233125912495907
556914121069983977185129022125752646801205157417409
2803611427288153662666574054680094849974712046503103
1874479571216771445679684091178029419307858864714462
982988714474391008424233581092051803245831238873696
52013772312563558981481785878540362512004593371545
494887892017724827767203677735259030444117132706077
299609130821274143916448740034944777941881089314206
4473162377740580372278954356902920424971088906439388
2946332005045828944731518540053791253156489319610108
4638724932642255697449475911803505080739054184504345
634393385558711040470436644812477945593439068241519
750353821378892875833531664413803249118996959294041
4344207857863435490123688093594294568317607159454116
5755032279039614880626951960446318575187019042320027
33488740187095222061180064174275875012025057514301
3829384055427051686873641076876412861046439616056665
3972456540511183977461906945638227958474888950596203
5724087076483651312406540907114652996721569701356453
1233726312720032965774120303298014194778473080921260
2840372579738696485595523931007154948210322288233438
5650718376235641414700660227853351609029744924073214
1367036354711780436951760037727657447185234067102173
4847441394856351961286998404525225782794162570272127
3813121791465710902689415016893747520876624790603760
3969929177680414669866897922475579626433116555758284
4657925177542620913351995827427089078063932307644284
2328605409899771391783396665323479167880060272964885
987959125049095713962201628568439653527316899840294
