1987132375951680932565817241309257483370732913678113
2909792995954549016128276363411595381415079530616656
4669622579262575150781136116702127741472479408421972
762570830102757483264476403789327582441554355340325
2843294027878767824151104760732110139208421574944012
1483166116388944588726634456754569009165619329094255
5207328993987274847891176238354689286209913772565235
45619185107544291767178950936290898330432924466161
3456339142444317864217594809053904683951492681952618
4203363997284326931434473443045432609320422819020999
374361860220969328382280283171851311801566730855772
841243919207853171550977010500045559362909045470416
1962379635972910109374726868367846550776884036118133
5966240081934978157638280799306880471059331849871921
4189760240648697333553698235799870614173098517524548
3727716582211952145075024760550248596049995570801213
98959860855244845348004727766249827826056395325422
732099159846674998593873042029249798505945746580983
5342998861339913452795870924403917917868125504777131
747004763067496344767721158879979907693957685847549
4581884031565185217621515823024926305024898278107833
1796793055965331575279486426529832583938109839117102
500016983236075592464511651079567661700186664401568
4854739317240777131577536239642202057315067053552634
5568495831122274141875934679639939137752552320448821
5418315537407678606478980704977816848264492839972890
4902778227634218664552459237644338596815533714304334
3855483653099258060061434933968638168334521562394327
998018748631193096894166232515177578588590684503597
108276241710312809875991875484561825405986114593462
139038314567706422234727640430121070446837624512603
1055479706102978754084437385300912250103106521332884
415985290676242311914375974959579650112809142410004
360562800691892070752132934883172539401931757538972
4416260178283804854278222301890338185787822183301540
5008999014018050375953122886300724029264861349152052
1338584613129218668549643390281993223591999984044002
2250273412038228622451076740853948314391465085554070
4213686989157423898036338894093459332348324320779069
280720218737555886765968284812975888725636249504979
3741134811097856741714920531876538490236060532201828
4351494258986631864197299357499330450192915949292602
5903845500907289094183861275377365556557408739539312
3980796905338149845168573683574574506384380259409
2429133412250389665060631912535587434223118428115499
115855179089171970211999479379863931075629919859636
3810509588005167305809807046836795470955188078681573
828131793188556059481164663867602991268454508734834
4866561149018942401059223659725086602312890995511206
1840540694080346243138415525781964494837633592055485
2338753062885405848367673603314724975521087040761207
1739803539455647938427618859663745775361363283630058
4516467505130597876080046842550817758614182797736516
642706498152919537206681981662902556250848866172516
4013767075041509987337089574304746137313797335953231
5194739946094862110609298910901010832055120992039543
5308232186645807931374159409979221126330530217327319
4234431047378823920529734103257472528053698363271776
5238480334847221805363356793622001438517080270157484
2279820459606710596310782386255047523714609751600909
1444657925804605711212957151198663717506530296226142
2047567475069173073541344859640424355441478529580747
233836469884754564689284829381945757909671639698923
5737657688387009369172366105573387346397516677698566
1561555373776955331775907530433123749225174908387594
1193248794056064076680954969543993151870922077497075
1559017746889580785340315518704244458292575293390439
5296452894271724016751467438564467859096088814494490
180483216518204324665039541735703194991249172765553
2558719972340074568146502023557099531069163463446681
2232843623855264141748972515659758893210702544117605
3925046119865852553417587515001704667714490176502196
2335367468597031731120444237031947073005161227629149
2773147526064276388155053680900766708681041753032399
2992776072118083635778866030043086060009149974786317
4944559674790203968758555996496485936752939033244699
2899716979070665246725977899828631263542277805038188
5089611519168923283161286368407229942508232196803294
5838966267233432008313051648961343841867153957360662
5257129905580862951321820047682562457828082558026972
1021218107757965899240295324739567010741864376159348
1456294486209363059374482910346263447043656006828249
1849008328085132374121112013443115889499701086514123
4120176982256275060457093194177100731939809201298676
5555658832147771737986237692089446756389060518247385
3816081778960837229943699143415733069448123748415456
2125044336989492009594574463979521426514846118567698
1475888162280395372941631767156502935484414929055348
1056186071393408598681289452980545803564018392361573
2923431406166285446001955096438736463527834848249273
3548168103202459740093080401696147225885429826036241
4625404157368104090992982328079829265460406874930722
2125582723691617716477829520162430380146229567451836
837696705041885184412136526274255915074419376363837
2768984514278906639057723948292404246208061098915775
214935815206337398999905115935056634066352906182627
1357502764060335949278616754015018421318057918927717
5960671762329240501102365225097330028626428998710112
37970595863642092659386899827505294911740282088239
4336565731589165397762826961000446785584791676786301
5471097888414934559044902565483251285361634388067156
4808039029175456864826814849430419576785364972502597
1728868950974641499788475161929216097330435163715333
2910366875098394946651443058458686151766189000016237
1889156953653939421662414429973008323218684358128345
5973568191488255903848787279343684360074305754211354
2946827674499189351430009624462910163706334569665179
1929123872854829059203256302671903355296856049286834
2121514498993833241964253043952575398577069505898237
2048903749299798171026972405191573907442501861892833
660003078693341332691350567529874709938556137225418
2366108514110413578423775644559023271244068168537104
122310196120245039776257668920412419355457110455850
1080975564218316698375318438751055048487234438332097
2951468940009994549336965212874184571598378540743097
1196120218003261533533467633244319019937405924758642
2932978793315854399987984874673457688177599385106245
4978589924431391748686688802732955610739267401669898
3907080905602954566741830482548842355928230170349331
4446812512303704841342786091740178792820160908906523
2588497344400330124246510417074091726165835305073383
4430060857959426886052399487321164154277054610120267
5890848695543048340569174803385373830593719567573055
1297488609558881601600225877585832488738658261969890
5978245928709883851529489306862745620440312801132006
4817487220109978323070026529269591645364357576212948
5354791879038953945932824627375371730011809717018365
5673206706245362596396193285029122788294385646445767
4493846104937616151058369962114945429416783049439983
4030921811968457824402510859862964182802337336386046
2621063918904248442365688481718711194190772888082866
4041513177855159991517398362520608160270424128552891
989042773394207575688440350204048465350254491876622
5603061662367381895932533898178860614151402152161450
398848386534024750866322242993242178683723277138621
1499711307718816753914198536843128879534840911494596
3915031200027406871883422698213840699169150053018428
4966765532492844425000314810716855363197213512745126
764496963845171159884249279083403790323831216475467
2589616696029133352132935000202829395713692442868140
4762870891261469158170423720810857271076210114360838
543649133039514683520872435888999118898254418342059
2704340881655332224262806931120225964740882915006993
2618674970621507842045131648028507010309526498680599
276954090155399808576274698754908952877590546918493
46476158362298458147002261251421740905727433712509
778907219271331223086915689616515618057546749925087
666269192961467288358404247371806642479858641388564
423899566157001497213893784522935564146415408093
2695351186728012849036767398842984235563513380496641
4079002160285303961880774113231664458472304626637983
1615339754256246026401475990140048325008225846871086
5450668462311229200477323882966989751634509700691679
986770620488609897829790019973732136900855304925377
1559453267790331070900521758859206594768508572373397
4083424962096002785763826054201670541291515506443770
2455396361067203503087864131244489423518168310225873
598354845929237462632626155179455001578756373031545
5028445160038863070419011876970884782693256298146926
5096567768827226453585053797622967457179919508984143
5212056566401488785526134133708184577530828185392986
3408771402034549474904856828150619367112429711248676
2612405090623262646410694894757693502763938337265047
5966073007253074464999516986463977465430147719819855
2103545346745691411877632784661874401352910903063085
3793092025752480323632094389789957540088475990698766
5637147508687188505828841356898186299281024468905429
2105648262294953202533882943104502950612456411929139
5378487786903514215943267369752593565964433525533929
2532594103329043283149310206310070211052818808442213
5117329128773652170640134306594975250658354204691642
235489215478082397971763118860293779103145688216639
5092793156866353375198707880879730819015772265410290
4582682762828010077572949829004958132538112900610482
331027713910964707802852383801483793268750483143290
4267219262086168940647972087954132836177048160130649
2883124756018418713484233328442231902470487838965774
2100370907156998112107037216900053243378106259321186
4708949423669564574624038790417337934947570724160671
721955692421981097003451326549993961678845030544185
543875304759319216037430187574478627214075506914386
544707030484970984540043681845821286918816789642089
2088378311143898285689065249797150217526813158367934
185988626398249856648290731460232659467231471802912
544691635922855009982424235784241179159355697987515
3862593406440479528702519138862083229999615866446830
1960983776515720553598764812686767863356484766364402
751915783271309359342373964085819393105941824916015
9600539057145583041500310409586399635622177972279
600612653371718441192874940893567654855329226763572
2512157067647269143432926156207722009131248703323259
2657062899371997652247328572566036713426603738521837
1157476099100866265581983824903892394658202428337364
5825932944004019373036002159404084158203162816797984
4988038228245035136279903555596124264578849814555694
367289549198575978727286671155359450753928755859955
5077932251341666593028143011772651493439031144329882
5767728377652046820875081865331353592614565589995550
2348003245444440700045315387159403557022917079478998
1112660172284499418206039173820804168658617143871376
2053062931836931682183708839866580012568236850372045
278315370747317625728983882575670513726784518045991
3548657456210029091376263345348286854405267447102636
4582365111539764088246606055557711529498200415661167
5197975611173236959813241412728847550243694069043111
2384586920972217635119811812840637042651257004738285
961103848099179093414145018912299336563796316106794
2944614096388544977392833221059327094914900523475361
1394799472054181660307245475417751467470246484884046
3387837830854687007602998962111308919099852235183639
5685457679482039401783777905023572446667094105119589
5405890843490281714968788322681145574701905053031233
1942922310338901994153397669579616184087778667738304
2546791872178089424466494906764155097338113192849553
2739107113981550289451856841735692186307546536763159
5231112808379534122870266929786476517456736505940457
4389410428887159726499158350215027960919575741477386
4591214207621103967671530950404705305858779864745419
1920923431194840677671742273032007238518119598722655
1305813187142514782563616052204171525184367880678956
217396447062160483918844175607744796380241271934221
4546347397494283556223801442617382609108251866384879
4655785922052404245946664169924599769726077852383705
5574513239096581935116086505114659591945193055850613
5136143478677767956643465756271209555259604923536749
1800586572881375309987971868955450414836533551501687
2535653733606716618469654470534828069606389100812962
4724455184675421478521742417960338377736891015979087
4579604404890468347518488427549761558987817891545175
81598344260145957760961497531673395168281330969747
4184647003903125375436049048838378341751699590301269
3645589806636490323556990318592005235990996941191854
4606678650261958301570681764472963466863983645383943
515645540378558366161779259968487241684182214339747
4048173992622254534784471390077292090620344301719565
282132744902481100758850182046464324005789804680034
1909851667575203392040614073666495751956608167653749
220315201982524487355911197989913332111579588806647
2609111253746047014329861414022327635388336728907095
799231866449078487486809635195498714462911817684208
4288520829583096307702515563882819213696933207036784
1445007893478895945878389379593983269827393685171296
3675577461702780806307259051437038298716161672929884
4838972723121434319633483915456545091531910565554859
1678108369280400343434909728987440423270402878609307
2161023211880637637619585574568183440865317543659019
1785868347377298296918559335485748037648515506208110
4616868068986195086248737077140141253828717790105148
2933163234114525948993393274250934220083596583572914
2879623243309103296928710599775145996159446717195194
2667400645556682179330776914285685061713775760050788
3610840986380676225911418315430241743014441971508197
298515877131676936071191296578304049098218676757303
1660602343213217994877023034144193596495885462133986
470680146178016259277684649060577405261060947822314
