89906202839789233859536744042694000114564621438817284
5526518843961165210687421445346498996311413181125380
343816830262971774652577756387491609033583674433247
4950734339615332329344982696313730860533430263480363
2199640988463210461260419912377363732983047631806973
95734550316941890422069746862056723057968131329530899
6754803682770281147676008483545767391372016280800787
5655947485524527734966060118428001895940865150607138
3858657937402251330915300815881891677808499432354397
11660133375331724462267692179145978781270219822469056
6269312467759452012709741686251188066142128166526959
2202467655277645118802140676822212067108520431058942
371686010337785349657639291600490295269302548426812
5981629981141242514245440071652345079291849932139537
1499022973031623294285002471443129817900195618377962
7180078187045896052278659738166958140682197229263377
5375854122529700946608322625951181172002792425933365
5517383990676328658945986345301362942049130748572349
1847457957580300840302976808026137340909995068449120
5943908855604727061542248944835039966045370205537717
1468816264922257146804979616698692342306022694861552
2306353766233961499669261614656217921783363009584932
103761913656818715688289061520581503964657848357210
11641203367925719102059895445930853349754818691789026
6384020723037694385758105789535795504273098903338990
703138858588515493983334453395146924262371298045757
94306584433304489962835305954234836331012688953334285
1103416480786443781681192073621390524803977914925114
1611928657849022612523219793000595688720426844123074
6291947324032534430793052388359678701605534592677617
5497165090457644435098192311233021043736509052636447
4955124690639529075493415139702398314036775295406242
1101734638395220151761173507263180397547200331157524
3857392435356614475604213592466647929598332773678575
89902924471581461767024546178289255510312548652302331
5269723805852481765626752992848968602380287161205090
2535819201673154912942136503252248513808701671537569
1750786878613646966593212001033669741026212070077436
4842887917950779728118230350962134549472022574886417
392948752282627597771161219782874237956669281936626
5143327972547290270153991297568647092954559279090589
4014761437569764234087858276055476753908249195826462
1185739585992977597819378629164459078225349126115139
1899114746620327572977393535368371047419314245129535
436607825257099470096498372388117560406048653693966
765664976749869946940517048130850206444850014907165
7127936967914806230049320695469576555044323556835356
1232121223254169171550657795969889222434861216564255
6338543660030585883608522175441232295252549342338817
7747249271184353638307005690210161590608100197077262
4397943570045805933602393635240935153119422421807472
1474228030333052411488908647127340071645304895246400
638865589765099564619575032182311485770565900379157
4135501589196329630703122308287189739654903109111999
1071625646839047234323958357609121359133764887686720
95062289300226700824422246262798414623814501463501503
1825514671556592283319788013662569605906318862909277
90193839194809467041114162643928691898507289436374481
90078184479422386467311118747780099812069119597356221
57477401453316578925682425933182601515217993465151
5233706561281618706337250337678127908388789965438448
4791748919273876940417913164250794366039045858259005
3762448325464230381945023680601142179007403417075984
5169228756229141335610121394874621641359214123405590
8001635809576468639570524843322407863283314971750897
4609821677155794487540088317572828662085361116500198
93939558833849610190496101512264246555607261343956559
7997418750575633145493264198792617704254216321017039
4065513873183445564509216188796528692832141609746226
157386097765762113757176908707142269793780422024966
4492488355497711587213274205116300254804055565716986
6014003996302529523584626708460716244551988328681499
5331460332044670036921000345380392829317684328787985
3975638814826658513685900281884996145391615699251213
6464582239024959618893448743597602798470819939691489
5192542709685868525663185475413569154971618129014330
5558267644607570926179842004425955967562538585873583
5887036308200261636587611861670286940947059465773151
1446882743878733528624385792914137765101796426780510
6757921156568000807116678604948159109943596576154652
5121103982505302567349529963689910232797614922674027
95333957108029993845465055800054783238150043775078962
378162115335189403715477213757353071420198108184845
2219677888297392740924371701513114017060359556358650
466602239975266730005909091006220110259114545636258
11671524518868868771562405598142914226514179126394590
94609002232219380348792754501709156428331771090723054
90057559239313500685229965519831653373259073121570817
2614725309481915374440891731215522523304736507232326
4132247430439545111478921535330741860347950408604657
836316499860901244141860526953395595659782116216480
5613967094016640837895954159125890484867496593718948
4747494680988812026941350581799917775438567603003840
6639621626982301644873579493996388259345277723496703
5245028645668540043272328043684467034688008495698108
45688791622074312567520819394166761713247267401520
90237887840483139532510709877698375448715845296922656
4258604587304868067959227540424158810042180457923029
5262584086402665386081025630025934064868636784402429
2127460717540830302213913009776267529638991048552894
7438838886774843590757673091734096804175908356403247
2626526196020697790277273494797127397059379776009206
72799226780699971532121088070203609387399737770284
4450105234013551301025175873958603886344723572388396
5642503979966512487980195656177768483355307246767345
6435010154918537516274670377054349480638109431370209
5964833211033734856553191004359589512591616218305504
5643941776121200181946557874347073821580246897374195
6339916320698899266588388466067776800272170600187414
6398018555652034932855777023578582086657818865936
94667626314883458017711864093212295962255165635772385
1074727841866620147471840877538029115134353943954368
89799319404471378392924603191407387988847369941607153
5752926770506389482453473982096110637217784200578127
5729274009171508748775804557590730541017794326057376
1948330522090096809597210945142813478753541021576435
5544938241030625571658123758320517932895641281831343
1940589546730644694261087279189029733938812059241009
2242074492055168272322181811549333674486390051983645
40937486151425088881384976615210887798855343190098
6339908022849751319396413076256269119147480010641984
1211711631437106713433043001483872427473413803736554
1634140853770130749707320377762504753289572136144368
5636932981003640244013948946502996013943336249528125
6433349202113249001971436139889831076526131042459293
840346676982719396020288793395312670986367324725300
4416898176245686435478991180750013963848008413933506
2171768404771837792954430830547268136559360549765149
1094678283807619733260509418050048610744241995711510
2681680395304302263521655008814233001287725221876303
1447795049992386540301551485218596130355291691703808
1423678433375243606935003536161417868962482331720749
255564132806753367454841797079450697298567237780816
6806414346506949260186215682564699330781322633277733
90423117023877316035317981618848764701040891743945229
1846036382139264297428647637498247430532710796747536
4844809033878085408696726227651007084211784190535234
4554147568777651296913240683591371396824476581953711
416527700145152507338246872454135272934627934461362
6878019041965384520198828910455947615680410919394914
5604317511946244435325780366506666505391253835693034
11255116944473134105510968764746747678225335966506037
264114952308933415165118462711396719703195588235537
95037546043272744346077956694596616701821353993609564
95083564916427607681275776302490967305748099387818847
2175016990846349618426387643579523197396039124628476
7413933161934953713794283934126777927055449190769870
2245197927708463556846527103419456014643985352097878
4540602051407913625127026244824662929669520906978514
356701923421723435503251692094403606868670437093875
8587972013405419228430257165365267916168115213366230
3835231408405207122998203502101138494989842519036179
1383609622495895207648927087768109123933507775568883
5167956757357598246869300067702574544554079126885443
6331048862739239763448321038350351745286039358827025
328476459908373762172328207614950575984900981196463
95402641563554227652078459077501441594126158961528179
2345876788698971591143722346680526095440521825549298
471881651522345155011268212935323908606151104794179
94802432999993015241309063220681716715227868111955
4584913368999738382936158485519964879713034790300978
6009876734421102696681874558660618622761287599194387
5938062245476277760581903788786898218284301954122539
1493572606817386546272268391233402312578308178165987
4545814605130886389574571087784188845543132055446528
95662681022352992331336777764856603271360326960587281
4169865793660422006888052668931105707545643298316011
488775141732206454433681520473129045427122577215057
94789987556711300049849816348111158301256438792913166
93575866103793122591508851449392358409739117382795270
6364812560269914592046498805723077870624513087172354
7461143103676788767681907218995770258580876789001518
1565736662702333022449876586081583974776915639472576
95037101627305247312455685810381708082272911595928828
5543132457325133981069749538418303687120412887327459
2264352128100407884116719738978485880701820439512126
5587773261262863786701114316432304198677877891403791
6970685037931986971431638360204572330515350815231
1517940700579172150918443767604796466695827808648659
7106335792847429271978047697684959201581262384136645
6726041080248219903656122758882160815307775202688245
331818324933960172169583950525525830271270185716724
11948231930970926133559447688637121647143309421773887
7185376018946631398819485074900473655528005307711724
5635917227654912354733007216299041207022737281903902
1465910431903507781364893807746103615327584097476113
406376307487414715283573289553078861055239343912747
242546963540432485218503860876660446532289237294918
1121005369043835130544766865238605848854460794751732
90523698363691202275374844859094166322405457509822443
1127290868971973726698434643321236923772510006977236
1942089834235519817997447805862915631299760658578748
7104794724842502258433818649666349729877511687421392
5284576568034050085956120774864627430684423606120446
11620963770803153373128183238684510070596422315594659
89885353953441909065830261990612489491170051935305952
1897154394910034504562340152804039744015424712547851
368726685622988864581160628609136026999510094720575
7037657144229268083679713299022027430455507671914276
4773344311091043294904772408645711217736417809296917
4864437013684229613300453686144011496830302236386556
5823088835044250299317098279839010202150488307834959
2545555115779208012719945981248500278408712394969599
5612338626235255001487803124262584833034166437020226
1399628651572050316652954873959622030263780154207739
4762600352456111309514232029035451147690526588817413
5682649576609174254768772723113019357932464044200144
440004287786313323071305001960200462355823220610032
6785741439600132103783477549482666460695539707203051
1831050743932605413462617860968134910237415244578812
1027241696132148141147596498400567494498390400983292
95406947126501767206161956968114597813428744471530512
8526423841147020574560506567119273382217893704224246
5501295929178479334614372965043424034784515625052897
5542013826940238153935777898971992422867501930185164
3741237969776638632747016592746243770179809406017324
686449010382051687751131235007389281218865255235083
7522970141316808557564218749006412138089752755762795
5897004257775221130182104204450830664256734538806077
88945627308258992211427939987648076162784062939440
2293278398645025836659397634706493117190268113719281
4583217728587187861433035207118506583066769638051898
1284498642186840472572835836172227048881862981447616
1846407549227029958826663173027340391061567117934820
1471217913371218488232429932846957534058342943830626
5147403550740097489425198292809459275923732404633600
6728872419482541272707229477698786988727490406524099
1129474179505571336838507379930529125312612699857686
2665526770905617451860269172937851427840010342016688
5330010879877978945975282322297817790993659076886266
1099157498612287757147594167485699505487668117775610
4472041835064099971802711086672800066674392986413837
812144942569178895685801191293109552397777508233569
1167253831671191456149770112233342169411675429458699
3394760273195855321532528237873594007700618388504124
7855205822375169911209859463097443392076180508164014
730602065389713105115131207499627927922901572715102
4817604876599039568683380558331992259605119804380401
884196461777409641500237872785957426687044261725195
95004852407887008398244920135971491766301106474195682
840386207573597517375902052971861377946310710440187
1077111006807993922727856882796019271494198988173150
4461517616670529922456378224092502077407156200661215
5544868748515906951623810523459345555327471091721789
5675001263099261322145924667568530310067358515736326
2316384378993394397141487568246420913541800915881374
6738071484606787991956261669261968349300819375032607
90305077316473717343483664696638174544389303819158179
733572870042623096706921575827410036184499167030563
45118914279572044998020490328644653720173460780294
492505686999043190272929012726348234703798994789548
4813289458267534984584269634906670417488998969830400
5010289468203422307335806740491634210155519296012093
2911631359294860575626536947937125895330883028452
6340992796692115927123595795382686186477226182046225
