-642497651418195057466448965915439299836
-204941749688592870899253450875353939260
-27449474306594832535377508180854943385
-229002292196217839289317881974079143925
405381281212892451604188461680075695157
-786499953697426607863496911894277770997
846282005675351904380641455806797635467
-78515422318240725441963524259924174382
-456678627470413657658758416314359042395
609089699100078257894560527486578474912
638430733508562800068811558723571042735
406528851399849620414973708143673609654
-12424753481775579094201174658387603948
-101767381033106266882659027660626998519
340545156716577191795594509344920480234
966995645806487733154915135429774125193
-118985408531049355925248229490981075299
-224214526882004569097621228689434726827
329894838393286421588984824668649536624
-103940905000262790625129754368280596195
229984785564053458454739311747580183672
523930800323346927538581949934341886420
50328039083020858841118866293270393442
602554288630697604847198030220039020018
776403083330836189594199209256558196142
65208694644562674461491840497283963861
-1021888701329609753461158386431351043971
161912144992387856169227151955106838546
379771022025557831505936545926937598882
650325671558323272150536865568498943865
-221148101274313316760176235021655799993
-224989142113786284381430676182106093102
160478525546619133622806451458870800908
-468292228093228918916126643810703633105
-645786721732390896266433480246894213709
-153695903940113342240672176402929250190
477418853129721683398981367704332278929
272130083223777496183749686658562864820
-350507426156585983438110696768590775415
79182510082958466945098712047904441594
-309099523313564352049094721128433543547
-570202064329097464956608238026909399226
270659158899430435158753049281908123619
440922988805004065428722390430580955991
97476290048170946488279394672114985726
163210712839318568241627282339477912261
932138000183486562111292527475599255556
291047339363449482457653536643655033095
671275341353649755111304203079118930369
972706860139826994578564773273830044222
-466041563932554676755036162500072610184
243856028938925512375110879071425638944
38904158494314427129186461269146506509
-430337652340650541079835378731390907945
134681326475778292563969169719472051104
-834048831049760206012666835951757852073
320542489105839660500864708713514794469
-583179442957520177043633676445733156567
-721991111602989936233015694365394279211
31457093923863487811210531956239748439
-269914442219542155512304847505485617864
-386381010793510593512772599631032496619
-512266530473081182070105285311491018680
-287488986541227066314251886081248810418
1172210033355591492560981760578112538169
-284225928363392480635623865296266573322
-1090031494165768673691514657406846437985
1169692820969691391338773563526462264543
-547238536872944292032382823382183938598
56327158028247517041153908850216673734
-339259110152816819544983231070247315662
693725300582533603566429274160121063939
-139946598725705309440952209508010340855
-573766305736274410484769886151213244931
817959838229654018722490175386790777521
-276800045491572904684564551016581350510
-208567561155467362422417105553243252529
-143357349147244426423360117354416149465
219149436169335420150445434948404756454
849317411470799535336041547223975478532
-308364276002373722809921495353603103765
-895505576121256356252565502758229339494
86863974227488418665958874936338257981
400821190099136736692061167843123002418
116375005959925364378736737334098840722
628458886353469632249991739633783119206
-1055336436187218992739124244793850360850
-730063670407752789076588044755306026495
496002241545560444453491684700363206694
-430901098433406642408402918054468276039
197125404597895182068500045029522775888
-83331834322819898092416819803369829036
-392656943554095311497010721352400397280
711217969757526981339637619400285858295
-165579247171269538587391124857595207212
10009636538737713428464742347603760088
-574819740365427673339175764943501954032
-360822369326243880737199753989296787411
-160200876716089602991104310687077461579
359093074019149076864117298106246862358
915264519898016796010248211693199037967
602572169970881720151807249931864659646
32529180352251513919847308569692094540
-441606079581496055962597682657778835828
-69741235479781931711234068959453616391
801593044544802731739366135333418828337
-93774688422792278482179867890653113680
-68692008181223655417548055126215956805
671151185196360971718297208974859442574
6301232384714306427980777337228592712
-927163818612565447627850567146883164751
137626767955371494767651548974597939360
-676079852517327818487125714187365163911
-20629454175830376067236958188320986849
-31578711960580673427994343903119603184
463945479869980343938590213413030531835
-199379552341204174660846844776952589297
444591563146213640144902171899894974105
412349364726050620167838020865414982213
5346960702389258923042677962663859754
671087470938263498458374965299801971360
283425211372347846435695172961935396138
390934016274371133580638785973587142456
-74553620912462928796608647575312027691
798542715998641695978872466006929563973
199158502747863016742223798694170743836
-470334984716885111847250084554895402078
378559898162875417221428741030803871749
144939957665929438487585892251025166606
608488736231497501408032044598916084383
219470461943647046361675627965279603072
210130877074851368451169010918096609549
-67013086503600120452901180521966601880
884338761068940818746850584658080099925
-661940148593583306037409952589492377475
317744754722787934514907583295425334472
-348367619504763071813548980597614344798
-324126967835631878240843518676651651121
90199259827396524756798064401684539674
917507147611974121578545192192433883570
-189718956156708556210299671873667828566
527880624426004203583187391401126789405
-48562208719452381936384094137515081143
-845832118545766978760676720082915060636
-827294217236544926656105877820775763737
394030120821721942873503253930077988532
903383031497073560828134065148251763934
510796462767012940116384446850668175406
-317047934893968520266293639666803789590
-5165081158335419819208578148706075077
1186000593769048714378721296977532419758
-467663525765011962931905117902801345973
203964299931961611645715665888248459451
-287127994342791258692518692072949116125
652344638688731136292499213427825666697
-21944995176246377470538145865934663345
-864957986961326065496439582937210423429
559717162899646264047940839003103419578
129740305471184419947499500413964984227
41966769268052445896011710672803583275
-296084863039688942076647779466855629990
691339182451299822130609542943685767243
-119892657467095833756572530583695535925
240429320042814436430312364250363078643
-310213943299221897773416889612813048576
-830601137491512063685715598610747845495
-397031254605341788608169254881427986069
125898842493992283442653504567869661097
-892081120555232325654956456919144247234
-1186434954746729381408116889073908944890
768034898153842265237955433502022179778
926615638391816825386311371932783502158
361091921396512154420983797151925391904
-846590381832650068490824965241839850252
-202653121198307347143974183814148340621
507377320726310324348840723461259634966
-192083254738901646942325847404737879553
4756360632015223504053203496444469303
336395689574751826480580306110565121323
838123882701582866597724667854831435813
747436710125471760371640522675200101629
-17401845147491180614526742554690009412
573536059234442110485491108954574254359
973969865691069937977087360680959387628
-73760512866605928031602326791734162618
227391845492697255661356784267973382537
103606625447159936325352764224846747595
-57214565952031095162755362523414285850
158277937864580798475642817757044938364
-603908221945621943317384988241085312085
260063233563927893675086131074450306156
456836498591293888690584477569458646356
836672711541608860042175977618897761576
-161475283713041950848992262709394398282
595197179657581125718676292023832935059
-651364135531016077568967034526676885520
438913093494412812306039121306401714555
-15388441311134900881732676405353782377
807600607443931121015752780607684711380
-380200626713125545690812467232421459059
-254172549662434569157997346132576340748
-158671935025282086580284406075914480609
463017630590001352349585618063657226807
-84941141203454841247141853056789880670
196938483101847526943063984169868548915
-402171723698529880071769682295075599867
-52794347520561818976824789452294506008
102519741302387574526216178831045708472
874429766881857624472504636615565121323
323732883502552294705786440603999028660
113775401147229062736354103100835032052
-765365765413273844170078054534218098936
1140564795509248960519174269733842700094
-217611301008646268728887461858783253903
-214198553080542586008935330962027106276
-608064891158945100873583705047646643764
58794471111446318152236347425440142715
1025740969319396388482064496544875446187
-125201617525445391726562508648781285675
25975304695957803376970520869857186904
533160257607122751289694444373738983353
-309755033039922703584821472207747921390
316073078621247270521398355688676207520
318454631882606690521939770500469749748
230386032863726198307607283941995234994
-296600207697826821878415575824465133568
749926567641498073928970134966564881635
260060270726113842101909781840945302734
604355623815093472764394464630557693272
-141043256398015640983600168068707445390
159714321321361025613936357437111321842
-432223729171940775131018236209427084611
183957029882706224877681903433036967537
262060400945398966204957682220167027387
-582992422603679564520749833841567728236
1006699324438235168358162295319054382478
78193456856794006038093873302684782758
-360606893247171600694149928701552655623
217760731617914239172125013391490087163
-962417891394367142631597413072084672398
200771709159043619715901464452551816691
148652481232376974664715033589787753446
-452762743222797608761601060141157839897
-200796232571561461814951587562640587371
-71972853781607022565358828796390022202
541978072620116256886177125600201697030
854368809237689787239908491209103253063
-545885142710723926318223157866077157293
80722412934999835266915474995639356243
7462048648058012913550327665137917766
138005239774660901996711906745985907916
-375136988098420129756014363726544790784
-185830357882298425097139583333328351787
1122223873898882668051489970098784564
671545006770561875904071500292628115081
