11882619779879610126023186819510473106195074297049409
4185587242042462079051780389074803732986173524668463
703551645037454487007605364562254795360652565943599
23110644159434789191274728941814995426813540699971
1544874910610473968361632866946965897533245865447743
4848069258210064013543399217691665334847940822394460
5909303313857530578458922418562432237187594423521532
95148517580366914996470302663089786473654551717146283
4893107394259747474062372625780683836494837137347157
90268072612701728235260510633847179015631529925669899
375430795828827990977731448567569827844907443647217
4556044744503282117642885803994075977514335549211089
95424262571625132243808519178379949552509220635227458
5195711511665526023243979874369035018786898451838146
487303331637166679497130970488478801172269446317772
5261235355567073950014270830794643800163611818339628
4089013127616335936227092958295350485711490386823916
89908639275534867811419198851423207948722730134725393
1547672838413059534153001528254265271065035204079313
4259827606076799845989973540796670874995355451458662
7209837678488108773438309794329489632035856768413969
1891270863679317359010752397123443697593341994552603
717415314870914000638288095482766677531893464191260
1897022704563507791431853586407735671840048057202031
4814528999721607750188592472620160332316321013309403
6735067998477337374156757334809037855923717254998799
353705514462685679491838767927444500575922762596864
4121594743206568679845166635787748057669104443912157
866300521170356384221226193854056922349055575645167
1893255794820298564643416119658529298960120781414143
95639195790866760547903650513326930422726499568508411
11606262317359048478606445308274508354795234979629839
5498096754705586603410414248449217920721064981384721
4451429746613546534178487279360189772832507543871487
1898934188370842557093020331522270838267303354455024
93594563425507860627512992353645661263142869529837775
4235633614134209122736177819467274677315635146521402
11557650284062607291350447214189425341978125188128810
260057354027169670919588178271067571413416349408960
6061525497490783555172465567629526962349678513872645
4115936098093550365473248626143797232906548132627475
30693317491695397073800383504117725120630866571526
6894074445622869863320559496918581627203684094710282
5938167862825023029271395674084156632243195788407042
7182082724362150345353198363816886245353455705463578
6432258758675983695057738683744339220744945905122534
6385197580588932772307041700259516880855922582245034
488113740461518569808202503593272252290812918292527
1545355277021966096575533302198393315448802868311556
2168863069279234573153081783938347210463303771745469
95076047586684746996947718536866158348796383536492854
3411337543524945716120329526897094702984004125118512
757407391651595111797018743092335592041382622294555
5245151214478974895464599011824858129212526217569599
95756141588384516990476317243591662411922805016123157
5639582730701715629479034429490031300707991215407602
4605432291330571577717584301821424904288768463184687
4193671792809572358818423735720161082512796444565215
1165917620997821508035823871005500777879694583471106
1506968657221441121729313592615277550601578167029819
7462096995573326044907392093694031893995401297070592
5608873692073017018925363795290356519423624038645297
5570502141064201684280755481338442378426556138910753
5542476730597383538391040873145057558983085258075633
4123350631792802907836714629228477693413558673283354
5731997648387035057498903712113461355792828370062081
651098193421882382699348234350857616193422279693010
5548224920330260775603365767969754360183234609053618
95096069702556873069694705442698095160200375853518917
4652306190266333370426616572565105674521894785949684
4400320258980844939290770767578292323131321181465654
90542051949113582123755969750809481795863582584082738
1003908543521940386723509746823382585041779129379569
3785296081880400404907312936018712391428707406849473
90519815894224236919676140793363257229778850662793131
4586809066719814394165593737913056147634739297475284
420019859151731049268460868662519325481276759541301
94830748372023595823610415584492499900286786773066422
5749460062849464682413127323008066792844471654806031
11906569152551258732237223508602799886388307170380319
5955259997202339648582851127749007643935119941562577
5217127784406697684883501895223206566740952411345791
11737347102858023999904309748411146015764108550082403
6899475202554795984568372609494459216628144036789690
11227716597306864763275633640785465417313085103091810
6618979629709016932089505360970084229643576111706389
89895252010070327776273866586983846138281169167250356
94620443051408978731001185455940608040098996394013026
4380474714714596003629204336618131842318517470633407
90072477558821229042443952068533930338366062574239727
5594521470653868756014700991992944877940282116158191
5005249190888567133569969269456218434571837976293439
5242355747882877488838125783050189657827760562659598
4491187703312150189606551639058334420531271261350881
4837467795766596649747413915739848734244672388453349
90234863836719419169913423104625199659604294914459370
4521708061472385717467260925492639408847188029267994
5913343090607180540926811232370925874352642043618994
20619718784443258829449636276378110981625784191794
746742388721912694109401807252141254998402513453355
94285670286529203834366960642719478494809881483195980
1090281265088046313621504479272710666350698992618813
4001049145380681843869783208678274452467140302404890
90269465911190041514152799172477942340668964549151949
470968189099635065256961992290671307736367337968194
4263566783446077809786908533408830606646409117720851
5284723239923012542297943585374482583893249499327968
654370212973902915125355561930731630633749399853855
1005523911160544491823635476195934071805347513777900
4165576284653921622742934527269892221960983366214063
291088623909390152034120307052293869897181294517761
5585593416713326795402030745594911716078239221531859
95634656385256860121768041716460218127006384366416683
4882791269619743741575037883342496386414775543882150
722009219179170717848286390460128258203611558796576
68706255743513488441514505443862437167431243069023
90614110883267768006292333743957412200512744851767099
5186977181073059834308330752338058571931691191095370
93171288947975689205081991863092850056160559571656307
67269010549529908319591297645531536349089608237026
4421112150839178963383515717197907173917808686683360
95759124045863375174575778114080393517634495046279916
1776090911415748338803738179654025814601978981957660
1841964794702162294123119174212146221328130302151647
485401528372940126203073151283781474315199891260066
4095515690094098427910056728311780067549369813982832
29446599219270066565760992913489817761405478244128
3806309768318146669115872167673176814342600189009839
6515717980187955452125156048125907046212704342696207
2027287681793903738076353222115092071498133545299264
2369471689891467946265044722468295333276917330698577
1244622942731890237988218863575179847650568388354641
5151616362214531555517686822207720132939225532014370
1939486469148227656841299246418459883733552278594769
95497335420872831058641816686163536516271508062057999
1083086180967817104250508782250808470969116714471119
1498932006990145083328383402617615561600421034138656
80089205908131916862084096037725624602557286580723
329090607295679280347033417334884895357784733721078
89908765616274399572392771831082397531840915902058191
5581625398857892485111279368474484757425459227201542
94698170209126231252662945541350402885163295242788324
6877660366741942820910472692467457873756462802652653
4904879037631976753616271327666844356123265056387553
4959367529850886944459951467012822845107455976731053
6290424052656936006543237986673252405029899498099780
2589870921438360131086082258231529979862734463893564
5172179715771113736960860262840905418369407732804928
90170059589358569126070813716127635003095533249035777
11620373004523595425917839574104791763827432820637953
4865468524766605100988089333557840205347327470136896
3760465548315225985299647773670000155402413143036752
444114902796796587727181283320603661315493764260179
1617967345648082039772134842723434025395499518080176
94678628962559896493867122649777356287287264612126947
1410685932438841728040770426539057447329673795075899
7487098156116688796044118911043547555448646974349808
4957507039967451034053417439875420398825672408109660
1845341002691979807641375629863176431704888524650300
20730327054426225083748459427043999115686176557748
90052981140414545725855286056634027671501910433804016
1092359250664698441844602310493685021807820271438866
4792000606273051614345835804964093241152060119577628
3873081392280671425826797490119696300583400513606191
1613647644463086152389199852176467498533983321981284
6219048850119129812201403333500443345504379034934754
7035761339710190313347733521608430434591448932028433
5123935474780142841330699798470324523095954540207660
7391944048574304418932287873352084156813820523994438
5339903562717861819701079945234521354883861621854512
4398673507503904795526115174529744580640219784495534
840799378107661847678557848943103201550586348397003
6997511014923119808884859254904998725902109667012021
90240505547858040391583620254039045596502540163069361
4529290731471333279428949643400050515690202502075665
1147202826696464233683176736588960007680490633950785
396456494387643447644927355170597692792744592088655
7743122002315861494564408077584710324215656219696198
5567333991204364867368527952360916922308090813813265
679705233563934117806524170499252430516973239010899
90499407652988413414297630253707510444733991986603711
7446341561367018183290351840380347586010253585733137
3997114481632719913045892716068491591702740710830575
1921499978265436023229383886234219031713037523033057
4263098583754533349309451233798798855200116596293901
6715516818666856226921798397309580212280236329668576
2618829325550795176200107474920755593819782724257029
1518689406202628110385087509883127365730969534383142
5214824848909488438001304363656737322433479023130389
4487888781881762999301681395347377446976003487101930
1058122885553294211976000000655934645351640103592161
310935966972739133418725157332339424043465678327984
1750507877198454777699263022837948118156484279284069
94323562303887737199012582867949902969908812335497770
1590121921421871160412686321179076178113124364128801
4890075614710828000929672528261782940477210708853602
1002321093192986662786167903573490218030662025290090
4519939548030185463585664939998861875796791588615120
11554381752400384871930493371086769602744786437353649
6322650790631331512861409039029894761941308166836575
5350231801095917109651116547830066597691258016965197
852067248614411419092594516136324485187393190227697
6791148569177003173510228762494199634201592306850545
5496725268639554652741378255261556199502998788960284
1956386596812016386903555309357159292957415576968995
1453183994169190290510317269501449089667212883254065
89837215305088908195523002675521036938978616590414864
8274098458385923824709858973404640777902326200152324
1864424758803605432741566230543580176252302021403916
5964575463459582859567218419079442735047654811890479
1572609310397922308346513253783849300912171942659280
95074911425740406356382775128127459254005492544260802
93786674603544305334679535629719989162653710667227393
6392079657971307887599425901466424095550999903597040
94943821673743334505052909438628676619308299321762090
5870794208358754194917588160707602104932905171894117
2271539403016511343761615564654350333550355155844622
5910673273030768352605725205557179142186337555930678
1023519353162883919992926237343099771541880153907226
6712672374219624654209696209218328199193636413756069
94817960897605992977269114528168256766491686699548671
4527808462173185095360347019298948026390329935780587
1170611501483034675950254011911096787117702438146786
4982728294567127830904261703633506230265887033464030
5193011833628528177465421391115893464029831994552159
4837289006086937530725401489931660983183613899111941
1884994615664098121985204097800581853917563775161601
3602880228361720940332249594866081575291558742050545
1498113365614468977632189533775037051714088354378005
6432984640445990690941024903167788021614902157317877
2597288322290879164668861270549321690215473552968414
6781277977588760926801243973154640053842053352579055
5196288078130510905697881188431940750341326435908436
1754367891085382368560725308234506688437409996274685
859343983672782627154818043578070886013354801820884
1945447057788012031935406514672746443666150952907263
1211470674664471114934054313308045071702798936265732
473266417205779903808156532120614023514894457633308
1104780003506434744863739612168279895181096940957467
1456849789788673983986102925292669284326693560250708
1192889472466303446613921090821040704774520820191146
5955653405659641922061855056682862850213171774050784
5546502500177889369553580550595938251031752275448099
867066516835081301607038370911808762304360257498064
5613158226145150892324654199562704967923656871975686
2129516429133120005959150115117853119102232566976459
254666657430586155185653825683913105326905380175900
2227044594446163756900665716883843626246915045090593
11556354563379627709282159028536014194489693579562720
3789554308627449975672805567655449859049936705047505
2621934297424836718705220595463358826491712117691501
1081409899769828947148741276273931682860939729697697
6263644426588018316343642087134871676180186142077055
406782679083207682087614979097620198688882683081776
1132482958223427325929231357547332596605250504506566
