1513762208650179848105368618554165360276318345752848
6251300250738173590399230239901370464483658408468271
492257371275072048363615876480451200047342514340605
1448608954729540465485244259704308896204424232489311
1144560948448888675190948620913835475663558571852796
1968305490339013548858040837249492778204512017966164
95288530558231881296014421005341246289055424047210509
4116063818882401823558395312350756569387794203516193
5188781919110475644395902724005772464581966771179564
5538908562393956675509242987632396550062355325901075
1431022792367578375436403300819037435375241871209706
4494112212111461135710687438792018067619981169971775
1451014273736342852675873106245039467373268287141683
1536148370243054016583939080882585064880237538599443
670742859405899974090722942289366071410210129159461
94942069612580460716235918651892279333406290353398256
4240100199655548043513768626515694273584994951781293
400806498858975607903131093084924976850398017077204
95477181282812234081986739321430032926639914240037057
4044232421455901906022817541108966097578054950801338
22084138481669430060299888117621382378764428373679
11882363406019041371402851782628702290069215169806852
4162828865630667163164667370606524425814141092826034
300812438715930302796732591474416597206472858780186
5933702021175721158477225555569517122701477063937780
459184956172793579613012578103659720432682901763597
5473039524491111475331333712944605436236513305496943
114100180854271483546200364935898799120804553298164
4909372775615151302985783015781126359118813045985540
6050874258712734549532104641633540394928897144017346
90258246837147100616566674713560192399855333858405425
1739724733780832015824954336950316603185032043822562
4143207167160851249190649092986412672665614553861684
496488077607541841731224973792077536289078045977857
39096620013975526353677835944420020645849620951247
791951241561241193412178864935325112748072925983782
11536037094458127169207509216921869627614349346661823
489424708130077292253691149258002607968980682674912
1107698399485782258313135438764554963666043541978852
11530134917966821810488838858046106691592610981821215
4515674376191832585437060732939269183017445539311444
3746079313294565212093044408180825702271330849047085
356406672188792507275354666698266299282063775377955
11924462528405657672516633709932301358122437023117375
1987487399601210626763087537366434220519360046616495
329051576703039170032650842620451335203236904902829
94326669530503047383175751671188483132907223112223281
334324590087810823557721959450135688919791012023078
90453925911976431999753005718198586483302854111925763
6665876746288363161575024163473491487136048055918832
7068006677203050936142272200367937495769979572121139
6783196141259387210363092539466159139687842939938138
1233518242871033542752040080563624600399396530962222
3370201426999524658160994184473106404816748576847157
5489695635707253835606792292228503419681104494317125
5260109380988120213506961411958061182350423589327409
9036348081570584083099834833555288874428334824114
1115461286469623323301488243678383852678927498547441
2128197891580913461198338707756230504576350250205966
7136598229263196107295262459992744572726997127585842
5211878655753543776104768699130128310917676560756466
865391316896648686415827718908948907503169361019930
5580569161421789629788369216647209106782948004056544
4963523606781031253945164830486119326972822592356399
22383213457139948285068686882239220829643695252492
5337965736693385347489649686728025242052958653334754
6288630463536666912330518483643781549704233826182497
5644218231914789936997472116131155445219830847911182
2009673513475858884298431740655385104718226605862692
6996387081154206526623206595392949739287823295489310
7139451133612138301963340155564642210934929117955571
94684428257231309293833152134175449075144645055081153
1573689016073284706424532910517595153681596945403441
725122445257703233949905621304865065799208855879486
6990470743901317262871242643517055364955219841513214
4045985222884552212696883944038575610709697139836242
6337522787385870437127068242025903072247600085192529
4740220968350410507380366330611352426789969145745619
2175164403080169453499449568169749640851341885748212
5007742925108193950490892109410779329729907868299516
5938149296615419357535900741090574843425164680150339
6017111584395640426323644828896432294324729903366926
346574305826115943949581868516021379361296562654972
3903677342526004878831954422033277575878476521201957
90122059800351485555672673709471760711675293790896444
4535518847330613661668260729746076752615169034634479
5638593138710898650300836182697225528991814987678688
6603353767833349297551789286330626934820956190653502
5236360907280484987122413459919786780060144319595046
1103877501659718030521244281877783898150772253066463
4115782655001563930291354093952187377111433772056513
4958345657044562031755358408223601022988556709079807
5566883261466649912596345381400938131187639202297552
6670648123004913947885996554063684190408945360240114
1100408669282976172612363469006903222905210599972890
726469859968494514921151843543012216343004588233894
755436836336310177505611229350040462304746210262593
5685553240547725194560655837237115457048131313426447
1463042045180042331533072818358680074536553995976500
94994876143047605141578896527854834352611816307138586
5588872470696915778173994849866882636227223136431891
417608035160821280314751402466363236739334768377678
5545131404286085490753627687074867233929780383793156
8184876592944602735913476674386293613510802323522034
7409968620704940144887395018427116803342630612002078
3814432247466220001359445008580953399720547532591359
7807713295091158879200325951610158414184346689732814
7117702684645034378224691833248599271522165590151184
5233736512290862062382300644865137507439553841844574
7108999858037557048391904242070680059318669908390316
4231318793707017310653176870304708075764486285042177
6364931001155897728078689389030278620799090857796450
11757850982296922033282374262013839567385221310829120
11880439831376758216838080074899153208627437750915898
1033907876636779777506050966814072512724148783493338
7154057712557545310748051881735127301348453711209471
1900066712534649836494347448111672843361587986027538
1071565169612013753165357125931081816701294607471471
95100375485398637410376716886098113924135674032316897
5747544385620238442792722572942804923631948158468318
11738541402274089553635446385080559501391453517786213
4147290685669823857262733437961814501786893119843887
1067067584860964964946388437137772421475359015691325
4940063088941129024716384772621938927654039612010545
1357753236682588725665485548828359036249255964503039
4377693356712311000252684262465099087951159632993011
4240279020678994072012608221685772069910571675029249
461538005070106641216604461096758004853384006217185
95775308343032348403420744705393131353841772477218815
94004144960324094486808998854828013656761686112013567
1029267074567284372869012959815055250314471307148550
90259384263214890680013011185689271856306858644975835
5864633486330986741406578987223051793015569121631941
1965364321966778341666439958899027608013186893166094
4603937934948641562366140243869452336650834818559998
4521001550068234815895638681858591934335226884399389
89942461462178003464111743212736092799424610105229083
95502203336125356717861428291094149857806430669770258
1334289624986773891128233241694111091379932816487649
5929342062488002246740755741113441175976904846524671
982232939444362144882369030347950159463460601421909
841541408642042721890409182639394895957207529934586
1543266278430900997215911849181421672198133308915232
2180097408899588931663427939262788538224215672025538
3696490392865732431162279212939885155541863862631935
5956795558733780236101295133301436514721151328739666
2244872225918711921643447370336988159897128673492945
11554117691362003814803216794630517650574926473925394
4516507440993922235682711321956596369032096451002909
2291560151027954082713858228843668008352093116174322
656136023824306903390145072559284863511350026240416
819724855848737126791676467817888346908489340040015
1501503760977057963614431945102831471018211707851515
4821229232663181529467002566941630195725736758796342
2591625635910313389317933758539716695405476382971058
94934300481663293131438903453335438989299212058882075
1098131928137424864089415198028307118417290754518785
257137318074058473167554024174956476701717690335566
21378430634307114024683240440019612532186599849243
311863167311785417541148627583455667546858232812581
5214905823963019634249550040551695809661853199562013
5847720339135291997650484454216063406012125438341103
7197900646963817051771824407094865540012496692449045
4543005068483137341480898803063702563806216360694816
1819746801711208140120738868837203086419981046072303
516384553689907709015564372138635613936279153803023
4769542485652730682080385496650998187149803010404287
7358364653304382005214916229755140450728351519268701
4260294153164445333035095661797481455809593189731051
7880223145026121862334753064212135701757928523686433
5195610398790417018214471942260053970920698953195744
11896646924587565632431683647155810754932134943990276
4421038890120891865746512834424368318835672132424656
3745903611822066669837164212423583887472906169470964
5239939039048931189967858274669112257725839624445773
4518963352531414684730397678232658289532177280074048
2173166456426325329330729750208560923351385225908034
6711182332125653031593227632253834613237234864805152
90031065661577387769762344595777831878518098381222308
884268034031668424004307604645683740954276726552122
5219096925016726515311347541789371280451192352933151
2274201118400166419494784994700770888203006330662427
6712780814836612673476043335070331345944024006721764
1518797383781885038038481990384764905271291538629071
2712667371024122446834324323737467175220739613979311
5285062853932207444695520301826408664840914312585194
6662872943387610921347022490082492371341601716331862
4579513201720635209385369570420609367479451690921254
90494330685219988205469035543001994903696178779637220
1166208824594998399909491875866667262489641304256498
7157526894070843927860880827091850095223618337173103
17057456875676690286003015768625435863768415718671
2269630558668178974147688219678402860799001144397235
1435012636776146162647536096781915712338431085358850
3769853446965335781747544657031134542211518522506079
4583578336075331090424818916903962573880684934599381
1082158469945117869220655719661162073751961520349393
90192251913044853610588383521891194765009766663847696
2348095995992087059241020052464079583058508026032454
6029281454059159596342653423860926865071517378626045
5696917301730673734594491891456020405369320416427709
1538927951399965170868082806605191577462586817778372
95563231151664476168937922254003356548925825986534122
5217713680460348370369056674180781493216633605381724
95128599258521503318293387780340857545227229172730854
444368950511903986794185744148492056588193334624498
692494116061883426857808249836363935357942959702496
1519855106744489924247820252646723285162601487516627
4768874360020076665034527355035961113817928653917235
95150071113232772717174675387133606948439157105668625
790769462245557532367112104361704050961959185488642
5605688662392433053036702525215786418480304810298126
6365416944068018737881609854683448127177244686766558
6671331501737062619557679626448987201985855326803166
8287150287201051975243331148117181165696648022329091
5866388408946113011873176686628749642209524211499435
95734559259492369919554552620174487492694398110908762
89843493902754145160657333842432635839620999687180030
7835288418496205279609433095634576352472651501757683
6451531623874899306837301857940606629427617267229674
373784371105655539650720744786281666495479866978394
95456505795185963789381724107544064773557189042966757
89894871651604173842922657916646779390067194667739707
4912196869068649338716185990761274598937480715574310
4701559476474653548143306961541027908237296410620734
1779270112871082052644452837718294885131399263744838
802037294173101066542141879499823740343101543938815
68475714048420731059496847990539375815715356040932
864370144816467234111594029581271579701473233231092
4894651101705665315983086981402033847383905452486626
305208333473857781155011192170139360977285031150063
94658704053195420412925363118471683948985717785357285
95517473935820194422792405674585572020545250011590486
5243953510645139898365256687828395570785749404159247
4461884602235830152569164688734056195961682555596346
1801912073617078870926790204205820235391396029863414
5867686149950740626943576147268443925624518309006671
5850208954975029196474498579936854023060429901729986
1872612182791523253181303254209583014373720486636305
1030633465030077517647197877664245117974585470412237
4118614848264717856367591996643049996430665173848110
6803208097178404962311008542549938485181767670960675
4067334727626702664613723076573142943663858017103856
1045172737007733711617617041775656499018021248958428
5587954836539201060428030326073366782909535366371020
2504579126254190980591300776998211007308354506667245
4936884276697392611229934704575835134272902667848733
90312130033972704153414308532580598135347855064298529
6694614151332593356340838737273863407193804772434171
7545849281626183568055949143227454769471535308534986
2383896867816229759696370441227379139703450468228141
94237744746027246410495069535193817579788339759817441
5654560121047173094351670458351312848168016074121812
6034814293246473365267540797010538792431354544124159
853506946143036155203240119119944341278180641612574
