6686306813294603556913450992739431886362036546442815
1466001412355430667507363634111200581893105271182673
5768556510147947962717513292746698487429907308286988
1597210442943843132702005637332774758669721372662272
752667584149801740778835782068520108765677191474911
89819984611262656434583079259570582165578878216238770
5638566485506928524719908044313801116831661776035819
1080517487800586747220839064510655238166023854829883
772312024857335816312636484499239519951928033467982
48440071562547338595448883790158386567546763730942
94291149504782913336465235707159335621206430018642275
1071211279088456021870388138656686345279425174424273
95480021900504046390133899656750932224730799880012470
42292535522946988112978404189422557536844050244395
7228292040219416546707575868108554135025797312623408
5317307397305352604721043545007454427107616231116303
4561477787633455891802974967139639404061946231660746
5403252507711114421181133407534640530944354344069933
4114413343795504410032384341807369477550934603801442
7064908568060318509935727392177268324156861000195092
90433129752599109797829092396218219734804326763119423
2194895587708136971258769899441702530170744688587280
8270855464575390526208930666964128050224245958851140
11854252767536672959224502190457442350207825404190719
94418884210986553365561664005240893097305587443504670
2690448984871134481755900634866136613088921918491973
2239220016781164460597021298673439575044873373147070
395696636189272289265656931686506333492546014368285
3744938055992655220671665851284914506212013931176412
6729021884325375737309995381564524301985508503969315
95017861533208842700081590215997565746115243463810640
1056572173786919505648402496666999698163358933602000
4287590963217017064569238242965069645376806977348048
4514868692393067970387103339409100206058228671734211
6072328753466189162025843202463462989792208851497038
5704138376698776464809688976151143730857165727814179
1227642540103509068040933932670356957881912613846960
5618138602975463129688559921175384127516023361573667
1255559758329329945831655407669919850532828052701681
7861428074554029352126798594780649405192780491136325
94326485301987189492067587975845233417228338672152506
5650257679844228874069028638907316515642214757292566
90192121254888625979044013271397399211789942323994099
4588327812918086451013176306208478194854542916466175
5030785825152459403676962730480768144733709420213076
90465752974245868968056725611347642029879228373865308
5917740442530826455281689682517302892773782288403982
6618118767269578791725424124125150949213025340362044
370037540411830632761360100920499063764975503999220
1474563161505839019765257762908006470633797216046078
1814989099288662269687986261894894644397983677890813
728005191332397119030362124646929386913715752538369
89817844896141111974872539145295339597829698262905894
3645157821161974842247982725083216149023821954483164
752498528734278161527274848163818420267326009131297
2355667769309984823559243751261708570011048007921163
2324271731109657419453373849461031688528023418192051
1469966934620114480524762862372344252090760636030717
5238193458673646483835481212074879918667163487775582
11908304303116443697290843573729640241708753650184219
4353893892679808443337525811630338219037479623786319
7225767910507647110238652391576852714367739259202224
358237453881611203375051139045298899481241666395617
3792253253388843839600697529634810985025179463066609
2149722942370849664812374543226796312177135729049606
236769399615122011793437153241336829559113547505894
4055609330576808858170722016641371071044586681949628
2205948283141985944857601544949894618844858930212558
1059387193825044715398367095746144304272441197191490
779185494434181556317480926000370658634332580741891
90513925978110960298254618856693355279420479946623729
7790435997701622355146550384118151843000573892022244
1470882155578001529426213601124342158794845799477073
441012513602500530168162012713324765912694338689729
95314742518448176858125610206318065284360693710169869
4564160225534622891861003206549011719468099931467841
5940901437314506711929358911756706515700576603727083
94635221121595559017867596290102142266823071350509568
5515642995377547149202995702566039221314929342677234
7070276777376308703567812101721616557749972449821423
1893666437369170322222412546680276079996471247950269
395981292387048900811161220452941358656421934979793
4652334652250086946090351908095830087013294212728283
4522353826912498467781541540085298966735159428079853
496520924073040046683297133388143578382621998906879
1448205126067670089611834279619248843950419817516543
1031974304510754046500572990247198360260106482741532
1053670346605816506942501373397650153779241391221359
6083134837589625438106021469353033713568409770118437
5494793780438337000924373280495300056184741895193341
2347086665190682622026346972725214519926669661380064
2346254235504478796439318387745377565706745261588715
4257838035499918634010238555725239435231374572783024
803768409575058344411124372424044503557987336594528
94306887140489806517620755718128373889387236949174975
7488199936138652482141994433774922788572593304397043
5020247022717388493533145628492885741962130778748420
6307995143417754003455381568582753364122991485760176
4607993008117503689466124699021464009522021922878401
6780180864284629031549305740975946031115060267450065
541691162303157259523697237789044618007774150615201
5986482021331340978019249417901346313155280971603948
5990579620880668737777305657298356237329196796675407
5658865483048218415178202097395010828184192422776083
1377660359365883890124298692451718134919182254684911
5104852910714177244703154446143018496957493468670749
95430677161723065780771628212913990818805250422130416
5616568277564201329178122401106521507627522648412341
4374276631985439319462086004073889516389215643825878
1773744877323085407774474809196029884958628185642227
260348803748370978553880877079658272129702182542992
5360886463628590951312521360821265022363938573276447
1128564752725517893412414125884477984683119147555589
90331118713668537961814834205607653024587627035822833
6632023878719676169962342464833408703703046482318576
679505061080066663157225250342404552585631958608603
1194223239832784657383970420190725419520361853101010
94795477897888852935370483971694984946733717489713682
4135989333801439094081988877176906929702642098658224
94970136145848822809201350204729716947307648023985987
5595814373347419072638227397148471078789016206644491
1113688887354411919463278017254263676355722248773935
5615083987326687884159301550932994765805535749082645
95383532344276169993393216818533726964240924211479804
4250149875638374755200647854170655133799915511356900
792040764061810701601846652360680195473081188933142
22137814816311364257339399743239892402002138377247
296508009345561709564559106122683807249039153615330
90550184887621272288908781756988467897766925570336331
6710673788925228476280977685955332554988479693395024
5609323327405508529513107516395370614759684164344676
5030790873599161487490201788214423105949558513519952
1052502778703140076966106131470962763985593017041422
1899867853927360272702398812870159724067333323117355
1643195486987427469134445473145892560408937904467056
1528558082350805165483877792613349808564772523741420
90046075562474751326546335840803517078788278461796415
4755441968378821324750301739451067379956425168736602
4188755669384477724820243103097527266111946294641386
6757896567617080077119863813018683134077241195019462
6687815168203745429937563372521820787447772483947698
1131604351163940707229225190635962220127209528513853
1517346717241838431022455998376373492147174148784145
1848897466110703652881236480954535067627638569439294
6360545865207045301835417300527621455178179791212001
1503680395781142467713372652144198197589849801925903
6335821434088758699937131471218741636048917485244640
2248062788589540374026920810839182611402701984100596
5377213628322316091480162507575817484634850111770651
654974761149467784834738091093082458015244686528672
5615547373427635772480147006424166546839864991669248
93581423448810488898688641457211769429432375382649615
4047966267764862427893806247055307507324780167319814
2501660510335381143898372824294416156053446603076098
725286698098984720862525848345249660091988258249970
93672317344834361764589652950012264018782296741978191
95058629247572053376272520389453391183687804507861038
4064870560021861398179281295377303933276138559788125
1379749393683685026589474300064759018648037757379861
6385305021720762655141264987436568595890498643824353
4818211366613642282062660078761804014815543731172869
7412666777728943383800480014570770091802646235386437
94446988154900594037283621180789003063675911637323345
5476898618328253121730720342396818438192674919968720
4633253777740979342526438812656740955351209302190353
6711752881746954856284476396906844843383743359140656
743917690043990525307613409117595655983729956753872
4025369426692697595307266277901765752905629440208912
331228960925326840288620853535803038950764118589468
90290057507762191745041389917500967911822168833129190
5644239846516237689427092676721616954074258799264475
351221644928934179709345139988548211075060686823617
799554484559906929037682317009140977515812788510813
5866439782903589299169718727172334404477067168493739
94224639066603198149390780689521595350733417579720858
4370974965829296665434030960926939691810532197969627
6360818341988957715752186187249051553120732561920159
6078281922131613569266720773936048920195061910790237
3767236806709783007856680311948150065945806417043701
2268671661266407729245877635227995249745235198926415
90329769807897955629589332976607616517032171811757809
5050755859201894218837098788108954824538542597054802
94145928115287891277567615944075116259305400948099331
90610369121117155205135697453283644089750975526576691
5245164556658029693737219114416207203390840693301760
5910090744715000100067941509365491385869559492620702
89867763933476083272139684547193495045933064632880438
725024362230422762994280370282052112532671236661262
11670261161455871653062946955906760556788125486923569
89865176320603341491196245284008089251301545265414077
419450278521190292741892761311596663499387483070219
6759717720320850913728412182514730736342487131168753
349591235531642349437169244961003585085427764337471
4144280486260592139891644945524141948999238105808801
5990347011572969288269454300376263990825399685170769
366923029124840487540750725085333895872912959667744
95529594426321109035206731019096047451281362522015072
397738468469707430245314768378850482161467462967836
2316474815391604897174952877602058798233379876577027
5309635541400200320392096750832258019446637713141483
4568384772661602184716939199862972275428098123346177
5617174725276593770361555531566181395560187809480989
94767714638657743426310224498328144799076384135738098
2544383298035707348085340914229029505849278895113726
755778653867779771209535708491517521293265237103873
4514476915525560878075176720410503841152443404366416
4513727939003255287132534127253315420897544017871375
4985354766807788333924214510786125666593773819326478
4482533568717639380190810524288882125698779824905965
1400067636623817679564640327457772213771269018227696
95410234855933583669432050632789970730063273592377090
4631412325314888586672899094138348377077395072292164
48156066293661331112493030360283398609060170580732
90234818719771753513271312926912648673971701778836175
5911393290386393607511560813235761171948842450088426
236591302872805141656279700194224645902465039147425
1845880858048912843510286086649761972317008787475732
90237233943799192779760790209411139107344616147472986
11972222719351986354476046807442933354504543698603371
1563653617247766025875560130258454085369540540183811
1277428123920070776608757421620624768499328658245919
5936631463153107060714536298303219469830242599952053
1163624001274949385709565615317472731499020146381277
750664633323681691318818845988953868576379985813981
89895401068393917069168169716099851803867940584683118
678301979423600068340331965904684665100972941308491
1868404559690473527035238232607221924742665649337522
4814432685417141527959200240440375148061319092882787
5920548439173042580446780170457009081653183318855488
4755642805990749650791230494527678841331382558180305
6689842549955869249060966497314509933570799679968522
6735803389317142902317744945919840364982195016617724
7437797395468571868588093074038938917827603167310101
1869144568418066580909194190535372060532950999252478
11639238455957184766751001758462533175362127844394301
1973214893630285623435590032399160847511171308638229
11650788902537755764975173273392044259593780782459858
95476979406372854537839491709657660222377350006183179
11464319644179496692963479818554190691543804356199389
2384898071621814720606502569143418928460852369703949
95061721630661330411690563987449843602272362585722854
660900232656626389462849808298138399720427352863324
832610953526260021027965015944286434558435418882478
11531651113329522802892099804804292611558797902425668
6052754001434383296505756302624573680582936055536
376824496666646652417908809702800091091975167803731
6431782586292199314231003749450719511537267030437860
95710640890817032853687099093249502434087785388713456
5958695584178365936856697206569750026344412726030613
6991765294650705966974058449131161033888414208745254
6218162348287001711039273841717260117894946463481791
4451711155887687465263574768992199250696603285896972
95561734513909727613851922132778855836591060015082477
1866966278735020432585578156572441363485127122100304
4892777007182791140258819117966297804140324183598000
