333017416631242723506013203595216350792
634877099149869491304874206614347354575
137735708846550548244839991020723110005
222238124318477686196406805698692422247
254271572855655546677522297651644899508
469959122843704604188352536197571112236
-915881785940413699825805065103192642563
-424453016789613945598586773268638989999
-289126355885114272865262767887705892340
-216995819506815716165110489836349183925
227745059677543401109748377633990371050
-337807704549661059317264918580562027881
233508796067188635586293824886739367899
344507463543458257526842265668459015307
34385305769117514036115939745566082389
-975654878775098224398404951361992059848
-365032952875040195793821886869571917683
98827904316161375886697962640853403052
-733320906892424333910949616486390101535
-554014019846151291297978334224017786990
-1236072401506156821025348220970063025
556082606886197649639602008458221949060
-403223901569932649719128143916780466534
-46958950938983257904502038270417835902
-122291582289906246340558765372866615428
109304377063523134443182080520061796221
-234643713992763923412438754775633768593
40083598586971282018751816349109772796
-245551180816680633120348903187369934268
696785629579023490668152502859057752610
-567046608416775053712774822038060090599
285252869837142820129440456161157664050
-412304111279466497293358647840212670564
141497801341786474905853524934168863553
2004608248419992708049109147989435871
176455262183514224360884397511744257814
485952963305311738957415637167642680599
124605347513491017522672966231566631536
165718018877042490704812271745666301300
480286059994896240266595527987037484231
-329172659922329751489402199388586488852
-506210676359475676712969508809874614131
-7206048626552596449510404162527092077
562195847958931361648055973742693549591
466305088573313365482339185344471611279
-19486999276741152134330309505017728051
-1015917997748922956388880044110248264039
-16591639187563167532227368416866246954
-633735701846855251441058743407190023293
733454538030211946811464943358381446136
835099100412735494689024098513706605467
873975684322935776662834599547775042914
292448029674011569886158256419444221390
-594403308267414537608257292735493646499
-238710035177075160725465672872103909467
-171390357157913729692132634339475311975
8259176543474134701426341268549548122
153226631767396297236261587784336830969
372432039669169181064559295563268923582
950378851072155088274229742766462958618
-279067623811849496463368481528173579398
223452880962740848807995169942590218498
-198353985750600444886551859472851646672
-207058250861094441989525043227352371185
-510785989855141861129848832746881796
-121232997701589010762116724944449758990
634770467002282294771462285044747959665
-68156087426126544253835727619631831234
477420380796583511936088963497034795988
801679960469204473228856998098222708038
953084071003713767133429200462326057275
-924523054227048496932099647427213284767
376898420217136855902635702948462026649
74895966052237632721704768077585544662
785778126535162412711515390541878587254
-541326702426595538678625300833515716246
670576960798962350311748561516450932713
-409653315815609203977230157379517019669
394067238066699202749100922012871235260
-187784939688446219377684422505503248908
-118410854377831917406632457578070272669
698080706990878627580614599205427476670
-24891359975125154035587131473044562060
-447923153591591181414456638985400443819
-701749304031590616313246194280427372460
-330086325487465273953355391850373277457
-71533023225195575541382608489324765008
710331725336301679731924624952778835222
-269065236668881918541885613727314067306
164082831034469181931003406682252275943
-425003334965023162130500498497176980063
-213599428430107266806391878735065714057
-189994638177683762609788197116151122072
739509999318736014113746538142506057018
159135943341004399890304575211205760002
75979916947368612161629693537537555158
175208749029615896504903589705674513825
-49903350501716643022411911181222192129
224570275901878033812110365940713842140
-948725925094989966141059757910703447038
-180807045542806583433174908905562432565
90828489609506639720126662609319917022
-199009460082550557677468545519104239612
1085496404697222711387743509239690946618
890654001138389304365508985257097260358
-477369359143929610726128327943855384073
986976285614733421914473440418593472478
944110694239003278811921291171592739336
-269634406809504932054257281965657535898
936018348068984001849091370646879503884
-383853598445099631304719065471487261567
769789617593103850924375652197959064818
655239131407317020704041781377402358432
552575160988310393848703042115172102866
132514971898098288165928860708284863970
945112755393634608011456983658022816951
441556203295022848166516251899514538762
134764752161214405938435475480836678383
-831233896182270230493192256517790356431
-38188451556435598923803371444881063962
646960650444343309424045680923396916021
-408882205512125671688400110612453024881
130390826124417191479683074511574617365
-217670702226238680209832320600302950887
192808031351067270195595901247283681975
-473586981123677646517225856365463740293
-364686304454111198501736643857175625791
109577815557390988140298303078689235761
-781251190766779091386454884334103208521
-1062928294873495697378551884974777536777
128258361856747678445047870862545788230
-567868274182234786855589016811962800669
-155077243320700654367300451697681147547
467234155756784165791278213695027517310
-299972947949926290593895538360981709898
-321899078407478457092328372211479116731
-609756466134453118348324386531131007549
-721053349748651167605924613937044349046
180723146774564606407044870375340590833
-126166212932204175201968777987402270729
106553878037295306579090796876748971053
200021797572103569742945336822916433778
349466723327923568185035831655164091792
396396729813573920862393498218307370530
-615009090479706303130551832624778842825
-113690856433356218421420472902117077910
510444388763211917162220247148194497961
489585623362789709268625109833401488074
-326146956945507221478188773493690638203
519603193488371825933490507334714466234
42419690029145458534344135998634545168
201706658627504312645274248412210718431
345050695311188053416589711307224359539
-359383943429749635759052309677533234146
485900182242395573858992553352824173274
-995275195076169684928785985995084534269
148367756616751759359399419649171663809
-65307327981279775182065180625553356706
-3668094356434467763972349511488135869
-24233693035532706996825398381155183851
-265557659781197644747703149971063963835
-147287337194798493980677282810827752529
963685993532607157537046098801013178317
-312462141955104132328766475400294505712
304537146601118696363476310246264453295
151097227669304038679910485987739774399
-393531677587148034521113556194071772265
863256251227300636050907284780467911141
-357522133416423232133898781614265213333
1104051618674271171548713700651403160721
-274090032850398996236288656420781749264
547730871836294483709420374240941921412
-457425669897521017718581737849650752856
-506495694586275186776859812763358435396
-168176009625187659413826937660360814115
-324332975317666225332003494623478927264
379983382562700868360373483690609088482
742752408742467171447237802858900126544
-743671778399372753202761871938704415212
219212959193963742492112961362506819474
-261917497862242210532691890195199639225
526595301965052574760683975745330727811
756543123998745866458939033147468230644
339534107187363161136836160594632752159
638302933199611571423026917638584155727
-148573187179514700338479191129269306966
720034933986070305252363612510814244206
-311412443300712803487734838697897436330
-630995611747261787205477656548928943820
261747784890972033218466984666444315578
959364567715826030681282781259724250031
-7754164627941658596695300510223939777
520897146829138771734283248397585485595
229629423230775713805065309524687414210
-494632750784209946141496756459947494169
-297121024160957883003250998331362164115
155389914344032031013339528374965400553
-584963062461138031604228289334754267704
559950956570025235734863461124435629670
688322666672961446061369147305263306805
-62697741370719596177066091794370349739
345312404956583178471371119319628964452
-708390002564903720279607935451136561046
-263154180642088693640929172644045817436
-807817437391040990191607466120929927498
116875943840161025843271512790470692858
43399198554842078427741192019909410864
338572849192586406906007283237268744363
-396298701443007100438019828900960798949
-796661571874697978680966352968203528567
176974559645231587956607915407992352962
-188551280633998988776927732109649350978
770725807822708116867697548145787902502
738316603075996485346283148698885016294
1220825549909321111989314860588869140931
-152979867766458489688553054676593891317
-786434736187218240865377696526812723102
-657126292198241429973595382494471504010
1011696987743671604022261844251872058619
795733677903803658266423471422989530282
-12633572431730089008057861132314792414
-743274773775245094412252187816139017739
-633846013481637411047907136581389909357
-232649850003596320060425091188605386474
-414884398644120650836454466015887147306
300010753656080132940305979655025721062
196174086810478894432022183944146758775
17998272852490693270786996385191307636
212284618961310855929583276913813530876
-237956970677140818649741256885295367246
-32319765852647870034381962816426178513
-935669152021493578176756036774059775307
-730464803216157083131850971533463604242
-164845066560905063787540283448942186689
-452061608909328261278829313297300878446
307948253378980339344730699413201302334
-151907895303104747609156174675947980961
-146546478853927593877622711027110899230
427246431014428489510130807570816596681
129439379574940917672338697954475474205
-422482513396546633344255489311633561074
869154403973111387678884360506378019475
-545267451708747779800605935226442961992
121325446221799684539040695347892252068
-191759354562685607874438259114515203236
457806292729640298446251275940823234285
-222065529835226754880635355724511418619
-528839346707676650259172176987256918255
748773302705427938440192623674187774963
1035733638392924392100764461298868281050
562590324660665268681671761980774359309
-1126944388433000694561630343112612084623
-78414924679837243105044015384879586132
703660057285111807800218583875541741047
221780939367492192277066191931586266310
